/*--------------------------------*- C++ -*----------------------------------*\
  =========                 |
  \\      /  F ield         | OpenFOAM: The Open Source CFD Toolbox
   \\    /   O peration     | Website:  https://openfoam.org
    \\  /    A nd           | Version:  6
     \\/     M anipulation  |
\*---------------------------------------------------------------------------*/
FoamFile
{
    version     2.0;
    format      ascii;
    class       volScalarField;
    location    "3.13";
    object      p;
}
// * * * * * * * * * * * * * * * * * * * * * * * * * * * * * * * * * * * * * //

dimensions      [0 2 -2 0 0 0 0];

internalField   nonuniform List<scalar> 
4214
(
-0.290707
-0.240003
-0.149714
-0.0868326
-0.061657
-0.0500399
-0.0404105
-0.0312985
-0.0236133
-0.0165562
-0.0115334
-0.0112492
-0.0128993
-0.0297937
-0.0474799
-0.0379442
-0.0059025
0.0728013
0.136505
0.174093
0.154725
0.0986752
0.0274864
-0.0241469
-0.0549643
-0.074396
-0.0888441
-0.102759
-0.116286
-0.127081
-0.133824
-0.136967
-0.137248
-0.137829
-0.139563
-0.144258
-0.15581
-0.18863
-0.263402
-0.356334
-0.39845
-0.153682
-0.212848
-0.204701
-0.157341
-0.12291
-0.101507
-0.0833552
-0.0640365
-0.0451158
-0.0268093
-0.0100219
0.00209714
0.00956343
-0.00837302
-0.0388937
-0.0556666
-0.0609609
0.0243853
0.139985
0.251151
0.251979
0.182166
0.0739353
-0.0284363
-0.10772
-0.158692
-0.189058
-0.204914
-0.213892
-0.219294
-0.221743
-0.221731
-0.221093
-0.219912
-0.219457
-0.220834
-0.228912
-0.256284
-0.302232
-0.306639
-0.256212
-0.341009
-0.323938
-0.309252
-0.262759
-0.214523
-0.178405
-0.1478
-0.117295
-0.0870462
-0.0577678
-0.030282
-0.0080059
0.00524498
-0.00559546
-0.0309165
-0.0383007
-0.000398999
0.147968
0.303561
0.411199
0.372921
0.246639
0.07608
-0.086826
-0.213778
-0.29724
-0.348682
-0.376266
-0.391211
-0.399529
-0.402633
-0.401521
-0.39907
-0.396374
-0.395078
-0.396973
-0.407317
-0.433684
-0.462246
-0.446042
-0.448465
-0.458429
-0.407778
-0.389178
-0.345532
-0.29199
-0.245518
-0.205135
-0.165564
-0.125431
-0.085379
-0.0460311
-0.010788
0.0120603
0.0180728
-0.0048787
-0.00378901
0.0648249
0.251876
0.422505
0.508899
0.44069
0.262943
0.0414542
-0.177127
-0.349523
-0.463548
-0.533087
-0.567474
-0.583496
-0.589604
-0.587802
-0.580226
-0.570806
-0.562464
-0.55506
-0.551401
-0.555046
-0.573698
-0.593734
-0.569002
-0.583538
-0.562796
-0.510404
-0.479774
-0.429811
-0.370645
-0.31557
-0.265883
-0.217381
-0.167617
-0.116635
-0.0647895
-0.0152095
0.0203774
0.0483969
0.0359606
0.0516347
0.160265
0.381284
0.542028
0.583304
0.475062
0.251979
-0.0337185
-0.313311
-0.533126
-0.678059
-0.764065
-0.802449
-0.817744
-0.817913
-0.806796
-0.789881
-0.770983
-0.754558
-0.740369
-0.725363
-0.722202
-0.734404
-0.748782
-0.704244
-0.707804
-0.658404
-0.601334
-0.567273
-0.512276
-0.447166
-0.38488
-0.326936
-0.26979
-0.210452
-0.148091
-0.0827988
-0.0168743
0.0336994
0.080695
0.0926247
0.130273
0.280382
0.523292
0.653608
0.638684
0.476216
0.188281
-0.162559
-0.507122
-0.776934
-0.953313
-1.04979
-1.08837
-1.09622
-1.08288
-1.05772
-1.0259
-0.992984
-0.964224
-0.937515
-0.910697
-0.892512
-0.898433
-0.904661
-0.843474
-0.820792
-0.747877
-0.691547
-0.657391
-0.597524
-0.525188
-0.455708
-0.390075
-0.324239
-0.254919
-0.180486
-0.100698
-0.0170722
0.0544555
0.124935
0.168177
0.236208
0.428882
0.680953
0.752823
0.659443
0.424085
0.0688127
-0.359754
-0.777247
-1.09902
-1.30492
-1.40396
-1.4357
-1.42444
-1.39126
-1.34442
-1.29201
-1.2408
-1.19422
-1.14974
-1.10614
-1.07473
-1.07298
-1.06206
-0.980693
-0.939501
-0.838874
-0.781522
-0.74789
-0.684228
-0.604639
-0.527965
-0.455043
-0.380515
-0.300704
-0.213462
-0.117935
-0.0147878
0.0830867
0.181403
0.264187
0.370245
0.604298
0.851898
0.839228
0.655071
0.320386
-0.122655
-0.648551
-1.15095
-1.52515
-1.75276
-1.84242
-1.84825
-1.80806
-1.74272
-1.66551
-1.58583
-1.50952
-1.43825
-1.37098
-1.30817
-1.26371
-1.24633
-1.21382
-1.11929
-1.07293
-0.932348
-0.873617
-0.840384
-0.773113
-0.686775
-0.603218
-0.523116
-0.43962
-0.348599
-0.247689
-0.135395
-0.0107986
0.115985
0.249317
0.379553
0.529559
0.801746
1.02587
0.912894
0.597389
0.152275
-0.406393
-1.05544
-1.65762
-2.09406
-2.32784
-2.37941
-2.33624
-2.24774
-2.13696
-2.0199
-1.90292
-1.79172
-1.68974
-1.596
-1.51311
-1.45236
-1.41234
-1.3546
-1.25478
-1.21154
-1.02971
-0.97133
-0.936947
-0.864747
-0.772206
-0.68243
-0.595234
-0.502487
-0.399618
-0.284236
-0.154238
-0.00743391
0.152444
0.32582
0.510523
0.708101
1.01401
1.2036
0.965746
0.492163
-0.0906314
-0.804133
-1.61596
-2.32684
-2.83035
-3.0579
-3.03221
-2.91101
-2.75064
-2.57784
-2.40499
-2.23699
-2.08248
-1.94359
-1.82027
-1.71578
-1.63529
-1.56774
-1.48495
-1.39474
-1.37493
-1.13458
-1.07632
-1.03824
-0.960483
-0.862802
-0.767502
-0.6732
-0.571067
-0.456133
-0.325516
-0.176144
-0.00511265
0.190919
0.40594
0.649691
0.896966
1.23171
1.38195
1.01135
0.340552
-0.414326
-1.33259
-2.37512
-3.23044
-3.7549
-3.9436
-3.83519
-3.60023
-3.34138
-3.07251
-2.8196
-2.58507
-2.37715
-2.19503
-2.03913
-1.91102
-1.8079
-1.71331
-1.61531
-1.54421
-1.54007
-1.25166
-1.19015
-1.1454
-1.06263
-0.961123
-0.860675
-0.759058
-0.647453
-0.520561
-0.374637
-0.205029
-0.00778972
0.224268
0.484051
0.784342
1.08528
1.44301
1.55436
1.05152
0.15153
-0.814246
-1.99111
-3.28071
-4.38096
-5.00394
-5.04632
-4.84244
-4.44675
-4.03885
-3.62362
-3.25937
-2.9371
-2.66445
-2.43392
-2.24355
-2.09024
-1.96401
-1.84853
-1.74571
-1.68576
-1.6712
-1.38531
-1.31699
-1.26267
-1.17536
-1.071
-0.965596
-0.856466
-0.735357
-0.596732
-0.4362
-0.247456
-0.024554
0.241214
0.551703
0.898761
1.2575
1.63593
1.70811
1.08819
-0.0357188
-1.27504
-2.7659
-4.33347
-5.64551
-6.48126
-6.47191
-6.09082
-5.44099
-4.81901
-4.20485
-3.70616
-3.27932
-2.93704
-2.65525
-2.43029
-2.25027
-2.1025
-1.97228
-1.86828
-1.8105
-1.77594
-1.53871
-1.46152
-1.39525
-1.30312
-1.19608
-1.0856
-0.96883
-0.838344
-0.688371
-0.51371
-0.307576
-0.062275
0.234643
0.591038
0.992989
1.40756
1.78411
1.82459
1.13123
-0.23983
-1.7903
-3.62606
-5.527
-7.11908
-8.07201
-7.97341
-7.44241
-6.53021
-5.65562
-4.80232
-4.16467
-3.61941
-3.21261
-2.8759
-2.61279
-2.40093
-2.2289
-2.08323
-1.97292
-1.90561
-1.84997
-1.71913
-1.63064
-1.55112
-1.45448
-1.34543
-1.2296
-1.10546
-0.96564
-0.805421
-0.617053
-0.395558
-0.128702
0.191024
0.58474
1.02593
1.52881
1.87754
1.90873
1.17813
-0.459767
-2.30821
-4.45068
-6.65285
-8.54572
-9.68017
-9.50197
-8.96285
-7.68443
-6.65751
-5.5215
-4.7052
-3.98314
-3.47035
-3.08596
-2.76554
-2.53213
-2.3332
-2.17747
-2.05346
-1.96364
-1.88429
-1.93792
-1.82837
-1.73131
-1.62807
-1.51985
-1.39684
-1.26816
-1.1169
-0.951162
-0.74646
-0.516136
-0.225591
0.0978642
0.521024
0.955534
1.52095
1.87298
1.9979
1.26521
-0.490254
-2.49176
-5.0498
-7.48435
-9.69707
-11.2286
-10.902
-10.7082
-8.83423
-7.93914
-6.41755
-5.33881
-4.34986
-3.54446
-3.19207
-2.77371
-2.58071
-2.35963
-2.22546
-2.08798
-1.99911
-1.90483
-2.21103
-2.06775
-1.97774
-1.84805
-1.75771
-1.61193
-1.49472
-1.31963
-1.16349
-0.932314
-0.703314
-0.388234
-0.0611199
0.371909
0.790195
1.3895
1.75882
2.0672
1.32311
-0.358427
-2.48397
-5.43428
-8.01886
-10.5895
-12.367
-11.9683
-12.1819
-9.631
-8.99359
-6.9877
-5.80094
-4.536
-3.41009
-3.19906
-2.65051
-2.57019
-2.32933
-2.2294
-2.05509
-1.97754
-1.84721
-1.77974
-1.80532
-1.78332
-1.75333
-1.69894
-1.63022
-1.53826
-1.44297
-1.34397
-1.24517
-1.13413
-1.01662
-0.894099
-0.780036
-0.670062
-0.58026
-0.567955
-1.69452
-1.73232
-1.72593
-1.71109
-1.67317
-1.62525
-1.5587
-1.46893
-1.37201
-1.27379
-1.18042
-1.08399
-0.988136
-0.89834
-0.79819
-0.734225
-0.658015
-1.63531
-1.66513
-1.66488
-1.66015
-1.63859
-1.60403
-1.56007
-1.50157
-1.42452
-1.33813
-1.25089
-1.162
-1.08027
-1.00075
-0.91634
-0.874539
-0.779226
-1.56391
-1.60209
-1.60962
-1.61355
-1.60475
-1.58294
-1.55195
-1.51331
-1.45751
-1.38717
-1.30937
-1.23158
-1.16287
-1.08865
-1.01636
-0.973554
-0.890092
-1.50518
-1.54253
-1.55488
-1.56677
-1.56747
-1.55912
-1.53859
-1.51431
-1.48292
-1.43197
-1.36589
-1.29822
-1.23844
-1.17148
-1.11344
-1.06785
-0.991682
-1.44132
-1.48184
-1.50039
-1.51923
-1.5284
-1.52911
-1.52149
-1.50478
-1.4865
-1.46061
-1.41393
-1.35751
-1.30529
-1.24778
-1.19931
-1.15433
-1.08603
-1.38141
-1.42188
-1.44457
-1.46847
-1.48524
-1.4954
-1.49632
-1.4907
-1.47902
-1.46463
-1.44411
-1.40778
-1.36338
-1.31524
-1.27721
-1.23685
-1.1723
-1.32014
-1.35881
-1.3861
-1.41394
-1.43627
-1.45409
-1.46553
-1.4677
-1.46459
-1.45739
-1.44648
-1.43268
-1.40443
-1.36934
-1.34332
-1.30749
-1.25535
-1.25429
-1.29433
-1.32409
-1.35464
-1.38135
-1.4045
-1.42364
-1.43695
-1.44251
-1.44222
-1.43998
-1.43127
-1.41878
-1.40307
-1.38851
-1.36206
-1.32595
-1.18932
-1.22458
-1.25704
-1.28965
-1.31966
-1.34683
-1.37112
-1.3918
-1.40723
-1.41718
-1.42306
-1.42307
-1.41649
-1.40836
-1.40276
-1.39007
-1.37249
-1.11374
-1.15172
-1.18482
-1.21813
-1.2504
-1.28045
-1.30834
-1.33361
-1.35583
-1.37415
-1.38844
-1.39967
-1.40623
-1.40532
-1.40373
-1.39921
-1.39736
-1.04299
-1.07213
-1.1055
-1.13898
-1.17239
-1.20428
-1.2347
-1.26322
-1.28966
-1.31343
-1.33406
-1.35294
-1.37047
-1.37856
-1.38573
-1.39123
-1.4013
-0.954271
-0.988101
-1.01993
-1.05142
-1.08441
-1.11695
-1.14892
-1.17959
-1.20857
-1.23594
-1.26173
-1.28393
-1.30449
-1.32814
-1.34097
-1.35274
-1.37522
-0.875626
-0.895987
-0.925462
-0.954749
-0.986009
-1.01737
-1.04928
-1.0808
-1.11153
-1.1419
-1.17093
-1.19667
-1.22247
-1.25209
-1.27003
-1.28791
-1.32173
-0.771081
-0.798042
-0.825108
-0.849662
-0.8769
-0.905086
-0.934471
-0.964643
-0.995058
-1.02579
-1.05637
-1.0851
-1.11366
-1.14407
-1.16872
-1.19168
-1.23083
-0.687271
-0.693112
-0.713552
-0.733855
-0.756737
-0.780692
-0.805816
-0.831986
-0.859029
-0.887196
-0.915887
-0.944082
-0.973728
-1.00354
-1.02769
-1.05443
-1.09359
-0.569066
-0.579817
-0.5962
-0.610904
-0.627207
-0.644875
-0.663966
-0.684351
-0.706021
-0.729061
-0.752918
-0.777263
-0.803234
-0.82943
-0.853697
-0.880992
-0.916949
-0.473036
-0.470349
-0.474052
-0.479361
-0.487294
-0.497568
-0.509673
-0.522934
-0.537305
-0.552928
-0.56949
-0.586841
-0.606032
-0.625617
-0.643329
-0.66871
-0.691702
-0.341077
-0.340563
-0.340486
-0.340337
-0.341125
-0.342774
-0.344985
-0.34837
-0.353069
-0.359023
-0.36595
-0.373804
-0.383479
-0.393267
-0.401055
-0.420695
-0.420548
-0.220371
-0.203423
-0.193008
-0.183793
-0.175783
-0.168716
-0.162503
-0.157119
-0.152588
-0.148875
-0.145874
-0.143498
-0.141787
-0.140741
-0.138321
-0.142272
-0.134338
-0.054411
-0.0423681
-0.0291331
-0.0129217
0.00349381
0.0194425
0.0348032
0.0496685
0.0640358
0.0778753
0.0912377
0.104268
0.117298
0.129465
0.145407
0.153839
0.179968
0.0654817
0.105985
0.134438
0.161577
0.1881
0.213983
0.23944
0.26476
0.290189
0.315932
0.342096
0.36872
0.396304
0.421445
0.452898
0.467977
0.512829
0.239994
0.273305
0.307052
0.342797
0.379368
0.416011
0.453
0.490768
0.529463
0.568161
0.606069
0.643248
0.680535
0.715856
0.756256
0.779577
0.841851
0.369226
0.431764
0.481284
0.528512
0.576405
0.625204
0.675021
0.724508
0.773068
0.820557
0.86711
0.912689
0.958156
1.00166
1.04968
1.08133
1.15602
0.549382
0.603659
0.660278
0.718041
0.777686
0.83894
0.898295
0.956138
1.01258
1.06751
1.12109
1.17333
1.22509
1.27456
1.32808
1.36598
1.44992
0.68576
0.769787
0.841277
0.910162
0.980945
1.05064
1.11762
1.18231
1.2451
1.30586
1.36478
1.42195
1.47826
1.53197
1.58953
1.63249
1.72168
0.868504
0.942889
1.0225
1.102
1.18124
1.25806
1.33122
1.4011
1.46843
1.53317
1.59554
1.65576
1.7148
1.77115
1.83134
1.87782
1.96819
1.0078
1.11195
1.20479
1.29364
1.37852
1.46045
1.53787
1.61098
1.68084
1.74756
1.8114
1.87271
1.93258
1.98969
2.05033
2.09806
2.18693
1.1972
1.28801
1.38662
1.48268
1.57147
1.6566
1.73626
1.81057
1.8809
1.94761
2.01103
2.07159
2.13049
2.18649
2.24557
2.29263
2.3779
1.34028
1.45889
1.56835
1.6691
1.75981
1.84584
1.92546
1.99879
2.06756
2.13236
2.19359
2.2518
2.30819
2.36169
2.41776
2.46253
2.54197
1.5394
1.64025
1.75133
1.85248
1.94254
2.02714
2.10446
2.17474
2.24007
2.30128
2.35882
2.41332
2.46595
2.51585
2.56773
2.60964
2.68185
1.68762
1.81402
1.93224
2.03228
2.11907
2.1997
2.27244
2.33772
2.39795
2.45415
2.5068
2.55661
2.60463
2.6502
2.69722
2.73571
2.79985
1.89872
2.00074
2.11484
2.20802
2.28847
2.36267
2.42875
2.48734
2.54109
2.59117
2.63805
2.68245
2.72535
2.76622
2.80817
2.84291
2.89842
2.05333
2.17809
2.29359
2.37867
2.45019
2.51566
2.57324
2.62371
2.66991
2.71307
2.7536
2.7922
2.82963
2.86553
2.90229
2.93299
2.97982
2.27783
2.37003
2.47098
2.54327
2.60307
2.65781
2.70542
2.74674
2.7847
2.82049
2.85442
2.88714
2.91912
2.95003
2.98146
3.00756
3.0462
2.44062
2.54844
2.64017
2.69879
2.7449
2.78729
2.82382
2.85541
2.8849
2.91333
2.94085
2.96788
2.99462
3.02087
3.04724
3.06882
3.09968
2.68048
2.73407
2.80336
2.84418
2.87431
2.90314
2.92807
2.94976
2.97097
2.99246
3.01407
3.03587
3.05769
3.07921
3.10029
3.1177
3.14235
2.85279
2.90688
2.95786
2.98166
2.99504
3.00935
3.02259
3.03462
3.04776
3.06256
3.07841
3.09503
3.11194
3.12837
3.14348
3.15616
3.17578
3.09387
3.08741
3.10885
3.11335
3.1108
3.1105
3.11211
3.11492
3.12011
3.12798
3.13742
3.14798
3.15915
3.17007
3.18001
3.18929
3.20247
3.25861
3.25095
3.24386
3.22895
3.21103
3.19669
3.18697
3.18101
3.17883
3.17998
3.18306
3.18781
3.19364
3.19965
3.20577
3.21354
3.22352
3.31172
3.41408
3.50794
3.58964
3.6594
3.72276
3.77518
3.82318
3.8645
3.90152
3.93619
3.96657
3.99731
4.02502
4.05342
4.08164
4.10908
4.1403
4.16932
4.20446
4.23328
4.27015
4.29271
4.32805
4.34386
4.37525
4.38259
4.41448
4.41257
4.42632
4.4091
4.40026
4.3569
4.31916
4.23957
4.15893
4.0471
3.9157
3.78
3.60372
3.4548
3.258
3.35882
3.44433
3.52269
3.59004
3.65055
3.70291
3.74985
3.79119
3.82863
3.8626
3.89411
3.92373
3.95207
3.97941
4.00685
4.0351
4.06404
4.09401
4.12407
4.15413
4.18318
4.20835
4.23347
4.25388
4.27324
4.28527
4.30078
4.30292
4.30348
4.29099
4.27274
4.23685
4.191
4.12144
4.04046
3.93944
3.82242
3.69366
3.54859
3.39928
3.20396
3.30063
3.38252
3.45801
3.52449
3.58407
3.63683
3.684
3.72611
3.76415
3.7987
3.83051
3.85987
3.88781
3.91532
3.94265
3.97018
3.99799
4.02615
4.05415
4.08187
4.10783
4.13055
4.15136
4.16926
4.18375
4.19394
4.19998
4.20166
4.19638
4.18242
4.15939
4.12327
4.07323
4.00961
3.93033
3.83825
3.73138
3.61501
3.48952
3.35691
3.15888
3.25153
3.32933
3.40233
3.46733
3.52609
3.57871
3.62597
3.66843
3.70666
3.74111
3.77275
3.80259
3.83103
3.85858
3.88565
3.91253
3.93932
3.96596
3.99209
4.01744
4.04107
4.06117
4.07857
4.09322
4.10414
4.10972
4.11263
4.11089
4.10182
4.08479
4.0571
4.01857
3.96806
3.90549
3.83031
3.74379
3.64694
3.54149
3.43189
3.31638
3.11821
3.20679
3.28127
3.35241
3.41606
3.47404
3.52617
3.57314
3.61548
3.65388
3.68913
3.72166
3.75207
3.78086
3.80851
3.83537
3.86168
3.88752
3.91279
3.93713
3.96027
3.98182
3.99933
4.01371
4.02498
4.03174
4.03545
4.03567
4.03062
4.01776
3.99668
3.96642
3.92626
3.8756
3.81431
3.74276
3.66173
3.5729
3.47748
3.3817
3.28194
3.08225
3.16637
3.23631
3.3051
3.36745
3.4249
3.4771
3.52452
3.56757
3.60679
3.64276
3.67599
3.707
3.73622
3.76406
3.79084
3.81673
3.84178
3.86585
3.88858
3.90975
3.9293
3.94445
3.95607
3.96357
3.96843
3.97051
3.96781
3.95857
3.9424
3.91854
3.88624
3.84498
3.79451
3.73492
3.66679
3.59104
3.50943
3.42497
3.34186
3.25476
3.0528
3.13222
3.19776
3.2636
3.324
3.38051
3.43255
3.48042
3.52425
3.56437
3.60117
3.63515
3.66678
3.69649
3.72461
3.7514
3.77702
3.80143
3.8245
3.84586
3.86535
3.88288
3.89584
3.90452
3.91016
3.91379
3.91308
3.90681
3.89454
3.87561
3.84941
3.81551
3.77362
3.72371
3.66609
3.60149
3.5311
3.45843
3.38431
3.3111
3.23462
3.02951
3.10357
3.16455
3.22715
3.28537
3.34063
3.39216
3.44009
3.48443
3.52537
3.56319
3.59817
3.63063
3.66094
3.68946
3.71641
3.74189
3.76587
3.78817
3.80842
3.82646
3.84223
3.85299
3.85946
3.86448
3.86563
3.86178
3.85273
3.83786
3.81658
3.78851
3.75347
3.71138
3.66243
3.60715
3.54644
3.48342
3.41892
3.35285
3.28797
3.22018
3.01222
3.08013
3.13636
3.19524
3.25091
3.30454
3.35525
3.40302
3.4477
3.48935
3.52805
3.56403
3.59753
3.62881
3.65802
3.68539
3.711
3.73476
3.75649
3.77586
3.79265
3.8069
3.81544
3.82139
3.82451
3.82301
3.81659
3.80503
3.78784
3.7646
3.7351
3.69933
3.65744
3.60982
3.5574
3.50272
3.44599
3.38769
3.32836
3.27086
3.21081
3.00064
3.06139
3.11272
3.16743
3.22022
3.27186
3.3215
3.36889
3.41377
3.45604
3.49569
3.53279
3.56745
3.59982
3.63009
3.65821
3.68418
3.70792
3.72922
3.74784
3.7636
3.77648
3.78353
3.78866
3.78952
3.78574
3.77705
3.76321
3.74396
3.71908
3.6885
3.65238
3.61103
3.56559
3.51769
3.46759
3.41564
3.36279
3.30968
3.25889
3.20632
2.99469
3.04726
3.09346
3.14353
3.19311
3.24248
3.29076
3.33754
3.38246
3.4253
3.46593
3.50427
3.54027
3.57393
3.60527
3.63429
3.66076
3.68466
3.7058
3.72398
3.73893
3.7504
3.75712
3.76048
3.75934
3.75346
3.74263
3.72675
3.70572
3.67948
3.64815
3.6119
3.57218
3.52982
3.48518
3.43867
3.39107
3.34334
3.29605
3.25133
3.20567
2.99415
3.03786
3.07846
3.12315
3.16886
3.21527
3.26166
3.30747
3.35224
3.39555
3.43708
3.47662
3.514
3.54909
3.58181
3.61207
3.63962
3.66427
3.68581
3.70401
3.71848
3.72892
3.73492
3.73661
3.73361
3.72573
3.71289
3.69509
3.67241
3.64486
3.613
3.57798
3.54014
3.49998
3.45799
3.41488
3.37143
3.32841
3.28643
3.24712
3.20792
2.99679
3.03205
3.06706
3.106
3.14732
3.19029
3.23436
3.27886
3.32311
3.36659
3.40895
3.44977
3.4888
3.52579
3.56037
3.59246
3.6216
3.6475
3.66961
3.68784
3.70195
3.71154
3.71657
3.7168
3.71207
3.70232
3.68756
3.66784
3.64342
3.61523
3.58373
3.54948
3.51296
3.47464
3.43514
3.39519
3.35555
3.31686
3.27978
3.24531
3.212
3.00037
3.02773
3.05809
3.09232
3.12998
3.17001
3.21185
3.25467
3.29815
3.34182
3.38515
3.42746
3.46839
3.50739
3.5439
3.5778
3.60816
3.63469
3.65697
3.67501
3.68883
3.69779
3.70191
3.70083
3.69455
3.68309
3.66646
3.64533
3.6203
3.59168
3.5602
3.52642
3.49089
3.45415
3.41689
3.37974
3.34325
3.30802
3.27485
3.24418
3.21576
3.00403
3.02384
3.04973
3.07948
3.11325
3.15021
3.18945
3.23082
3.27389
3.31777
3.36171
3.40517
3.44756
3.48802
3.52649
3.56194
3.59401
3.62213
3.64584
3.66484
3.67888
3.6876
3.69083
3.6884
3.68041
3.66695
3.64896
3.62681
3.60094
3.57193
3.54035
3.50679
3.47197
3.4364
3.4008
3.366
3.33218
3.29986
3.26985
3.24235
3.21887
3.0107
3.02331
3.04139
3.06422
3.09207
3.12439
3.16092
3.20094
3.24299
3.2862
3.33018
3.37471
3.41877
3.46176
3.50341
3.54184
3.57767
3.60937
3.63621
3.6576
3.67258
3.6811
3.68319
3.67882
3.66846
3.65288
3.63246
3.60797
3.58024
3.55004
3.51804
3.48463
3.45043
3.41612
3.38187
3.34862
3.31753
3.28901
3.26357
3.24133
3.22439
3.022
3.02511
3.03791
3.05691
3.08136
3.11048
3.14363
3.18025
3.22031
3.26329
3.30836
3.35448
3.40099
3.44723
3.49143
3.53356
3.57163
3.60492
3.63268
3.65456
3.67008
3.6782
3.67898
3.67306
3.66097
3.64349
3.62141
3.59549
3.56645
3.535
3.50188
3.46796
3.43373
3.39995
3.36753
3.33665
3.3079
3.28211
3.26028
3.24369
3.23448
-0.402687
-0.437596
-0.514131
-0.619608
-0.705794
-0.802416
-0.898811
-0.99747
-1.10008
-1.20539
-1.31471
-1.43007
-1.55525
-1.69476
-1.85818
-2.04149
-2.2304
-0.501873
-0.608671
-0.665744
-0.771248
-0.855339
-0.945568
-1.0399
-1.13186
-1.22735
-1.3267
-1.43131
-1.5456
-1.67314
-1.81596
-1.97833
-2.14027
-2.36485
-0.647947
-0.780544
-0.822003
-0.92381
-1.00923
-1.09217
-1.18544
-1.27681
-1.37077
-1.47115
-1.57702
-1.69213
-1.81993
-1.96132
-2.122
-2.30503
-2.5478
-0.806268
-0.95241
-0.987844
-1.08039
-1.17069
-1.24784
-1.33662
-1.4267
-1.51678
-1.61451
-1.71887
-1.83129
-1.9554
-2.09043
-2.24185
-2.40681
-2.57826
-0.979821
-1.12735
-1.16338
-1.2449
-1.33722
-1.41043
-1.49278
-1.58188
-1.67011
-1.76536
-1.86851
-1.97791
-2.09617
-2.22233
-2.3584
-2.49254
-2.66644
-1.16119
-1.29782
-1.34314
-1.41703
-1.50727
-1.57915
-1.65603
-1.74286
-1.82938
-1.92061
-2.01951
-2.12328
-2.23334
-2.35053
-2.47896
-2.62326
-2.80399
-1.35296
-1.47695
-1.53029
-1.59832
-1.68354
-1.75333
-1.82532
-1.90789
-1.99045
-2.07532
-2.16649
-2.26105
-2.35921
-2.46302
-2.5774
-2.69409
-2.81063
-1.55554
-1.67007
-1.72958
-1.78533
-1.86334
-1.93033
-1.99554
-2.07117
-2.14716
-2.22285
-2.30308
-2.38556
-2.46984
-2.55916
-2.65363
-2.7453
-2.848
-1.76519
-1.8691
-1.9287
-1.97079
-2.03884
-2.10214
-2.15867
-2.22357
-2.29008
-2.35451
-2.42194
-2.49172
-2.56409
-2.64053
-2.72011
-2.8031
-2.8992
-1.973
-2.05975
-2.11448
-2.14666
-2.20212
-2.25776
-2.30473
-2.35723
-2.41232
-2.46448
-2.51865
-2.57711
-2.63561
-2.69425
-2.75333
-2.80976
-2.86235
-2.16538
-2.23238
-2.27806
-2.30233
-2.345
-2.38998
-2.42643
-2.4663
-2.51039
-2.55352
-2.59652
-2.64012
-2.68297
-2.72354
-2.76352
-2.80201
-2.8388
-2.32997
-2.37811
-2.41138
-2.42657
-2.45769
-2.49301
-2.52102
-2.55018
-2.5801
-2.60847
-2.63503
-2.66142
-2.68853
-2.71705
-2.74714
-2.77917
-2.8227
-2.45366
-2.48142
-2.50361
-2.51512
-2.53368
-2.55249
-2.56802
-2.58224
-2.59694
-2.61212
-2.62723
-2.64274
-2.65934
-2.67664
-2.6951
-2.71485
-2.73571
-2.5197
-2.52813
-2.53579
-2.5418
-2.54757
-2.55405
-2.5617
-2.56955
-2.57723
-2.58492
-2.59292
-2.60145
-2.61072
-2.62063
-2.63066
-2.63848
-2.64338
-2.52699
-2.52531
-2.52479
-2.5259
-2.52529
-2.52459
-2.52438
-2.52499
-2.52624
-2.52814
-2.53092
-2.53488
-2.54037
-2.54783
-2.55813
-2.57121
-2.59456
-2.46853
-2.45854
-2.44854
-2.44784
-2.44173
-2.43503
-2.4313
-2.42843
-2.42621
-2.42476
-2.4242
-2.42463
-2.42625
-2.42909
-2.43348
-2.43882
-2.4474
-2.33487
-2.32722
-2.31033
-2.30745
-2.30028
-2.29141
-2.28732
-2.28507
-2.28304
-2.28168
-2.28109
-2.28116
-2.2819
-2.28296
-2.28389
-2.28305
-2.27976
-2.12542
-2.12836
-2.1091
-2.10888
-2.10587
-2.10027
-2.09931
-2.09921
-2.10006
-2.10208
-2.10534
-2.10992
-2.11599
-2.12388
-2.13425
-2.1471
-2.16848
-1.85726
-1.8677
-1.85236
-1.85585
-1.85747
-1.85861
-1.86119
-1.8649
-1.86953
-1.8751
-1.88162
-1.88905
-1.89739
-1.90668
-1.91708
-1.92785
-1.94293
-1.53853
-1.56013
-1.5511
-1.55942
-1.56451
-1.57088
-1.57856
-1.58734
-1.59724
-1.60821
-1.62014
-1.63281
-1.64596
-1.65907
-1.67098
-1.67854
-1.67983
-1.16324
-1.20335
-1.20136
-1.22028
-1.23142
-1.24521
-1.26019
-1.27647
-1.29411
-1.31315
-1.33373
-1.3561
-1.38079
-1.40837
-1.43926
-1.47345
-1.52089
-0.755175
-0.810733
-0.81303
-0.84264
-0.864739
-0.889454
-0.914304
-0.939969
-0.966368
-0.993667
-1.02198
-1.05133
-1.08176
-1.11357
-1.14762
-1.18618
-1.24196
-0.332814
-0.401862
-0.409416
-0.450331
-0.479161
-0.51281
-0.546718
-0.582771
-0.619565
-0.657541
-0.696833
-0.737133
-0.777932
-0.818858
-0.857823
-0.88902
-0.911462
0.0840011
0.000177304
-0.0133694
-0.0604452
-0.0963342
-0.135886
-0.175581
-0.217057
-0.260044
-0.305177
-0.352909
-0.40419
-0.459838
-0.520062
-0.584318
-0.651494
-0.736535
0.483639
0.387087
0.368488
0.31729
0.276075
0.231713
0.187588
0.141464
0.0935503
0.04341
-0.00897798
-0.0641053
-0.122212
-0.182074
-0.245762
-0.32563
-0.440204
0.860812
0.754664
0.730502
0.676561
0.632688
0.58472
0.537187
0.487891
0.436802
0.383152
0.326278
0.265599
0.200792
0.131276
0.0585334
-6.73027e-05
-0.028866
1.2092
1.09741
1.06938
1.01275
0.966015
0.916428
0.867216
0.816422
0.763966
0.709004
0.651127
0.58989
0.52324
0.446274
0.356391
0.261918
0.144541
1.52407
1.41055
1.37916
1.32153
1.27391
1.22369
1.1742
1.12331
1.07082
1.01589
0.958183
0.897052
0.831869
0.763506
0.689518
0.594342
0.427078
1.80391
1.69219
1.6583
1.60087
1.55356
1.50401
1.4555
1.40596
1.35513
1.30217
1.24622
1.18617
1.12149
1.05159
0.972417
0.903315
0.872166
2.04906
1.942
1.90625
1.8501
1.80391
1.75614
1.70962
1.6626
1.61474
1.56517
1.51315
1.45806
1.39852
1.33014
1.24537
1.15934
1.03551
2.26123
2.16096
2.12366
2.07004
2.0253
1.98008
1.9364
1.89283
1.84889
1.80373
1.75667
1.70689
1.65324
1.59615
1.53329
1.45375
1.26926
2.4421
2.35036
2.31149
2.26139
2.21869
2.17654
2.13627
2.09676
2.0575
2.01778
1.97678
1.93326
1.88624
1.83552
1.77465
1.71709
1.69615
2.59064
2.51105
2.47206
2.42559
2.38541
2.34665
2.31022
2.27526
2.24132
2.20777
2.17382
2.13859
2.10127
2.05893
2.00113
1.94165
1.85955
2.70969
2.64445
2.60643
2.56421
2.52734
2.49248
2.46042
2.43054
2.40241
2.37548
2.349
2.32215
2.29408
2.26396
2.22963
2.18795
2.04152
2.80196
2.75131
2.71747
2.67992
2.64689
2.61614
2.58851
2.56372
2.54136
2.52098
2.50189
2.48333
2.4645
2.44451
2.41912
2.39162
2.39313
2.87213
2.83494
2.80729
2.77461
2.74519
2.7182
2.69446
2.67416
2.65712
2.64294
2.6312
2.62133
2.6128
2.6043
2.58815
2.56741
2.54714
2.92492
2.89716
2.87618
2.84979
2.82469
2.80161
2.7816
2.76554
2.75364
2.74569
2.74198
2.74071
2.74176
2.74504
2.74832
2.75181
2.69368
2.9634
2.94219
2.92832
2.91043
2.89166
2.87417
2.85931
2.84852
2.84257
2.84099
2.84336
2.84976
2.85971
2.87285
2.8872
2.90465
2.93144
2.99202
2.97825
2.96916
2.95896
2.94805
2.93831
2.9308
2.92729
2.92686
2.93052
2.93868
2.95147
2.96865
2.98926
3.01111
3.03527
3.06563
3.01371
3.0027
2.9948
2.98926
2.98439
2.98124
2.98017
2.98228
2.98802
2.9979
3.01251
3.03226
3.05715
3.08622
3.11926
3.1592
3.18582
-2.30447
-2.09833
-1.86163
-1.56957
-1.1856
-0.636268
0.175388
1.26353
1.81242
-0.843488
-6.67072
-11.7203
-12.7893
-9.71133
-6.5369
-4.06796
-3.19694
-2.62594
-2.24287
-1.98686
-2.50525
-2.31819
-2.09792
-1.82053
-1.44895
-0.917984
-0.147895
0.835926
1.27255
-1.26045
-6.92044
-11.7742
-12.9956
-10.11
-6.45644
-4.09413
-3.22372
-2.66838
-2.27934
-2.01945
-2.73753
-2.57668
-2.38428
-2.13144
-1.78674
-1.29767
-0.597113
0.240252
0.4938
-2.10362
-7.10472
-11.4559
-12.4785
-10.0444
-6.24902
-4.303
-3.26316
-2.70862
-2.31671
-2.05109
-2.99949
-2.8775
-2.72912
-2.51635
-2.21883
-1.79913
-1.21343
-0.590606
-0.665564
-3.34831
-7.65891
-10.8175
-11.5204
-9.61265
-6.13962
-4.3146
-3.21799
-2.70242
-2.34163
-2.08801
-3.31176
-3.24149
-3.14442
-2.99133
-2.76814
-2.4583
-2.04792
-1.73069
-2.35762
-5.10448
-8.52211
-10.1651
-10.2745
-8.68363
-5.90143
-4.10596
-3.1256
-2.66525
-2.35123
-2.11387
-3.6897
-3.67259
-3.64808
-3.57503
-3.45997
-3.32366
-3.19267
-3.36814
-4.73704
-7.46638
-9.69842
-9.78563
-8.88617
-7.37334
-5.33422
-3.81369
-2.96686
-2.60517
-2.34996
-2.13995
-4.12957
-4.18288
-4.26332
-4.29065
-4.32666
-4.45697
-4.79828
-5.76738
-7.93355
-10.5002
-11.1965
-9.78951
-7.5752
-5.94962
-4.51622
-3.34474
-2.74915
-2.52395
-2.33812
-2.16522
-4.64525
-4.78734
-4.99489
-5.1701
-5.43146
-5.95298
-7.04359
-9.05662
-12.0272
-13.9298
-13.1169
-10.016
-6.51497
-4.57444
-3.5974
-2.80212
-2.48557
-2.41572
-2.31795
-2.19197
-5.24534
-5.49957
-5.87399
-6.25801
-6.81959
-7.85125
-9.71637
-12.8884
-16.4832
-17.3687
-15.1516
-10.4177
-5.84199
-3.44608
-2.66327
-2.24355
-2.14856
-2.26281
-2.2914
-2.22998
-5.9321
-6.3284
-6.91407
-7.56571
-8.51239
-10.2161
-12.7039
-16.7248
-20.2132
-20.1189
-16.7363
-10.9172
-5.61385
-2.72744
-1.82067
-1.67144
-1.87258
-2.07136
-2.26551
-2.28261
-6.72996
-7.29557
-8.10067
-9.07469
-10.4273
-12.6535
-15.9045
-19.8464
-22.4664
-21.7157
-17.6221
-11.4278
-5.81942
-2.51865
-1.33391
-1.20441
-1.61474
-2.00909
-2.28348
-2.36247
-7.65126
-8.40601
-9.46127
-10.7538
-12.4974
-15.0193
-18.6624
-21.8721
-23.3949
-22.1854
-17.9921
-11.8938
-6.41179
-2.91842
-1.30145
-1.01461
-1.38467
-2.00538
-2.37499
-2.51975
-8.68941
-9.64336
-10.951
-12.4919
-14.5449
-17.4136
-20.4279
-22.4243
-23.2167
-21.7878
-17.8244
-12.2557
-7.31728
-3.89198
-1.95928
-1.25247
-1.54275
-2.14744
-2.56887
-2.77697
-9.84996
-11.0216
-12.4917
-14.1875
-16.351
-18.7491
-20.5878
-21.8713
-22.2024
-20.5128
-16.9825
-12.5042
-8.43076
-5.36497
-3.32158
-2.17144
-2.19094
-2.56892
-2.9397
-3.19737
-11.1259
-12.4568
-13.9656
-15.5413
-17.1951
-18.6553
-19.8947
-20.6118
-20.647
-18.9356
-16.0419
-12.6759
-9.60932
-7.17753
-5.34335
-4.00142
-3.52773
-3.57462
-3.73603
-3.97121
-12.5013
-13.69
-14.739
-15.7757
-16.8361
-17.8449
-18.6113
-19.0324
-18.7518
-17.2476
-15.0886
-12.7551
-10.6901
-9.05389
-7.72169
-6.63873
-5.93079
-5.49234
-5.22049
-5.31008
-13.639
-14.0991
-14.4754
-15.1268
-15.9065
-16.5907
-17.0688
-17.2678
-16.7662
-15.5874
-14.1259
-12.6704
-11.488
-10.6326
-9.94734
-9.50469
-9.13199
-8.50797
-7.63755
-7.3622
-13.9045
-13.7178
-13.8625
-14.4174
-14.9265
-15.2903
-15.495
-15.5033
-14.952
-14.1193
-13.2116
-12.4199
-11.868
-11.572
-11.5486
-11.6988
-11.849
-11.5914
-10.8945
-10.8099
-13.2464
-13.4242
-13.6838
-13.9728
-14.2059
-14.3181
-14.2754
-14.0065
-13.4852
-12.9046
-12.3796
-11.992
-11.7983
-11.841
-12.1357
-12.58
-12.9419
-13.1927
-13.5543
-14.2741
-13.425
-13.3558
-13.2737
-13.2175
-13.1295
-12.9467
-12.6337
-12.2501
-11.8442
-11.4764
-11.2161
-11.1048
-11.1573
-11.3861
-11.8054
-12.3853
-13.0274
-13.6487
-14.6717
-15.8776
-14.2142
-13.3862
-9.87699
-7.41956
-5.65971
-4.34744
-3.48896
-2.95274
-2.60576
-2.37774
-2.22716
-2.12555
-2.05271
-1.99768
-1.95271
-1.91491
-1.88119
-1.84458
-1.81995
-1.78712
-13.7649
-13.6929
-10.6477
-7.7752
-5.84923
-4.50625
-3.62805
-3.05091
-2.65907
-2.39101
-2.19368
-2.05248
-1.94744
-1.86694
-1.80355
-1.75385
-1.71148
-1.67573
-1.65557
-1.62265
-13.1765
-13.4783
-10.8819
-7.98948
-6.00275
-4.63892
-3.7272
-3.10662
-2.66638
-2.35532
-2.12612
-1.9573
-1.83064
-1.73388
-1.65982
-1.60322
-1.55708
-1.52563
-1.50737
-1.4767
-12.6935
-13.2348
-10.9571
-8.17968
-6.14487
-4.72666
-3.78276
-3.11786
-2.64107
-2.29914
-2.04584
-1.85649
-1.71353
-1.6048
-1.52288
-1.46035
-1.41204
-1.38499
-1.36615
-1.33544
-12.1524
-12.8869
-10.8484
-8.0927
-6.12598
-4.70561
-3.75661
-3.08411
-2.58853
-2.22418
-1.95263
-1.74803
-1.59282
-1.47506
-1.38668
-1.31882
-1.27017
-1.24636
-1.22369
-1.18783
-11.5446
-12.4633
-10.6268
-7.80668
-5.99636
-4.61977
-3.68017
-3.01325
-2.51077
-2.13546
-1.84962
-1.63318
-1.46815
-1.3427
-1.24795
-1.17497
-1.12643
-1.1012
-1.07216
-1.02841
-10.8366
-11.9343
-10.3047
-7.40625
-5.76267
-4.47484
-3.55804
-2.90617
-2.40659
-2.02747
-1.73497
-1.50965
-1.33669
-1.20426
-1.10294
-1.02487
-0.973997
-0.943293
-0.905019
-0.853989
-10.0314
-11.2043
-9.886
-7.03622
-5.45276
-4.27128
-3.39073
-2.76091
-2.27304
-1.89651
-1.60371
-1.37365
-1.19483
-1.05603
-0.948152
-0.864758
-0.807743
-0.76795
-0.719961
-0.667101
-9.18227
-10.1662
-9.32112
-6.64654
-5.07471
-4.00348
-3.17512
-2.57417
-2.10565
-1.73811
-1.44916
-1.21985
-1.03789
-0.893662
-0.779407
-0.689854
-0.62416
-0.572622
-0.517917
-0.472687
-8.33685
-8.90045
-8.49302
-6.11545
-4.63822
-3.6735
-2.90916
-2.3435
-1.90037
-1.54793
-1.26748
-1.04311
-0.860599
-0.712452
-0.592459
-0.496058
-0.419839
-0.355159
-0.295448
-0.259685
-7.53554
-7.72028
-7.50214
-5.49455
-4.14869
-3.2901
-2.59346
-2.06805
-1.65471
-1.32288
-1.05617
-0.83776
-0.656951
-0.507358
-0.383282
-0.28049
-0.193676
-0.11686
-0.0510763
-0.0158082
-6.83896
-6.8246
-6.46341
-4.77488
-3.58054
-2.83235
-2.22025
-1.74437
-1.36628
-1.05785
-0.805122
-0.595641
-0.4204
-0.273318
-0.147481
-0.0393196
0.0545685
0.138308
0.210906
0.256375
-6.25859
-6.12047
-5.42943
-3.96272
-2.93546
-2.29681
-1.76831
-1.34742
-1.01066
-0.733482
-0.502877
-0.308139
-0.142688
-0.000576471
0.12316
0.231988
0.328729
0.415421
0.492959
0.549926
-5.78597
-5.50083
-4.51265
-3.13019
-2.22813
-1.6868
-1.23816
-0.875317
-0.582299
-0.340011
-0.13556
0.0388328
0.188918
0.319894
0.435851
0.539666
0.633744
0.719
0.79878
0.863002
-5.2669
-4.76935
-3.69305
-2.31615
-1.46343
-1.00022
-0.630173
-0.319771
-0.0704699
0.133625
0.306389
0.455005
0.584001
0.697596
0.799331
0.891664
0.976647
1.055
1.13051
1.19437
-4.42785
-3.55694
-2.65232
-1.46423
-0.634464
-0.229095
0.0661878
0.322254
0.528398
0.693151
0.830446
0.94826
1.05044
1.14031
1.22105
1.29497
1.36388
1.42842
1.49229
1.54804
-3.65473
-1.83115
-1.43587
-0.583804
0.237979
0.62595
0.855538
1.05477
1.21654
1.34063
1.43926
1.52156
1.59133
1.65134
1.70461
1.75346
1.79962
1.84363
1.88877
1.92864
-5.38593
-0.211424
-0.142907
0.310436
1.14629
1.55998
1.74319
1.88788
1.99748
2.07546
2.13003
2.17123
2.20272
2.22703
2.2471
2.26515
2.28292
2.30094
2.32185
2.34013
-11.5832
0.136825
1.44434
1.39365
2.16504
2.58311
2.71407
2.79498
2.85514
2.88064
2.88339
2.8789
2.86836
2.85366
2.83641
2.81807
2.80182
2.78855
2.78221
2.7766
-16.0598
-0.409515
2.84224
2.76057
3.28702
3.62936
3.68899
3.69767
3.70114
3.68378
3.64658
3.60509
3.55522
3.49989
3.44299
3.38576
3.33084
3.28007
3.23883
3.19536
-4.57836
3.6718
9.07232
12.2076
14.0232
14.9278
15.3544
15.3978
15.1977
14.7946
14.22
13.5042
12.6647
11.6707
10.4514
8.92725
6.96222
4.35025
0.416068
-5.24268
1.17479
4.81888
7.71942
9.98065
11.6453
12.8063
13.5541
13.9761
14.0625
13.9338
13.6193
13.1187
12.4487
11.6038
10.546
9.22093
7.56943
5.49807
3.06472
0.310348
5.18621
6.49416
7.99667
9.33863
10.4214
11.2813
11.9178
12.359
12.6257
12.6013
12.4513
12.1554
11.6751
11.0177
10.1713
9.1093
7.80632
6.26666
4.67489
3.30325
5.28703
6.47615
7.51407
8.46229
9.27335
9.9494
10.4863
10.896
11.195
11.2807
11.2169
11.052
10.7682
10.3044
9.66089
8.82448
7.79178
6.57996
5.25342
3.95955
5.35136
6.2748
7.06271
7.76959
8.37871
8.89954
9.33293
9.68395
9.96611
10.1198
10.1111
10.0282
9.84926
9.55574
9.09037
8.43773
7.60648
6.60395
5.46992
4.30181
5.28578
6.00482
6.6163
7.16331
7.63531
8.04475
8.39587
8.69313
8.94998
9.12706
9.17437
9.13948
9.03541
8.83595
8.52342
8.02808
7.34886
6.50528
5.54268
4.49887
5.11047
5.71502
6.21189
6.64865
7.02281
7.34981
7.63669
7.88942
8.12069
8.30012
8.38757
8.38677
8.33409
8.20588
7.97993
7.62058
7.06774
6.34773
5.49668
4.55165
4.91663
5.4347
5.84946
6.20718
6.51092
6.77734
7.01541
7.23236
7.43995
7.61294
7.72039
7.75807
7.7369
7.6578
7.49528
7.22831
6.78624
6.16483
5.40627
4.54155
4.72949
5.17909
5.53156
5.83023
6.08153
6.30247
6.503
6.691
6.87754
7.04144
7.15847
7.22401
7.22948
7.18332
7.06885
6.86376
6.51796
5.97526
5.29245
4.49334
4.55305
4.94874
5.25339
5.50721
5.71888
5.90521
6.07655
6.241
6.40914
6.56311
6.68313
6.76438
6.79659
6.77126
6.69263
6.53398
6.25987
5.7867
5.16956
4.43079
4.38985
4.7428
5.01032
5.2296
5.41084
5.57041
5.71869
5.86381
6.01581
6.15983
6.27901
6.36881
6.42108
6.41177
6.36103
6.24029
6.01365
5.60592
5.04479
4.35652
4.24045
4.55922
4.79765
4.99001
5.14762
5.28623
5.41607
5.54511
5.68289
5.81726
5.93313
6.0261
6.08965
6.09846
6.06755
5.97545
5.78331
5.4275
4.91547
4.27435
4.10451
4.39569
4.61113
4.78236
4.92144
5.04343
5.15836
5.27392
5.39907
5.52439
5.6355
5.7281
5.79629
5.82181
5.80629
5.73498
5.56927
5.2547
4.78544
4.18758
3.98104
4.24979
4.44698
4.60154
4.72597
4.83467
4.93741
5.04157
5.15548
5.27239
5.37801
5.46808
5.53658
5.57429
5.57246
5.5156
5.3704
5.08862
4.6566
4.09856
3.86883
4.11924
4.30197
4.44332
4.5561
4.65405
4.74668
4.8411
4.94491
5.05411
5.15396
5.2403
5.30667
5.35152
5.36147
5.31448
5.18528
4.92964
4.53024
4.00917
3.76662
4.00224
4.17352
4.3044
4.40789
4.49712
4.58133
4.66733
4.76197
4.86413
4.95816
5.04005
5.10303
5.15116
5.16921
5.12931
5.01267
4.77797
4.40738
3.92087
3.67359
3.89729
4.05953
4.18225
4.27851
4.36077
4.43803
4.51674
4.60308
4.69866
4.78675
4.86357
4.92241
4.97091
4.99313
4.95838
4.85156
4.63373
4.28886
3.83506
3.58767
3.80217
3.9577
4.07422
4.16485
4.24145
4.31279
4.38511
4.4641
4.55316
4.63529
4.70717
4.76192
4.80875
4.83154
4.80038
4.70109
4.49694
4.17513
3.75231
3.50611
3.71435
3.86537
3.97688
4.06252
4.13378
4.19926
4.26527
4.33745
4.42029
4.49797
4.5668
4.61874
4.66301
4.68351
4.65441
4.56046
4.36764
4.06715
3.67463
3.43301
3.63484
3.78185
3.88923
3.97071
4.03722
4.09699
4.15663
4.22241
4.29861
4.37407
4.44056
4.4903
4.53154
4.54788
4.51952
4.42919
4.24585
3.9636
3.59738
-2.568
-2.76302
-2.98095
-3.22567
-3.51556
-3.86026
-4.26027
-4.71727
-5.24679
-5.86741
-6.5841
-7.39811
-8.31928
-9.33355
-10.4121
-11.38
-11.945
-12.2163
-11.9496
-13.4369
-2.84052
-3.01081
-3.19942
-3.40782
-3.64856
-3.93349
-4.26965
-4.66624
-5.12902
-5.66807
-6.28996
-6.99912
-7.79735
-8.67236
-9.63274
-10.5931
-11.5094
-12.5921
-12.4458
-13.7459
-2.95703
-3.09391
-3.2515
-3.42879
-3.63639
-3.88523
-4.18087
-4.52754
-4.93151
-5.40084
-5.94217
-6.56136
-7.26144
-8.04346
-8.93668
-9.9091
-11.1107
-12.739
-12.8545
-13.6837
-2.87678
-3.00035
-3.14568
-3.30113
-3.48207
-3.7012
-3.96118
-4.2644
-4.61705
-5.02641
-5.49958
-6.04462
-6.66827
-7.38596
-8.23789
-9.22785
-10.5881
-12.564
-12.7929
-13.1937
-2.63354
-2.75521
-2.89407
-3.03155
-3.19036
-3.3831
-3.61016
-3.87433
-4.18191
-4.53966
-4.95551
-5.43905
-6.00069
-6.665
-7.47269
-8.45597
-9.9802
-11.9059
-12.0803
-12.2369
-2.22023
-2.31606
-2.43778
-2.56467
-2.71102
-2.8848
-3.08653
-3.31966
-3.5894
-3.90219
-4.26672
-4.69333
-5.19641
-5.80633
-6.55676
-7.49579
-9.04375
-10.6888
-10.8422
-10.994
-1.62699
-1.68725
-1.78577
-1.90072
-2.02972
-2.17947
-2.3519
-2.55058
-2.78021
-3.04745
-3.36101
-3.73084
-4.17385
-4.72253
-5.40213
-6.26747
-7.60246
-9.09845
-9.40695
-9.72697
-0.876801
-0.916362
-0.987356
-1.07647
-1.1756
-1.29121
-1.42649
-1.58442
-1.76956
-1.98891
-2.25112
-2.56623
-2.95358
-3.44668
-4.05447
-4.81473
-5.97499
-7.4566
-8.24798
-8.71531
-0.00453404
-0.0260132
-0.0667536
-0.123429
-0.185872
-0.259132
-0.344029
-0.449666
-0.582029
-0.748632
-0.959385
-1.22553
-1.56749
-2.02243
-2.58129
-3.2815
-4.44039
-6.09523
-7.26179
-7.6951
0.910399
0.911185
0.908721
0.894708
0.881272
0.86413
0.842581
0.806252
0.743659
0.647236
0.504659
0.301942
0.0165875
-0.403495
-0.935387
-1.64939
-2.9615
-4.67267
-5.54479
-6.27187
1.76644
1.79976
1.84507
1.87187
1.91431
1.95293
1.98009
2.00832
2.02826
2.03188
2.0003
1.92097
1.76514
1.44996
1.05292
0.315522
-1.20943
-2.61728
-2.70288
-7.20904
2.50665
2.57541
2.64948
2.71279
2.78002
2.84927
2.91869
2.99174
3.06526
3.13573
3.19841
3.2466
3.26976
3.20896
3.12174
2.58531
1.01522
0.890293
-1.3341
-15.5539
3.09501
3.16781
3.24839
3.32763
3.41107
3.50029
3.59599
3.70155
3.81561
3.93738
4.06538
4.19643
4.32434
4.44047
4.52897
4.37984
4.00066
4.2576
-2.17657
-23.5082
)
;

boundaryField
{
    inlet
    {
        type            zeroGradient;
    }
    outlet
    {
        type            fixedValue;
        value           uniform 0;
    }
    dymWall
    {
        type            zeroGradient;
    }
    AMI1
    {
        type            cyclicAMI;
        value           nonuniform List<scalar> 
73
(
-2.23899
-2.01732
-1.77523
-1.47784
-1.0876
-0.535767
0.252779
1.28734
1.80641
-0.687369
-6.09551
-11.1671
-12.4539
-9.77023
-6.68622
-4.16085
-3.11287
-2.56326
-2.20879
-1.96015
-1.7667
-1.61079
-1.47195
-1.33907
-1.20143
-1.05217
-0.886076
-0.701751
-0.498686
-0.264942
0.0095265
0.300892
0.606807
0.922589
1.25037
1.59532
1.96279
2.35769
2.77906
3.1917
3.40723
3.60219
3.74616
3.85265
3.93422
4.00108
4.06096
4.11979
4.18301
4.25392
4.32428
4.38643
4.43477
4.47478
4.4884
4.45864
4.36824
4.19148
3.92283
3.57596
-2.49559
-2.77241
-2.90214
-2.84587
-2.62369
-2.21899
-1.59606
-0.816594
0.0649574
0.9644
1.79896
2.51484
3.07858
)
;
    }
    AMI2
    {
        type            cyclicAMI;
        value           nonuniform List<scalar> 
162
(
-2.26746
-2.21027
-2.05148
-1.9943
-1.83232
-1.75345
-1.56798
-1.45707
-1.23074
-1.06766
-0.762476
-0.517355
-0.0974484
0.271882
0.795702
1.32651
1.65776
1.94129
0.923143
-0.596916
-2.96497
-6.04347
-8.37424
-11.1517
-12.2411
-12.383
-11.9735
-9.67244
-8.88678
-6.74917
-5.86409
-4.28124
-3.67297
-3.19787
-2.90824
-2.60242
-2.47784
-2.23742
-2.16011
-1.98325
-1.93367
-1.78517
-1.74966
-1.63174
-1.59641
-1.49603
-1.45929
-1.36672
-1.3272
-1.23375
-1.1887
-1.08901
-1.03758
-0.927449
-0.868442
-0.745753
-0.681212
-0.547615
-0.472938
-0.324654
-0.231022
-0.0498371
0.0429713
0.238002
0.33574
0.541432
0.641171
0.856098
0.954468
1.18252
1.27995
1.52611
1.62333
1.89291
1.99008
2.28839
2.38517
2.71326
2.80761
3.13818
3.21872
3.38696
3.42576
3.57984
3.61667
3.7243
3.75696
3.83212
3.86014
3.91438
3.93897
3.98039
4.00364
4.03723
4.06178
4.09051
4.11918
4.14521
4.18093
4.20643
4.25093
4.27407
4.32173
4.33955
4.38462
4.39702
4.4342
4.44158
4.47589
4.47707
4.49185
4.48327
4.46649
4.44317
4.38219
4.33962
4.21032
4.15231
3.94492
3.87847
3.59973
3.53367
-2.42767
-2.48337
-2.5591
-2.69973
-2.75734
-2.82216
-2.86802
-2.89767
-2.92423
-2.8779
-2.85354
-2.84267
-2.73063
-2.64015
-2.60681
-2.43282
-2.26289
-2.18286
-1.93923
-1.66579
-1.54951
-1.26428
-0.901757
-0.777604
-0.489341
-0.0210038
0.0935662
0.348564
0.886908
0.984626
1.17489
1.72819
1.81519
1.94109
2.45268
2.52514
2.60258
3.02741
3.08335
3.12965
)
;
    }
    walls
    {
        type            zeroGradient;
    }
    front
    {
        type            empty;
    }
    back
    {
        type            empty;
    }
}


// ************************************************************************* //
