/*--------------------------------*- C++ -*----------------------------------*\
  =========                 |
  \\      /  F ield         | OpenFOAM: The Open Source CFD Toolbox
   \\    /   O peration     | Website:  https://openfoam.org
    \\  /    A nd           | Version:  6
     \\/     M anipulation  |
\*---------------------------------------------------------------------------*/
FoamFile
{
    version     2.0;
    format      ascii;
    class       volScalarField;
    location    "4.96";
    object      k;
}
// * * * * * * * * * * * * * * * * * * * * * * * * * * * * * * * * * * * * * //

dimensions      [0 2 -2 0 0 0 0];

internalField   nonuniform List<scalar> 
4214
(
0.0246708
0.0130887
0.00938694
0.00959875
0.0130339
0.0206316
0.0342501
0.0560176
0.0871072
0.12622
0.16902
0.21026
0.244591
0.268191
0.280017
0.280344
0.270579
0.252317
0.228824
0.199817
0.169788
0.146892
0.133746
0.130211
0.134532
0.146818
0.17367
0.22492
0.29739
0.351746
0.349239
0.296383
0.220417
0.147682
0.0910071
0.0523388
0.0287538
0.0159654
0.0105191
0.0109284
0.0191221
0.00921236
0.00730201
0.00773859
0.0104356
0.0164296
0.0277223
0.0468995
0.0763383
0.116519
0.164479
0.214226
0.259366
0.293405
0.313697
0.320759
0.316562
0.303353
0.282468
0.254977
0.223059
0.191494
0.165486
0.146991
0.138491
0.139488
0.154367
0.193827
0.258899
0.323208
0.355976
0.339887
0.283619
0.210422
0.141798
0.0884255
0.0517788
0.0289551
0.0159569
0.00929454
0.00658034
0.00665365
0.00599939
0.00634738
0.00835065
0.0128736
0.0217407
0.0377444
0.0640045
0.102769
0.15312
0.210304
0.26731
0.314631
0.346403
0.36155
0.362524
0.353596
0.337714
0.315297
0.285872
0.250947
0.215437
0.186816
0.163964
0.152723
0.154236
0.17871
0.23044
0.293036
0.340887
0.352211
0.322746
0.263885
0.19464
0.131633
0.082941
0.0493625
0.0281799
0.0158306
0.00920251
0.0060753
0.00510963
0.00531355
0.00668992
0.00996674
0.0166108
0.0292076
0.0513547
0.0865333
0.136402
0.198088
0.265476
0.328745
0.375754
0.401365
0.40665
0.398356
0.383625
0.366371
0.345259
0.315858
0.278947
0.240646
0.210092
0.18632
0.176977
0.186575
0.223106
0.278068
0.329293
0.354729
0.344655
0.303057
0.242106
0.176979
0.11982
0.0761322
0.045975
0.0267756
0.0153872
0.00909784
0.00595334
0.00471801
0.00539426
0.00765174
0.0124266
0.0218336
0.0393401
0.0693501
0.115449
0.178035
0.252105
0.330408
0.396754
0.438004
0.448908
0.436958
0.415752
0.395484
0.379699
0.363249
0.33733
0.302034
0.264737
0.235297
0.217071
0.215336
0.237227
0.279796
0.326395
0.356022
0.356525
0.327899
0.277664
0.216806
0.156908
0.106242
0.0680335
0.0416787
0.0247768
0.0146091
0.00886934
0.00589063
0.00459546
0.00587355
0.00914358
0.0158333
0.0288528
0.0526829
0.0925215
0.151628
0.228102
0.317549
0.404222
0.467397
0.49014
0.474787
0.440047
0.406307
0.384011
0.372762
0.362558
0.342627
0.313878
0.284175
0.262665
0.256223
0.267958
0.298032
0.334611
0.36097
0.364733
0.343329
0.301489
0.247004
0.188937
0.135505
0.0917923
0.0592635
0.0368578
0.0223989
0.0135951
0.00853412
0.00583176
0.00458002
0.0066877
0.01121
0.0203517
0.0379958
0.0697343
0.121594
0.194944
0.290355
0.393873
0.48138
0.524995
0.51436
0.467155
0.413216
0.374392
0.355652
0.350176
0.345097
0.333248
0.31668
0.301613
0.295351
0.303518
0.324297
0.350061
0.368913
0.370739
0.352059
0.315463
0.266632
0.212446
0.159738
0.11377
0.0772128
0.0503283
0.0318337
0.0198317
0.0124448
0.00812971
0.00576851
0.00461891
0.00785305
0.0139203
0.0261281
0.0494907
0.0907845
0.156412
0.249286
0.36206
0.471946
0.543329
0.550285
0.50066
0.429403
0.370095
0.336441
0.324873
0.324309
0.32411
0.321667
0.319423
0.321693
0.33117
0.346815
0.363309
0.373721
0.371441
0.353118
0.319845
0.275673
0.225936
0.176106
0.130748
0.0927686
0.0632309
0.0417081
0.0269095
0.017254
0.0112515
0.00769326
0.00570193
0.00468853
0.00938614
0.0173002
0.0331919
0.0633171
0.115759
0.19758
0.30885
0.433733
0.535398
0.573811
0.538991
0.46117
0.383736
0.33198
0.308268
0.30386
0.306673
0.311698
0.318268
0.327395
0.33985
0.353682
0.364778
0.368735
0.362187
0.343413
0.312885
0.273262
0.228542
0.183025
0.140466
0.103501
0.0734474
0.050444
0.0337882
0.0223293
0.0148113
0.0100925
0.00725627
0.00563444
0.00477409
0.0112462
0.0212444
0.0413181
0.0791491
0.14417
0.243273
0.371117
0.497141
0.573679
0.57222
0.507555
0.420197
0.348284
0.306596
0.291192
0.291976
0.298394
0.306769
0.317304
0.329162
0.340368
0.347922
0.348445
0.339669
0.320987
0.293223
0.258446
0.219546
0.179687
0.141723
0.107824
0.0792811
0.0565249
0.0392871
0.0268463
0.0182713
0.0126125
0.00902764
0.00684399
0.00556868
0.00486503
0.0133688
0.0257526
0.050669
0.0975372
0.177253
0.293039
0.426058
0.535516
0.581458
0.552739
0.474556
0.389526
0.325165
0.288995
0.276844
0.279807
0.287482
0.296122
0.304444
0.311312
0.314591
0.312327
0.302913
0.285762
0.261611
0.232224
0.199786
0.166527
0.13447
0.105228
0.0798797
0.0589474
0.0424501
0.0300198
0.0210537
0.0148538
0.0107364
0.00810394
0.00647921
0.00551041
0.00495587
0.0152363
0.0293783
0.0574834
0.109399
0.194942
0.313729
0.443432
0.543472
0.578959
0.544149
0.46456
0.377574
0.311089
0.273937
0.259844
0.260801
0.265762
0.270382
0.272855
0.271646
0.266305
0.256396
0.241457
0.221701
0.198206
0.172502
0.14614
0.120498
0.0966987
0.0755661
0.0575833
0.042902
0.0313994
0.0227456
0.016491
0.0121452
0.00923833
0.00736138
0.00618692
0.00547184
0.00504833
0.0159164
0.0301121
0.0582836
0.11008
0.194823
0.311827
0.439415
0.538679
0.576472
0.546432
0.470042
0.381182
0.307462
0.261679
0.241421
0.236274
0.23548
0.233267
0.228415
0.220556
0.209926
0.196752
0.181016
0.163049
0.143558
0.123484
0.103749
0.0851502
0.0682941
0.0535823
0.0412117
0.0311816
0.0233464
0.0174475
0.0131694
0.0101775
0.00815834
0.00683831
0.00599847
0.00547483
0.00515407
0.0153624
0.0280757
0.0536723
0.101459
0.180959
0.292972
0.418896
0.522983
0.572509
0.556824
0.489977
0.40045
0.316978
0.257518
0.226219
0.212065
0.203618
0.194808
0.184825
0.17378
0.161826
0.149037
0.135265
0.120611
0.105381
0.0901413
0.0754697
0.0618904
0.0497777
0.0393321
0.030641
0.0236309
0.0181777
0.0140651
0.0110756
0.00896743
0.00753021
0.00657427
0.00595261
0.0055523
0.00529691
0.0139276
0.0243237
0.0456838
0.0866324
0.157025
0.260297
0.383072
0.494309
0.561659
0.568891
0.52036
0.436112
0.343327
0.266746
0.21868
0.193696
0.178308
0.165555
0.153648
0.142726
0.132177
0.121597
0.110412
0.0986063
0.0862707
0.0738996
0.0619562
0.0508991
0.0411096
0.0326764
0.0257542
0.0201605
0.0158657
0.0126009
0.0102443
0.0085566
0.00740317
0.00661645
0.00609614
0.00574693
0.00551413
0.0120659
0.0199553
0.0364836
0.0691671
0.127639
0.218192
0.33359
0.449695
0.536325
0.5722
0.552915
0.485092
0.390276
0.295103
0.225023
0.185562
0.164341
0.150839
0.140049
0.131443
0.123471
0.115503
0.106496
0.0966011
0.0856713
0.0743329
0.0630457
0.052191
0.0425663
0.0339109
0.0269887
0.0211122
0.0167923
0.0133163
0.0109251
0.00910118
0.00790952
0.00704374
0.00649505
0.00610721
0.00585851
0.0102285
0.0158414
0.0278305
0.0522225
0.0979739
0.172874
0.276659
0.39181
0.492567
0.555568
0.568025
0.533684
0.452555
0.355846
0.25746
0.196295
0.166141
0.1525
0.144221
0.138648
0.133436
0.127879
0.120463
0.111985
0.101659
0.0902652
0.0786866
0.0661252
0.0555584
0.0442044
0.0361993
0.027674
0.0224933
0.0170554
0.0140957
0.0110722
0.00954799
0.00805399
0.00733762
0.00667123
0.00635776
0.00608217
0.00568043
0.00535644
0.00513661
0.00496272
0.00480765
0.00465872
0.00451439
0.00438148
0.00427309
0.00420762
0.00421198
0.00433583
0.0047042
0.00572411
0.00985939
0.0441987
0.0059389
0.00560078
0.00532416
0.00511155
0.00493111
0.00477003
0.00462332
0.004492
0.00438207
0.00430387
0.00427275
0.00431451
0.0044842
0.00493284
0.00621192
0.011233
0.0439651
0.00582022
0.00555637
0.00532456
0.00513115
0.00495997
0.00480551
0.00466689
0.00454711
0.00445258
0.00439331
0.00438455
0.00445368
0.00466353
0.00519639
0.00673254
0.0125614
0.0441019
0.00576427
0.00553984
0.00534466
0.00517279
0.0050164
0.00487367
0.00474603
0.00463787
0.00455649
0.00451255
0.0045223
0.00461574
0.0048644
0.00548314
0.00726556
0.0137417
0.0447437
0.00572836
0.00554528
0.00537895
0.00522722
0.00508652
0.00495697
0.00484143
0.00474529
0.00467679
0.00464756
0.00467525
0.00479287
0.00508109
0.00578679
0.00781064
0.0149281
0.0458331
0.00572523
0.00556806
0.00542428
0.00529014
0.00516421
0.00504775
0.0049445
0.0048607
0.00480537
0.00479117
0.0048372
0.0049795
0.00530747
0.00609814
0.00835212
0.016084
0.0473298
0.00573877
0.00560471
0.00547901
0.00535987
0.00524722
0.00514312
0.00505195
0.00498056
0.00493869
0.00493998
0.00500494
0.00517236
0.00553929
0.00640978
0.00887679
0.0171927
0.0492106
0.00577019
0.00565304
0.00554191
0.00543554
0.0053347
0.0052421
0.00516261
0.00510358
0.00507538
0.00509252
0.00517683
0.00536945
0.00577348
0.00671589
0.00937497
0.018255
0.0514597
0.0058143
0.00571114
0.00561209
0.00551667
0.00542639
0.00534453
0.00527637
0.00522961
0.00521521
0.00524845
0.0053524
0.00556999
0.00600832
0.00701149
0.00983282
0.0192513
0.0540427
0.00586924
0.00577771
0.00568881
0.00560298
0.00552234
0.00545069
0.00539361
0.00535911
0.0053586
0.00540815
0.00553201
0.00577432
0.00624396
0.00729492
0.0102404
0.0201505
0.0568864
0.00593379
0.00585164
0.00577158
0.00569439
0.00562283
0.00556112
0.00551504
0.00549284
0.00550638
0.00557248
0.00571657
0.00598367
0.00648239
0.00756885
0.010597
0.0209319
0.0598861
0.00600536
0.00593219
0.00586003
0.00579095
0.00572827
0.00567649
0.00564151
0.00563179
0.00565959
0.00574259
0.00590749
0.00620001
0.00672711
0.007839
0.010905
0.0215658
0.0629199
0.00608502
0.00601895
0.00595412
0.00589294
0.0058392
0.00579755
0.00577393
0.00577702
0.00581946
0.00591996
0.0061066
0.00642613
0.00698332
0.00811525
0.0111767
0.0220365
0.0658584
0.0061695
0.00611159
0.00605399
0.00600081
0.00595627
0.0059251
0.0059133
0.00592967
0.00598741
0.00610638
0.00631623
0.00666561
0.00725775
0.00841174
0.0114365
0.0223577
0.0685717
0.00626224
0.00621046
0.00616012
0.00611522
0.00608029
0.0060601
0.00606067
0.00609102
0.00616506
0.00630392
0.00653924
0.00692278
0.00755825
0.0087456
0.0117195
0.0225583
0.0709351
0.00635791
0.00631537
0.00627299
0.00623692
0.00621215
0.00620356
0.00621721
0.00626251
0.00635432
0.00651508
0.00677918
0.00720281
0.00789321
0.00913466
0.012067
0.0226694
0.0728322
0.00646456
0.00642757
0.00639347
0.0063668
0.00635285
0.00635659
0.00638421
0.00644586
0.00655738
0.00674293
0.00704039
0.00751176
0.00827095
0.0095922
0.012508
0.0226677
0.0741445
0.00656984
0.00654637
0.00652213
0.00650574
0.00650341
0.00652031
0.00656318
0.00664299
0.00677677
0.00699105
0.00732786
0.0078562
0.00869935
0.0101277
0.0130632
0.0225733
0.074745
0.00669442
0.00667465
0.00666026
0.00665494
0.00666499
0.00669613
0.00675588
0.00685613
0.00701565
0.00726381
0.00764743
0.00824318
0.00918519
0.0107455
0.0137452
0.022662
0.0745108
0.00680899
0.0068097
0.00680809
0.00681517
0.00683891
0.00688596
0.00696475
0.00708864
0.00727853
0.00756719
0.00800666
0.00868133
0.00973571
0.011447
0.014577
0.0231009
0.0733008
0.00695774
0.00695895
0.00696801
0.0069877
0.00702574
0.00708968
0.00718921
0.00733942
0.00756373
0.00789858
0.00840129
0.00916316
0.0103363
0.0121984
0.0154714
0.0238443
0.0714443
0.00708173
0.00711286
0.00713866
0.00717301
0.00722639
0.00730816
0.0074297
0.00760804
0.00786922
0.00825324
0.00882203
0.00967219
0.0109591
0.012952
0.0163197
0.0244894
0.0696209
0.00726063
0.00728836
0.00732546
0.00737372
0.00744268
0.00754276
0.00768694
0.00789426
0.00819323
0.00862702
0.00926122
0.0101958
0.0115856
0.0136853
0.0171006
0.0249965
0.0678976
0.00739584
0.0074641
0.00752362
0.00758982
0.007676
0.00779494
0.00796178
0.00819761
0.00853325
0.00901444
0.00970949
0.0107201
0.0121985
0.0143817
0.0178067
0.025349
0.0663098
0.00761029
0.00767196
0.00774383
0.00782611
0.00792942
0.00806709
0.00825564
0.00851792
0.00888669
0.00940975
0.0101574
0.0112321
0.0127831
0.0150313
0.0184454
0.025586
0.0648962
0.00776064
0.00787402
0.00797544
0.00808045
0.00820373
0.00836081
0.00856993
0.00885551
0.00925188
0.00980852
0.0105973
0.0117218
0.0133295
0.0156303
0.0190342
0.0257966
0.0637307
0.0080149
0.00811958
0.00823494
0.00835901
0.00850191
0.0086782
0.00890639
0.00921151
0.00962877
0.0102088
0.011025
0.012183
0.0138317
0.0161778
0.0195911
0.0260621
0.0629274
0.00818623
0.00835311
0.00850447
0.00865597
0.00882224
0.00901926
0.00926601
0.0095876
0.0100193
0.0106123
0.0114414
0.0126155
0.0142892
0.0166758
0.0201285
0.02643
0.0625839
0.00848594
0.00864108
0.00880714
0.00897993
0.00916837
0.00938623
0.00965125
0.00998731
0.0104285
0.0110255
0.0118541
0.0130271
0.0147089
0.0171299
0.0206534
0.026921
0.0627542
0.00868526
0.00891274
0.00912004
0.00932405
0.00953941
0.00978113
0.0100663
0.0104173
0.010866
0.0114613
0.0122787
0.0134353
0.0151075
0.0175525
0.0211718
0.0275483
0.0634646
0.00903687
0.0092497
0.00947294
0.00970136
0.00994336
0.0102113
0.0105201
0.0108894
0.0113478
0.0119407
0.0127419
0.0138707
0.015516
0.0179678
0.0216937
0.0283168
0.0646993
0.00927092
0.00956744
0.00983829
0.0101042
0.0103809
0.0106827
0.0110232
0.0114194
0.011896
0.0124935
0.0132814
0.0143786
0.0159832
0.0184182
0.0222387
0.0292157
0.0663802
0.00967706
0.0099566
0.010247
0.0105448
0.0108597
0.0112033
0.0115871
0.0120245
0.0125356
0.0131547
0.0139442
0.0150181
0.0165768
0.018969
0.0228447
0.0302215
0.0683665
0.00994393
0.0103183
0.0106644
0.0110107
0.0113765
0.011776
0.0122203
0.0127201
0.0132913
0.0139609
0.0147819
0.0158576
0.0173816
0.0197112
0.0235798
0.0313182
0.0704856
0.0103893
0.0107464
0.0111189
0.0115103
0.0119349
0.012405
0.0129302
0.0135192
0.014185
0.0149474
0.0158465
0.0169705
0.0184951
0.0207639
0.0245567
0.0325283
0.0725659
0.0106749
0.0111345
0.0115726
0.0120293
0.0125302
0.0130911
0.0137221
0.0144326
0.015236
0.0161465
0.0171883
0.0184302
0.0200225
0.0222723
0.0259475
0.0339478
0.0744323
0.0111305
0.011578
0.0120544
0.0125772
0.0131673
0.0138391
0.0146028
0.0154699
0.0164614
0.0175889
0.0188541
0.0203066
0.0220711
0.0244042
0.027996
0.0357979
0.0758921
0.0114228
0.0119766
0.0125317
0.0131443
0.0138457
0.0146528
0.0155781
0.0166385
0.0178758
0.019305
0.0208892
0.0226664
0.0247495
0.0273475
0.0310252
0.0384944
0.0767386
0.0118704
0.0124195
0.0130324
0.0137417
0.0145721
0.0155378
0.0166528
0.0179425
0.0194918
0.0213329
0.0233436
0.0255832
0.0281799
0.0313233
0.0354509
0.0427342
0.0767491
0.012158
0.0128171
0.0135296
0.0143624
0.0153457
0.0164947
0.0178273
0.0193813
0.0213237
0.0237355
0.0262846
0.0291615
0.0325405
0.0366372
0.0418393
0.0496553
0.0757547
0.0124823
0.0127731
0.0130599
0.0133431
0.0136231
0.0139003
0.0141748
0.0144462
0.0147142
0.0149778
0.015236
0.0154877
0.0157312
0.0159651
0.0161874
0.016396
0.0165888
0.016764
0.0169217
0.0170707
0.0172942
0.0174878
0.0175216
0.0174935
0.0174104
0.0172725
0.0170799
0.0168354
0.0165384
0.0162072
0.0158783
0.0155122
0.0151929
0.0148197
0.0145243
0.0141487
0.0138751
0.0134918
0.0132326
0.0128353
0.0125758
0.0131649
0.0134686
0.0137676
0.014063
0.0143556
0.0146459
0.014934
0.0152197
0.0155026
0.0157816
0.0160559
0.016324
0.0165845
0.0168358
0.0170758
0.0173023
0.0175132
0.0177064
0.0178816
0.0180468
0.0182841
0.0184903
0.0185395
0.0185279
0.0184619
0.0183406
0.0181632
0.017931
0.0176385
0.0173068
0.0169477
0.016568
0.0161875
0.0157979
0.0154265
0.0150447
0.0146902
0.0143149
0.0139701
0.0135928
0.0132446
0.0139321
0.0142498
0.0145621
0.0148707
0.0151769
0.0154813
0.0157841
0.0160852
0.0163841
0.0166797
0.016971
0.0172567
0.0175352
0.017805
0.0180638
0.0183095
0.0185396
0.0187519
0.0189457
0.0191279
0.0193788
0.0195971
0.0196619
0.0196671
0.0196184
0.0195143
0.0193533
0.0191356
0.0188543
0.0185211
0.0181525
0.0177577
0.017347
0.0169267
0.0165075
0.016088
0.0156775
0.0152656
0.0148625
0.0144519
0.0140458
0.014805
0.0151374
0.0154635
0.0157861
0.0161066
0.016426
0.0167445
0.0170618
0.0173775
0.0176905
0.0179999
0.0183041
0.0186018
0.018891
0.0191698
0.0194357
0.0196862
0.0199188
0.0201323
0.0203325
0.0205969
0.020827
0.0209078
0.0209303
0.020899
0.0208122
0.0206682
0.0204661
0.0202048
0.019867
0.0194936
0.0190874
0.0186566
0.0182097
0.017755
0.0172969
0.0168403
0.0163841
0.01593
0.0154729
0.0150134
0.0158098
0.0161568
0.0164969
0.0168338
0.0171692
0.0175041
0.0178387
0.0181728
0.0185059
0.0188371
0.0191652
0.0194889
0.0198065
0.0201163
0.0204161
0.0207034
0.0209755
0.0212296
0.021464
0.0216833
0.0219612
0.0222034
0.0223011
0.0223413
0.0223276
0.0222582
0.022131
0.0219449
0.0217002
0.0213674
0.020991
0.0205743
0.0201264
0.019656
0.0191709
0.0186774
0.0181804
0.0176817
0.0171817
0.016678
0.0161681
0.0169789
0.0173395
0.0176932
0.0180442
0.0183945
0.018745
0.0190959
0.0194471
0.019798
0.0201478
0.0204953
0.0208391
0.0211775
0.0215088
0.0218307
0.0221405
0.0224355
0.0227124
0.0229691
0.0232089
0.0235006
0.0237554
0.0238713
0.02393
0.0239346
0.0238826
0.0237721
0.0236017
0.0233714
0.0230662
0.0226759
0.0222466
0.0217818
0.0212883
0.020774
0.0202463
0.0197108
0.0191708
0.0186276
0.0180795
0.0175222
0.0183528
0.0187252
0.0190912
0.0194556
0.0198202
0.0201858
0.0205528
0.0209209
0.0212896
0.0216581
0.0220254
0.0223899
0.02275
0.0231038
0.0234488
0.0237825
0.0241015
0.0244027
0.0246832
0.024945
0.0252515
0.0255198
0.0256555
0.0257341
0.0257577
0.0257237
0.0256299
0.025475
0.0252587
0.0249822
0.0245943
0.0241506
0.0236647
0.0231455
0.0226006
0.0220372
0.0214621
0.0208799
0.0202932
0.0197015
0.0190992
0.0199835
0.0203647
0.0207408
0.0211169
0.0214944
0.0218741
0.0222562
0.0226405
0.0230266
0.0234138
0.0238009
0.0241866
0.024569
0.0249461
0.0253155
0.0256742
0.0260188
0.0263458
0.0266518
0.0269373
0.0272597
0.0275431
0.0277005
0.0278008
0.0278449
0.0278299
0.0277534
0.027614
0.0274116
0.0271471
0.0268199
0.0263608
0.0258461
0.0252944
0.0247135
0.0241106
0.0234927
0.0228656
0.0222335
0.0215977
0.0209539
0.0219382
0.0223241
0.0227072
0.0230921
0.0234801
0.0238717
0.0242672
0.0246664
0.0250689
0.0254741
0.0258809
0.0262878
0.026693
0.0270942
0.0274889
0.0278739
0.0282456
0.0286
0.0289332
0.0292445
0.0295845
0.0298845
0.0300659
0.0301901
0.0302566
0.0302622
0.0302043
0.0300814
0.0298932
0.0296406
0.0293258
0.0289517
0.0284644
0.0278768
0.0272466
0.026595
0.0259292
0.025256
0.024583
0.0239507
0.023402
0.0243055
0.0246913
0.0250768
0.0254662
0.0258607
0.0262609
0.0266668
0.0270786
0.0274958
0.0279177
0.0283433
0.0287712
0.0291992
0.029625
0.0300457
0.0304581
0.0308583
0.0312417
0.031604
0.031943
0.0323021
0.0326205
0.0328286
0.032979
0.0330702
0.0330985
0.0330611
0.0329563
0.0327835
0.0325436
0.0322388
0.0318722
0.0314485
0.0309728
0.0304241
0.0298194
0.0291892
0.0285585
0.027944
0.0273172
0.0266368
0.0272055
0.0275852
0.0279667
0.0283545
0.0287498
0.0291533
0.0295654
0.029986
0.0304149
0.0308512
0.031294
0.0317415
0.0321917
0.0326418
0.0330889
0.0335293
0.0339587
0.0343723
0.034765
0.0351335
0.0355134
0.0358518
0.0360886
0.0362677
0.0363859
0.0364393
0.0364248
0.0363401
0.0361845
0.0359585
0.0356642
0.0353045
0.0348833
0.0344053
0.0338749
0.033296
0.0326721
0.0320065
0.0313031
0.0305675
0.0298066
0.030805
0.03117
0.0315391
0.0319167
0.0323048
0.0327043
0.0331161
0.0335401
0.0339758
0.0344225
0.0348791
0.0353437
0.035814
0.036287
0.0367594
0.0372271
0.0376855
0.0381292
0.0385527
0.0389513
0.0393526
0.0397117
0.0399788
0.040188
0.0403352
0.0404157
0.0404259
0.0403634
0.0402267
0.040016
0.0397325
0.0393785
0.0389571
0.0384718
0.0379249
0.0373184
0.0366558
0.035942
0.0351838
0.0343895
0.0335676
0.0353418
0.0356797
0.0360245
0.0363807
0.0367506
0.0371361
0.0375382
0.037957
0.0383921
0.0388425
0.0393069
0.0397834
0.0402692
0.040761
0.0412551
0.0417469
0.0422314
0.0427028
0.0431548
0.0435817
0.0440029
0.0443814
0.044678
0.0449169
0.045093
0.0452011
0.0452371
0.0451978
0.0450811
0.0448862
0.0446135
0.0442641
0.04384
0.0433433
0.0427747
0.0421364
0.0414335
0.0406732
0.0398634
0.0390123
0.0381291
0.041165
0.0414578
0.0417623
0.0420818
0.0424191
0.0427764
0.0431553
0.0435562
0.0439787
0.0444216
0.0448833
0.0453616
0.0458534
0.0463549
0.046862
0.0473695
0.0478719
0.0483629
0.0488358
0.049284
0.0497187
0.050111
0.0504318
0.0506959
0.0508972
0.0510302
0.0510902
0.0510732
0.0509764
0.050798
0.0505372
0.050194
0.0497691
0.0492636
0.0486778
0.0480154
0.0472828
0.0464872
0.045636
0.0447371
0.0438023
0.0488015
0.0490268
0.0492705
0.0495331
0.0498179
0.0501275
0.0504636
0.0508272
0.0512178
0.051634
0.052074
0.0525351
0.053014
0.0535062
0.0540072
0.0545114
0.0550126
0.0555044
0.0559796
0.0564313
0.0568632
0.0572544
0.0575851
0.0578614
0.0580771
0.0582264
0.0583042
0.0583062
0.0582288
0.0580694
0.0578263
0.0574984
0.0570856
0.0565883
0.0560074
0.0553471
0.054613
0.0538112
0.0529486
0.0520333
0.0510796
0.0590748
0.0592099
0.0593698
0.0595515
0.0597586
0.0599937
0.0602589
0.060555
0.0608818
0.0612379
0.0616212
0.0620286
0.0624564
0.0629002
0.0633547
0.0638144
0.064273
0.0647241
0.0651609
0.0655765
0.0659694
0.0663262
0.0666347
0.0668949
0.067101
0.0672477
0.0673304
0.0673447
0.0672872
0.0671549
0.0669456
0.0666578
0.0662906
0.065844
0.065319
0.0647186
0.0640464
0.063307
0.0625061
0.0616509
0.060758
0.0733169
0.0733555
0.0734182
0.0734996
0.0736031
0.0737315
0.0738864
0.0740686
0.074278
0.0745134
0.0747728
0.0750535
0.0753521
0.0756646
0.0759868
0.0763137
0.0766406
0.0769623
0.0772736
0.0775696
0.0778466
0.0780983
0.0783187
0.0785052
0.0786541
0.0787618
0.078825
0.078841
0.0788071
0.0787211
0.0785813
0.078386
0.0781344
0.0778259
0.0774605
0.0770392
0.0765634
0.0760352
0.0754578
0.0748351
0.0741837
0.0562309
0.0153055
0.00732074
0.00525128
0.004643
0.00454065
0.00471126
0.00510978
0.00573734
0.0065785
0.00755476
0.00848942
0.00914689
0.00933548
0.00902791
0.00836641
0.00759754
0.0552492
0.0157273
0.00742433
0.00531043
0.00468324
0.00453048
0.00459404
0.00479937
0.00511756
0.00552055
0.00595809
0.00635449
0.00662439
0.00670616
0.00660243
0.00637721
0.00613822
0.0540453
0.0155746
0.00744426
0.00537025
0.00473941
0.00455109
0.00454526
0.00463875
0.00479561
0.00499013
0.00519363
0.0053739
0.00550127
0.00555982
0.00555838
0.00552687
0.00550641
0.0531575
0.0156045
0.0075284
0.00546039
0.00481584
0.00459747
0.00454544
0.0045753
0.00465078
0.00474994
0.0048557
0.00495389
0.00503497
0.00509663
0.00514623
0.00519729
0.00526554
0.0527486
0.0158265
0.00767993
0.00558158
0.00491531
0.00467066
0.00458705
0.00458018
0.00461455
0.00467087
0.00473733
0.00480666
0.00487551
0.00494445
0.00501813
0.0051018
0.00520417
0.0528966
0.0162015
0.00790094
0.00573964
0.0050416
0.00477133
0.0046635
0.00463301
0.00464472
0.00468084
0.00473152
0.00479133
0.00485808
0.00493203
0.00501527
0.00511015
0.00521956
0.0536081
0.0167045
0.00818399
0.00593405
0.00519588
0.00489906
0.00476959
0.00472095
0.00471792
0.00474293
0.00478614
0.00484211
0.00490825
0.00498386
0.0050695
0.00516593
0.0052745
0.0548482
0.0173127
0.0085204
0.00616426
0.00537845
0.00505217
0.00490113
0.00483617
0.00482112
0.00483768
0.00487533
0.00492798
0.00499234
0.0050669
0.00515122
0.00524522
0.00535066
0.0565498
0.0180179
0.00890226
0.00642634
0.00558697
0.00522869
0.00505516
0.00497371
0.0049466
0.00495444
0.00498585
0.00503397
0.00509481
0.00516616
0.005247
0.00533716
0.00543746
0.0586168
0.0187585
0.00930622
0.00671362
0.00582017
0.00542796
0.00523004
0.00513047
0.00508978
0.00508738
0.00511099
0.00515297
0.00520868
0.00527541
0.00535186
0.00543773
0.00553361
0.0609351
0.0194963
0.00971973
0.00702419
0.00607849
0.0056503
0.0054254
0.00530534
0.00524895
0.00523435
0.00524836
0.00528262
0.00533189
0.00539312
0.00546482
0.00554661
0.00563928
0.0633845
0.0201967
0.010134
0.00735802
0.00636367
0.00589741
0.00564258
0.00549929
0.0054248
0.00539591
0.00539845
0.00542335
0.00546489
0.00551971
0.00558623
0.005664
0.00575347
0.0658418
0.0208239
0.0105472
0.0077195
0.00667942
0.00617199
0.00588367
0.00571414
0.00561903
0.00557369
0.0055628
0.00557661
0.00560897
0.00565635
0.00571705
0.0057904
0.00587617
0.0681879
0.0213639
0.0109713
0.00811857
0.00703145
0.00647729
0.00615085
0.00595156
0.00583317
0.00576918
0.005743
0.00574409
0.00576598
0.00580502
0.00585947
0.00592836
0.00601068
0.0703054
0.0217921
0.0114224
0.00856886
0.00742714
0.00681736
0.0064466
0.00621333
0.00606856
0.00598354
0.00594023
0.00592718
0.00593748
0.00596737
0.00601499
0.00607912
0.00615907
0.072074
0.0221009
0.0119261
0.00908582
0.00787487
0.00719728
0.00677444
0.00650201
0.00632707
0.00621831
0.00615592
0.00612743
0.00612519
0.00614512
0.00618483
0.00624225
0.00631609
0.0733705
0.0223157
0.012515
0.00968413
0.00838282
0.00762299
0.00713874
0.00682088
0.00661144
0.0064758
0.0063923
0.00634708
0.00633151
0.00634063
0.00637132
0.00642015
0.00648145
0.0740703
0.0225173
0.01322
0.0103734
0.00895705
0.00809972
0.00754403
0.00717365
0.00692469
0.00675875
0.00665171
0.00658817
0.00655806
0.00655504
0.00657512
0.00661449
0.00666624
0.0740394
0.0228341
0.0140582
0.011151
0.00959915
0.00863142
0.00799431
0.00756364
0.00726949
0.00706925
0.00693594
0.00685183
0.00680503
0.00678756
0.00679394
0.00682052
0.00686834
0.0731238
0.0234284
0.015029
0.0120049
0.0103058
0.00921818
0.00849064
0.00799209
0.0076469
0.00740799
0.00724497
0.00713737
0.007071
0.00703603
0.00702535
0.00703329
0.00706002
0.0714913
0.024335
0.0160645
0.012898
0.0110547
0.0098445
0.00902079
0.00844868
0.00804775
0.00776652
0.00757086
0.00743728
0.00734931
0.00729547
0.00726745
0.00725726
0.00724932
0.0698659
0.0251188
0.0170312
0.0137672
0.0117994
0.010474
0.00955615
0.00891077
0.00845405
0.00813042
0.00790203
0.00774236
0.00763266
0.00755988
0.00751514
0.00749236
0.00748764
0.0682577
0.0257711
0.0178927
0.0145779
0.0125042
0.0110743
0.010069
0.00935571
0.00884776
0.00848576
0.00822806
0.00804503
0.00791551
0.00782475
0.00776245
0.00772152
0.00770494
0.0667323
0.0262589
0.0186446
0.0153001
0.013134
0.0116126
0.0105323
0.0097626
0.00921388
0.00882234
0.00854229
0.00834095
0.00819513
0.00808885
0.00801095
0.00795116
0.00789238
0.0653734
0.0265777
0.0192814
0.0159112
0.0136623
0.0120655
0.0109287
0.0101207
0.00954671
0.00913778
0.00884403
0.00863
0.00847113
0.00835129
0.00826045
0.00819195
0.00813826
0.0642215
0.0267928
0.0198109
0.0164023
0.014079
0.0124275
0.0112582
0.0104336
0.0098517
0.00943762
0.00913797
0.00891563
0.00874568
0.00861242
0.00850663
0.00842401
0.00837078
0.063416
0.0270024
0.0202521
0.016781
0.0143947
0.012713
0.0115371
0.0107174
0.0101425
0.00973251
0.00943194
0.00920354
0.00902318
0.00887624
0.00875448
0.0086525
0.00855881
0.0630499
0.0272662
0.0206234
0.017068
0.0146357
0.0129509
0.0117924
0.0109942
0.0104362
0.0100349
0.00973491
0.00950025
0.00930852
0.00914672
0.00900888
0.00889421
0.00880113
0.0631756
0.0276104
0.0209439
0.0172922
0.0148373
0.0131753
0.0120532
0.0112871
0.0107499
0.0103574
0.0100562
0.009813
0.00960745
0.00942811
0.00927025
0.00913624
0.00904399
0.0637954
0.0280423
0.0212334
0.0174876
0.0150375
0.0134214
0.0123481
0.0116179
0.0110999
0.0107124
0.0104055
0.0101496
0.00992668
0.00972666
0.00954517
0.00938325
0.00924425
0.064861
0.0285595
0.0215136
0.0176914
0.0152761
0.0137238
0.0127047
0.0120076
0.0115024
0.0111121
0.0107925
0.0105178
0.0102726
0.0100479
0.00984001
0.00965164
0.00949364
0.0662804
0.0291554
0.0218129
0.0179484
0.0155974
0.0141194
0.0131517
0.0124779
0.0119734
0.0115692
0.011227
0.0109254
0.0106511
0.0103961
0.0101565
0.00993502
0.00975949
0.0679279
0.0298266
0.022175
0.0183168
0.0160539
0.0146498
0.0137199
0.0130515
0.0125301
0.0120961
0.0117183
0.011379
0.0110669
0.0107746
0.0104973
0.0102345
0.00999639
0.0696654
0.0305842
0.0226704
0.0188747
0.01671
0.0153624
0.0144431
0.0137523
0.0131891
0.0127048
0.0122746
0.0118839
0.011523
0.0111847
0.0108639
0.0105581
0.0102755
0.0713601
0.0314748
0.0234108
0.0197258
0.0176428
0.0163105
0.0153575
0.0146043
0.0139665
0.0134056
0.012902
0.0124432
0.0120202
0.0116258
0.0112538
0.0108996
0.010576
0.0728859
0.032615
0.0245648
0.021001
0.0189406
0.0175518
0.0164996
0.0156307
0.0148767
0.0142068
0.0136046
0.0130582
0.0125579
0.0120959
0.0116645
0.0112552
0.0108618
0.0741047
0.0342385
0.0263702
0.0228585
0.020702
0.0191465
0.0179063
0.0168538
0.0159323
0.0151149
0.0143848
0.0137283
0.0131341
0.012592
0.0120927
0.0116246
0.0111707
0.0748676
0.0367653
0.0291481
0.0254892
0.0230383
0.0211605
0.0196166
0.018296
0.0171455
0.0161354
0.0152441
0.014453
0.0137467
0.0131115
0.012535
0.0120028
0.0114876
0.0749955
0.0408929
0.0333287
0.0291353
0.0260893
0.0236761
0.0216786
0.0199848
0.0185312
0.0172757
0.0161854
0.0152329
0.0143952
0.0136529
0.0129891
0.0123867
0.0118084
0.0743315
0.0477859
0.0395325
0.0341527
0.0300675
0.0268191
0.0241661
0.0219631
0.020114
0.0185497
0.0172166
0.0160719
0.0150813
0.0142165
0.0134543
0.0127744
0.0121394
0.013157
0.0410806
0.136154
0.322606
0.498611
0.542428
0.445056
0.278089
0.170831
0.16065
0.155478
0.141888
0.119962
0.0924795
0.0645716
0.0412256
0.0249244
0.0151392
0.00995294
0.00748805
0.0123898
0.0371716
0.121408
0.289315
0.461994
0.538086
0.500155
0.356092
0.208625
0.196878
0.197828
0.188349
0.165444
0.132979
0.0966067
0.0630718
0.0376343
0.0215084
0.0127395
0.00858905
0.0113373
0.0318567
0.102982
0.250812
0.418545
0.521708
0.534733
0.441573
0.277562
0.246684
0.255688
0.251979
0.229544
0.191244
0.144188
0.0971735
0.0584993
0.0323167
0.0174751
0.010375
0.0102792
0.0260908
0.082748
0.20824
0.367296
0.490352
0.542174
0.510078
0.387991
0.313665
0.327544
0.335098
0.317518
0.273962
0.213207
0.148048
0.0909181
0.0498102
0.0253082
0.0132765
0.0094572
0.0208481
0.0630681
0.164284
0.308877
0.442984
0.526639
0.542261
0.499474
0.409563
0.408454
0.432261
0.429248
0.387303
0.312023
0.222561
0.139403
0.0767531
0.0377629
0.0179222
0.00899896
0.0168007
0.0461173
0.122645
0.246437
0.381439
0.486705
0.536865
0.550882
0.511348
0.492541
0.5323
0.555603
0.529519
0.447074
0.328768
0.210294
0.116608
0.0566351
0.025126
0.00892191
0.0141978
0.0332732
0.0869669
0.185242
0.310031
0.425425
0.502338
0.544472
0.56649
0.566421
0.61788
0.680099
0.6885
0.615658
0.473501
0.309813
0.173974
0.0840916
0.0358574
0.0091864
0.0129497
0.0248956
0.0597652
0.131192
0.235985
0.34967
0.442308
0.500381
0.553723
0.597209
0.661409
0.779296
0.84636
0.804582
0.65381
0.445004
0.253462
0.122554
0.0511967
0.00975602
0.0128217
0.0205421
0.0418672
0.0891598
0.168249
0.26833
0.365152
0.439352
0.496268
0.565597
0.652589
0.816035
0.980928
0.998423
0.857434
0.613113
0.359826
0.175009
0.0722352
0.0106499
0.0136411
0.0194957
0.0326737
0.061616
0.114887
0.192539
0.280675
0.360925
0.425767
0.500934
0.605646
0.776337
1.05964
1.17888
1.07086
0.804755
0.491922
0.243487
0.100371
0.0119873
0.0154698
0.0213647
0.0313391
0.0492731
0.081557
0.133314
0.201987
0.27477
0.345971
0.423727
0.537509
0.720173
1.05122
1.32076
1.27525
1.00527
0.643452
0.327857
0.136337
0.0140436
0.0188378
0.0268864
0.0387495
0.0549309
0.0754307
0.104573
0.14935
0.209621
0.279243
0.360126
0.477383
0.667673
1.00952
1.40833
1.44685
1.19394
0.801399
0.42506
0.180482
0.0175364
0.0265175
0.0445162
0.0717313
0.0995905
0.119988
0.134584
0.154546
0.190807
0.246809
0.325563
0.444728
0.64383
1.00039
1.45397
1.56489
1.34533
0.947191
0.528403
0.232547
0.0244726
0.0422741
0.076721
0.127173
0.178525
0.208798
0.210711
0.203068
0.21146
0.249783
0.324799
0.453796
0.670025
1.05137
1.48248
1.61687
1.43266
1.05723
0.62745
0.292259
0.0361458
0.0697344
0.131605
0.21906
0.298207
0.320372
0.286985
0.246799
0.239438
0.27698
0.359564
0.512882
0.759961
1.14687
1.48895
1.59168
1.43069
1.10498
0.707214
0.357459
0.0612353
0.125093
0.232049
0.359886
0.439316
0.434843
0.374298
0.318679
0.310264
0.354917
0.45503
0.634889
0.886499
1.20426
1.4402
1.47934
1.33019
1.07017
0.751108
0.429167
0.122901
0.241601
0.394694
0.515612
0.56404
0.549858
0.49146
0.447131
0.459436
0.512382
0.617556
0.782483
0.990085
1.19825
1.31303
1.28412
1.14348
0.953849
0.747335
0.513759
0.293208
0.462707
0.578938
0.626268
0.638048
0.624163
0.606581
0.608972
0.638064
0.695397
0.786898
0.904132
1.02485
1.11012
1.11586
1.03392
0.899207
0.762705
0.663054
0.572179
0.66251
0.696797
0.625334
0.612895
0.63467
0.658815
0.688664
0.725116
0.76576
0.812471
0.866266
0.916036
0.946105
0.934181
0.87782
0.777826
0.652264
0.547766
0.492831
0.497664
0.264198
0.289466
0.33017
0.371624
0.409306
0.443345
0.47474
0.504575
0.531447
0.551718
0.563036
0.560149
0.539331
0.495764
0.430635
0.36347
0.320237
0.301031
0.306487
0.330628
0.356657
0.508042
0.454936
0.28427
0.188503
0.142478
0.109975
0.0845803
0.0645077
0.0485296
0.036128
0.0268508
0.0200674
0.0152789
0.0120099
0.00983875
0.00841536
0.00748258
0.00685745
0.00642459
0.319249
0.455996
0.289756
0.130444
0.0821686
0.0600892
0.0460157
0.0358458
0.0280771
0.0220606
0.0174508
0.0139864
0.0114557
0.00966157
0.00841734
0.00756253
0.00697292
0.00655975
0.00625745
0.0060265
0.296531
0.445012
0.186016
0.0677081
0.041698
0.0296086
0.0225829
0.0179659
0.0147005
0.0123012
0.0105155
0.00919255
0.00822727
0.00753147
0.00703091
0.0066676
0.00639753
0.00619042
0.00602237
0.00588082
0.2683
0.422418
0.119834
0.0431293
0.0259492
0.0182641
0.0141095
0.0116062
0.00998191
0.00886768
0.00807481
0.00750034
0.00707978
0.00676811
0.0065327
0.00634987
0.00620214
0.00607836
0.00596866
0.00586934
0.213617
0.377675
0.0846253
0.0323411
0.0194604
0.0138732
0.0109561
0.00929642
0.00829483
0.00765343
0.00721978
0.00691293
0.00668804
0.00651734
0.00638253
0.0062713
0.00617537
0.00608974
0.0060094
0.00593316
0.156148
0.316188
0.0650417
0.0267263
0.0164549
0.0119896
0.00965827
0.00837382
0.00764194
0.00720119
0.00691673
0.0067207
0.00657761
0.00646716
0.00637722
0.00630005
0.00623087
0.00616659
0.00610412
0.00604277
0.111192
0.251639
0.0532287
0.0234137
0.0149573
0.0111262
0.00908175
0.00797772
0.00737923
0.00703873
0.00682888
0.00668799
0.0065861
0.00650714
0.00644204
0.00638519
0.00633327
0.00628366
0.0062344
0.00618419
0.0763761
0.189637
0.0447544
0.0214334
0.0142437
0.0107559
0.00883878
0.00782076
0.00729344
0.00700909
0.00684157
0.00673261
0.00665526
0.00659606
0.00654774
0.00650567
0.0064672
0.00642951
0.00639176
0.006351
0.0504912
0.135834
0.0382326
0.0202588
0.0139579
0.0106429
0.00876778
0.00778899
0.00730187
0.00705139
0.0069102
0.00682179
0.00676132
0.00671686
0.00668193
0.00665239
0.00662587
0.0065992
0.00657282
0.00654121
0.0323234
0.0973442
0.0333014
0.0195403
0.0139181
0.0106544
0.00878273
0.0078259
0.00736545
0.00713807
0.00701532
0.00694201
0.00689478
0.00686264
0.00683961
0.0068218
0.00680682
0.00679143
0.00677725
0.00675589
0.0241265
0.0720573
0.0295851
0.0190762
0.0139385
0.010692
0.00882921
0.00789804
0.00746281
0.00725542
0.00714829
0.00708797
0.00705246
0.00703165
0.00702002
0.00701383
0.00701072
0.00700765
0.0070071
0.00699831
0.0221248
0.0544238
0.0268906
0.0187737
0.0139352
0.0106973
0.00887143
0.00798406
0.00758135
0.0073965
0.00730597
0.007259
0.00723525
0.00722571
0.00722554
0.00723137
0.00724101
0.00725189
0.00726669
0.0072744
0.0220941
0.0418327
0.0251082
0.0185928
0.01384
0.0106284
0.00888631
0.00807021
0.00771324
0.00755773
0.00748796
0.00745712
0.00744698
0.0074499
0.00746203
0.00748072
0.00750432
0.00753085
0.00756266
0.00759121
0.0226675
0.0341546
0.0240108
0.0183707
0.013596
0.0104693
0.00886503
0.00814937
0.00785334
0.00773638
0.00769407
0.00768479
0.00769261
0.00771132
0.00773821
0.00777167
0.00781087
0.00785461
0.0079049
0.00795628
0.0235557
0.0299473
0.0234662
0.0180328
0.0131819
0.0102269
0.00881309
0.00822113
0.00799814
0.00792836
0.00792122
0.00794103
0.00797406
0.00801514
0.00806238
0.00811507
0.00817313
0.00823636
0.00830648
0.00838222
0.0244649
0.0276934
0.0233782
0.0174394
0.0125938
0.00992709
0.00874601
0.00829
0.00814507
0.00812731
0.00816142
0.00821774
0.00828461
0.00835736
0.00843425
0.00851473
0.00859893
0.0086872
0.00878109
0.0088815
0.0252001
0.0282187
0.0232888
0.0164617
0.0118577
0.00960215
0.00868065
0.00836215
0.00829307
0.00832679
0.00840393
0.00850079
0.00860766
0.00872027
0.00883663
0.00895579
0.00907743
0.00920156
0.00932905
0.00946098
0.0256679
0.0297034
0.0225535
0.0150366
0.0110353
0.00928646
0.00863161
0.00844354
0.00844364
0.00852418
0.00864171
0.00877815
0.00892575
0.00908084
0.00924142
0.00940633
0.00957484
0.0097464
0.00992098
0.0100988
0.0258344
0.0316487
0.0208042
0.0133293
0.0102198
0.00901276
0.00861071
0.0085391
0.00860016
0.00872205
0.00887568
0.00904807
0.00923334
0.00942853
0.00963202
0.00984285
0.0100604
0.0102843
0.0105143
0.0107502
0.0257624
0.0316728
0.0176116
0.0115401
0.00951732
0.00881549
0.00862865
0.00865284
0.00876579
0.00892449
0.00911086
0.00931614
0.0095361
0.00976858
0.0100125
0.0102673
0.010533
0.0108096
0.0110975
0.0113972
0.0304429
0.028473
0.0269163
0.0255748
0.0244594
0.0234908
0.0226784
0.0220168
0.021541
0.0213
0.0216818
0.0220006
0.0221991
0.0223868
0.0226033
0.0228841
0.0232511
0.0237969
0.024514
0.0255597
0.0348515
0.0325986
0.0304136
0.0285719
0.0269733
0.0255878
0.0244556
0.0235302
0.0229364
0.0227679
0.0233391
0.02343
0.0233632
0.0235066
0.0238676
0.0244709
0.0252681
0.0265179
0.0277037
0.0290722
0.0153692
0.0157935
0.0158905
0.0157849
0.0155055
0.0151654
0.0148338
0.0145174
0.0142621
0.0141793
0.0143492
0.0142637
0.0141245
0.014038
0.0140242
0.0140364
0.0140226
0.0139164
0.0137453
0.0132751
0.0110693
0.0112836
0.0114276
0.0114716
0.0114497
0.0113851
0.011294
0.0111788
0.0110655
0.0110253
0.0111425
0.0110467
0.0109151
0.0107989
0.0107058
0.0106194
0.0105154
0.0103748
0.0101785
0.00995246
0.00981122
0.00993042
0.0100188
0.0100674
0.0100823
0.0100704
0.0100376
0.00998323
0.00991812
0.0098853
0.0100097
0.00991918
0.00980542
0.00969767
0.00959962
0.00950526
0.00940484
0.0092937
0.00916619
0.00903333
0.00936691
0.00946085
0.00953509
0.00958593
0.00961551
0.00962534
0.00961645
0.00958765
0.00954395
0.009512
0.00965541
0.00956471
0.00945653
0.00934976
0.00924756
0.00914823
0.00904844
0.00894589
0.00883592
0.00871928
0.00925872
0.00935245
0.0094307
0.00949081
0.00953325
0.00955791
0.00956446
0.00955145
0.00952085
0.00948925
0.00965045
0.00955478
0.00944369
0.00933147
0.00922137
0.00911361
0.00900698
0.00890083
0.00879463
0.00868937
0.00930311
0.00940859
0.00949991
0.00957483
0.00963282
0.00967294
0.00969416
0.00969497
0.00967565
0.00964637
0.00982298
0.0097196
0.00959987
0.00947651
0.00935353
0.00923242
0.00911321
0.00899936
0.00889243
0.00878553
0.0094253
0.00954959
0.00965968
0.00975349
0.00982986
0.00988733
0.00992451
0.00993973
0.00993228
0.00990815
0.0100984
0.00998633
0.00985427
0.00971551
0.00957554
0.00943693
0.00930227
0.00918197
0.00906232
0.00894081
0.00959184
0.00973915
0.00987178
0.00998759
0.010085
0.0101621
0.0102172
0.0102486
0.0102548
0.010239
0.010442
0.0103215
0.0101747
0.0100171
0.00985649
0.00969663
0.00955177
0.00941275
0.00927451
0.00913233
0.00978644
0.00995968
0.0101177
0.010258
0.0103788
0.010478
0.0105535
0.0106034
0.0106257
0.0106219
0.0108376
0.0107099
0.0105467
0.0103673
0.0101824
0.0100003
0.0098383
0.0096781
0.00951652
0.00934905
0.0100007
0.0102022
0.0103879
0.0105553
0.0107019
0.0108257
0.0109242
0.0109953
0.0110365
0.0110484
0.0112782
0.0111452
0.0109645
0.0107604
0.0105475
0.0103469
0.0101571
0.00997088
0.00978205
0.00958525
0.0102302
0.0104623
0.0106781
0.0108747
0.0110498
0.0112008
0.0113253
0.0114206
0.011484
0.0115154
0.0117614
0.0116258
0.011427
0.0111954
0.0109504
0.0107258
0.0105058
0.0102888
0.0100683
0.00983813
0.0104728
0.0107378
0.0109861
0.0112147
0.011421
0.0116024
0.011756
0.0118788
0.0119678
0.0120225
0.0122875
0.0121527
0.0119361
0.0116742
0.0113943
0.011138
0.0108838
0.0106312
0.0103744
0.0101064
0.0107278
0.0110284
0.0113119
0.0115754
0.0118161
0.0120313
0.0122176
0.0123717
0.0124898
0.0125716
0.0128584
0.0127285
0.0124951
0.0122003
0.0118869
0.0115876
0.0112927
0.010999
0.0107004
0.0103897
0.0109955
0.0113346
0.0116566
0.0119583
0.0122372
0.0124901
0.0127134
0.0129027
0.0130539
0.0131667
0.013477
0.0133566
0.0131084
0.0127787
0.0124263
0.0120785
0.0117355
0.0113939
0.0110473
0.0106881
0.0112771
0.0116584
0.0120224
0.0123663
0.0126876
0.0129829
0.0132479
0.0134771
0.0136656
0.0138135
0.0141466
0.0140411
0.0137813
0.0134155
0.0130179
0.0126154
0.0122162
0.0118187
0.0114167
0.0110025
0.0115751
0.0120026
0.0124129
0.0128035
0.0131721
0.0135152
0.0138272
0.0141015
0.0143316
0.0145193
0.0148713
0.0147869
0.0145198
0.0141175
0.0136688
0.0132037
0.0127391
0.0122765
0.0118105
0.0113337
0.0118936
0.0123723
0.0128334
0.0132757
0.0136974
0.0140941
0.0144591
0.0147839
0.0150602
0.0152927
0.0156568
0.0156006
0.0153322
0.014894
0.0143875
0.0138505
0.0133095
0.012771
0.0122312
0.011683
0.0122413
0.0127756
0.0132921
0.0137914
0.0142721
0.0147288
0.0151533
0.0155345
0.0158609
0.0161431
0.0165111
0.0164921
0.0162316
0.0157612
0.0151873
0.0145655
0.0139344
0.013307
0.0126816
0.0120517
0.006627
0.00670288
0.00670921
0.00673275
0.00683341
0.00703644
0.00734682
0.00776776
0.00831654
0.00904011
0.0100342
0.0114679
0.0136079
0.0168026
0.0215428
0.0292171
0.0469182
0.143202
0.571522
0.361775
0.00536894
0.00550887
0.00565639
0.00582233
0.0060159
0.00624538
0.00652146
0.00686077
0.00729133
0.0078634
0.0086679
0.00986385
0.0117025
0.0145131
0.018672
0.0248742
0.036627
0.0867541
0.454862
0.305538
0.00548688
0.00559906
0.00571169
0.00583502
0.00597687
0.00614438
0.00634667
0.00659864
0.0069264
0.00737668
0.00803539
0.00905896
0.010708
0.0133512
0.0173742
0.023206
0.0329835
0.063684
0.380933
0.241443
0.00578521
0.00587609
0.00596557
0.00606334
0.00617301
0.00629866
0.0064472
0.00663149
0.00687473
0.00721941
0.00774572
0.00860416
0.0100631
0.0125412
0.0164987
0.022291
0.0314773
0.0539424
0.277892
0.165028
0.00617099
0.00624754
0.00632434
0.00640459
0.00648835
0.00657887
0.00668226
0.00681004
0.00698216
0.00723493
0.00763779
0.00832736
0.00956833
0.011824
0.0156702
0.0215442
0.030635
0.0506759
0.190784
0.096237
0.0066381
0.00669966
0.0067589
0.00681548
0.00686925
0.00692464
0.00698752
0.00706772
0.00718125
0.00735696
0.0076507
0.0081779
0.00917624
0.0111003
0.0146523
0.0205219
0.0293801
0.0464444
0.125188
0.0558138
0.00718168
0.00721752
0.00724588
0.00726929
0.00728874
0.00730892
0.00733472
0.00737338
0.00743631
0.00754437
0.00773955
0.00811213
0.00886203
0.010413
0.0135347
0.0191775
0.0277616
0.0415012
0.0856549
0.0380118
0.00778365
0.00778059
0.0077696
0.00775534
0.00773893
0.00772402
0.00771413
0.00771422
0.00773208
0.00778211
0.00789395
0.00813402
0.00865814
0.00982999
0.0124153
0.0175889
0.0259706
0.0373805
0.0626751
0.0333723
0.00842352
0.00837679
0.00832472
0.00827187
0.00821898
0.00816843
0.00812265
0.00808507
0.00806111
0.00806058
0.00810368
0.00823642
0.00857082
0.00939392
0.0114058
0.0158856
0.0238602
0.034251
0.0498867
0.0328279
0.00909777
0.009006
0.00891229
0.00881966
0.00872865
0.0086407
0.00855757
0.00848178
0.00841725
0.00837092
0.00835666
0.00840525
0.00859117
0.00912178
0.0105823
0.0142101
0.0214877
0.0319172
0.0408171
0.032703
0.0098164
0.00967377
0.00953449
0.00939862
0.00926624
0.00913809
0.00901538
0.00889995
0.00879475
0.00870494
0.00864047
0.00862225
0.0086977
0.00900447
0.00998178
0.0126758
0.0188807
0.0300616
0.0401219
0.0325848
0.0105881
0.0103831
0.0101909
0.0100063
0.0098282
0.00965645
0.00949162
0.00933482
0.00918823
0.00905587
0.00894524
0.00887125
0.00886494
0.00901189
0.00960011
0.0113815
0.0160775
0.0273128
0.0423804
0.0321233
0.0114098
0.0111301
0.0108766
0.0106371
0.0104087
0.01019
0.00998061
0.0097807
0.00959215
0.00941808
0.00926413
0.00914142
0.00907195
0.00910834
0.00941035
0.0104311
0.0134624
0.0226764
0.0433001
0.0313177
)
;

boundaryField
{
    inlet
    {
        type            turbulentIntensityKineticEnergyInlet;
        intensity       0.05;
        value           uniform 0.09375;
    }
    outlet
    {
        type            inletOutlet;
        inletValue      uniform 0.0375;
        value           nonuniform List<scalar> 
41
(
0.0246708
0.0130887
0.00938694
0.00959875
0.0130339
0.0206316
0.0342501
0.0560176
0.0871072
0.12622
0.16902
0.21026
0.244591
0.268191
0.280017
0.280344
0.270579
0.252317
0.228824
0.199817
0.169788
0.146892
0.133746
0.130211
0.134532
0.146818
0.17367
0.22492
0.29739
0.351746
0.349239
0.296383
0.220417
0.147682
0.0910071
0.0523388
0.0287538
0.0159654
0.0105191
0.0109284
0.0191221
)
;
    }
    dymWall
    {
        type            kqRWallFunction;
        value           nonuniform List<scalar> 
73
(
0.356657
0.319249
0.296531
0.2683
0.213617
0.156148
0.111192
0.0763761
0.0504912
0.0323234
0.0241265
0.0221248
0.0220941
0.0226675
0.0235557
0.0244649
0.0252001
0.0256679
0.0258344
0.0257624
0.264198
0.289466
0.33017
0.371624
0.409306
0.443345
0.47474
0.504575
0.531447
0.551718
0.563036
0.560149
0.539331
0.495764
0.430635
0.36347
0.320237
0.301031
0.306487
0.330628
0.361775
0.305538
0.241443
0.165028
0.096237
0.0558138
0.0380118
0.0333723
0.0328279
0.032703
0.0325848
0.0321233
0.0313177
0.0304429
0.028473
0.0269163
0.0255748
0.0244594
0.0234908
0.0226784
0.0220168
0.021541
0.0213
0.0216818
0.0220006
0.0221991
0.0223868
0.0226033
0.0228841
0.0232511
0.0237969
0.024514
0.0255597
)
;
    }
    AMI1
    {
        type            cyclicAMI;
        value           nonuniform List<scalar> 
73
(
0.0132681
0.0418314
0.140286
0.334883
0.513281
0.539958
0.412387
0.245642
0.163028
0.149764
0.141311
0.12641
0.104639
0.0790413
0.0543747
0.0345865
0.0211562
0.0132373
0.00908642
0.00712428
0.00626333
0.00592665
0.00580866
0.00581002
0.00588116
0.00599711
0.00614555
0.00632097
0.00652201
0.00675073
0.00701179
0.00731067
0.00765368
0.00804762
0.00850299
0.0090314
0.00963799
0.0103002
0.0109747
0.0116385
0.0123937
0.012957
0.0135058
0.0140412
0.0145613
0.0150594
0.0155255
0.0159457
0.0163051
0.0166185
0.0169858
0.0169888
0.0167352
0.0162602
0.0156421
0.0149678
0.0142907
0.013626
0.0129688
0.0123071
0.00654197
0.00530578
0.0054245
0.00571605
0.00609881
0.00658347
0.00716354
0.0078044
0.00846885
0.00915248
0.00988763
0.0106988
0.0115645
)
;
    }
    AMI2
    {
        type            cyclicAMI;
        value           nonuniform List<scalar> 
162
(
0.01202
0.0141784
0.0349885
0.0455262
0.115322
0.151489
0.288943
0.352769
0.479289
0.524424
0.549291
0.538326
0.461523
0.401972
0.293404
0.237671
0.187095
0.161626
0.154357
0.149504
0.145448
0.141481
0.134477
0.126822
0.117045
0.10521
0.094514
0.0796648
0.0702877
0.0549414
0.0482501
0.0350309
0.0310709
0.0214638
0.0194645
0.0134252
0.0125483
0.00918825
0.00885278
0.00717436
0.00706213
0.00629386
0.00622964
0.00594005
0.00591077
0.00581067
0.00580606
0.00580351
0.00581799
0.00586775
0.00589783
0.00597774
0.00602111
0.00612064
0.00617596
0.00629069
0.00635718
0.00648683
0.00656311
0.00671117
0.00679601
0.00696862
0.00706052
0.00726446
0.00736264
0.00760453
0.00770943
0.00799524
0.00810833
0.00844692
0.00857
0.00897145
0.00910548
0.00957616
0.00971645
0.0102405
0.0103765
0.0109195
0.0110438
0.011589
0.0116967
0.0123326
0.0124465
0.0128725
0.0130047
0.013398
0.0135487
0.0139132
0.0140793
0.0144169
0.0145942
0.0149037
0.0150868
0.015365
0.0155471
0.0157892
0.0159615
0.0161621
0.0163153
0.0164771
0.0166137
0.0168231
0.017007
0.0170184
0.0169972
0.0168964
0.0167496
0.0165582
0.016285
0.0160364
0.0156716
0.0154181
0.015001
0.0147722
0.0143269
0.0141335
0.0136653
0.0135076
0.0130117
0.0128875
0.0123567
0.0122527
0.00699549
0.00643395
0.00616625
0.0053549
0.00529388
0.00529803
0.00537363
0.0054156
0.00545996
0.00561709
0.00569857
0.00576567
0.00594473
0.00606536
0.00616291
0.00636382
0.00652718
0.00665836
0.00688934
0.00709281
0.00723119
0.00748451
0.00772692
0.00786103
0.00811156
0.00838758
0.0085134
0.00874881
0.00906431
0.00918571
0.00940631
0.00978491
0.00991189
0.010117
0.0105822
0.0107147
0.0108856
0.0114424
0.0115698
0.0116902
)
;
    }
    walls
    {
        type            kqRWallFunction;
        value           nonuniform List<scalar> 
80
(
0.0441987
0.0439651
0.0441019
0.0447437
0.0458331
0.0473298
0.0492106
0.0514597
0.0540427
0.0568864
0.0598861
0.0629199
0.0658584
0.0685717
0.0709351
0.0728322
0.0741445
0.074745
0.0745108
0.0733008
0.0714443
0.0696209
0.0678976
0.0663098
0.0648962
0.0637307
0.0629274
0.0625839
0.0627542
0.0634646
0.0646993
0.0663802
0.0683665
0.0704856
0.0725659
0.0744323
0.0758921
0.0767386
0.0767491
0.0757547
0.0562309
0.0552492
0.0540453
0.0531575
0.0527486
0.0528966
0.0536081
0.0548482
0.0565498
0.0586168
0.0609351
0.0633845
0.0658418
0.0681879
0.0703054
0.072074
0.0733705
0.0740703
0.0740394
0.0731238
0.0714913
0.0698659
0.0682577
0.0667323
0.0653734
0.0642215
0.063416
0.0630499
0.0631756
0.0637954
0.064861
0.0662804
0.0679279
0.0696654
0.0713601
0.0728859
0.0741047
0.0748676
0.0749955
0.0743315
)
;
    }
    front
    {
        type            empty;
    }
    back
    {
        type            empty;
    }
}


// ************************************************************************* //
