/*--------------------------------*- C++ -*----------------------------------*\
  =========                 |
  \\      /  F ield         | OpenFOAM: The Open Source CFD Toolbox
   \\    /   O peration     | Website:  https://openfoam.org
    \\  /    A nd           | Version:  6
     \\/     M anipulation  |
\*---------------------------------------------------------------------------*/
FoamFile
{
    version     2.0;
    format      ascii;
    class       vectorField;
    location    "1.42/polyMesh";
    object      points;
}
// * * * * * * * * * * * * * * * * * * * * * * * * * * * * * * * * * * * * * //


1722
(
(-1.99964 0 0)
(-1.79968 0 0)
(-1.59972 0 0)
(-1.39975 0 0)
(-1.19979 0 0)
(-0.999822 0 0)
(-0.799858 0 0)
(-0.599893 0 0)
(-0.399929 0 0)
(-0.199964 0 0)
(0 0 0)
(0.2 0 0)
(0.4 0 0)
(0.6 0 0)
(0.8 0 0)
(1 0 0)
(1.2 0 0)
(1.4 0 0)
(1.6 0 0)
(1.8 0 0)
(2 0 0)
(-1.99964 0.0125 0)
(-1.79968 0.0125 0)
(-1.59972 0.0125 0)
(-1.39975 0.0125 0)
(-1.19979 0.0125 0)
(-0.999822 0.0125 0)
(-0.799858 0.0125 0)
(-0.599893 0.0125 0)
(-0.399929 0.0125 0)
(-0.199964 0.0125 0)
(0 0.0125 0)
(0.2 0.0125 0)
(0.4 0.0125 0)
(0.6 0.0125 0)
(0.8 0.0125 0)
(1 0.0125 0)
(1.2 0.0125 0)
(1.4 0.0125 0)
(1.6 0.0125 0)
(1.8 0.0125 0)
(2 0.0125 0)
(-1.99964 0.025 0)
(-1.79968 0.025 0)
(-1.59972 0.025 0)
(-1.39975 0.025 0)
(-1.19979 0.025 0)
(-0.999822 0.025 0)
(-0.799858 0.025 0)
(-0.599893 0.025 0)
(-0.399929 0.025 0)
(-0.199964 0.025 0)
(0 0.025 0)
(0.2 0.025 0)
(0.4 0.025 0)
(0.6 0.025 0)
(0.8 0.025 0)
(1 0.025 0)
(1.2 0.025 0)
(1.4 0.025 0)
(1.6 0.025 0)
(1.8 0.025 0)
(2 0.025 0)
(-1.99964 0.0375 0)
(-1.79968 0.0375 0)
(-1.59972 0.0375 0)
(-1.39975 0.0375 0)
(-1.19979 0.0375 0)
(-0.999822 0.0375 0)
(-0.799858 0.0375 0)
(-0.599893 0.0375 0)
(-0.399929 0.0375 0)
(-0.199964 0.0375 0)
(0 0.0375 0)
(0.2 0.0375 0)
(0.4 0.0375 0)
(0.6 0.0375 0)
(0.8 0.0375 0)
(1 0.0375 0)
(1.2 0.0375 0)
(1.4 0.0375 0)
(1.6 0.0375 0)
(1.8 0.0375 0)
(2 0.0375 0)
(-1.99964 0.05 0)
(-1.79968 0.05 0)
(-1.59972 0.05 0)
(-1.39975 0.05 0)
(-1.19979 0.05 0)
(-0.999822 0.05 0)
(-0.799858 0.05 0)
(-0.599893 0.05 0)
(-0.399929 0.05 0)
(-0.199964 0.05 0)
(0 0.05 0)
(0.2 0.05 0)
(0.4 0.05 0)
(0.6 0.05 0)
(0.8 0.05 0)
(1 0.05 0)
(1.2 0.05 0)
(1.4 0.05 0)
(1.6 0.05 0)
(1.8 0.05 0)
(2 0.05 0)
(-1.99964 0.0625 0)
(-1.79968 0.0625 0)
(-1.59972 0.0625 0)
(-1.39975 0.0625 0)
(-1.19979 0.0625 0)
(-0.999822 0.0625 0)
(-0.799858 0.0625 0)
(-0.599893 0.0625 0)
(-0.399929 0.0625 0)
(-0.199964 0.0625 0)
(0 0.0625 0)
(0.2 0.0625 0)
(0.4 0.0625 0)
(0.6 0.0625 0)
(0.8 0.0625 0)
(1 0.0625 0)
(1.2 0.0625 0)
(1.4 0.0625 0)
(1.6 0.0625 0)
(1.8 0.0625 0)
(2 0.0625 0)
(-1.99964 0.075 0)
(-1.79968 0.075 0)
(-1.59972 0.075 0)
(-1.39975 0.075 0)
(-1.19979 0.075 0)
(-0.999822 0.075 0)
(-0.799858 0.075 0)
(-0.599893 0.075 0)
(-0.399929 0.075 0)
(-0.199964 0.075 0)
(0 0.075 0)
(0.2 0.075 0)
(0.4 0.075 0)
(0.6 0.075 0)
(0.8 0.075 0)
(1 0.075 0)
(1.2 0.075 0)
(1.4 0.075 0)
(1.6 0.075 0)
(1.8 0.075 0)
(2 0.075 0)
(-1.99964 0.0875 0)
(-1.79968 0.0875 0)
(-1.59972 0.0875 0)
(-1.39975 0.0875 0)
(-1.19979 0.0875 0)
(-0.999822 0.0875 0)
(-0.799858 0.0875 0)
(-0.599893 0.0875 0)
(-0.399929 0.0875 0)
(-0.199964 0.0875 0)
(0 0.0875 0)
(0.2 0.0875 0)
(0.4 0.0875 0)
(0.6 0.0875 0)
(0.8 0.0875 0)
(1 0.0875 0)
(1.2 0.0875 0)
(1.4 0.0875 0)
(1.6 0.0875 0)
(1.8 0.0875 0)
(2 0.0875 0)
(-1.99964 0.1 0)
(-1.79968 0.1 0)
(-1.59972 0.1 0)
(-1.39975 0.1 0)
(-1.19979 0.1 0)
(-0.999822 0.1 0)
(-0.799858 0.1 0)
(-0.599893 0.1 0)
(-0.399929 0.1 0)
(-0.199964 0.1 0)
(0 0.1 0)
(0.2 0.1 0)
(0.4 0.1 0)
(0.6 0.1 0)
(0.8 0.1 0)
(1 0.1 0)
(1.2 0.1 0)
(1.4 0.1 0)
(1.6 0.1 0)
(1.8 0.1 0)
(2 0.1 0)
(-1.99964 0.1125 0)
(-1.79968 0.1125 0)
(-1.59972 0.1125 0)
(-1.39975 0.1125 0)
(-1.19979 0.1125 0)
(-0.999822 0.1125 0)
(-0.799858 0.1125 0)
(-0.599893 0.1125 0)
(-0.399929 0.1125 0)
(-0.199964 0.1125 0)
(0 0.1125 0)
(0.2 0.1125 0)
(0.4 0.1125 0)
(0.6 0.1125 0)
(0.8 0.1125 0)
(1 0.1125 0)
(1.2 0.1125 0)
(1.4 0.1125 0)
(1.6 0.1125 0)
(1.8 0.1125 0)
(2 0.1125 0)
(-1.99964 0.125 0)
(-1.79968 0.125 0)
(-1.59972 0.125 0)
(-1.39975 0.125 0)
(-1.19979 0.125 0)
(-0.999822 0.125 0)
(-0.799858 0.125 0)
(-0.599893 0.125 0)
(-0.399929 0.125 0)
(-0.199964 0.125 0)
(0 0.125 0)
(0.2 0.125 0)
(0.4 0.125 0)
(0.6 0.125 0)
(0.8 0.125 0)
(1 0.125 0)
(1.2 0.125 0)
(1.4 0.125 0)
(1.6 0.125 0)
(1.8 0.125 0)
(2 0.125 0)
(-1.99964 0.1375 0)
(-1.79968 0.1375 0)
(-1.59972 0.1375 0)
(-1.39975 0.1375 0)
(-1.19979 0.1375 0)
(-0.999822 0.1375 0)
(-0.799858 0.1375 0)
(-0.599893 0.1375 0)
(-0.399929 0.1375 0)
(-0.199964 0.1375 0)
(0 0.1375 0)
(0.2 0.1375 0)
(0.4 0.1375 0)
(0.6 0.1375 0)
(0.8 0.1375 0)
(1 0.1375 0)
(1.2 0.1375 0)
(1.4 0.1375 0)
(1.6 0.1375 0)
(1.8 0.1375 0)
(2 0.1375 0)
(-1.99964 0.15 0)
(-1.79968 0.15 0)
(-1.59972 0.15 0)
(-1.39975 0.15 0)
(-1.19979 0.15 0)
(-0.999822 0.15 0)
(-0.799858 0.15 0)
(-0.599893 0.15 0)
(-0.399929 0.15 0)
(-0.199964 0.15 0)
(0 0.15 0)
(0.2 0.15 0)
(0.4 0.15 0)
(0.6 0.15 0)
(0.8 0.15 0)
(1 0.15 0)
(1.2 0.15 0)
(1.4 0.15 0)
(1.6 0.15 0)
(1.8 0.15 0)
(2 0.15 0)
(-1.99964 0.1625 0)
(-1.79968 0.1625 0)
(-1.59972 0.1625 0)
(-1.39975 0.1625 0)
(-1.19979 0.1625 0)
(-0.999822 0.1625 0)
(-0.799858 0.1625 0)
(-0.599893 0.1625 0)
(-0.399929 0.1625 0)
(-0.199964 0.1625 0)
(0 0.1625 0)
(0.2 0.1625 0)
(0.4 0.1625 0)
(0.6 0.1625 0)
(0.8 0.1625 0)
(1 0.1625 0)
(1.2 0.1625 0)
(1.4 0.1625 0)
(1.6 0.1625 0)
(1.8 0.1625 0)
(2 0.1625 0)
(-1.99964 0.175 0)
(-1.79968 0.175 0)
(-1.59972 0.175 0)
(-1.39975 0.175 0)
(-1.19979 0.175 0)
(-0.999822 0.175 0)
(-0.799858 0.175 0)
(-0.599893 0.175 0)
(-0.399929 0.175 0)
(-0.199964 0.175 0)
(0 0.175 0)
(0.2 0.175 0)
(0.4 0.175 0)
(0.6 0.175 0)
(0.8 0.175 0)
(1 0.175 0)
(1.2 0.175 0)
(1.4 0.175 0)
(1.6 0.175 0)
(1.8 0.175 0)
(2 0.175 0)
(-1.99964 0.1875 0)
(-1.79968 0.1875 0)
(-1.59972 0.1875 0)
(-1.39975 0.1875 0)
(-1.19979 0.1875 0)
(-0.999822 0.1875 0)
(-0.799858 0.1875 0)
(-0.599893 0.1875 0)
(-0.399929 0.1875 0)
(-0.199964 0.1875 0)
(0 0.1875 0)
(0.2 0.1875 0)
(0.4 0.1875 0)
(0.6 0.1875 0)
(0.8 0.1875 0)
(1 0.1875 0)
(1.2 0.1875 0)
(1.4 0.1875 0)
(1.6 0.1875 0)
(1.8 0.1875 0)
(2 0.1875 0)
(-1.99964 0.2 0)
(-1.79968 0.2 0)
(-1.59972 0.2 0)
(-1.39975 0.2 0)
(-1.19979 0.2 0)
(-0.999822 0.2 0)
(-0.799858 0.2 0)
(-0.599893 0.2 0)
(-0.399929 0.2 0)
(-0.199964 0.2 0)
(0 0.2 0)
(0.2 0.2 0)
(0.4 0.2 0)
(0.6 0.2 0)
(0.8 0.2 0)
(1 0.2 0)
(1.2 0.2 0)
(1.4 0.2 0)
(1.6 0.2 0)
(1.8 0.2 0)
(2 0.2 0)
(-1.99964 0.2125 0)
(-1.79968 0.2125 0)
(-1.59972 0.2125 0)
(-1.39975 0.2125 0)
(-1.19979 0.2125 0)
(-0.999822 0.2125 0)
(-0.799858 0.2125 0)
(-0.599893 0.2125 0)
(-0.399929 0.2125 0)
(-0.199964 0.2125 0)
(0 0.2125 0)
(0.2 0.2125 0)
(0.4 0.2125 0)
(0.6 0.2125 0)
(0.8 0.2125 0)
(1 0.2125 0)
(1.2 0.2125 0)
(1.4 0.2125 0)
(1.6 0.2125 0)
(1.8 0.2125 0)
(2 0.2125 0)
(-1.99964 0.225 0)
(-1.79968 0.225 0)
(-1.59972 0.225 0)
(-1.39975 0.225 0)
(-1.19979 0.225 0)
(-0.999822 0.225 0)
(-0.799858 0.225 0)
(-0.599893 0.225 0)
(-0.399929 0.225 0)
(-0.199964 0.225 0)
(0 0.225 0)
(0.2 0.225 0)
(0.4 0.225 0)
(0.6 0.225 0)
(0.8 0.225 0)
(1 0.225 0)
(1.2 0.225 0)
(1.4 0.225 0)
(1.6 0.225 0)
(1.8 0.225 0)
(2 0.225 0)
(-1.99964 0.2375 0)
(-1.79968 0.2375 0)
(-1.59972 0.2375 0)
(-1.39975 0.2375 0)
(-1.19979 0.2375 0)
(-0.999822 0.2375 0)
(-0.799858 0.2375 0)
(-0.599893 0.2375 0)
(-0.399929 0.2375 0)
(-0.199964 0.2375 0)
(0 0.2375 0)
(0.2 0.2375 0)
(0.4 0.2375 0)
(0.6 0.2375 0)
(0.8 0.2375 0)
(1 0.2375 0)
(1.2 0.2375 0)
(1.4 0.2375 0)
(1.6 0.2375 0)
(1.8 0.2375 0)
(2 0.2375 0)
(-1.99964 0.25 0)
(-1.79968 0.25 0)
(-1.59972 0.25 0)
(-1.39975 0.25 0)
(-1.19979 0.25 0)
(-0.999822 0.25 0)
(-0.799858 0.25 0)
(-0.599893 0.25 0)
(-0.399929 0.25 0)
(-0.199964 0.25 0)
(0 0.25 0)
(0.2 0.25 0)
(0.4 0.25 0)
(0.6 0.25 0)
(0.8 0.25 0)
(1 0.25 0)
(1.2 0.25 0)
(1.4 0.25 0)
(1.6 0.25 0)
(1.8 0.25 0)
(2 0.25 0)
(-1.99964 0.2625 0)
(-1.79968 0.2625 0)
(-1.59972 0.2625 0)
(-1.39975 0.2625 0)
(-1.19979 0.2625 0)
(-0.999822 0.2625 0)
(-0.799858 0.2625 0)
(-0.599893 0.2625 0)
(-0.399929 0.2625 0)
(-0.199964 0.2625 0)
(0 0.2625 0)
(0.2 0.2625 0)
(0.4 0.2625 0)
(0.6 0.2625 0)
(0.8 0.2625 0)
(1 0.2625 0)
(1.2 0.2625 0)
(1.4 0.2625 0)
(1.6 0.2625 0)
(1.8 0.2625 0)
(2 0.2625 0)
(-1.99964 0.275 0)
(-1.79968 0.275 0)
(-1.59972 0.275 0)
(-1.39975 0.275 0)
(-1.19979 0.275 0)
(-0.999822 0.275 0)
(-0.799858 0.275 0)
(-0.599893 0.275 0)
(-0.399929 0.275 0)
(-0.199964 0.275 0)
(0 0.275 0)
(0.2 0.275 0)
(0.4 0.275 0)
(0.6 0.275 0)
(0.8 0.275 0)
(1 0.275 0)
(1.2 0.275 0)
(1.4 0.275 0)
(1.6 0.275 0)
(1.8 0.275 0)
(2 0.275 0)
(-1.99964 0.2875 0)
(-1.79968 0.2875 0)
(-1.59972 0.2875 0)
(-1.39975 0.2875 0)
(-1.19979 0.2875 0)
(-0.999822 0.2875 0)
(-0.799858 0.2875 0)
(-0.599893 0.2875 0)
(-0.399929 0.2875 0)
(-0.199964 0.2875 0)
(0 0.2875 0)
(0.2 0.2875 0)
(0.4 0.2875 0)
(0.6 0.2875 0)
(0.8 0.2875 0)
(1 0.2875 0)
(1.2 0.2875 0)
(1.4 0.2875 0)
(1.6 0.2875 0)
(1.8 0.2875 0)
(2 0.2875 0)
(-1.99964 0.3 0)
(-1.79968 0.3 0)
(-1.59972 0.3 0)
(-1.39975 0.3 0)
(-1.19979 0.3 0)
(-0.999822 0.3 0)
(-0.799858 0.3 0)
(-0.599893 0.3 0)
(-0.399929 0.3 0)
(-0.199964 0.3 0)
(0 0.3 0)
(0.2 0.3 0)
(0.4 0.3 0)
(0.6 0.3 0)
(0.8 0.3 0)
(1 0.3 0)
(1.2 0.3 0)
(1.4 0.3 0)
(1.6 0.3 0)
(1.8 0.3 0)
(2 0.3 0)
(-1.99964 0.3125 0)
(-1.79968 0.3125 0)
(-1.59972 0.3125 0)
(-1.39975 0.3125 0)
(-1.19979 0.3125 0)
(-0.999822 0.3125 0)
(-0.799858 0.3125 0)
(-0.599893 0.3125 0)
(-0.399929 0.3125 0)
(-0.199964 0.3125 0)
(0 0.3125 0)
(0.2 0.3125 0)
(0.4 0.3125 0)
(0.6 0.3125 0)
(0.8 0.3125 0)
(1 0.3125 0)
(1.2 0.3125 0)
(1.4 0.3125 0)
(1.6 0.3125 0)
(1.8 0.3125 0)
(2 0.3125 0)
(-1.99964 0.325 0)
(-1.79968 0.325 0)
(-1.59972 0.325 0)
(-1.39975 0.325 0)
(-1.19979 0.325 0)
(-0.999822 0.325 0)
(-0.799858 0.325 0)
(-0.599893 0.325 0)
(-0.399929 0.325 0)
(-0.199964 0.325 0)
(0 0.325 0)
(0.2 0.325 0)
(0.4 0.325 0)
(0.6 0.325 0)
(0.8 0.325 0)
(1 0.325 0)
(1.2 0.325 0)
(1.4 0.325 0)
(1.6 0.325 0)
(1.8 0.325 0)
(2 0.325 0)
(-1.99964 0.3375 0)
(-1.79968 0.3375 0)
(-1.59972 0.3375 0)
(-1.39975 0.3375 0)
(-1.19979 0.3375 0)
(-0.999822 0.3375 0)
(-0.799858 0.3375 0)
(-0.599893 0.3375 0)
(-0.399929 0.3375 0)
(-0.199964 0.3375 0)
(0 0.3375 0)
(0.2 0.3375 0)
(0.4 0.3375 0)
(0.6 0.3375 0)
(0.8 0.3375 0)
(1 0.3375 0)
(1.2 0.3375 0)
(1.4 0.3375 0)
(1.6 0.3375 0)
(1.8 0.3375 0)
(2 0.3375 0)
(-1.99964 0.35 0)
(-1.79968 0.35 0)
(-1.59972 0.35 0)
(-1.39975 0.35 0)
(-1.19979 0.35 0)
(-0.999822 0.35 0)
(-0.799858 0.35 0)
(-0.599893 0.35 0)
(-0.399929 0.35 0)
(-0.199964 0.35 0)
(0 0.35 0)
(0.2 0.35 0)
(0.4 0.35 0)
(0.6 0.35 0)
(0.8 0.35 0)
(1 0.35 0)
(1.2 0.35 0)
(1.4 0.35 0)
(1.6 0.35 0)
(1.8 0.35 0)
(2 0.35 0)
(-1.99964 0.3625 0)
(-1.79968 0.3625 0)
(-1.59972 0.3625 0)
(-1.39975 0.3625 0)
(-1.19979 0.3625 0)
(-0.999822 0.3625 0)
(-0.799858 0.3625 0)
(-0.599893 0.3625 0)
(-0.399929 0.3625 0)
(-0.199964 0.3625 0)
(0 0.3625 0)
(0.2 0.3625 0)
(0.4 0.3625 0)
(0.6 0.3625 0)
(0.8 0.3625 0)
(1 0.3625 0)
(1.2 0.3625 0)
(1.4 0.3625 0)
(1.6 0.3625 0)
(1.8 0.3625 0)
(2 0.3625 0)
(-1.99964 0.375 0)
(-1.79968 0.375 0)
(-1.59972 0.375 0)
(-1.39975 0.375 0)
(-1.19979 0.375 0)
(-0.999822 0.375 0)
(-0.799858 0.375 0)
(-0.599893 0.375 0)
(-0.399929 0.375 0)
(-0.199964 0.375 0)
(0 0.375 0)
(0.2 0.375 0)
(0.4 0.375 0)
(0.6 0.375 0)
(0.8 0.375 0)
(1 0.375 0)
(1.2 0.375 0)
(1.4 0.375 0)
(1.6 0.375 0)
(1.8 0.375 0)
(2 0.375 0)
(-1.99964 0.3875 0)
(-1.79968 0.3875 0)
(-1.59972 0.3875 0)
(-1.39975 0.3875 0)
(-1.19979 0.3875 0)
(-0.999822 0.3875 0)
(-0.799858 0.3875 0)
(-0.599893 0.3875 0)
(-0.399929 0.3875 0)
(-0.199964 0.3875 0)
(0 0.3875 0)
(0.2 0.3875 0)
(0.4 0.3875 0)
(0.6 0.3875 0)
(0.8 0.3875 0)
(1 0.3875 0)
(1.2 0.3875 0)
(1.4 0.3875 0)
(1.6 0.3875 0)
(1.8 0.3875 0)
(2 0.3875 0)
(-1.99964 0.4 0)
(-1.79968 0.4 0)
(-1.59972 0.4 0)
(-1.39975 0.4 0)
(-1.19979 0.4 0)
(-0.999822 0.4 0)
(-0.799858 0.4 0)
(-0.599893 0.4 0)
(-0.399929 0.4 0)
(-0.199964 0.4 0)
(0 0.4 0)
(0.2 0.4 0)
(0.4 0.4 0)
(0.6 0.4 0)
(0.8 0.4 0)
(1 0.4 0)
(1.2 0.4 0)
(1.4 0.4 0)
(1.6 0.4 0)
(1.8 0.4 0)
(2 0.4 0)
(-1.99964 0.4125 0)
(-1.79968 0.4125 0)
(-1.59972 0.4125 0)
(-1.39975 0.4125 0)
(-1.19979 0.4125 0)
(-0.999822 0.4125 0)
(-0.799858 0.4125 0)
(-0.599893 0.4125 0)
(-0.399929 0.4125 0)
(-0.199964 0.4125 0)
(0 0.4125 0)
(0.2 0.4125 0)
(0.4 0.4125 0)
(0.6 0.4125 0)
(0.8 0.4125 0)
(1 0.4125 0)
(1.2 0.4125 0)
(1.4 0.4125 0)
(1.6 0.4125 0)
(1.8 0.4125 0)
(2 0.4125 0)
(-1.99964 0.425 0)
(-1.79968 0.425 0)
(-1.59972 0.425 0)
(-1.39975 0.425 0)
(-1.19979 0.425 0)
(-0.999822 0.425 0)
(-0.799858 0.425 0)
(-0.599893 0.425 0)
(-0.399929 0.425 0)
(-0.199964 0.425 0)
(0 0.425 0)
(0.2 0.425 0)
(0.4 0.425 0)
(0.6 0.425 0)
(0.8 0.425 0)
(1 0.425 0)
(1.2 0.425 0)
(1.4 0.425 0)
(1.6 0.425 0)
(1.8 0.425 0)
(2 0.425 0)
(-1.99964 0.4375 0)
(-1.79968 0.4375 0)
(-1.59972 0.4375 0)
(-1.39975 0.4375 0)
(-1.19979 0.4375 0)
(-0.999822 0.4375 0)
(-0.799858 0.4375 0)
(-0.599893 0.4375 0)
(-0.399929 0.4375 0)
(-0.199964 0.4375 0)
(0 0.4375 0)
(0.2 0.4375 0)
(0.4 0.4375 0)
(0.6 0.4375 0)
(0.8 0.4375 0)
(1 0.4375 0)
(1.2 0.4375 0)
(1.4 0.4375 0)
(1.6 0.4375 0)
(1.8 0.4375 0)
(2 0.4375 0)
(-1.99964 0.45 0)
(-1.79968 0.45 0)
(-1.59972 0.45 0)
(-1.39975 0.45 0)
(-1.19979 0.45 0)
(-0.999822 0.45 0)
(-0.799858 0.45 0)
(-0.599893 0.45 0)
(-0.399929 0.45 0)
(-0.199964 0.45 0)
(0 0.45 0)
(0.2 0.45 0)
(0.4 0.45 0)
(0.6 0.45 0)
(0.8 0.45 0)
(1 0.45 0)
(1.2 0.45 0)
(1.4 0.45 0)
(1.6 0.45 0)
(1.8 0.45 0)
(2 0.45 0)
(-1.99964 0.4625 0)
(-1.79968 0.4625 0)
(-1.59972 0.4625 0)
(-1.39975 0.4625 0)
(-1.19979 0.4625 0)
(-0.999822 0.4625 0)
(-0.799858 0.4625 0)
(-0.599893 0.4625 0)
(-0.399929 0.4625 0)
(-0.199964 0.4625 0)
(0 0.4625 0)
(0.2 0.4625 0)
(0.4 0.4625 0)
(0.6 0.4625 0)
(0.8 0.4625 0)
(1 0.4625 0)
(1.2 0.4625 0)
(1.4 0.4625 0)
(1.6 0.4625 0)
(1.8 0.4625 0)
(2 0.4625 0)
(-1.99964 0.475 0)
(-1.79968 0.475 0)
(-1.59972 0.475 0)
(-1.39975 0.475 0)
(-1.19979 0.475 0)
(-0.999822 0.475 0)
(-0.799858 0.475 0)
(-0.599893 0.475 0)
(-0.399929 0.475 0)
(-0.199964 0.475 0)
(0 0.475 0)
(0.2 0.475 0)
(0.4 0.475 0)
(0.6 0.475 0)
(0.8 0.475 0)
(1 0.475 0)
(1.2 0.475 0)
(1.4 0.475 0)
(1.6 0.475 0)
(1.8 0.475 0)
(2 0.475 0)
(-1.99964 0.4875 0)
(-1.79968 0.4875 0)
(-1.59972 0.4875 0)
(-1.39975 0.4875 0)
(-1.19979 0.4875 0)
(-0.999822 0.4875 0)
(-0.799858 0.4875 0)
(-0.599893 0.4875 0)
(-0.399929 0.4875 0)
(-0.199964 0.4875 0)
(0 0.4875 0)
(0.2 0.4875 0)
(0.4 0.4875 0)
(0.6 0.4875 0)
(0.8 0.4875 0)
(1 0.4875 0)
(1.2 0.4875 0)
(1.4 0.4875 0)
(1.6 0.4875 0)
(1.8 0.4875 0)
(2 0.4875 0)
(-1.99964 0.5 0)
(-1.79968 0.5 0)
(-1.59972 0.5 0)
(-1.39975 0.5 0)
(-1.19979 0.5 0)
(-0.999822 0.5 0)
(-0.799858 0.5 0)
(-0.599893 0.5 0)
(-0.399929 0.5 0)
(-0.199964 0.5 0)
(0 0.5 0)
(0.2 0.5 0)
(0.4 0.5 0)
(0.6 0.5 0)
(0.8 0.5 0)
(1 0.5 0)
(1.2 0.5 0)
(1.4 0.5 0)
(1.6 0.5 0)
(1.8 0.5 0)
(2 0.5 0)
(-1.99964 0 0.2)
(-1.79968 0 0.2)
(-1.59972 0 0.2)
(-1.39975 0 0.2)
(-1.19979 0 0.2)
(-0.999822 0 0.2)
(-0.799858 0 0.2)
(-0.599893 0 0.2)
(-0.399929 0 0.2)
(-0.199964 0 0.2)
(0 0 0.2)
(0.2 0 0.2)
(0.4 0 0.2)
(0.6 0 0.2)
(0.8 0 0.2)
(1 0 0.2)
(1.2 0 0.2)
(1.4 0 0.2)
(1.6 0 0.2)
(1.8 0 0.2)
(2 0 0.2)
(-1.99964 0.0125 0.2)
(-1.79968 0.0125 0.2)
(-1.59972 0.0125 0.2)
(-1.39975 0.0125 0.2)
(-1.19979 0.0125 0.2)
(-0.999822 0.0125 0.2)
(-0.799858 0.0125 0.2)
(-0.599893 0.0125 0.2)
(-0.399929 0.0125 0.2)
(-0.199964 0.0125 0.2)
(0 0.0125 0.2)
(0.2 0.0125 0.2)
(0.4 0.0125 0.2)
(0.6 0.0125 0.2)
(0.8 0.0125 0.2)
(1 0.0125 0.2)
(1.2 0.0125 0.2)
(1.4 0.0125 0.2)
(1.6 0.0125 0.2)
(1.8 0.0125 0.2)
(2 0.0125 0.2)
(-1.99964 0.025 0.2)
(-1.79968 0.025 0.2)
(-1.59972 0.025 0.2)
(-1.39975 0.025 0.2)
(-1.19979 0.025 0.2)
(-0.999822 0.025 0.2)
(-0.799858 0.025 0.2)
(-0.599893 0.025 0.2)
(-0.399929 0.025 0.2)
(-0.199964 0.025 0.2)
(0 0.025 0.2)
(0.2 0.025 0.2)
(0.4 0.025 0.2)
(0.6 0.025 0.2)
(0.8 0.025 0.2)
(1 0.025 0.2)
(1.2 0.025 0.2)
(1.4 0.025 0.2)
(1.6 0.025 0.2)
(1.8 0.025 0.2)
(2 0.025 0.2)
(-1.99964 0.0375 0.2)
(-1.79968 0.0375 0.2)
(-1.59972 0.0375 0.2)
(-1.39975 0.0375 0.2)
(-1.19979 0.0375 0.2)
(-0.999822 0.0375 0.2)
(-0.799858 0.0375 0.2)
(-0.599893 0.0375 0.2)
(-0.399929 0.0375 0.2)
(-0.199964 0.0375 0.2)
(0 0.0375 0.2)
(0.2 0.0375 0.2)
(0.4 0.0375 0.2)
(0.6 0.0375 0.2)
(0.8 0.0375 0.2)
(1 0.0375 0.2)
(1.2 0.0375 0.2)
(1.4 0.0375 0.2)
(1.6 0.0375 0.2)
(1.8 0.0375 0.2)
(2 0.0375 0.2)
(-1.99964 0.05 0.2)
(-1.79968 0.05 0.2)
(-1.59972 0.05 0.2)
(-1.39975 0.05 0.2)
(-1.19979 0.05 0.2)
(-0.999822 0.05 0.2)
(-0.799858 0.05 0.2)
(-0.599893 0.05 0.2)
(-0.399929 0.05 0.2)
(-0.199964 0.05 0.2)
(0 0.05 0.2)
(0.2 0.05 0.2)
(0.4 0.05 0.2)
(0.6 0.05 0.2)
(0.8 0.05 0.2)
(1 0.05 0.2)
(1.2 0.05 0.2)
(1.4 0.05 0.2)
(1.6 0.05 0.2)
(1.8 0.05 0.2)
(2 0.05 0.2)
(-1.99964 0.0625 0.2)
(-1.79968 0.0625 0.2)
(-1.59972 0.0625 0.2)
(-1.39975 0.0625 0.2)
(-1.19979 0.0625 0.2)
(-0.999822 0.0625 0.2)
(-0.799858 0.0625 0.2)
(-0.599893 0.0625 0.2)
(-0.399929 0.0625 0.2)
(-0.199964 0.0625 0.2)
(0 0.0625 0.2)
(0.2 0.0625 0.2)
(0.4 0.0625 0.2)
(0.6 0.0625 0.2)
(0.8 0.0625 0.2)
(1 0.0625 0.2)
(1.2 0.0625 0.2)
(1.4 0.0625 0.2)
(1.6 0.0625 0.2)
(1.8 0.0625 0.2)
(2 0.0625 0.2)
(-1.99964 0.075 0.2)
(-1.79968 0.075 0.2)
(-1.59972 0.075 0.2)
(-1.39975 0.075 0.2)
(-1.19979 0.075 0.2)
(-0.999822 0.075 0.2)
(-0.799858 0.075 0.2)
(-0.599893 0.075 0.2)
(-0.399929 0.075 0.2)
(-0.199964 0.075 0.2)
(0 0.075 0.2)
(0.2 0.075 0.2)
(0.4 0.075 0.2)
(0.6 0.075 0.2)
(0.8 0.075 0.2)
(1 0.075 0.2)
(1.2 0.075 0.2)
(1.4 0.075 0.2)
(1.6 0.075 0.2)
(1.8 0.075 0.2)
(2 0.075 0.2)
(-1.99964 0.0875 0.2)
(-1.79968 0.0875 0.2)
(-1.59972 0.0875 0.2)
(-1.39975 0.0875 0.2)
(-1.19979 0.0875 0.2)
(-0.999822 0.0875 0.2)
(-0.799858 0.0875 0.2)
(-0.599893 0.0875 0.2)
(-0.399929 0.0875 0.2)
(-0.199964 0.0875 0.2)
(0 0.0875 0.2)
(0.2 0.0875 0.2)
(0.4 0.0875 0.2)
(0.6 0.0875 0.2)
(0.8 0.0875 0.2)
(1 0.0875 0.2)
(1.2 0.0875 0.2)
(1.4 0.0875 0.2)
(1.6 0.0875 0.2)
(1.8 0.0875 0.2)
(2 0.0875 0.2)
(-1.99964 0.1 0.2)
(-1.79968 0.1 0.2)
(-1.59972 0.1 0.2)
(-1.39975 0.1 0.2)
(-1.19979 0.1 0.2)
(-0.999822 0.1 0.2)
(-0.799858 0.1 0.2)
(-0.599893 0.1 0.2)
(-0.399929 0.1 0.2)
(-0.199964 0.1 0.2)
(0 0.1 0.2)
(0.2 0.1 0.2)
(0.4 0.1 0.2)
(0.6 0.1 0.2)
(0.8 0.1 0.2)
(1 0.1 0.2)
(1.2 0.1 0.2)
(1.4 0.1 0.2)
(1.6 0.1 0.2)
(1.8 0.1 0.2)
(2 0.1 0.2)
(-1.99964 0.1125 0.2)
(-1.79968 0.1125 0.2)
(-1.59972 0.1125 0.2)
(-1.39975 0.1125 0.2)
(-1.19979 0.1125 0.2)
(-0.999822 0.1125 0.2)
(-0.799858 0.1125 0.2)
(-0.599893 0.1125 0.2)
(-0.399929 0.1125 0.2)
(-0.199964 0.1125 0.2)
(0 0.1125 0.2)
(0.2 0.1125 0.2)
(0.4 0.1125 0.2)
(0.6 0.1125 0.2)
(0.8 0.1125 0.2)
(1 0.1125 0.2)
(1.2 0.1125 0.2)
(1.4 0.1125 0.2)
(1.6 0.1125 0.2)
(1.8 0.1125 0.2)
(2 0.1125 0.2)
(-1.99964 0.125 0.2)
(-1.79968 0.125 0.2)
(-1.59972 0.125 0.2)
(-1.39975 0.125 0.2)
(-1.19979 0.125 0.2)
(-0.999822 0.125 0.2)
(-0.799858 0.125 0.2)
(-0.599893 0.125 0.2)
(-0.399929 0.125 0.2)
(-0.199964 0.125 0.2)
(0 0.125 0.2)
(0.2 0.125 0.2)
(0.4 0.125 0.2)
(0.6 0.125 0.2)
(0.8 0.125 0.2)
(1 0.125 0.2)
(1.2 0.125 0.2)
(1.4 0.125 0.2)
(1.6 0.125 0.2)
(1.8 0.125 0.2)
(2 0.125 0.2)
(-1.99964 0.1375 0.2)
(-1.79968 0.1375 0.2)
(-1.59972 0.1375 0.2)
(-1.39975 0.1375 0.2)
(-1.19979 0.1375 0.2)
(-0.999822 0.1375 0.2)
(-0.799858 0.1375 0.2)
(-0.599893 0.1375 0.2)
(-0.399929 0.1375 0.2)
(-0.199964 0.1375 0.2)
(0 0.1375 0.2)
(0.2 0.1375 0.2)
(0.4 0.1375 0.2)
(0.6 0.1375 0.2)
(0.8 0.1375 0.2)
(1 0.1375 0.2)
(1.2 0.1375 0.2)
(1.4 0.1375 0.2)
(1.6 0.1375 0.2)
(1.8 0.1375 0.2)
(2 0.1375 0.2)
(-1.99964 0.15 0.2)
(-1.79968 0.15 0.2)
(-1.59972 0.15 0.2)
(-1.39975 0.15 0.2)
(-1.19979 0.15 0.2)
(-0.999822 0.15 0.2)
(-0.799858 0.15 0.2)
(-0.599893 0.15 0.2)
(-0.399929 0.15 0.2)
(-0.199964 0.15 0.2)
(0 0.15 0.2)
(0.2 0.15 0.2)
(0.4 0.15 0.2)
(0.6 0.15 0.2)
(0.8 0.15 0.2)
(1 0.15 0.2)
(1.2 0.15 0.2)
(1.4 0.15 0.2)
(1.6 0.15 0.2)
(1.8 0.15 0.2)
(2 0.15 0.2)
(-1.99964 0.1625 0.2)
(-1.79968 0.1625 0.2)
(-1.59972 0.1625 0.2)
(-1.39975 0.1625 0.2)
(-1.19979 0.1625 0.2)
(-0.999822 0.1625 0.2)
(-0.799858 0.1625 0.2)
(-0.599893 0.1625 0.2)
(-0.399929 0.1625 0.2)
(-0.199964 0.1625 0.2)
(0 0.1625 0.2)
(0.2 0.1625 0.2)
(0.4 0.1625 0.2)
(0.6 0.1625 0.2)
(0.8 0.1625 0.2)
(1 0.1625 0.2)
(1.2 0.1625 0.2)
(1.4 0.1625 0.2)
(1.6 0.1625 0.2)
(1.8 0.1625 0.2)
(2 0.1625 0.2)
(-1.99964 0.175 0.2)
(-1.79968 0.175 0.2)
(-1.59972 0.175 0.2)
(-1.39975 0.175 0.2)
(-1.19979 0.175 0.2)
(-0.999822 0.175 0.2)
(-0.799858 0.175 0.2)
(-0.599893 0.175 0.2)
(-0.399929 0.175 0.2)
(-0.199964 0.175 0.2)
(0 0.175 0.2)
(0.2 0.175 0.2)
(0.4 0.175 0.2)
(0.6 0.175 0.2)
(0.8 0.175 0.2)
(1 0.175 0.2)
(1.2 0.175 0.2)
(1.4 0.175 0.2)
(1.6 0.175 0.2)
(1.8 0.175 0.2)
(2 0.175 0.2)
(-1.99964 0.1875 0.2)
(-1.79968 0.1875 0.2)
(-1.59972 0.1875 0.2)
(-1.39975 0.1875 0.2)
(-1.19979 0.1875 0.2)
(-0.999822 0.1875 0.2)
(-0.799858 0.1875 0.2)
(-0.599893 0.1875 0.2)
(-0.399929 0.1875 0.2)
(-0.199964 0.1875 0.2)
(0 0.1875 0.2)
(0.2 0.1875 0.2)
(0.4 0.1875 0.2)
(0.6 0.1875 0.2)
(0.8 0.1875 0.2)
(1 0.1875 0.2)
(1.2 0.1875 0.2)
(1.4 0.1875 0.2)
(1.6 0.1875 0.2)
(1.8 0.1875 0.2)
(2 0.1875 0.2)
(-1.99964 0.2 0.2)
(-1.79968 0.2 0.2)
(-1.59972 0.2 0.2)
(-1.39975 0.2 0.2)
(-1.19979 0.2 0.2)
(-0.999822 0.2 0.2)
(-0.799858 0.2 0.2)
(-0.599893 0.2 0.2)
(-0.399929 0.2 0.2)
(-0.199964 0.2 0.2)
(0 0.2 0.2)
(0.2 0.2 0.2)
(0.4 0.2 0.2)
(0.6 0.2 0.2)
(0.8 0.2 0.2)
(1 0.2 0.2)
(1.2 0.2 0.2)
(1.4 0.2 0.2)
(1.6 0.2 0.2)
(1.8 0.2 0.2)
(2 0.2 0.2)
(-1.99964 0.2125 0.2)
(-1.79968 0.2125 0.2)
(-1.59972 0.2125 0.2)
(-1.39975 0.2125 0.2)
(-1.19979 0.2125 0.2)
(-0.999822 0.2125 0.2)
(-0.799858 0.2125 0.2)
(-0.599893 0.2125 0.2)
(-0.399929 0.2125 0.2)
(-0.199964 0.2125 0.2)
(0 0.2125 0.2)
(0.2 0.2125 0.2)
(0.4 0.2125 0.2)
(0.6 0.2125 0.2)
(0.8 0.2125 0.2)
(1 0.2125 0.2)
(1.2 0.2125 0.2)
(1.4 0.2125 0.2)
(1.6 0.2125 0.2)
(1.8 0.2125 0.2)
(2 0.2125 0.2)
(-1.99964 0.225 0.2)
(-1.79968 0.225 0.2)
(-1.59972 0.225 0.2)
(-1.39975 0.225 0.2)
(-1.19979 0.225 0.2)
(-0.999822 0.225 0.2)
(-0.799858 0.225 0.2)
(-0.599893 0.225 0.2)
(-0.399929 0.225 0.2)
(-0.199964 0.225 0.2)
(0 0.225 0.2)
(0.2 0.225 0.2)
(0.4 0.225 0.2)
(0.6 0.225 0.2)
(0.8 0.225 0.2)
(1 0.225 0.2)
(1.2 0.225 0.2)
(1.4 0.225 0.2)
(1.6 0.225 0.2)
(1.8 0.225 0.2)
(2 0.225 0.2)
(-1.99964 0.2375 0.2)
(-1.79968 0.2375 0.2)
(-1.59972 0.2375 0.2)
(-1.39975 0.2375 0.2)
(-1.19979 0.2375 0.2)
(-0.999822 0.2375 0.2)
(-0.799858 0.2375 0.2)
(-0.599893 0.2375 0.2)
(-0.399929 0.2375 0.2)
(-0.199964 0.2375 0.2)
(0 0.2375 0.2)
(0.2 0.2375 0.2)
(0.4 0.2375 0.2)
(0.6 0.2375 0.2)
(0.8 0.2375 0.2)
(1 0.2375 0.2)
(1.2 0.2375 0.2)
(1.4 0.2375 0.2)
(1.6 0.2375 0.2)
(1.8 0.2375 0.2)
(2 0.2375 0.2)
(-1.99964 0.25 0.2)
(-1.79968 0.25 0.2)
(-1.59972 0.25 0.2)
(-1.39975 0.25 0.2)
(-1.19979 0.25 0.2)
(-0.999822 0.25 0.2)
(-0.799858 0.25 0.2)
(-0.599893 0.25 0.2)
(-0.399929 0.25 0.2)
(-0.199964 0.25 0.2)
(0 0.25 0.2)
(0.2 0.25 0.2)
(0.4 0.25 0.2)
(0.6 0.25 0.2)
(0.8 0.25 0.2)
(1 0.25 0.2)
(1.2 0.25 0.2)
(1.4 0.25 0.2)
(1.6 0.25 0.2)
(1.8 0.25 0.2)
(2 0.25 0.2)
(-1.99964 0.2625 0.2)
(-1.79968 0.2625 0.2)
(-1.59972 0.2625 0.2)
(-1.39975 0.2625 0.2)
(-1.19979 0.2625 0.2)
(-0.999822 0.2625 0.2)
(-0.799858 0.2625 0.2)
(-0.599893 0.2625 0.2)
(-0.399929 0.2625 0.2)
(-0.199964 0.2625 0.2)
(0 0.2625 0.2)
(0.2 0.2625 0.2)
(0.4 0.2625 0.2)
(0.6 0.2625 0.2)
(0.8 0.2625 0.2)
(1 0.2625 0.2)
(1.2 0.2625 0.2)
(1.4 0.2625 0.2)
(1.6 0.2625 0.2)
(1.8 0.2625 0.2)
(2 0.2625 0.2)
(-1.99964 0.275 0.2)
(-1.79968 0.275 0.2)
(-1.59972 0.275 0.2)
(-1.39975 0.275 0.2)
(-1.19979 0.275 0.2)
(-0.999822 0.275 0.2)
(-0.799858 0.275 0.2)
(-0.599893 0.275 0.2)
(-0.399929 0.275 0.2)
(-0.199964 0.275 0.2)
(0 0.275 0.2)
(0.2 0.275 0.2)
(0.4 0.275 0.2)
(0.6 0.275 0.2)
(0.8 0.275 0.2)
(1 0.275 0.2)
(1.2 0.275 0.2)
(1.4 0.275 0.2)
(1.6 0.275 0.2)
(1.8 0.275 0.2)
(2 0.275 0.2)
(-1.99964 0.2875 0.2)
(-1.79968 0.2875 0.2)
(-1.59972 0.2875 0.2)
(-1.39975 0.2875 0.2)
(-1.19979 0.2875 0.2)
(-0.999822 0.2875 0.2)
(-0.799858 0.2875 0.2)
(-0.599893 0.2875 0.2)
(-0.399929 0.2875 0.2)
(-0.199964 0.2875 0.2)
(0 0.2875 0.2)
(0.2 0.2875 0.2)
(0.4 0.2875 0.2)
(0.6 0.2875 0.2)
(0.8 0.2875 0.2)
(1 0.2875 0.2)
(1.2 0.2875 0.2)
(1.4 0.2875 0.2)
(1.6 0.2875 0.2)
(1.8 0.2875 0.2)
(2 0.2875 0.2)
(-1.99964 0.3 0.2)
(-1.79968 0.3 0.2)
(-1.59972 0.3 0.2)
(-1.39975 0.3 0.2)
(-1.19979 0.3 0.2)
(-0.999822 0.3 0.2)
(-0.799858 0.3 0.2)
(-0.599893 0.3 0.2)
(-0.399929 0.3 0.2)
(-0.199964 0.3 0.2)
(0 0.3 0.2)
(0.2 0.3 0.2)
(0.4 0.3 0.2)
(0.6 0.3 0.2)
(0.8 0.3 0.2)
(1 0.3 0.2)
(1.2 0.3 0.2)
(1.4 0.3 0.2)
(1.6 0.3 0.2)
(1.8 0.3 0.2)
(2 0.3 0.2)
(-1.99964 0.3125 0.2)
(-1.79968 0.3125 0.2)
(-1.59972 0.3125 0.2)
(-1.39975 0.3125 0.2)
(-1.19979 0.3125 0.2)
(-0.999822 0.3125 0.2)
(-0.799858 0.3125 0.2)
(-0.599893 0.3125 0.2)
(-0.399929 0.3125 0.2)
(-0.199964 0.3125 0.2)
(0 0.3125 0.2)
(0.2 0.3125 0.2)
(0.4 0.3125 0.2)
(0.6 0.3125 0.2)
(0.8 0.3125 0.2)
(1 0.3125 0.2)
(1.2 0.3125 0.2)
(1.4 0.3125 0.2)
(1.6 0.3125 0.2)
(1.8 0.3125 0.2)
(2 0.3125 0.2)
(-1.99964 0.325 0.2)
(-1.79968 0.325 0.2)
(-1.59972 0.325 0.2)
(-1.39975 0.325 0.2)
(-1.19979 0.325 0.2)
(-0.999822 0.325 0.2)
(-0.799858 0.325 0.2)
(-0.599893 0.325 0.2)
(-0.399929 0.325 0.2)
(-0.199964 0.325 0.2)
(0 0.325 0.2)
(0.2 0.325 0.2)
(0.4 0.325 0.2)
(0.6 0.325 0.2)
(0.8 0.325 0.2)
(1 0.325 0.2)
(1.2 0.325 0.2)
(1.4 0.325 0.2)
(1.6 0.325 0.2)
(1.8 0.325 0.2)
(2 0.325 0.2)
(-1.99964 0.3375 0.2)
(-1.79968 0.3375 0.2)
(-1.59972 0.3375 0.2)
(-1.39975 0.3375 0.2)
(-1.19979 0.3375 0.2)
(-0.999822 0.3375 0.2)
(-0.799858 0.3375 0.2)
(-0.599893 0.3375 0.2)
(-0.399929 0.3375 0.2)
(-0.199964 0.3375 0.2)
(0 0.3375 0.2)
(0.2 0.3375 0.2)
(0.4 0.3375 0.2)
(0.6 0.3375 0.2)
(0.8 0.3375 0.2)
(1 0.3375 0.2)
(1.2 0.3375 0.2)
(1.4 0.3375 0.2)
(1.6 0.3375 0.2)
(1.8 0.3375 0.2)
(2 0.3375 0.2)
(-1.99964 0.35 0.2)
(-1.79968 0.35 0.2)
(-1.59972 0.35 0.2)
(-1.39975 0.35 0.2)
(-1.19979 0.35 0.2)
(-0.999822 0.35 0.2)
(-0.799858 0.35 0.2)
(-0.599893 0.35 0.2)
(-0.399929 0.35 0.2)
(-0.199964 0.35 0.2)
(0 0.35 0.2)
(0.2 0.35 0.2)
(0.4 0.35 0.2)
(0.6 0.35 0.2)
(0.8 0.35 0.2)
(1 0.35 0.2)
(1.2 0.35 0.2)
(1.4 0.35 0.2)
(1.6 0.35 0.2)
(1.8 0.35 0.2)
(2 0.35 0.2)
(-1.99964 0.3625 0.2)
(-1.79968 0.3625 0.2)
(-1.59972 0.3625 0.2)
(-1.39975 0.3625 0.2)
(-1.19979 0.3625 0.2)
(-0.999822 0.3625 0.2)
(-0.799858 0.3625 0.2)
(-0.599893 0.3625 0.2)
(-0.399929 0.3625 0.2)
(-0.199964 0.3625 0.2)
(0 0.3625 0.2)
(0.2 0.3625 0.2)
(0.4 0.3625 0.2)
(0.6 0.3625 0.2)
(0.8 0.3625 0.2)
(1 0.3625 0.2)
(1.2 0.3625 0.2)
(1.4 0.3625 0.2)
(1.6 0.3625 0.2)
(1.8 0.3625 0.2)
(2 0.3625 0.2)
(-1.99964 0.375 0.2)
(-1.79968 0.375 0.2)
(-1.59972 0.375 0.2)
(-1.39975 0.375 0.2)
(-1.19979 0.375 0.2)
(-0.999822 0.375 0.2)
(-0.799858 0.375 0.2)
(-0.599893 0.375 0.2)
(-0.399929 0.375 0.2)
(-0.199964 0.375 0.2)
(0 0.375 0.2)
(0.2 0.375 0.2)
(0.4 0.375 0.2)
(0.6 0.375 0.2)
(0.8 0.375 0.2)
(1 0.375 0.2)
(1.2 0.375 0.2)
(1.4 0.375 0.2)
(1.6 0.375 0.2)
(1.8 0.375 0.2)
(2 0.375 0.2)
(-1.99964 0.3875 0.2)
(-1.79968 0.3875 0.2)
(-1.59972 0.3875 0.2)
(-1.39975 0.3875 0.2)
(-1.19979 0.3875 0.2)
(-0.999822 0.3875 0.2)
(-0.799858 0.3875 0.2)
(-0.599893 0.3875 0.2)
(-0.399929 0.3875 0.2)
(-0.199964 0.3875 0.2)
(0 0.3875 0.2)
(0.2 0.3875 0.2)
(0.4 0.3875 0.2)
(0.6 0.3875 0.2)
(0.8 0.3875 0.2)
(1 0.3875 0.2)
(1.2 0.3875 0.2)
(1.4 0.3875 0.2)
(1.6 0.3875 0.2)
(1.8 0.3875 0.2)
(2 0.3875 0.2)
(-1.99964 0.4 0.2)
(-1.79968 0.4 0.2)
(-1.59972 0.4 0.2)
(-1.39975 0.4 0.2)
(-1.19979 0.4 0.2)
(-0.999822 0.4 0.2)
(-0.799858 0.4 0.2)
(-0.599893 0.4 0.2)
(-0.399929 0.4 0.2)
(-0.199964 0.4 0.2)
(0 0.4 0.2)
(0.2 0.4 0.2)
(0.4 0.4 0.2)
(0.6 0.4 0.2)
(0.8 0.4 0.2)
(1 0.4 0.2)
(1.2 0.4 0.2)
(1.4 0.4 0.2)
(1.6 0.4 0.2)
(1.8 0.4 0.2)
(2 0.4 0.2)
(-1.99964 0.4125 0.2)
(-1.79968 0.4125 0.2)
(-1.59972 0.4125 0.2)
(-1.39975 0.4125 0.2)
(-1.19979 0.4125 0.2)
(-0.999822 0.4125 0.2)
(-0.799858 0.4125 0.2)
(-0.599893 0.4125 0.2)
(-0.399929 0.4125 0.2)
(-0.199964 0.4125 0.2)
(0 0.4125 0.2)
(0.2 0.4125 0.2)
(0.4 0.4125 0.2)
(0.6 0.4125 0.2)
(0.8 0.4125 0.2)
(1 0.4125 0.2)
(1.2 0.4125 0.2)
(1.4 0.4125 0.2)
(1.6 0.4125 0.2)
(1.8 0.4125 0.2)
(2 0.4125 0.2)
(-1.99964 0.425 0.2)
(-1.79968 0.425 0.2)
(-1.59972 0.425 0.2)
(-1.39975 0.425 0.2)
(-1.19979 0.425 0.2)
(-0.999822 0.425 0.2)
(-0.799858 0.425 0.2)
(-0.599893 0.425 0.2)
(-0.399929 0.425 0.2)
(-0.199964 0.425 0.2)
(0 0.425 0.2)
(0.2 0.425 0.2)
(0.4 0.425 0.2)
(0.6 0.425 0.2)
(0.8 0.425 0.2)
(1 0.425 0.2)
(1.2 0.425 0.2)
(1.4 0.425 0.2)
(1.6 0.425 0.2)
(1.8 0.425 0.2)
(2 0.425 0.2)
(-1.99964 0.4375 0.2)
(-1.79968 0.4375 0.2)
(-1.59972 0.4375 0.2)
(-1.39975 0.4375 0.2)
(-1.19979 0.4375 0.2)
(-0.999822 0.4375 0.2)
(-0.799858 0.4375 0.2)
(-0.599893 0.4375 0.2)
(-0.399929 0.4375 0.2)
(-0.199964 0.4375 0.2)
(0 0.4375 0.2)
(0.2 0.4375 0.2)
(0.4 0.4375 0.2)
(0.6 0.4375 0.2)
(0.8 0.4375 0.2)
(1 0.4375 0.2)
(1.2 0.4375 0.2)
(1.4 0.4375 0.2)
(1.6 0.4375 0.2)
(1.8 0.4375 0.2)
(2 0.4375 0.2)
(-1.99964 0.45 0.2)
(-1.79968 0.45 0.2)
(-1.59972 0.45 0.2)
(-1.39975 0.45 0.2)
(-1.19979 0.45 0.2)
(-0.999822 0.45 0.2)
(-0.799858 0.45 0.2)
(-0.599893 0.45 0.2)
(-0.399929 0.45 0.2)
(-0.199964 0.45 0.2)
(0 0.45 0.2)
(0.2 0.45 0.2)
(0.4 0.45 0.2)
(0.6 0.45 0.2)
(0.8 0.45 0.2)
(1 0.45 0.2)
(1.2 0.45 0.2)
(1.4 0.45 0.2)
(1.6 0.45 0.2)
(1.8 0.45 0.2)
(2 0.45 0.2)
(-1.99964 0.4625 0.2)
(-1.79968 0.4625 0.2)
(-1.59972 0.4625 0.2)
(-1.39975 0.4625 0.2)
(-1.19979 0.4625 0.2)
(-0.999822 0.4625 0.2)
(-0.799858 0.4625 0.2)
(-0.599893 0.4625 0.2)
(-0.399929 0.4625 0.2)
(-0.199964 0.4625 0.2)
(0 0.4625 0.2)
(0.2 0.4625 0.2)
(0.4 0.4625 0.2)
(0.6 0.4625 0.2)
(0.8 0.4625 0.2)
(1 0.4625 0.2)
(1.2 0.4625 0.2)
(1.4 0.4625 0.2)
(1.6 0.4625 0.2)
(1.8 0.4625 0.2)
(2 0.4625 0.2)
(-1.99964 0.475 0.2)
(-1.79968 0.475 0.2)
(-1.59972 0.475 0.2)
(-1.39975 0.475 0.2)
(-1.19979 0.475 0.2)
(-0.999822 0.475 0.2)
(-0.799858 0.475 0.2)
(-0.599893 0.475 0.2)
(-0.399929 0.475 0.2)
(-0.199964 0.475 0.2)
(0 0.475 0.2)
(0.2 0.475 0.2)
(0.4 0.475 0.2)
(0.6 0.475 0.2)
(0.8 0.475 0.2)
(1 0.475 0.2)
(1.2 0.475 0.2)
(1.4 0.475 0.2)
(1.6 0.475 0.2)
(1.8 0.475 0.2)
(2 0.475 0.2)
(-1.99964 0.4875 0.2)
(-1.79968 0.4875 0.2)
(-1.59972 0.4875 0.2)
(-1.39975 0.4875 0.2)
(-1.19979 0.4875 0.2)
(-0.999822 0.4875 0.2)
(-0.799858 0.4875 0.2)
(-0.599893 0.4875 0.2)
(-0.399929 0.4875 0.2)
(-0.199964 0.4875 0.2)
(0 0.4875 0.2)
(0.2 0.4875 0.2)
(0.4 0.4875 0.2)
(0.6 0.4875 0.2)
(0.8 0.4875 0.2)
(1 0.4875 0.2)
(1.2 0.4875 0.2)
(1.4 0.4875 0.2)
(1.6 0.4875 0.2)
(1.8 0.4875 0.2)
(2 0.4875 0.2)
(-1.99964 0.5 0.2)
(-1.79968 0.5 0.2)
(-1.59972 0.5 0.2)
(-1.39975 0.5 0.2)
(-1.19979 0.5 0.2)
(-0.999822 0.5 0.2)
(-0.799858 0.5 0.2)
(-0.599893 0.5 0.2)
(-0.399929 0.5 0.2)
(-0.199964 0.5 0.2)
(0 0.5 0.2)
(0.2 0.5 0.2)
(0.4 0.5 0.2)
(0.6 0.5 0.2)
(0.8 0.5 0.2)
(1 0.5 0.2)
(1.2 0.5 0.2)
(1.4 0.5 0.2)
(1.6 0.5 0.2)
(1.8 0.5 0.2)
(2 0.5 0.2)
)


// ************************************************************************* //
