/*--------------------------------*- C++ -*----------------------------------*\
  =========                 |
  \\      /  F ield         | OpenFOAM: The Open Source CFD Toolbox
   \\    /   O peration     | Website:  https://openfoam.org
    \\  /    A nd           | Version:  6
     \\/     M anipulation  |
\*---------------------------------------------------------------------------*/
FoamFile
{
    version     2.0;
    format      ascii;
    class       surfaceScalarField;
    location    "4.95";
    object      phi;
}
// * * * * * * * * * * * * * * * * * * * * * * * * * * * * * * * * * * * * * //

dimensions      [0 3 -1 0 0 0 0];

internalField   nonuniform List<scalar> 
8193
(
0.123311
-0.221291
-0.116938
0.125171
-0.22475
0.124887
-0.223925
0.12372
-0.22261
0.122418
-0.222201
0.121357
-0.223068
0.120887
-0.225662
0.12132
-0.230193
0.122685
-0.236539
0.124332
-0.242902
0.124742
-0.246192
0.123635
-0.244387
0.120403
-0.236182
0.115014
-0.220316
0.108244
-0.197638
0.101097
-0.170249
0.0943466
-0.14118
0.0883375
-0.113055
0.0825379
-0.0879903
0.0765597
-0.0689947
0.070292
-0.0579487
0.062643
-0.0544164
0.0536947
-0.058752
0.0443745
-0.06875
0.0359308
-0.083174
0.0281715
-0.0988368
0.0203134
-0.11433
0.0111497
-0.128677
1.19724e-05
-0.141133
-0.0128267
-0.152984
-0.0268093
-0.166862
-0.0413642
-0.182878
-0.0556676
-0.198166
-0.0689188
-0.209813
-0.0806233
-0.217226
-0.0906485
-0.221332
-0.0991964
-0.223294
-0.106506
-0.22365
-0.112466
-0.222885
-0.115949
-0.221224
-0.215087
-0.114755
0.1377
-0.215689
-0.132157
0.138526
-0.21205
0.138243
-0.208115
0.137741
-0.204979
0.137292
-0.203429
0.137288
-0.203951
0.137985
-0.206858
0.139266
-0.211971
0.140716
-0.218855
0.14073
-0.224498
0.13816
-0.226241
0.13296
-0.223135
0.124738
-0.213496
0.114289
-0.197217
0.103364
-0.176071
0.0933355
-0.151741
0.0848361
-0.126486
0.0779008
-0.102295
0.0723837
-0.0810675
0.0670412
-0.0646788
0.0603293
-0.0546722
0.0521056
-0.0519772
0.0425594
-0.0572429
0.0315331
-0.0678798
0.0202944
-0.0840398
0.00945582
-0.101843
-0.00163652
-0.118578
-0.0136143
-0.133256
-0.0264702
-0.145734
-0.0396495
-0.157816
-0.0529325
-0.171769
-0.0663374
-0.187441
-0.0796176
-0.202214
-0.0920622
-0.213625
-0.102975
-0.221064
-0.11191
-0.225211
-0.118769
-0.226899
-0.123581
-0.226564
-0.126528
-0.224575
-0.127772
-0.22123
-0.216306
-0.124174
0.149009
-0.201823
-0.146185
0.150083
-0.194841
0.150766
-0.189315
0.151257
-0.185176
0.151578
-0.183029
0.152065
-0.183659
0.152664
-0.186972
0.153144
-0.192592
0.152612
-0.199399
0.148885
-0.203062
0.142145
-0.203261
0.131859
-0.198301
0.118532
-0.187505
0.104447
-0.172515
0.0913638
-0.154547
0.0800556
-0.134267
0.070473
-0.11308
0.0626662
-0.0930424
0.0566418
-0.0759788
0.0509176
-0.0622442
0.0441975
-0.0535363
0.0359178
-0.0514845
0.0262103
-0.0574004
0.0150611
-0.0685157
0.00291914
-0.0854112
-0.00974145
-0.104199
-0.0231834
-0.121396
-0.0375554
-0.136094
-0.0522722
-0.148854
-0.0666015
-0.161596
-0.0804287
-0.175944
-0.0940332
-0.19133
-0.107336
-0.205478
-0.11971
-0.216465
-0.130402
-0.223807
-0.138858
-0.227992
-0.144754
-0.229645
-0.147886
-0.229107
-0.148253
-0.226592
-0.14592
-0.222382
-0.216501
-0.140771
0.161071
-0.183146
-0.158273
0.163074
-0.174587
0.164242
-0.167818
0.164884
-0.163105
0.165182
-0.160908
0.165315
-0.161986
0.164825
-0.165587
0.163384
-0.171436
0.15945
-0.177173
0.15134
-0.1783
0.139188
-0.176284
0.123208
-0.169481
0.105724
-0.1593
0.0890777
-0.147366
0.0744528
-0.133714
0.0623004
-0.118248
0.0520979
-0.101373
0.0441088
-0.0859039
0.0373993
-0.0724405
0.0311793
-0.0614547
0.0244888
-0.0544463
0.0165681
-0.0532165
0.00667137
-0.0590616
-0.00432919
-0.0708013
-0.0169566
-0.0875906
-0.0311315
-0.106112
-0.0463808
-0.123246
-0.06238
-0.137905
-0.0782197
-0.151204
-0.0932222
-0.164806
-0.107478
-0.17954
-0.121416
-0.194482
-0.135001
-0.207806
-0.147609
-0.218172
-0.158446
-0.225264
-0.166879
-0.229425
-0.172477
-0.231094
-0.174942
-0.230518
-0.174032
-0.227898
-0.169539
-0.223536
-0.21725
-0.161531
0.173934
-0.160668
-0.171042
0.17595
-0.15124
0.176966
-0.143817
0.17717
-0.13895
0.176824
-0.137152
0.175704
-0.138667
0.173253
-0.142381
0.169164
-0.148245
0.160025
-0.150766
0.146256
-0.14925
0.127866
-0.144725
0.107369
-0.138027
0.0877011
-0.130962
0.0701086
-0.123441
0.0548135
-0.11445
0.0417462
-0.103578
0.0310303
-0.0914014
0.0222516
-0.0801739
0.0147769
-0.0702535
0.0079501
-0.0620655
0.000994304
-0.0569652
-0.00680271
-0.0567934
-0.0163921
-0.0625814
-0.0269097
-0.0749373
-0.0395566
-0.0909225
-0.0545438
-0.108182
-0.0710886
-0.124558
-0.0879949
-0.13935
-0.104387
-0.153324
-0.119847
-0.16766
-0.134664
-0.182457
-0.149226
-0.196674
-0.163399
-0.208993
-0.17654
-0.21858
-0.187855
-0.225273
-0.196661
-0.229315
-0.202449
-0.230996
-0.204837
-0.230472
-0.203484
-0.227943
-0.198122
-0.223701
-0.217515
-0.1886
0.186667
-0.134949
-0.184102
0.18815
-0.12518
0.188461
-0.117615
0.187688
-0.112952
0.185978
-0.111735
0.182639
-0.113343
0.178034
-0.117685
0.16849
-0.12065
0.153069
-0.119455
0.133293
-0.115838
0.111013
-0.111134
0.089147
-0.107222
0.069164
-0.104438
0.0512802
-0.101418
0.0353239
-0.0967426
0.0212403
-0.0900975
0.00934817
-0.0824132
-0.000645284
-0.075314
-0.00921979
-0.0689514
-0.0169239
-0.0636626
-0.0244011
-0.0606869
-0.032372
-0.0617665
-0.0410454
-0.0684212
-0.051453
-0.0804119
-0.0642256
-0.095175
-0.0795001
-0.110822
-0.0963422
-0.126241
-0.113437
-0.141083
-0.129896
-0.155661
-0.145719
-0.170244
-0.16126
-0.184553
-0.176694
-0.197712
-0.19172
-0.208865
-0.205666
-0.217545
-0.217766
-0.223691
-0.227336
-0.227473
-0.233825
-0.229074
-0.236771
-0.228596
-0.235757
-0.22624
-0.230475
-0.222248
-0.216403
-0.220671
0.198656
-0.106538
-0.196902
0.199086
-0.0968371
0.198113
-0.0894929
0.195792
-0.0853049
0.19201
-0.0846193
0.186244
-0.0863799
0.176587
-0.0890808
0.16084
-0.0882954
0.140789
-0.0852004
0.117929
-0.0812212
0.0947374
-0.0786536
0.0728638
-0.0785284
0.0527091
-0.0799162
0.0342246
-0.0809864
0.0173937
-0.0803351
0.00229724
-0.077731
-0.0108773
-0.0741963
-0.0223082
-0.0709741
-0.032308
-0.0680664
-0.041152
-0.065831
-0.0491225
-0.0654828
-0.0569067
-0.06834
-0.0656261
-0.0754676
-0.0763773
-0.0866289
-0.0894348
-0.100059
-0.104541
-0.114377
-0.12093
-0.128952
-0.137654
-0.143592
-0.154184
-0.158166
-0.170565
-0.172346
-0.187057
-0.185617
-0.203571
-0.197435
-0.219649
-0.207304
-0.234616
-0.21497
-0.247749
-0.220421
-0.258387
-0.223784
-0.265968
-0.225162
-0.269991
-0.224635
-0.26997
-0.222432
-0.26559
-0.218683
-0.213282
-0.256491
0.209365
-0.0760364
-0.208873
0.208297
-0.0667122
0.205602
-0.0598491
0.201273
-0.0562756
0.194761
-0.0557723
0.185021
-0.0567556
0.170103
-0.0567915
0.150864
-0.0542362
0.128343
-0.0504263
0.104816
-0.0480053
0.0820785
-0.048772
0.0606691
-0.0524823
0.0404502
-0.0575174
0.021364
-0.0621133
0.00360995
-0.0651112
-0.0125564
-0.0663242
-0.0270742
-0.0665684
-0.0400136
-0.0669439
-0.0514599
-0.0674252
-0.0615038
-0.0683516
-0.0704249
-0.0707337
-0.0789432
-0.0754328
-0.0883543
-0.0829201
-0.0996448
-0.0932474
-0.112846
-0.105583
-0.127593
-0.118919
-0.143371
-0.13275
-0.159807
-0.146718
-0.17671
-0.160486
-0.194026
-0.173564
-0.211693
-0.185428
-0.229424
-0.195743
-0.246688
-0.204245
-0.262835
-0.210797
-0.277199
-0.215407
-0.28917
-0.21816
-0.298185
-0.219135
-0.303681
-0.218444
-0.305193
-0.216269
-0.302372
-0.212674
-0.207668
-0.294823
0.218467
-0.0441479
-0.219566
0.215655
-0.0354655
0.211009
-0.0292436
0.204335
-0.0262051
0.194849
-0.0255171
0.181431
-0.0252342
0.163546
-0.0234841
0.142187
-0.0201325
0.119203
-0.0173508
0.0964065
-0.0177315
0.0746441
-0.0220914
0.0538615
-0.0292741
0.0337596
-0.0374049
0.0142883
-0.0449587
-0.00428311
-0.0510876
-0.021534
-0.0557473
-0.0372437
-0.0595454
-0.051677
-0.063088
-0.0646486
-0.0667897
-0.076164
-0.070788
-0.086574
-0.0757354
-0.0965589
-0.0821496
-0.107093
-0.0901906
-0.118968
-0.100075
-0.132336
-0.11159
-0.146988
-0.124068
-0.162766
-0.136925
-0.179555
-0.149741
-0.197299
-0.162095
-0.215844
-0.173574
-0.234847
-0.183821
-0.253885
-0.192571
-0.272427
-0.199654
-0.289864
-0.205007
-0.3056
-0.208633
-0.319069
-0.210597
-0.329712
-0.210995
-0.336989
-0.209955
-0.340449
-0.207613
-0.33968
-0.204046
-0.199344
-0.334253
0.226065
-0.0117843
-0.228819
0.221483
-0.00391804
0.214879
0.00161092
0.205846
0.00431581
0.193749
0.00528508
0.177918
0.00651913
0.158507
0.0090879
0.136862
0.0119513
0.114707
0.0125741
0.0931467
0.00900032
0.0724225
0.00128477
0.0523083
-0.00893786
0.0325482
-0.0197553
0.0131026
-0.0298516
-0.00579806
-0.0386431
-0.023863
-0.0461398
-0.0409052
-0.0528397
-0.0567056
-0.0593745
-0.0711911
-0.0660052
-0.0843533
-0.0727958
-0.096496
-0.0800758
-0.108211
-0.0880617
-0.120186
-0.0968051
-0.133029
-0.106581
-0.147067
-0.117442
-0.162382
-0.128941
-0.179012
-0.140521
-0.196912
-0.151819
-0.215945
-0.162484
-0.235842
-0.172212
-0.256213
-0.180752
-0.2766
-0.18789
-0.296463
-0.19353
-0.315252
-0.197613
-0.332442
-0.200123
-0.347498
-0.201149
-0.359892
-0.200801
-0.369123
-0.19921
-0.374768
-0.196482
-0.37639
-0.192755
-0.188194
-0.37354
0.232753
0.0198948
-0.236893
0.226484
0.0270915
0.218071
0.0319301
0.207099
0.0343469
0.19322
0.0353855
0.176256
0.0368987
0.156742
0.039258
0.135917
0.0407381
0.114972
0.0388636
0.0944699
0.0323192
0.0744099
0.0217306
0.0546084
0.00892365
0.0349571
-0.00425935
0.0155035
-0.0166537
-0.00355784
-0.0278189
-0.021983
-0.0378107
-0.0396789
-0.0469723
-0.056524
-0.0559596
-0.0722999
-0.0651246
-0.0869664
-0.074346
-0.100827
-0.0836003
-0.114338
-0.0929401
-0.128046
-0.102312
-0.142421
-0.112054
-0.157846
-0.122286
-0.174589
-0.132656
-0.192699
-0.142807
-0.212107
-0.152467
-0.232612
-0.161401
-0.253906
-0.16939
-0.275604
-0.176239
-0.29725
-0.181794
-0.318402
-0.185934
-0.338566
-0.188649
-0.357215
-0.189963
-0.373862
-0.189933
-0.388034
-0.188679
-0.399281
-0.186341
-0.407183
-0.183035
-0.411336
-0.178933
-0.174283
-0.411312
0.238781
0.0499698
-0.244163
0.231302
0.0564396
0.221648
0.0606149
0.209538
0.0626602
0.194778
0.0635518
0.177667
0.0646692
0.158787
0.0661156
0.138975
0.0659274
0.118924
0.061782
0.098942
0.0527607
0.0790525
0.039779
0.0592111
0.024737
0.0394121
0.00944212
0.0197419
-0.00503056
0.000360093
-0.0183115
-0.0185535
-0.0304748
-0.0367465
-0.0419338
-0.0541104
-0.053198
-0.0707526
-0.0643985
-0.0866972
-0.0754919
-0.102138
-0.0862768
-0.117469
-0.0965969
-0.133039
-0.106429
-0.149201
-0.116094
-0.166386
-0.125616
-0.18483
-0.134819
-0.204561
-0.143534
-0.225469
-0.151606
-0.247345
-0.158877
-0.269905
-0.165184
-0.292801
-0.17038
-0.315632
-0.174349
-0.337963
-0.176994
-0.359362
-0.178299
-0.37938
-0.17831
-0.397562
-0.177104
-0.413457
-0.174816
-0.426648
-0.171583
-0.436738
-0.16754
-0.443367
-0.16287
-0.157827
-0.446231
0.244573
0.0775907
-0.250985
0.236281
0.083206
0.225931
0.086703
0.213414
0.0882006
0.198683
0.0886344
0.182027
0.089061
0.164004
0.0893367
0.145056
0.0876203
0.125493
0.081737
0.10552
0.0708774
0.0853065
0.0559998
0.0650206
0.0390109
0.0448097
0.0217398
0.0247517
0.00533325
0.00488815
-0.00980229
-0.0146202
-0.023859
-0.0335553
-0.0373068
-0.0518263
-0.0505259
-0.0695539
-0.0634328
-0.086775
-0.076063
-0.103725
-0.0880094
-0.120688
-0.0990584
-0.137845
-0.109277
-0.155607
-0.118745
-0.174335
-0.127517
-0.194207
-0.135583
-0.215235
-0.142922
-0.237323
-0.149465
-0.26028
-0.155129
-0.283851
-0.159795
-0.307724
-0.163359
-0.331545
-0.165729
-0.354894
-0.166872
-0.377372
-0.166743
-0.39856
-0.165415
-0.418045
-0.162969
-0.435435
-0.159542
-0.450358
-0.15528
-0.462447
-0.150351
-0.471377
-0.144944
-0.139277
-0.476912
0.250378
0.101879
-0.257427
0.241643
0.106635
0.231078
0.109418
0.218609
0.110298
0.204345
0.110047
0.18855
0.109585
0.171513
0.108757
0.153336
0.105924
0.134059
0.098981
0.113788
0.0870598
0.0928267
0.0709284
0.0715673
0.0524057
0.0503683
0.0333579
0.0294936
0.0150269
0.00885193
-0.00182568
-0.0116154
-0.0174247
-0.0317335
-0.0324734
-0.0513404
-0.0473379
-0.0704305
-0.0617757
-0.0891127
-0.0757037
-0.107497
-0.0887077
-0.125738
-0.100522
-0.144147
-0.111044
-0.163091
-0.120285
-0.182822
-0.128401
-0.203545
-0.135409
-0.225314
-0.141422
-0.248082
-0.146453
-0.271684
-0.150513
-0.295893
-0.153534
-0.320408
-0.155463
-0.344897
-0.156232
-0.368983
-0.155838
-0.392265
-0.154266
-0.414347
-0.151583
-0.434854
-0.147861
-0.453413
-0.143259
-0.469703
-0.137897
-0.483402
-0.131985
-0.494243
-0.125698
-0.119272
-0.502
0.255931
0.122056
-0.26316
0.247225
0.126014
0.236868
0.128167
0.224836
0.128455
0.211265
0.127512
0.19644
0.126126
0.180455
0.124349
0.163124
0.120832
0.144211
0.113535
0.123633
0.10144
0.101808
0.0848197
0.0792346
0.0654177
0.0565371
0.0449734
0.0341595
0.0249105
0.012338
0.00619825
-0.0092711
-0.0108091
-0.0307582
-0.0270679
-0.0520282
-0.0431294
-0.0727556
-0.0589792
-0.0931136
-0.0740321
-0.112966
-0.088178
-0.132573
-0.100746
-0.152101
-0.111717
-0.171914
-0.120894
-0.192244
-0.128546
-0.213325
-0.134678
-0.235312
-0.139455
-0.258199
-0.143041
-0.281929
-0.145472
-0.306265
-0.146847
-0.330977
-0.147088
-0.3557
-0.146252
-0.380108
-0.144288
-0.403795
-0.14126
-0.426393
-0.137202
-0.447515
-0.132216
-0.466837
-0.12642
-0.484035
-0.119962
-0.498844
-0.113029
-0.511026
-0.105817
-0.0985485
-0.520405
0.260912
0.137737
-0.26809
0.252495
0.140988
0.242621
0.142629
0.231323
0.142374
0.218604
0.140908
0.204931
0.138572
0.190045
0.136163
0.173946
0.132083
0.155669
0.125269
0.135159
0.113799
0.112689
0.0976258
0.088814
0.0782103
0.0647514
0.0566344
0.0406052
0.0354342
0.017096
0.0149622
-0.00649385
-0.00298971
-0.0294775
-0.0207826
-0.0522887
-0.0378465
-0.0743261
-0.0552009
-0.0964146
-0.0708305
-0.118035
-0.0859638
-0.139319
-0.0992726
-0.160205
-0.110919
-0.181018
-0.12031
-0.202094
-0.127689
-0.223383
-0.133428
-0.245424
-0.137088
-0.267943
-0.139626
-0.291379
-0.14035
-0.315197
-0.140311
-0.339633
-0.138651
-0.363941
-0.136395
-0.388263
-0.132597
-0.411696
-0.128365
-0.434443
-0.122632
-0.455548
-0.116672
-0.475246
-0.109432
-0.492698
-0.102164
-0.508127
-0.0940268
-0.520904
-0.0861118
-0.0778419
-0.531255
0.264704
-0.27184
0.257352
0.24774
0.237918
0.225394
0.213641
0.19876
0.185181
0.167618
0.148822
0.12673
0.10174
0.0760859
0.0491981
0.0234577
-0.00159384
-0.025524
-0.0500151
-0.0734032
-0.0971526
-0.120059
-0.143192
-0.166037
-0.188357
-0.210778
-0.232561
-0.255022
-0.277001
-0.300079
-0.322749
-0.346604
-0.369622
-0.39355
-0.415788
-0.438412
-0.458481
-0.4783
-0.494963
-0.510694
-0.522959
-0.53372
0.0194277
-0.489837
-0.0099169
-0.489052
-0.0356928
-0.480915
-0.0569865
-0.466239
-0.0730949
-0.445727
-0.0835806
-0.420242
-0.0883926
-0.390789
-0.0877751
-0.358483
-0.0822634
-0.324393
-0.0726803
-0.289614
-0.0600037
-0.255237
-0.0455005
-0.222378
-0.0306659
-0.192032
-0.0168752
-0.165546
-0.00588534
-0.143814
0.00063613
-0.12474
-0.110272
0.0128363
-0.447091
-0.0147057
-0.447041
-0.0392841
-0.441029
-0.0599903
-0.429465
-0.0761143
-0.412891
-0.0872064
-0.391943
-0.0930923
-0.367377
-0.0939284
-0.340005
-0.0900437
-0.310739
-0.0819504
-0.280504
-0.0705054
-0.250054
-0.0567787
-0.22029
-0.0419122
-0.192128
-0.0272303
-0.166717
-0.0145705
-0.144417
-0.00411757
-0.124759
-0.105711
0.00714113
-0.40475
-0.0187292
-0.405631
-0.0419447
-0.401441
-0.0617581
-0.39251
-0.0775374
-0.379291
-0.0888455
-0.362252
-0.0954545
-0.341965
-0.0973613
-0.319036
-0.0948056
-0.294154
-0.0882104
-0.268073
-0.0781301
-0.241422
-0.0653827
-0.214844
-0.0508788
-0.189158
-0.0358357
-0.165201
-0.0215274
-0.143261
-0.00856145
-0.123519
-0.101468
0.00195144
-0.364366
-0.021989
-0.365575
-0.0437426
-0.362747
-0.0625497
-0.355982
-0.0778254
-0.345583
-0.0891342
-0.331889
-0.0962188
-0.315313
-0.098985
-0.296319
-0.0975364
-0.275412
-0.0921851
-0.25315
-0.0833302
-0.230085
-0.0715347
-0.206701
-0.0575542
-0.183626
-0.0423938
-0.161445
-0.0269692
-0.14053
-0.0119904
-0.121255
-0.0972681
-0.00225965
-0.325534
-0.0244052
-0.327186
-0.0446314
-0.325458
-0.0623
-0.320463
-0.0768897
-0.312404
-0.0879846
-0.301533
-0.0953053
-0.288143
-0.0987051
-0.272579
-0.0981845
-0.255215
-0.0939154
-0.236448
-0.0862087
-0.2167
-0.0754398
-0.196399
-0.0621663
-0.175993
-0.0471184
-0.155897
-0.031057
-0.13645
-0.0148096
-0.117955
-0.0932544
-0.00581398
-0.289268
-0.0260397
-0.290975
-0.0446697
-0.290034
-0.0611139
-0.286435
-0.0748825
-0.280294
-0.0855838
-0.27178
-0.0929272
-0.261097
-0.0967359
-0.248492
-0.0969445
-0.234236
-0.0936132
-0.218614
-0.086929
-0.201928
-0.0771708
-0.184523
-0.0647212
-0.16675
-0.0500727
-0.148914
-0.033827
-0.131249
-0.0168898
-0.113751
-0.0894269
-0.00843183
-0.255272
-0.026866
-0.257132
-0.043902
-0.256797
-0.0590567
-0.254295
-0.0718976
-0.249702
-0.0820561
-0.243135
-0.0892471
-0.234727
-0.0932721
-0.224645
-0.0940263
-0.213081
-0.0914935
-0.200237
-0.0857519
-0.186333
-0.0769752
-0.171623
-0.0654145
-0.156387
-0.0513974
-0.140859
-0.0353892
-0.125138
-0.0181789
-0.108898
-0.0857007
-0.0103492
-0.224193
-0.0269565
-0.225945
-0.0423964
-0.226008
-0.0562263
-0.224345
-0.068059
-0.220988
-0.0775622
-0.216005
-0.0844562
-0.209486
-0.0885372
-0.201532
-0.0896707
-0.192272
-0.0877925
-0.181849
-0.0829051
-0.170421
-0.0750839
-0.158178
-0.0644768
-0.145333
-0.0512983
-0.132058
-0.0358878
-0.118332
-0.0187785
-0.103638
-0.0820424
-0.0114437
-0.195733
-0.026345
-0.197478
-0.0402224
-0.197825
-0.0527203
-0.196795
-0.0634986
-0.19441
-0.0722575
-0.190705
-0.0787462
-0.185728
-0.0827552
-0.179546
-0.0841329
-0.172237
-0.0827788
-0.1639
-0.0786441
-0.154647
-0.0717367
-0.144618
-0.0621225
-0.133974
-0.0499282
-0.122832
-0.0353695
-0.111085
-0.0187707
-0.0981123
-0.078439
-0.0118949
-0.170262
-0.0251099
-0.171833
-0.0374624
-0.17234
-0.0486352
-0.171776
-0.0583368
-0.170141
-0.0663032
-0.167449
-0.0723027
-0.16372
-0.0761406
-0.15899
-0.0776524
-0.153312
-0.0767117
-0.146753
-0.0732364
-0.139388
-0.0671877
-0.131316
-0.0585774
-0.122654
-0.0474621
-0.11348
-0.0339419
-0.103646
-0.0182025
-0.0924521
-0.0748549
-0.0116339
-0.147467
-0.0232966
-0.14894
-0.0341915
-0.149557
-0.0440715
-0.149335
-0.0526952
-0.148273
-0.0598399
-0.146369
-0.0653003
-0.143631
-0.068889
-0.14008
-0.0704432
-0.135751
-0.0698276
-0.130685
-0.066933
-0.124938
-0.0616922
-0.118571
-0.0540808
-0.111662
-0.0441102
-0.104258
-0.0317905
-0.0962173
-0.0171924
-0.0867814
-0.071299
-0.0108433
-0.127532
-0.0209683
-0.128798
-0.0304624
-0.12944
-0.0390994
-0.129452
-0.0466734
-0.128817
-0.0529952
-0.127519
-0.0578852
-0.125559
-0.0611725
-0.122954
-0.062701
-0.119725
-0.0623333
-0.115901
-0.0599563
-0.111515
-0.0554831
-0.106607
-0.0488599
-0.101226
-0.0400683
-0.095385
-0.0290726
-0.088966
-0.0158277
-0.0812219
-0.0677938
-0.00944542
-0.110128
-0.018163
-0.111252
-0.0263309
-0.111893
-0.0337769
-0.112062
-0.0403369
-0.111734
-0.0458516
-0.11089
-0.0501635
-0.109533
-0.0531194
-0.107677
-0.0545766
-0.105336
-0.0544067
-0.102528
-0.0524975
-0.0992701
-0.0487568
-0.0955878
-0.0431111
-0.091513
-0.0355053
-0.0870453
-0.0258964
-0.0820561
-0.0141834
-0.0758599
-0.0643661
-0.00764695
-0.0953153
-0.0149704
-0.0962302
-0.02186
-0.0968168
-0.0281663
-0.0970671
-0.0337517
-0.0969451
-0.0384807
-0.0964323
-0.0422166
-0.095534
-0.0448266
-0.0942618
-0.0461858
-0.0926248
-0.0461793
-0.090631
-0.0447023
-0.0882924
-0.0416591
-0.085626
-0.0369666
-0.0826539
-0.030555
-0.0793652
-0.0223642
-0.0756242
-0.0123269
-0.0707547
-0.0610452
-0.00531343
-0.0827565
-0.011375
-0.0835222
-0.0170732
-0.0840498
-0.0223044
-0.0843341
-0.0269623
-0.0843426
-0.0309346
-0.0840639
-0.0341068
-0.0835066
-0.0363681
-0.0826803
-0.0376137
-0.0815892
-0.037745
-0.0802369
-0.0366688
-0.0786318
-0.0342967
-0.0767877
-0.0305432
-0.0747259
-0.0253238
-0.0724364
-0.0185834
-0.0697562
-0.0103043
-0.0659738
-0.0578489
-0.00264812
-0.0724659
-0.00745383
-0.0730313
-0.0120043
-0.0734615
-0.01621
-0.0737313
-0.0199837
-0.0738065
-0.0232329
-0.0736821
-0.025864
-0.0733684
-0.027788
-0.0728715
-0.0289196
-0.0721927
-0.0291766
-0.0713342
-0.0284795
-0.0703028
-0.0267533
-0.069109
-0.02393
-0.0677688
-0.0199435
-0.0662718
-0.0147168
-0.0644675
-0.00821728
-0.0616016
-0.054848
0.000539904
-0.0641143
-0.00313559
-0.0645375
-0.00662358
-0.0648757
-0.00986867
-0.0651073
-0.0128085
-0.0652055
-0.0153738
-0.065173
-0.0174946
-0.0650212
-0.0191036
-0.0647545
-0.0201355
-0.0643733
-0.0205249
-0.06388
-0.0202071
-0.0632824
-0.0191199
-0.0625892
-0.0172135
-0.0618051
-0.0144539
-0.0609054
-0.0107971
-0.0597504
-0.00608185
-0.0577045
-0.0520897
0.00403442
-0.0577147
0.00149528
-0.057957
-0.000959305
-0.0581766
-0.00328427
-0.0583388
-0.00543152
-0.0584203
-0.00735092
-0.0584261
-0.00899395
-0.0583668
-0.0103139
-0.0582455
-0.0112644
-0.0580626
-0.0117989
-0.0578219
-0.0118709
-0.0575312
-0.0114357
-0.0571987
-0.0104558
-0.0568222
-0.00890425
-0.0563676
-0.00676711
-0.0556829
-0.00388357
-0.0542801
-0.0495752
0.00812387
-0.0529621
0.00659238
-0.0530815
0.0050786
-0.0531954
0.00360093
-0.0532806
0.00218488
-0.0533215
0.000858111
-0.0533255
-0.000352433
-0.0533028
-0.00141985
-0.0532571
-0.00231642
-0.05319
-0.00301389
-0.0531061
-0.00348484
-0.0530131
-0.0037052
-0.052916
-0.00365742
-0.0528068
-0.00332933
-0.0526462
-0.00268256
-0.0523091
-0.0016626
-0.0513241
-0.0473223
0.0125945
-0.0499264
0.0121006
-0.0498763
0.0115167
-0.0498603
0.010855
-0.0498448
0.0101274
-0.049814
0.00934403
-0.0497743
0.00851476
-0.0497357
0.00764949
-0.049702
0.00675882
-0.0496761
0.00585378
-0.049663
0.00494423
-0.0496694
0.00403661
-0.0496973
0.00313338
-0.0497344
0.00223292
-0.0497376
0.00135364
-0.0496018
0.000528436
-0.0488701
-0.0453835
0.0177905
-0.0483339
0.0182262
-0.048187
0.018496
-0.048053
0.0185878
-0.0479312
0.0184933
-0.0478097
0.0182028
-0.0476938
0.0177073
-0.0475942
0.0169993
-0.0475164
0.0160722
-0.0474641
0.0149193
-0.0474422
0.0135325
-0.0474556
0.0119001
-0.0475026
0.0100085
-0.0475686
0.00784484
-0.0476109
0.00541521
-0.0475427
0.00272681
-0.0469078
-0.0437595
0.023457
-0.0483366
0.0248473
-0.048012
0.0259542
-0.0477357
0.0267633
-0.0474872
0.0272514
-0.0472465
0.0273943
-0.0470176
0.0271696
-0.0468129
0.026555
-0.0466379
0.0255283
-0.0464955
0.024067
-0.0463904
0.0221475
-0.0463254
0.0197441
-0.0462956
0.0168312
-0.0462862
0.0133863
-0.0462563
0.00940829
-0.0461393
0.00487925
-0.0454608
-0.0424916
0.0299369
-0.0496451
0.0321816
-0.0492446
0.0340488
-0.0488308
0.0355018
-0.0484448
0.036505
-0.0480676
0.0370158
-0.0476955
0.0369936
-0.0473429
0.0364017
-0.0470178
0.0352039
-0.0467233
0.0333641
-0.0464627
0.0308461
-0.0462372
0.0276131
-0.0460404
0.0236318
-0.0458588
0.0188742
-0.045655
0.0133328
-0.0453811
0.00698498
-0.0445452
-0.0416077
0.0369837
-0.0525117
0.0401117
-0.0519261
0.042738
-0.0513566
0.0448125
-0.0508073
0.0462818
-0.0502554
0.047095
-0.0496984
0.0472029
-0.0491515
0.0465569
-0.0486218
0.0451089
-0.0481112
0.0428126
-0.0476228
0.0396231
-0.047157
0.0354975
-0.0467071
0.0303982
-0.0462619
0.024295
-0.0457888
0.0171759
-0.0452547
0.00903166
-0.0441674
-0.0411307
0.0449278
-0.0566532
0.0488551
-0.0560008
0.0521534
-0.0552626
0.05476
-0.0545292
0.0566162
-0.0537806
0.0576528
-0.0530021
0.0578054
-0.0522114
0.0570157
-0.0514194
0.0552277
-0.0506277
0.052388
-0.0498388
0.0484469
-0.0490537
0.0433601
-0.0482667
0.0370901
-0.0474704
0.02961
-0.046638
0.0209103
-0.0457494
0.0110035
-0.04433
-0.0410764
0.0534669
-0.0623768
0.0582034
-0.06152
0.0621727
-0.0605984
0.0652855
-0.0596432
0.0674656
-0.0586454
0.0686438
-0.0575944
0.0687518
-0.0565054
0.0677239
-0.0553884
0.0654994
-0.0542459
0.0620234
-0.0530816
0.0572474
-0.051898
0.0511303
-0.0506918
0.0436408
-0.0494598
0.0347609
-0.0481826
0.0244887
-0.0468504
0.0128923
-0.0450523
-0.0414386
0.0628766
-0.0694006
0.0683372
-0.0684484
0.0728757
-0.0673219
0.0763879
-0.0661112
0.0788002
-0.0648336
0.0800258
-0.063461
0.0799856
-0.0620118
0.0786122
-0.0605019
0.0758459
-0.0589358
0.0716343
-0.0573185
0.0659355
-0.0556558
0.0587199
-0.0539502
0.0499702
-0.052203
0.0396877
-0.0504062
0.0278883
-0.0485566
0.0146428
-0.0462905
-0.0422281
0.0727865
-0.0780469
0.0789829
-0.0768503
0.0840758
-0.075483
0.0879529
-0.0739724
0.0905192
-0.0723477
0.0916952
-0.0705899
0.0914007
-0.06871
0.0895706
-0.0667309
0.0861523
-0.0646624
0.081103
-0.0625101
0.0743944
-0.0602859
0.0660144
-0.0579991
0.0559672
-0.0556581
0.0442758
-0.0532639
0.0309899
-0.0508308
0.0162012
-0.0480269
-0.043462
0.0834107
-0.0880053
0.0902484
-0.086682
0.0957924
-0.0850415
0.0999133
-0.0831793
0.102525
-0.0811596
0.103535
-0.0789488
0.102863
-0.0765603
0.100451
-0.0740292
0.0962588
-0.0713711
0.0902602
-0.068597
0.0824494
-0.0657261
0.072841
-0.0627771
0.0614706
-0.0597676
0.0483961
-0.0567094
0.0337031
-0.0536332
0.0175206
-0.0502392
-0.0451488
0.0943295
-0.0996099
0.101808
-0.0979864
0.107766
-0.0960172
0.112076
-0.0937442
0.114632
-0.091244
0.115355
-0.0884941
0.114176
-0.085509
0.111051
-0.0823328
0.105959
-0.0789909
0.0989003
-0.0755024
0.0899004
-0.0718971
0.0790112
-0.0682056
0.0663103
-0.0644577
0.0519022
-0.0606783
0.0359195
-0.0569134
0.0185412
-0.0528971
-0.0472933
0.105655
-0.112522
0.113664
-0.110682
0.119919
-0.108337
0.124283
-0.10559
0.126657
-0.102536
0.126957
-0.0991561
0.125129
-0.0954756
0.121149
-0.0915523
0.115025
-0.0874243
0.106793
-0.083123
0.0965196
-0.0786924
0.0843062
-0.0741793
0.0702852
-0.0696295
0.0546211
-0.0650845
0.0375082
-0.0606061
0.0191907
-0.0559659
-0.0499036
0.116896
-0.127012
0.125439
-0.124783
0.131945
-0.121985
0.136284
-0.118676
0.138353
-0.114963
0.13809
-0.110844
0.135466
-0.106357
0.130486
-0.101572
0.123194
-0.0965446
0.113673
-0.0913244
0.102048
-0.0859748
0.0884794
-0.0805637
0.0731713
-0.0751578
0.0563634
-0.0698209
0.0383277
-0.0646322
0.0193921
-0.0594074
-0.0529921
0.128101
-0.142706
0.137054
-0.140154
0.143683
-0.136835
0.147857
-0.132882
0.14948
-0.128409
0.148502
-0.123433
0.144922
-0.118013
0.138784
-0.112238
0.130181
-0.106188
0.119257
-0.0999356
0.106204
-0.0935716
0.0912667
-0.0871924
0.0747321
-0.0808916
0.0569337
-0.0747615
0.0382371
-0.0689011
0.019073
-0.0631818
-0.056571
0.138754
-0.159799
0.148112
-0.156749
0.154807
-0.152813
0.158715
-0.148103
0.159754
-0.142741
0.157903
-0.136768
0.1532
-0.130273
0.14574
-0.123363
0.135679
-0.116154
0.123238
-0.10875
0.108698
-0.10128
0.0924006
-0.0938734
0.0747371
-0.0866601
0.0561497
-0.0797662
0.0371134
-0.073315
0.0181745
-0.0672438
-0.0606419
0.148833
-0.177865
0.158469
-0.174369
0.165099
-0.169738
0.168597
-0.164164
0.168896
-0.157779
0.166002
-0.150657
0.159997
-0.142922
0.151041
-0.134719
0.139372
-0.126204
0.125308
-0.11753
0.109239
-0.108867
0.09162
-0.100393
0.0729668
-0.0922767
0.0538438
-0.0846851
0.0348466
-0.0777685
0.016639
-0.0715359
-0.0652018
0.157842
-0.197027
0.167748
-0.192902
0.174248
-0.187468
0.17722
-0.180887
0.176621
-0.173317
0.172503
-0.164872
0.165011
-0.155716
0.154385
-0.146046
0.140967
-0.136073
0.125189
-0.126009
0.107571
-0.116081
0.0887027
-0.106518
0.0692384
-0.0975388
0.0498779
-0.0893541
0.0313459
-0.0821444
0.0144254
-0.0759926
-0.0702377
0.165713
-0.216794
0.175774
-0.212095
0.182019
-0.205766
0.184322
-0.198044
0.182663
-0.189116
0.177138
-0.179152
0.167969
-0.168377
0.155503
-0.157057
0.140203
-0.145473
0.12264
-0.133907
0.103481
-0.122653
0.083472
-0.112005
0.063419
-0.102236
0.0441648
-0.0936014
0.0265657
-0.0863154
0.0115206
-0.080535
-0.0757139
0.171989
-0.237222
0.182202
-0.231773
0.188123
-0.224424
0.18963
-0.21539
0.186742
-0.204909
0.179627
-0.193215
0.168601
-0.180611
0.154133
-0.167449
0.136831
-0.154096
0.117427
-0.14092
0.0967585
-0.128298
0.0757441
-0.116594
0.055357
-0.106145
0.0365919
-0.09725
0.0204407
-0.0901608
0.007889
-0.0850824
-0.0816137
0.176625
-0.257763
0.186887
-0.251623
0.192364
-0.243155
0.192932
-0.232645
0.188647
-0.220405
0.179757
-0.206759
0.166696
-0.192108
0.150074
-0.176905
0.130666
-0.161626
0.109388
-0.146742
0.0872684
-0.132725
0.0654176
-0.120024
0.0449849
-0.109039
0.027121
-0.100118
0.01295
-0.0935511
0.00353032
-0.0895613
-0.0879263
0.179261
-0.278444
0.1896
-0.271441
0.194581
-0.26171
0.194098
-0.249537
0.188272
-0.235319
0.177445
-0.219485
0.162182
-0.202552
0.143265
-0.185103
0.121661
-0.167742
0.098498
-0.151063
0.0750209
-0.135652
0.0525444
-0.122045
0.0324049
-0.110716
0.0159136
-0.102062
0.00429614
-0.0963878
-0.00137841
-0.0938798
-0.0944947
-0.49632
-0.0596142
0.50845
-0.481739
-0.0722528
-0.464273
-0.0853
-0.444668
-0.0985405
-0.422636
-0.111685
-0.398922
-0.124487
-0.373375
-0.136655
-0.346691
-0.147935
-0.318811
-0.158067
-0.290333
-0.166831
-0.261282
-0.174001
-0.23212
-0.17943
-0.202912
-0.182954
-0.17399
-0.184481
-0.145439
-0.183927
-0.117463
-0.181264
-0.0901529
-0.17648
-0.063604
-0.16961
-0.0379044
-0.160706
-0.0130698
-0.149854
0.0108398
-0.137172
0.0338411
-0.122801
0.0558787
-0.106957
0.076975
-0.0898066
0.0971142
-0.0715742
0.116284
-0.052507
0.134504
-0.0328523
0.151721
-0.0128995
0.167984
0.00707594
0.183188
0.0267653
0.197414
0.0458891
0.210523
0.0641273
0.222613
0.0812502
0.233521
0.0969353
0.243376
0.111029
0.251992
0.123231
0.259551
0.133494
0.265858
0.14156
0.271161
0.147521
0.275246
0.15118
0.152751
-0.488118
-0.080568
0.498716
-0.474602
-0.0926961
-0.458316
-0.10516
-0.439486
-0.117717
-0.418344
-0.130116
-0.395188
-0.142082
-0.370305
-0.153362
-0.344015
-0.163687
-0.316617
-0.172835
-0.288426
-0.180571
-0.259716
-0.186712
-0.230766
-0.191098
-0.201804
-0.193602
-0.173052
-0.194129
-0.144684
-0.192622
-0.116856
-0.189053
-0.0896868
-0.183431
-0.0632767
-0.175791
-0.0376945
-0.1662
-0.0129887
-0.154749
0.010804
-0.141558
0.0336631
-0.126774
0.0555679
-0.110603
0.0765175
-0.0932278
0.0965033
-0.0748617
0.115516
-0.055749
0.133552
-0.036143
0.150592
-0.016317
0.166625
0.00344448
0.181621
0.0228509
0.195563
0.0416123
0.208402
0.0594384
0.220131
0.0760643
0.230692
0.0912218
0.240095
0.104699
0.248277
0.116275
0.255278
0.125816
0.261044
0.133173
0.265657
0.13832
0.269078
0.141202
0.141884
-0.473799
-0.100507
0.482393
-0.462061
-0.112134
-0.447363
-0.124003
-0.429925
-0.135892
-0.410019
-0.14754
-0.387938
-0.158686
-0.364004
-0.169078
-0.338541
-0.17847
-0.31188
-0.186638
-0.284331
-0.193376
-0.256198
-0.198508
-0.227756
-0.20189
-0.199257
-0.203412
-0.17092
-0.202992
-0.142934
-0.200587
-0.115457
-0.196181
-0.0886182
-0.189793
-0.0625178
-0.18147
-0.037232
-0.171284
-0.0128138
-0.159337
0.0106986
-0.145748
0.0332816
-0.13067
0.0549116
-0.114302
0.0755818
-0.0968366
0.0952834
-0.0784817
0.114005
-0.0594775
0.131737
-0.0400769
0.148461
-0.0205471
0.164156
-0.00116846
0.178795
0.0177739
0.192347
0.0359935
0.204774
0.0532094
0.216044
0.0691528
0.226116
0.0835718
0.234968
0.0962413
0.242561
0.106966
0.248896
0.115588
0.253946
0.121997
0.257747
0.126128
0.260312
0.127964
0.127537
-0.45379
-0.118785
0.459819
-0.444347
-0.129981
-0.431695
-0.141322
-0.416083
-0.152597
-0.397801
-0.163545
-0.37717
-0.173918
-0.35453
-0.18347
-0.330224
-0.191971
-0.3046
-0.199209
-0.277987
-0.204998
-0.2507
-0.209176
-0.223028
-0.211615
-0.195233
-0.212219
-0.167544
-0.210926
-0.140159
-0.207703
-0.113243
-0.202548
-0.0869301
-0.195491
-0.061328
-0.186587
-0.0365169
-0.17592
-0.0125553
-0.163594
0.0105154
-0.149736
0.0326674
-0.134499
0.0538739
-0.118075
0.0741245
-0.100668
0.0934066
-0.0824791
0.111706
-0.0637443
0.129009
-0.0447139
0.145293
-0.0256504
0.160534
-0.00682828
0.174699
0.011473
0.187753
0.0289729
0.199654
0.0453962
0.210362
0.0604785
0.219833
0.0739735
0.228032
0.0856586
0.234926
0.0953435
0.240491
0.102874
0.244718
0.108142
0.247615
0.111081
0.249207
0.111678
0.109968
-0.428713
-0.134875
0.431788
-0.421935
-0.145755
-0.411686
-0.156672
-0.398238
-0.167426
-0.381908
-0.177759
-0.363039
-0.187436
-0.341993
-0.196224
-0.319135
-0.203907
-0.294827
-0.21029
-0.269419
-0.215204
-0.243236
-0.218508
-0.216581
-0.220087
-0.189728
-0.219865
-0.162915
-0.217793
-0.136348
-0.213854
-0.1102
-0.208059
-0.0846132
-0.200449
-0.0596992
-0.191089
-0.0355444
-0.180069
-0.0122125
-0.167502
0.0102514
-0.153517
0.0318149
-0.138271
0.0524486
-0.121947
0.072136
-0.104757
0.0908619
-0.0868968
0.108609
-0.0685983
0.125356
-0.0501072
0.141081
-0.0316808
0.155752
-0.0135869
0.169336
0.00390195
0.181789
0.0205122
0.193066
0.035975
0.203121
0.0500325
0.211905
0.0624439
0.219374
0.0729916
0.225492
0.0814894
0.230228
0.0877869
0.23357
0.0917768
0.235515
0.0933974
0.236085
0.092634
0.0895258
-0.399348
-0.148382
0.399262
-0.395452
-0.159083
-0.387827
-0.169702
-0.376774
-0.180046
-0.362632
-0.18987
-0.345765
-0.19895
-0.326556
-0.207067
-0.305388
-0.214026
-0.282639
-0.219648
-0.258674
-0.223784
-0.233833
-0.226312
-0.208429
-0.227137
-0.182744
-0.226197
-0.157028
-0.223462
-0.131494
-0.218929
-0.106323
-0.212624
-0.0816607
-0.204596
-0.0576265
-0.194921
-0.0343118
-0.183697
-0.0117854
-0.171041
0.00990368
-0.157088
0.0307182
-0.141995
0.0506276
-0.12594
0.0696066
-0.109134
0.0876388
-0.0917744
0.104702
-0.0740842
0.120773
-0.0563037
0.135824
-0.0386841
0.14982
-0.0214854
0.162722
-0.0049719
0.174484
0.0105912
0.185056
0.0249432
0.194387
0.0378341
0.202424
0.0490302
0.209116
0.058321
0.214421
0.0655252
0.218306
0.0704956
0.220749
0.0731302
0.221747
0.0733691
0.221314
0.0711982
0.0666616
-0.366619
-0.159076
0.363379
-0.365641
-0.169731
-0.360716
-0.180172
-0.352164
-0.19022
-0.340342
-0.199642
-0.325633
-0.208228
-0.308433
-0.215779
-0.289142
-0.222116
-0.268151
-0.227083
-0.245835
-0.23055
-0.222545
-0.232416
-0.198604
-0.232607
-0.174301
-0.231077
-0.149893
-0.227813
-0.1256
-0.222828
-0.101607
-0.216158
-0.078068
-0.207866
-0.0551051
-0.198036
-0.0328149
-0.186772
-0.0112708
-0.174196
0.00947373
-0.160448
0.0293775
-0.145682
0.0484088
-0.130076
0.0665343
-0.113829
0.0837365
-0.097148
0.0999896
-0.0802413
0.115266
-0.0633431
0.129535
-0.046697
0.142758
-0.0305533
0.154893
-0.0151666
0.16589
-0.000791958
0.175697
0.0123201
0.184257
0.023929
0.191514
0.033811
0.197415
0.0417643
0.201912
0.047613
0.204968
0.0512179
0.206558
0.0524814
0.206674
0.0513468
0.205328
0.047803
0.041899
-0.331558
-0.166903
0.325386
-0.333347
-0.177611
-0.331036
-0.187969
-0.324955
-0.197814
-0.315472
-0.206926
-0.30298
-0.215112
-0.287884
-0.222193
-0.270594
-0.228011
-0.251507
-0.232432
-0.231005
-0.235346
-0.209445
-0.236674
-0.187154
-0.236362
-0.164428
-0.234382
-0.141526
-0.230738
-0.118672
-0.225455
-0.0960558
-0.218585
-0.0738334
-0.210199
-0.0521314
-0.200389
-0.0310495
-0.189265
-0.0106649
-0.176953
0.00896492
-0.163595
0.0277962
-0.149343
0.0457944
-0.134374
0.0629237
-0.118871
0.0791616
-0.103049
0.0944809
-0.0871032
0.108851
-0.0712575
0.122239
-0.055746
0.134604
-0.0408078
0.145901
-0.0266854
0.156078
-0.0136216
0.165081
-0.00185428
0.172851
0.00838833
0.17933
0.0168944
0.184462
0.0234712
0.1882
0.0279529
0.190501
0.0302109
0.191342
0.0301529
0.190711
0.0277272
0.188621
0.0229275
0.0158076
-0.295276
-0.172
0.286623
-0.299486
-0.182799
-0.299534
-0.193118
-0.295751
-0.202809
-0.288505
-0.211668
-0.278189
-0.219522
-0.265209
-0.226211
-0.249973
-0.2316
-0.23288
-0.235575
-0.214311
-0.238049
-0.194624
-0.238964
-0.174145
-0.238287
-0.153168
-0.236006
-0.131954
-0.23214
-0.110727
-0.226729
-0.0896762
-0.219836
-0.0689595
-0.211541
-0.0487045
-0.201941
-0.0290129
-0.191152
-0.00996392
-0.179301
0.00838216
-0.166529
0.0259799
-0.152989
0.0427918
-0.13885
0.0587853
-0.124287
0.0739287
-0.109506
0.0881965
-0.094697
0.101557
-0.0800704
0.113975
-0.0658471
0.125409
-0.0522528
0.135814
-0.0395156
0.145137
-0.0278632
0.153324
-0.0175183
0.160314
-0.00869339
0.166051
-0.00158682
0.17048
0.00362027
0.173552
0.00677777
0.175226
0.00776676
0.17548
0.00650301
0.174304
0.00294263
0.171713
-0.00291533
-0.0110105
-0.258912
-0.17469
0.248439
-0.26501
-0.185531
-0.266999
-0.195781
-0.265199
-0.205303
-0.259965
-0.213915
-0.25168
-0.221461
-0.240738
-0.227803
-0.227539
-0.232825
-0.21247
-0.236438
-0.195905
-0.238575
-0.178194
-0.239197
-0.159656
-0.238291
-0.140578
-0.235861
-0.121216
-0.231939
-0.101789
-0.22658
-0.0824835
-0.219852
-0.0634543
-0.211844
-0.044828
-0.202659
-0.0267055
-0.192411
-0.00916577
-0.181229
0.00773007
-0.169253
0.0239358
-0.15663
0.0394134
-0.143522
0.0541342
-0.130099
0.0680588
-0.116541
0.0811651
-0.103044
0.0934218
-0.089797
0.104793
-0.0770054
0.115239
-0.0648788
0.124716
-0.0536286
0.133172
-0.0434642
0.140555
-0.0345896
0.146808
-0.0271989
0.151876
-0.0214754
0.155707
-0.0175823
0.158255
-0.0156541
0.159483
-0.0157971
0.159371
-0.018084
0.157915
-0.0225506
0.155132
-0.0291894
-0.0379353
-0.223594
-0.175469
0.212153
-0.230877
-0.186194
-0.234236
-0.19625
-0.233968
-0.20551
-0.230403
-0.21381
-0.223901
-0.221015
-0.214833
-0.227007
-0.203577
-0.231691
-0.190501
-0.234997
-0.175961
-0.236877
-0.160288
-0.237314
-0.143786
-0.23631
-0.126731
-0.233881
-0.109364
-0.230073
-0.0918951
-0.224949
-0.0745024
-0.218584
-0.057334
-0.211071
-0.0405116
-0.202513
-0.0241319
-0.193025
-0.00827114
-0.182732
0.00701171
-0.171769
0.0216713
-0.160277
0.0356716
-0.148407
0.0489837
-0.13632
0.0615765
-0.124176
0.073421
-0.112158
0.084491
-0.100444
0.0947537
-0.0892156
0.104172
-0.0786643
0.112705
-0.068981
0.120305
-0.0603541
0.126925
-0.0529658
0.132513
-0.0469899
0.13702
-0.0425902
0.140399
-0.0399082
0.142609
-0.039062
0.143622
-0.0401426
0.143419
-0.0432085
0.142004
-0.048285
0.139399
-0.0553557
-0.0643529
-0.190415
-0.174988
0.179018
-0.198029
-0.185316
-0.202052
-0.194944
-0.202742
-0.20375
-0.200392
-0.211593
-0.195326
-0.218353
-0.187882
-0.223934
-0.178403
-0.228258
-0.167226
-0.231275
-0.154678
-0.232954
-0.141061
-0.233293
-0.126657
-0.232307
-0.111717
-0.230025
-0.0964656
-0.226498
-0.0810949
-0.221795
-0.0657691
-0.215995
-0.0506244
-0.209191
-0.0357727
-0.201482
-0.0213029
-0.192981
-0.00728489
-0.183806
0.00622757
-0.174083
0.0191932
-0.163942
0.0315793
-0.153521
0.0433586
-0.142966
0.0545097
-0.132423
0.065004
-0.12205
0.0748183
-0.112009
0.0839256
-0.102461
0.0922942
-0.0935742
0.0998887
-0.0855144
0.10667
-0.0784462
0.112595
-0.0725273
0.117624
-0.067909
0.121713
-0.0647301
0.124824
-0.0631102
0.126925
-0.0631482
0.127993
-0.0649178
0.128021
-0.0684613
0.127016
-0.0737931
0.125005
-0.0808868
-0.0896775
-0.16041
-0.174024
0.150189
-0.167383
-0.183539
-0.171246
-0.192388
-0.17221
-0.200446
-0.170521
-0.207591
-0.166454
-0.213723
-0.160302
-0.218762
-0.152362
-0.222649
-0.142927
-0.225349
-0.132283
-0.226846
-0.120695
-0.227147
-0.108411
-0.226278
-0.0956496
-0.224273
-0.0826081
-0.221188
-0.0694551
-0.217091
-0.0563337
-0.21206
-0.0433623
-0.206183
-0.0306375
-0.199554
-0.0182357
-0.192274
-0.00621609
-0.184452
0.00537602
-0.1762
0.0165067
-0.167635
0.0271499
-0.158877
0.0372848
-0.150052
0.046894
-0.141288
0.0559605
-0.132719
0.0644645
-0.124482
0.0723865
-0.116716
0.0797035
-0.109561
0.0863884
-0.103156
0.0924112
-0.0976385
0.0977411
-0.0931389
0.102346
-0.0897819
0.106194
-0.0876792
0.109257
-0.0869272
0.111512
-0.0876037
0.112947
-0.0897634
0.113561
-0.0934338
0.113368
-0.0986175
0.112397
-0.105278
-0.113366
-0.134535
-0.173441
0.126692
-0.139811
-0.181602
-0.1426
-0.189204
-0.143062
-0.196107
-0.14139
-0.202215
-0.137802
-0.207445
-0.132533
-0.211737
-0.125823
-0.215045
-0.117911
-0.217347
-0.109029
-0.218637
-0.0993965
-0.218928
-0.0892141
-0.218248
-0.0786612
-0.216636
-0.067897
-0.214142
-0.0570582
-0.21083
-0.0462595
-0.206771
-0.035595
-0.202041
-0.0251398
-0.196723
-0.0149524
-0.190903
-0.005077
-0.184675
0.00445409
-0.178131
0.0136181
-0.171368
0.022399
-0.164486
0.0307855
-0.157588
0.0387693
-0.150776
0.0463433
-0.144159
0.0534979
-0.137844
0.0602233
-0.131944
0.0665073
-0.126567
0.0723346
-0.121823
0.0776878
-0.117817
0.0825483
-0.114652
0.086896
-0.112422
0.0907115
-0.11121
0.0939781
-0.11109
0.0966839
-0.112115
0.0988245
-0.114323
0.100406
-0.117728
0.101445
-0.122321
0.101975
-0.128065
-0.134928
-0.113636
-0.174146
0.109387
-0.116109
-0.180311
-0.116851
-0.186079
-0.115969
-0.191314
-0.113598
-0.195945
-0.109894
-0.199912
-0.105026
-0.203169
-0.0991709
-0.205686
-0.0925021
-0.207449
-0.0851885
-0.208458
-0.077389
-0.208726
-0.0692493
-0.208279
-0.0608989
-0.20715
-0.0524495
-0.205381
-0.043996
-0.203024
-0.035617
-0.200133
-0.027375
-0.19677
-0.0193168
-0.192996
-0.0114773
-0.188878
-0.0038803
-0.184485
0.00345964
-0.179887
0.0105353
-0.175154
0.0173451
-0.170361
0.0238907
-0.16558
0.0301769
-0.160886
0.0362087
-0.156356
0.0419909
-0.152067
0.0475261
-0.148097
0.0528162
-0.144521
0.0578608
-0.141416
0.0626573
-0.138854
0.067201
-0.136904
0.0714861
-0.135631
0.0755066
-0.135089
0.0792572
-0.135325
0.082735
-0.136372
0.0859416
-0.13825
0.0888857
-0.140965
0.0915842
-0.144503
0.0940693
-0.148834
-0.153937
-0.0983833
-0.177068
0.0989267
-0.0969549
-0.18049
-0.0946586
-0.183737
-0.0915485
-0.186698
-0.0877067
-0.189322
-0.0832299
-0.191574
-0.0782215
-0.193428
-0.0727852
-0.194866
-0.0670226
-0.195884
-0.0610301
-0.196482
-0.0548963
-0.19667
-0.0487007
-0.196463
-0.0425111
-0.195882
-0.0363825
-0.194953
-0.0303596
-0.193706
-0.0244754
-0.192173
-0.0187524
-0.190388
-0.013203
-0.188389
-0.00783138
-0.186212
-0.00263514
-0.183896
0.00239436
-0.181481
0.00727061
-0.179004
0.0120107
-0.176506
0.0166341
-0.174028
0.021162
-0.171609
0.0256161
-0.16929
0.0300174
-0.167111
0.0343859
-0.165115
0.0387403
-0.16334
0.0430973
-0.161825
0.0474711
-0.160608
0.0518734
-0.159724
0.0563133
-0.159204
0.0607982
-0.159076
0.0653327
-0.15936
0.0699209
-0.160073
0.074566
-0.161219
0.0792721
-0.162799
0.0840466
-0.164805
0.0889091
-0.167223
-0.170053
-0.0892304
0.0955045
-0.0828775
-0.0765546
-0.0703135
-0.0642005
-0.058257
-0.052519
-0.0470169
-0.0417745
-0.0368087
-0.0321294
-0.0277392
-0.0236343
-0.0198036
-0.016231
-0.0128953
-0.00977025
-0.00682602
-0.0040294
-0.00134471
0.00126595
0.00384228
0.00642531
0.00905666
0.0117783
0.0146323
0.0176603
0.0209023
0.0243967
0.0281796
0.0322839
0.0367384
0.0415674
0.0467896
0.0524181
0.0584596
0.0649137
0.0717726
0.0790186
0.0866165
0.00232631
-0.114074
0.0119154
-0.131753
0.0244344
-0.14425
0.0394655
-0.154868
0.056027
-0.165787
0.0734394
-0.177016
0.0908714
-0.187931
0.10767
-0.198188
0.123357
-0.207533
0.137457
-0.215804
0.149532
-0.223261
0.159368
-0.230446
0.165952
-0.236829
0.168542
-0.242643
0.166572
-0.247615
0.159428
-0.251467
-0.253487
0.00806322
-0.112294
0.0191963
-0.128987
0.0325031
-0.139995
0.0476798
-0.149313
0.0641048
-0.158885
0.0810231
-0.168655
0.0977296
-0.178091
0.113588
-0.186945
0.128171
-0.195179
0.14105
-0.202605
0.151964
-0.209618
0.16
-0.216049
0.164686
-0.221734
0.165469
-0.226739
0.161939
-0.230832
0.153602
-0.233541
-0.234877
0.0108267
-0.109332
0.023782
-0.124844
0.0383312
-0.134548
0.054234
-0.142802
0.0707379
-0.151094
0.0872542
-0.159567
0.10317
-0.167693
0.118019
-0.175377
0.131215
-0.18245
0.142692
-0.189223
0.151769
-0.195434
0.1579
-0.201002
0.160757
-0.205909
0.159927
-0.210069
0.15511
-0.213277
0.146379
-0.215348
-0.21639
0.0131279
-0.105463
0.0275818
-0.11971
0.043099
-0.128295
0.0592471
-0.135449
0.07552
-0.142616
0.0913638
-0.149915
0.10632
-0.156918
0.119872
-0.163468
0.131901
-0.169779
0.141796
-0.175641
0.149114
-0.180922
0.153565
-0.185648
0.154837
-0.189722
0.152651
-0.19303
0.146845
-0.195416
0.137392
-0.196763
-0.196739
0.0148674
-0.100869
0.0303487
-0.113814
0.0463951
-0.121433
0.062634
-0.127658
0.0785148
-0.133771
0.0935754
-0.139983
0.10742
-0.14593
0.119886
-0.151677
0.13043
-0.157035
0.138665
-0.161924
0.14437
-0.166341
0.147273
-0.170219
0.147158
-0.173471
0.143869
-0.17599
0.137338
-0.177657
0.127517
-0.178314
-0.177884
0.0160735
-0.0957438
0.0322969
-0.107538
0.0485766
-0.114262
0.0645688
-0.119609
0.079786
-0.124718
0.0939324
-0.129991
0.10678
-0.135121
0.117847
-0.139901
0.12684
-0.144309
0.133555
-0.148327
0.137774
-0.151905
0.139313
-0.154975
0.138043
-0.157461
0.133894
-0.159279
0.126881
-0.160348
0.11714
-0.160588
-0.16002
0.0168363
-0.0903347
0.033435
-0.101136
0.0495916
-0.106969
0.0650109
-0.111436
0.079548
-0.115823
0.0927411
-0.120205
0.104253
-0.124386
0.113889
-0.128281
0.121452
-0.131845
0.126754
-0.135044
0.129647
-0.137835
0.130021
-0.140162
0.127818
-0.141966
0.123035
-0.143184
0.115724
-0.143754
0.106014
-0.143642
-0.142735
0.0172038
-0.0848866
0.033737
-0.0947303
0.0495388
-0.0998052
0.0643676
-0.103525
0.0778745
-0.107062
0.0898218
-0.110586
0.100024
-0.113938
0.108305
-0.117027
0.11452
-0.119814
0.118544
-0.122263
0.120287
-0.124342
0.119702
-0.126011
0.116784
-0.127225
0.111572
-0.12794
0.104165
-0.128124
0.0946747
-0.127734
-0.126758
0.0171395
-0.0795454
0.0334027
-0.0886165
0.0485014
-0.0928421
0.062351
-0.0958307
0.07474
-0.0986144
0.0854584
-0.101352
0.0943672
-0.103939
0.101353
-0.106291
0.106325
-0.108373
0.109218
-0.110157
0.109994
-0.111613
0.108651
-0.112716
0.105223
-0.11344
0.0997949
-0.113764
0.0924814
-0.11367
0.0834545
-0.113148
-0.112216
0.016758
-0.0745025
0.0323254
-0.0827975
0.0464877
-0.0861988
0.0592351
-0.0885079
0.0704196
-0.0906062
0.0798824
-0.0926276
0.087527
-0.0945147
0.0932945
-0.0962059
0.0971455
-0.097667
0.0990621
-0.0988744
0.0990492
-0.0998056
0.0971385
-0.100444
0.0933959
-0.100778
0.0879164
-0.100804
0.0808227
-0.100511
0.0722627
-0.0999014
-0.0989341
0.0160167
-0.0698335
0.0306078
-0.0773524
0.0436438
-0.0799719
0.0551701
-0.0816572
0.0650842
-0.0831293
0.0732866
-0.0845123
0.0797228
-0.0857801
0.0843746
-0.0868933
0.0872412
-0.0878216
0.0883404
-0.0885452
0.0877097
-0.0890475
0.0854082
-0.0893194
0.0815188
-0.0893607
0.0761393
-0.0891686
0.0693913
-0.0887452
0.0614064
-0.0880909
-0.0871944
0.0149542
-0.0655803
0.028304
-0.0723075
0.0400575
-0.0742299
0.0502806
-0.0753601
0.058903
-0.0762718
0.0658773
-0.0771003
0.0711853
-0.077837
0.0748373
-0.07846
0.076859
-0.0789419
0.0772945
-0.0792709
0.076207
-0.0794378
0.0736767
-0.0794401
0.0697901
-0.0792738
0.0646487
-0.0789413
0.0583707
-0.0784527
0.0510949
-0.0778209
-0.0770618
0.0136076
-0.0617528
0.0255002
-0.0676749
0.0358602
-0.0690299
0.0447267
-0.0696775
0.0520611
-0.070104
0.0578582
-0.0704685
0.0621273
-0.0707675
0.0648968
-0.0709886
0.0662109
-0.0711112
0.0661344
-0.0711352
0.064747
-0.0710578
0.0621318
-0.070872
0.0583782
-0.0705723
0.053582
-0.070161
0.0478489
-0.0696515
0.0412946
-0.0690611
-0.0683845
0.0120188
-0.0583393
0.0223049
-0.0634774
0.0311868
-0.0644062
0.038661
-0.0646456
0.0447294
-0.0646794
0.0494087
-0.0646739
0.0527268
-0.064629
0.0547253
-0.0645386
0.0554673
-0.064397
0.0550262
-0.0642072
0.0534768
-0.0639619
0.0509016
-0.0636557
0.0473875
-0.0632823
0.0430241
-0.0628418
0.0379062
-0.0623485
0.0321328
-0.0618201
-0.0612438
0.0102187
-0.0553034
0.0188186
-0.0597587
0.026154
-0.0603684
0.0322233
-0.0602904
0.0370572
-0.0600344
0.0406781
-0.0597526
0.043131
-0.0594614
0.044473
-0.0591618
0.0447705
-0.0588517
0.0440838
-0.0585235
0.0424841
-0.0581761
0.040049
-0.0578065
0.0368584
-0.0574071
0.0329928
-0.056975
0.0285416
-0.0565308
0.0236046
-0.0561004
-0.0556904
0.00825422
-0.0526085
0.0151027
-0.0565378
0.0208476
-0.0569188
0.025523
-0.0566365
0.0291535
-0.0561864
0.0317917
-0.0557443
0.0334829
-0.055315
0.0342757
-0.0548989
0.0342248
-0.0544964
0.03339
-0.0541013
0.0318365
-0.0537154
0.0296318
-0.0533348
0.0268491
-0.0529553
0.0235609
-0.0525714
0.0198277
-0.0521899
0.0157099
-0.0518351
-0.0515173
0.00617111
-0.0502249
0.0112085
-0.0538087
0.0153359
-0.0540535
0.0186386
-0.0537023
0.0211411
-0.0531866
0.0228698
-0.0526808
0.0238663
-0.0522022
0.024182
-0.0517583
0.0238675
-0.051346
0.0229765
-0.0509603
0.0215618
-0.0506
0.0196783
-0.0502617
0.0173787
-0.0499372
0.0147152
-0.0496199
0.0117414
-0.0493166
0.00850302
-0.0490433
-0.0488051
0.00401923
-0.0481431
0.00720027
-0.0515575
0.00974207
-0.0518121
0.0116896
-0.0514934
0.0130831
-0.0510263
0.0139537
-0.0505736
0.0143346
-0.0501531
0.0142597
-0.0497714
0.0137646
-0.0494252
0.012887
-0.0491108
0.0116652
-0.0488261
0.0101398
-0.0485691
0.00835227
-0.0483319
0.00634397
-0.048107
0.00415728
-0.047902
0.00183989
-0.047738
-0.047624
0.00184207
-0.0463738
0.00313623
-0.0497696
0.00409943
-0.0502008
0.00472849
-0.0500322
0.00506876
-0.049736
0.00513479
-0.0494431
0.00494554
-0.0491747
0.00452247
-0.0489389
0.00388886
-0.0487334
0.00306929
-0.0485553
0.00208907
-0.0484024
0.000972219
-0.0482713
-0.000257392
-0.0481536
-0.00157595
-0.0480415
-0.00296069
-0.0479416
-0.00438793
-0.0478761
-0.0478521
-0.000331278
-0.0449397
-0.000923648
-0.0484512
-0.00153636
-0.0492175
-0.00221239
-0.0493192
-0.00290488
-0.0493177
-0.00361562
-0.0492947
-0.00433572
-0.0492816
-0.00505967
-0.0492829
-0.00577989
-0.049298
-0.00648827
-0.0493245
-0.00717665
-0.04936
-0.00783664
-0.0494013
-0.00845901
-0.049441
-0.00903512
-0.0494708
-0.00956169
-0.0494921
-0.0100429
-0.04952
-0.0495681
-0.00249654
-0.0438535
-0.00498458
-0.0475919
-0.00717474
-0.0488554
-0.0091332
-0.0493689
-0.0108314
-0.0497887
-0.0122864
-0.0501508
-0.0135037
-0.0504983
-0.0144943
-0.0508302
-0.0152674
-0.0511482
-0.0158321
-0.0514496
-0.016197
-0.0517329
-0.0163705
-0.0519957
-0.0163589
-0.0522324
-0.0161675
-0.0524364
-0.0158034
-0.0526074
-0.015278
-0.0527567
-0.0528963
-0.00458935
-0.0431796
-0.00892912
-0.0472281
-0.0126708
-0.0491342
-0.0158912
-0.0501979
-0.0185824
-0.0511607
-0.0207696
-0.052026
-0.022473
-0.0528421
-0.0237182
-0.0536034
-0.0245304
-0.054312
-0.0249359
-0.0549651
-0.0249611
-0.0555611
-0.0246325
-0.0560982
-0.0239759
-0.0565717
-0.0230192
-0.0569735
-0.0217894
-0.0573047
-0.0203099
-0.0575802
-0.0578041
-0.00665483
-0.0429229
-0.0127504
-0.0474404
-0.0180166
-0.0500727
-0.022485
-0.051819
-0.0261578
-0.0534506
-0.0290678
-0.0549418
-0.0312486
-0.0563404
-0.0327393
-0.0576364
-0.0335801
-0.0588313
-0.0338129
-0.0599215
-0.0334805
-0.060905
-0.0326258
-0.0617804
-0.031292
-0.0625435
-0.0295233
-0.0631858
-0.0273672
-0.0637052
-0.0248838
-0.0641049
-0.064371
-0.0086952
-0.0430679
-0.0164625
-0.0482856
-0.0232132
-0.0516958
-0.028901
-0.0542571
-0.0335461
-0.0566754
-0.0371789
-0.058916
-0.0398417
-0.0610158
-0.0415831
-0.0629598
-0.0424558
-0.0647462
-0.0425162
-0.0663689
-0.0418237
-0.0678238
-0.0404389
-0.0691091
-0.0384212
-0.0702224
-0.0358296
-0.0711564
-0.032725
-0.0719076
-0.0291673
-0.0724808
-0.0728692
-0.0106239
-0.0436621
-0.0200691
-0.0497121
-0.0282648
-0.0540155
-0.0351487
-0.0575244
-0.0407548
-0.0608497
-0.0451069
-0.0639687
-0.0482526
-0.0668963
-0.050247
-0.0696111
-0.0511526
-0.0721054
-0.051038
-0.0743684
-0.0499767
-0.0763923
-0.0480456
-0.0781727
-0.0453253
-0.079705
-0.0419014
-0.0809774
-0.0378579
-0.081989
-0.0332647
-0.0827592
-0.0832629
-0.0124994
-0.0446634
-0.0235798
-0.0516916
-0.0331801
-0.0570236
-0.0412448
-0.0616079
-0.047789
-0.0659871
-0.0528478
-0.0701204
-0.0564732
-0.0740077
-0.0587222
-0.0776249
-0.0596627
-0.0809549
-0.0593719
-0.0839794
-0.0579348
-0.0866845
-0.0554419
-0.0890618
-0.0519894
-0.0911022
-0.0476787
-0.0927899
-0.0426132
-0.0941232
-0.0369147
-0.0951041
-0.0956587
-0.014261
-0.0460502
-0.0269038
-0.0541912
-0.0378705
-0.0606797
-0.0470939
-0.0664762
-0.0545773
-0.0720551
-0.0603485
-0.0773543
-0.0644549
-0.0823559
-0.0669593
-0.0870236
-0.0679362
-0.0913304
-0.0674708
-0.0952499
-0.0656562
-0.0987622
-0.062596
-0.101851
-0.0584025
-0.104499
-0.0531898
-0.106691
-0.0470713
-0.108428
-0.0401669
-0.109707
-0.11044
-0.0158629
-0.0477984
-0.02996
-0.0571692
-0.0422225
-0.064936
-0.0525638
-0.0720803
-0.0609735
-0.0790037
-0.0674648
-0.0856231
-0.0720753
-0.0918997
-0.0748598
-0.0977829
-0.0758899
-0.103232
-0.0752536
-0.108207
-0.0730547
-0.112675
-0.069409
-0.11661
-0.0644489
-0.119982
-0.0583123
-0.122772
-0.0511474
-0.124972
-0.0431017
-0.126581
-0.127554
-0.0172323
-0.049899
-0.0326315
-0.0605743
-0.0460928
-0.0697218
-0.0575016
-0.0783357
-0.0668209
-0.0867439
-0.0740396
-0.0948411
-0.0791745
-0.102564
-0.0822661
-0.109843
-0.0833782
-0.116617
-0.0825965
-0.122828
-0.0800263
-0.128427
-0.0757926
-0.133372
-0.0700404
-0.137617
-0.0629314
-0.141127
-0.0546272
-0.1439
-0.0453327
-0.145892
-0.146991
-0.0182932
-0.0523541
-0.034793
-0.0643432
-0.0493212
-0.0749425
-0.061729
-0.0851204
-0.0719339
-0.0951426
-0.079887
-0.104874
-0.0855728
-0.114223
-0.0890072
-0.123092
-0.0902373
-0.131394
-0.0893395
-0.139047
-0.0864191
-0.145976
-0.0816092
-0.152117
-0.0750665
-0.157404
-0.0669679
-0.161787
-0.0575069
-0.165249
-0.0468837
-0.167746
-0.169175
-0.0189709
-0.0551699
-0.0363145
-0.0683992
-0.0517423
-0.0804735
-0.0650574
-0.0922729
-0.0761126
-0.104018
-0.0848045
-0.115533
-0.091071
-0.126692
-0.0948908
-0.137359
-0.0962839
-0.147414
-0.0953101
-0.156739
-0.0920688
-0.165227
-0.0866953
-0.172781
-0.0793575
-0.179309
-0.0702583
-0.184732
-0.0596283
-0.189011
-0.047702
-0.192102
-0.193982
-0.0191883
-0.0583556
-0.0370532
-0.0726588
-0.0531815
-0.0861509
-0.0672855
-0.0995895
-0.079144
-0.113132
-0.0885758
-0.126569
-0.0954561
-0.13972
-0.0997117
-0.152407
-0.101324
-0.164459
-0.100327
-0.175712
-0.0968076
-0.186015
-0.0908973
-0.195232
-0.0827737
-0.203232
-0.0726542
-0.209904
-0.0607911
-0.21518
-0.047481
-0.218978
-0.221136
-0.0188788
-0.0619136
-0.0368782
-0.077029
-0.0534624
-0.0917832
-0.0682128
-0.106819
-0.0808106
-0.122195
-0.0909793
-0.137666
-0.0985107
-0.152988
-0.103263
-0.167921
-0.105164
-0.182232
-0.104212
-0.195697
-0.100469
-0.208105
-0.094061
-0.219267
-0.0851717
-0.229003
-0.0740344
-0.237161
-0.0609309
-0.243632
-0.0461718
-0.248317
-0.25104
-0.0179796
-0.0658392
-0.0356713
-0.0814008
-0.0524177
-0.0971561
-0.0676434
-0.113665
-0.0809008
-0.130862
-0.0917977
-0.148446
-0.100021
-0.166102
-0.10534
-0.183512
-0.107612
-0.200361
-0.106784
-0.216347
-0.102885
-0.231184
-0.0960255
-0.244612
-0.0863903
-0.256389
-0.074237
-0.266299
-0.0598962
-0.274174
-0.0437288
-0.279893
-0.283413
-0.0164396
-0.0701168
-0.0333462
-0.0856353
-0.0499141
-0.102035
-0.0654063
-0.119804
-0.0792206
-0.138741
-0.0908253
-0.158475
-0.0997788
-0.178604
-0.105741
-0.198714
-0.108481
-0.218392
-0.107873
-0.237233
-0.103901
-0.254858
-0.0966514
-0.270913
-0.0863098
-0.285072
-0.073153
-0.29704
-0.0575404
-0.306581
-0.0399077
-0.313512
-0.31756
-0.0142157
-0.0747244
-0.0298288
-0.0895697
-0.0458502
-0.106155
-0.0613729
-0.124877
-0.0756216
-0.145398
-0.0879046
-0.167263
-0.0976305
-0.18997
-0.104326
-0.212991
-0.107643
-0.235793
-0.107368
-0.257848
-0.103422
-0.278654
-0.0958612
-0.297735
-0.0848678
-0.314654
-0.0707358
-0.329022
-0.0538638
-0.340515
-0.0347339
-0.348885
-0.353818
-0.0112991
-0.0796154
-0.0250863
-0.0930254
-0.040168
-0.109229
-0.0554607
-0.1285
-0.0700036
-0.150368
-0.0829244
-0.174281
-0.0934583
-0.199627
-0.100972
-0.225751
-0.10498
-0.251974
-0.105159
-0.27762
-0.101351
-0.302029
-0.0935663
-0.324575
-0.0819734
-0.34468
-0.0668913
-0.361825
-0.0487851
-0.375562
-0.0282095
-0.385575
-0.391726
-0.00766144
-0.0847588
-0.0190503
-0.0958417
-0.0327672
-0.110976
-0.0475483
-0.130279
-0.0622258
-0.153164
-0.0757251
-0.178975
-0.087089
-0.206976
-0.0955041
-0.236363
-0.100324
-0.266295
-0.101091
-0.295915
-0.0975496
-0.324374
-0.0896486
-0.350858
-0.0775405
-0.374609
-0.0615707
-0.394937
-0.0422435
-0.411262
-0.0202123
-0.423147
-0.430079
-0.00331963
-0.0901172
-0.0117206
-0.0978751
-0.0236394
-0.111114
-0.0376224
-0.129807
-0.0522793
-0.153278
-0.0663134
-0.180756
-0.0785479
-0.211369
-0.0879612
-0.244153
-0.0937206
-0.278075
-0.0952128
-0.312065
-0.0920678
-0.345044
-0.0841709
-0.375962
-0.0716526
-0.403838
-0.0548706
-0.427787
-0.0343773
-0.447063
-0.0109437
-0.461049
-0.469185
0.00154025
-0.00336378
-0.0130372
-0.0259274
-0.0404185
-0.0549519
-0.0680984
-0.0786041
-0.0854277
-0.0877811
-0.0851581
-0.0773613
-0.064489
-0.0469235
-0.0253068
-0.000498294
0.133674
0.289992
-0.122884
0.141466
0.292795
0.14433
0.284585
0.140966
0.270967
0.127022
0.246177
0.0971067
0.19445
0.0527268
0.116996
1.93062e-06
0.0338307
-0.0557427
-0.0433265
-0.110952
-0.11765
-0.162672
-0.182879
-0.209644
-0.231719
-0.249721
-0.262876
-0.282302
-0.275767
-0.308381
-0.272052
-0.328417
-0.255884
-0.341662
-0.231385
-0.347011
-0.201038
-0.343974
-0.166615
-0.130457
-0.333008
0.134216
0.273957
-0.122939
0.142811
0.275939
0.147123
0.267931
0.146157
0.255108
0.135831
0.235002
0.110234
0.193914
0.0680082
0.128757
0.015422
0.0521779
-0.0413455
-0.023757
-0.0993525
-0.0987497
-0.155649
-0.166347
-0.206549
-0.219842
-0.249693
-0.256544
-0.284043
-0.274569
-0.30962
-0.274639
-0.327788
-0.259795
-0.339302
-0.235092
-0.343842
-0.204479
-0.340976
-0.170269
-0.134666
-0.330823
0.134801
0.254654
-0.123106
0.144105
0.255779
0.149671
0.24777
0.150755
0.235359
0.144178
0.21871
0.123899
0.187201
0.0865637
0.135292
0.0368758
0.0678071
-0.0184478
-0.00497114
-0.0768892
-0.0783391
-0.135341
-0.146262
-0.190532
-0.202082
-0.239292
-0.242956
-0.278259
-0.26723
-0.306275
-0.273542
-0.324518
-0.262812
-0.334942
-0.239608
-0.338559
-0.209168
-0.335787
-0.174767
-0.139458
-0.326555
0.135353
0.232603
-0.12334
0.145262
0.232841
0.151885
0.22472
0.154722
0.212439
0.151655
0.197953
0.136989
0.174415
0.106719
0.134805
0.0622473
0.0787529
0.0101932
0.011523
-0.0473341
-0.0574906
-0.106327
-0.12401
-0.163527
-0.180536
-0.216673
-0.2232
-0.261875
-0.252019
-0.295342
-0.265656
-0.31668
-0.261826
-0.328013
-0.24284
-0.331287
-0.214411
-0.328584
-0.179997
-0.144561
-0.320385
0.135821
0.208348
-0.123599
0.146215
0.207681
0.153694
0.199415
0.157962
0.187091
0.157882
0.17366
0.148798
0.155973
0.126428
0.126824
0.0891641
0.0833508
0.041352
0.0250425
-0.0136918
-0.037527
-0.0722687
-0.100344
-0.129967
-0.156555
-0.18468
-0.19997
-0.234338
-0.23062
-0.274649
-0.249503
-0.301782
-0.254053
-0.316677
-0.242035
-0.32155
-0.218147
-0.319293
-0.185441
-0.149732
-0.312209
0.136206
0.182438
-0.123886
0.146967
0.180855
0.155087
0.1725
0.16036
0.160155
0.162429
0.147066
0.158233
0.132941
0.143281
0.112166
0.114644
0.0804842
0.0723573
0.0345631
0.0214431
-0.0198783
-0.0355102
-0.0763007
-0.0928259
-0.130885
-0.14731
-0.174959
-0.198537
-0.205835
-0.244305
-0.226398
-0.279169
-0.237479
-0.299791
-0.234936
-0.308434
-0.218088
-0.307985
-0.189597
-0.154704
-0.302121
0.136539
0.155426
-0.124235
0.147548
0.152915
0.156138
0.144566
0.162007
0.132445
0.165278
0.119494
0.164509
0.107123
0.15554
0.0925791
0.135339
0.0706116
0.100745
0.0381459
0.0556536
-0.00605424
0.00251966
-0.053931
-0.0539732
-0.103859
-0.108407
-0.147907
-0.159395
-0.179409
-0.207092
-0.199805
-0.248497
-0.213223
-0.277185
-0.219114
-0.291578
-0.212141
-0.294427
-0.190832
-0.158831
-0.290264
0.136841
0.12787
-0.124683
0.147924
0.124453
0.156908
0.116092
0.163199
0.104513
0.166927
0.0920398
0.167713
0.0807106
0.163121
0.0699441
0.149231
0.0560948
0.123565
0.034746
0.085231
0.00316239
0.0380348
-0.0352411
-0.0157935
-0.0772376
-0.0701794
-0.118753
-0.121104
-0.151116
-0.168599
-0.171807
-0.212419
-0.185349
-0.24814
-0.195521
-0.270237
-0.198243
-0.278555
-0.186841
-0.161221
-0.276829
0.13716
0.100281
-0.125255
0.148188
0.0959944
0.157337
0.0876852
0.164101
0.0766612
0.168113
0.0651992
0.169254
0.0551846
0.166486
0.0470585
0.157213
0.0388273
0.138049
0.0269481
0.107384
0.00697539
0.0666361
-0.0206598
0.0181563
-0.0536503
-0.0344953
-0.0891462
-0.0856077
-0.120677
-0.132853
-0.142416
-0.176773
-0.156123
-0.215752
-0.167859
-0.244309
-0.177538
-0.259271
-0.17632
-0.159553
-0.262147
0.137473
0.0731599
-0.125945
0.148398
0.0679535
0.157776
0.0596274
0.164892
0.0493292
0.169293
0.0391501
0.170456
0.0311264
0.167747
0.0258911
0.159833
0.022229
0.145066
0.0169766
0.120769
0.00676831
0.0862411
-0.00990845
0.0434667
-0.0334267
-0.00507738
-0.0614467
-0.0548289
-0.0896284
-0.101578
-0.111861
-0.144711
-0.126396
-0.184362
-0.138651
-0.216919
-0.152397
-0.237201
-0.160474
-0.153139
-0.245223
0.137806
0.0469497
-0.126753
0.148387
0.0409008
0.15781
0.0324109
0.165332
0.0227425
0.170116
0.0141427
0.171312
0.00872839
0.168253
0.00701573
0.160292
0.0078283
0.146267
0.00856899
0.12475
0.00617813
0.0950535
-0.00157797
0.0575284
-0.0161104
0.0143412
-0.036913
-0.031582
-0.0604461
-0.076272
-0.0817005
-0.117715
-0.0970477
-0.156206
-0.109682
-0.190133
-0.125371
-0.214601
-0.140331
-0.142583
-0.22703
0.138217
0.022198
-0.127883
0.148188
0.0153894
0.157266
0.00669025
0.164592
-0.00226253
0.168953
-0.00881508
0.169011
-0.0106755
0.164345
-0.0081895
0.154642
-0.00259806
0.139696
0.00343552
0.118622
0.00755563
0.0917193
0.00635811
0.0593906
-0.00167427
0.022197
-0.0162136
-0.0180051
-0.0350509
-0.0584451
-0.0541409
-0.0967652
-0.0695045
-0.132687
-0.0823268
-0.165798
-0.0985805
-0.192422
-0.117824
-0.128417
-0.208607
0.138771
-0.000624923
-0.12937
0.14763
-0.00783602
0.155163
-0.0161168
0.160327
-0.0235317
0.160693
-0.0259981
0.155456
-0.0228116
0.145875
-0.0163373
0.13378
-0.00835688
0.118481
0.0010152
0.0995568
0.00917537
0.0765927
0.0127161
0.0497106
0.00957981
0.0192239
-0.000116053
-0.0141077
-0.0146392
-0.0485535
-0.0309576
-0.0821695
-0.045356
-0.114288
-0.0577996
-0.144952
-0.0736097
-0.171711
-0.0948957
-0.11192
-0.190264
0.138941
-0.0204649
-0.131318
0.144958
-0.0268573
0.148127
-0.0330238
0.145486
-0.0352821
0.136196
-0.0316408
0.123127
-0.025071
0.109365
-0.0181268
0.0961933
-0.0107619
0.0828448
-0.00102107
0.0677862
0.00926944
0.0501914
0.015997
0.0299035
0.0164279
0.00707105
0.0103568
-0.0183973
-0.000270349
-0.0456684
-0.0133803
-0.0733309
-0.0258769
-0.100647
-0.0370975
-0.127821
-0.0514651
-0.153517
-0.0726798
-0.0937717
-0.17367
0.136869
-0.0355539
-0.132638
0.137564
-0.039054
0.131551
-0.0390977
0.117464
-0.0337873
0.0997961
-0.0269628
0.0833153
-0.0218502
0.0693641
-0.0175568
0.0568484
-0.0115825
0.0446599
-0.00194599
0.032069
0.00915379
0.0187101
0.0172394
0.00474261
0.0190439
-0.0104562
0.0151291
-0.0278439
0.00775347
-0.0475016
-0.00191392
-0.0686145
-0.0117053
-0.0905312
-0.0208298
-0.113662
-0.0326851
-0.137571
-0.0518536
-0.0746819
-0.158537
0.129487
-0.0431047
-0.131331
0.120404
-0.0398868
0.103163
-0.0322314
0.0829496
-0.0243298
0.065131
-0.0201841
0.0498697
-0.0178014
0.0354355
-0.0143822
0.021448
-0.00876534
0.00899083
-0.000426811
-0.00095009
0.00853455
-0.0091602
0.0154097
-0.0178624
0.0183609
-0.0273006
0.0159578
-0.0380653
0.0107871
-0.0509113
0.00416023
-0.0656168
-0.00275702
-0.0818681
-0.00929283
-0.100472
-0.0177526
-0.122071
-0.0329092
-0.0546655
-0.143777
0.11075
-0.0380579
-0.123682
0.0905471
-0.0279844
0.0682148
-0.0185526
0.0499347
-0.0149837
0.0351376
-0.0145167
0.0209195
-0.0128135
0.00650168
-0.00919186
-0.00725243
-0.00412621
-0.0184363
0.00186708
-0.0262081
0.0077535
-0.0311275
0.0122216
-0.0348574
0.0145289
-0.0397189
0.0138922
-0.0456506
0.0105007
-0.0530944
0.0061524
-0.0621072
0.00160837
-0.0727438
-0.00248202
-0.0862187
-0.00728557
-0.104473
-0.0168689
-0.0340702
-0.126531
0.0750536
-0.0194017
-0.100092
0.0512656
-0.0109034
0.0335706
-0.00783213
0.0200654
-0.00865479
0.00700802
-0.00876467
-0.00610074
-0.00706029
-0.0183598
-0.00425519
-0.0288976
-0.000792077
-0.0368139
0.00278466
-0.0418699
0.00609974
-0.0445855
0.00859578
-0.0457869
0.00982984
-0.0471427
0.00985173
-0.0497704
0.0082881
-0.0532518
0.00538791
-0.0574827
0.00221238
-0.0626287
-0.000335101
-0.0698335
-0.00245799
-0.0821067
-0.00637235
-0.0164111
-0.100977
0.0284049
-0.00316214
-0.04958
0.0142634
-0.00194964
0.00414909
-0.00310491
-0.00618239
-0.0038523
-0.0171027
-0.00345429
-0.0273951
-0.00239517
-0.0362771
-0.000952832
-0.0431716
0.000635323
-0.0478471
0.00216937
-0.0503255
0.00352407
-0.0511153
0.00462454
-0.0508314
0.00512781
-0.050076
0.00506397
-0.0498608
0.00446024
-0.0502765
0.00263514
-0.0510674
0.000293003
-0.0522602
-0.00139113
-0.0543374
-0.00217562
-0.0590135
-0.00305538
-0.00769934
-0.0686767
-0.00550351
-0.00125343
-0.0112429
-0.0182846
-0.0261719
-0.0337093
-0.0401859
-0.0451696
-0.0484672
-0.0500879
-0.0501695
-0.048929
-0.0469311
-0.0447162
-0.0428035
-0.0424008
-0.0440181
-0.0469981
-0.0504489
-0.0544805
-0.0628787
-0.0227993
-0.0405636
-0.0223024
-0.069792
-0.0119612
-0.112052
0.00238622
-0.141695
0.0159431
-0.158183
0.0280998
-0.171508
0.0388777
-0.185144
0.0478017
-0.199665
0.0544339
-0.215381
0.0591971
-0.231467
0.0622222
-0.247309
0.0639155
-0.262131
0.0656369
-0.275903
0.0675229
-0.28839
0.0697695
-0.299314
0.0724696
-0.30838
0.0757941
-0.315524
0.0799716
-0.320712
0.0851904
-0.324017
-0.325229
-0.0158074
-0.0250236
-0.0164002
-0.069487
-0.0064048
-0.122315
0.00499527
-0.153285
0.0146319
-0.16786
0.0225463
-0.179224
0.0288132
-0.190869
0.0337595
-0.203602
0.0372406
-0.217248
0.03945
-0.231305
0.0406855
-0.245251
0.0415553
-0.258607
0.0422465
-0.270916
0.0428946
-0.281885
0.0436785
-0.291276
0.0449349
-0.298951
0.0469793
-0.304827
0.0500726
-0.308826
0.054412
-0.310963
-0.311041
-0.0117664
-0.0132713
-0.0119353
-0.0692335
-0.00266998
-0.131336
0.00560484
-0.16108
0.0120988
-0.173547
0.0170829
-0.182969
0.0206915
-0.192683
0.0230936
-0.203519
0.0244697
-0.215296
0.0249951
-0.227496
0.0248542
-0.239595
0.0241979
-0.251072
0.0232587
-0.261545
0.0223318
-0.270779
0.0217594
-0.278584
0.0218729
-0.284815
0.0229695
-0.289361
0.0253171
-0.292123
0.0291415
-0.29309
-0.292072
-0.008324
-0.00467743
-0.00762472
-0.0694429
-0.000133545
-0.138038
0.00569503
-0.165729
0.0101503
-0.176328
0.0133115
-0.183843
0.0152232
-0.191565
0.0160432
-0.200423
0.0159423
-0.210239
0.0150276
-0.220423
0.0134193
-0.230453
0.0113336
-0.239901
0.00908232
-0.248477
0.00700287
-0.255973
0.00542995
-0.262199
0.00468863
-0.267006
0.00508839
-0.27028
0.00692049
-0.271916
0.0104353
-0.271881
-0.270003
-0.00575276
0.0016531
-0.00387969
-0.0703959
0.0020981
-0.14266
0.00655595
-0.168292
0.00983726
-0.177064
0.0118585
-0.182545
0.0126224
-0.188105
0.0123016
-0.194834
0.0110454
-0.202524
0.00900089
-0.210577
0.00633228
-0.218485
0.00330277
-0.225918
0.000217096
-0.23263
-0.00261024
-0.238426
-0.00484698
-0.243142
-0.0061645
-0.246638
-0.00624393
-0.248802
-0.00478269
-0.249534
-0.00151201
-0.248785
-0.246417
-0.00389877
0.00645462
-0.000684799
-0.0722442
0.00452785
-0.145939
0.00828745
-0.169441
0.010933
-0.176306
0.0122572
-0.179554
0.012329
-0.182824
0.0113521
-0.187341
0.00949388
-0.192858
0.00689956
-0.198753
0.00375761
-0.204566
0.000311506
-0.210026
-0.00315502
-0.214932
-0.00633639
-0.219123
-0.00891557
-0.222458
-0.0105751
-0.224811
-0.0110035
-0.226084
-0.00990221
-0.226184
-0.00699201
-0.225068
-0.222621
-0.00206705
0.00975936
0.0020945
-0.074588
0.00739056
-0.148725
0.010957
-0.169693
0.0133175
-0.174435
0.014389
-0.175365
0.0142496
-0.176287
0.0131504
-0.1786
0.0112489
-0.18197
0.00867297
-0.185752
0.00559445
-0.189536
0.00223044
-0.193108
-0.00116523
-0.196316
-0.00432031
-0.199032
-0.00695313
-0.201138
-0.00877842
-0.202534
-0.00951277
-0.203139
-0.00888039
-0.202877
-0.00661551
-0.201718
-0.19956
7.14503e-05
0.0112633
0.00512434
-0.0773737
0.0109399
-0.151465
0.0146633
-0.169421
0.0170073
-0.17176
0.01815
-0.170368
0.0182149
-0.169004
0.0174701
-0.169222
0.0160372
-0.170553
0.0140053
-0.172332
0.0115075
-0.17421
0.00871844
-0.176028
0.00583715
-0.177677
0.00307645
-0.179061
0.000658589
-0.180092
-0.00118803
-0.180697
-0.00223265
-0.180821
-0.00224753
-0.180404
-0.00100961
-0.179438
-0.177825
0.00284267
0.0103293
0.00891141
-0.0807371
0.0153156
-0.15425
0.0192894
-0.168755
0.0219025
-0.16862
0.0233019
-0.164824
0.0239025
-0.16141
0.0239319
-0.159763
0.0234341
-0.159248
0.0224392
-0.159209
0.0210214
-0.159361
0.0192855
-0.159596
0.0173515
-0.159845
0.0153504
-0.160042
0.0134215
-0.160133
0.0117107
-0.160072
0.010368
-0.159829
0.00954371
-0.159367
0.00938687
-0.158696
-0.157728
0.00644762
0.00611238
0.0135281
-0.0846941
0.0202748
-0.156863
0.0246759
-0.167915
0.027595
-0.165113
0.0294175
-0.15898
0.0308617
-0.153918
0.032051
-0.150741
0.03292
-0.148653
0.0334199
-0.147041
0.0335469
-0.145691
0.0333181
-0.144545
0.0327575
-0.143565
0.0318949
-0.142719
0.0307663
-0.141979
0.0294124
-0.141328
0.0278785
-0.14076
0.02621
-0.140255
0.0244552
-0.13984
-0.139421
0.00842227
0.000224522
0.0181389
-0.0908965
0.025606
-0.159723
0.0303502
-0.16687
0.0334983
-0.161229
0.0360139
-0.153192
0.0386042
-0.146934
0.0412912
-0.142618
0.0439018
-0.139287
0.0462981
-0.136394
0.0483885
-0.133808
0.0500929
-0.131511
0.0513282
-0.129493
0.0520087
-0.127744
0.0520503
-0.126264
0.0513719
-0.125058
0.0498965
-0.12414
0.0475499
-0.123505
0.0442661
-0.123196
-0.123143
0.00841132
-0.00537324
0.0226867
-0.101302
0.0310908
-0.163091
0.0358546
-0.165355
0.0392432
-0.157053
0.0426551
-0.147747
0.0466496
-0.140814
0.0511021
-0.135772
0.0557481
-0.131564
0.060366
-0.127726
0.064771
-0.124199
0.0687818
-0.121005
0.0722073
-0.118156
0.0748459
-0.115659
0.0764906
-0.113532
0.076932
-0.111796
0.0759629
-0.110478
0.0733799
-0.109585
0.0689949
-0.109171
-0.109192
0.0104687
-0.0127799
0.027904
-0.114553
0.0363225
-0.166098
0.040828
-0.163155
0.0444378
-0.152638
0.0489273
-0.142911
0.0545283
-0.135852
0.0609318
-0.130485
0.0678007
-0.125768
0.074856
-0.121342
0.0818362
-0.117204
0.0884655
-0.113403
0.0944478
-0.109961
0.0994686
-0.106898
0.1032
-0.104238
0.105309
-0.102011
0.105459
-0.100252
0.103327
-0.0989764
0.0986027
-0.0982468
-0.0980206
0.0143275
-0.0238331
0.0337079
-0.129481
0.0408111
-0.167472
0.0447473
-0.160027
0.0487065
-0.148189
0.0544777
-0.138969
0.0618182
-0.132262
0.0702463
-0.126906
0.0794094
-0.122038
0.0890068
-0.117398
0.0987179
-0.113009
0.108183
-0.108919
0.117013
-0.105155
0.124791
-0.101738
0.131083
-0.0986958
0.135443
-0.0960586
0.137425
-0.0938626
0.136594
-0.0921324
0.132519
-0.0909173
-0.0902362
0.0198438
-0.0402315
0.0390915
-0.144061
0.0441551
-0.16655
0.0473209
-0.155841
0.0519726
-0.144124
0.0591414
-0.136111
0.0681827
-0.130079
0.0785632
-0.125027
0.0899562
-0.120356
0.102059
-0.115878
0.114512
-0.111607
0.12689
-0.107567
0.138728
-0.103778
0.149527
-0.100259
0.15877
-0.0970333
0.165925
-0.0941297
0.170457
-0.091581
0.171846
-0.0894168
0.16958
-0.0876746
-0.0864048
0.0263651
-0.063026
0.0431139
-0.155983
0.0461231
-0.163382
0.0488388
-0.150987
0.0544048
-0.140739
0.062819
-0.134261
0.0732987
-0.129104
0.0853963
-0.124663
0.0988188
-0.120547
0.113246
-0.116593
0.128289
-0.112794
0.143482
-0.109143
0.158311
-0.105641
0.172225
-0.1023
0.184648
-0.0991386
0.194992
-0.0961784
0.202665
-0.093448
0.207086
-0.090976
0.207692
-0.0887918
-0.086956
0.0329133
-0.0922928
0.0457529
-0.163894
0.0468319
-0.15816
0.0495211
-0.145962
0.0559709
-0.138077
0.0652559
-0.133111
0.0768181
-0.129041
0.0902916
-0.125512
0.10541
-0.122288
0.121831
-0.119186
0.139138
-0.116169
0.156852
-0.113215
0.174441
-0.110303
0.191333
-0.107433
0.206928
-0.104614
0.22061
-0.10186
0.23176
-0.0991913
0.239769
-0.0966331
0.244043
-0.0942064
-0.0919707
0.0393165
-0.12794
0.0467319
-0.166341
0.045767
-0.150836
0.0495333
-0.14194
0.0565876
-0.135931
0.0662138
-0.132199
0.0784343
-0.129519
0.092863
-0.127185
0.109199
-0.125105
0.127114
-0.123119
0.14618
-0.12114
0.165921
-0.119138
0.185813
-0.117083
0.205291
-0.114957
0.223761
-0.112758
0.24061
-0.110491
0.25522
-0.108166
0.266981
-0.105803
0.275297
-0.103414
-0.101048
0.0459505
-0.170253
0.0479424
-0.163388
0.0447003
-0.141248
0.0488456
-0.138296
0.0559587
-0.133825
0.0655253
-0.131187
0.0779488
-0.130133
0.0928161
-0.129197
0.109776
-0.128404
0.12853
-0.127699
0.148671
-0.126935
0.169741
-0.126069
0.191247
-0.125073
0.212653
-0.123912
0.233391
-0.122572
0.252879
-0.121048
0.270521
-0.11934
0.285728
-0.117458
0.297921
-0.115404
-0.113219
0.0535864
-0.220291
0.0470785
-0.15202
0.0447331
-0.132635
0.0475143
-0.133356
0.0540089
-0.131151
0.063263
-0.129885
0.0753526
-0.130396
0.0900209
-0.130941
0.106925
-0.13151
0.12574
-0.132116
0.146117
-0.132637
0.167645
-0.133003
0.18986
-0.133172
0.212274
-0.133109
0.234367
-0.132786
0.255598
-0.13219
0.275419
-0.13131
0.293275
-0.130144
0.308623
-0.128685
-0.12696
-0.207098
-0.0583807
0.266177
-0.1681
-0.0380212
-0.136642
-0.0301834
-0.111328
-0.0237252
-0.0887918
-0.0206257
-0.0683639
-0.0181955
-0.0494597
-0.0163566
-0.0315263
-0.0150844
-0.0143738
-0.0140225
0.00205822
-0.013048
0.0181771
-0.0125131
0.0345934
-0.0126262
0.0514008
-0.0128745
0.068198
-0.0127664
0.0852939
-0.0130144
0.103254
-0.0138769
0.122798
-0.0155095
0.146299
-0.0195641
0.175968
-0.0258795
-0.0407276
-0.191069
-0.0689552
0.202595
-0.16938
-0.0583511
-0.147837
-0.0499312
-0.125691
-0.0436232
-0.103909
-0.0396975
-0.0821156
-0.03682
-0.0608881
-0.0339715
-0.0402212
-0.0317189
-0.0199285
-0.0298972
9.69035e-05
-0.0283123
0.019704
-0.0270662
0.0387058
-0.0263371
0.0571263
-0.0258281
0.0750785
-0.0251389
0.0922866
-0.0245952
0.108634
-0.0246143
0.124337
-0.0256833
0.138759
-0.0285993
0.15082
-0.0327528
-0.0369923
-0.184467
-0.0722368
0.18896
-0.171944
-0.0690983
-0.154704
-0.0647929
-0.13458
-0.0607483
-0.113047
-0.0576037
-0.0908067
-0.0548146
-0.0681487
-0.0517892
-0.0453966
-0.0490748
-0.0228239
-0.0465694
-0.000624781
-0.0441701
0.020961
-0.0419422
0.0415581
-0.0399355
0.0609205
-0.0379868
0.0791471
-0.0360431
0.0957701
-0.0338627
0.110486
-0.0320251
0.122602
-0.0306231
0.131158
-0.0301807
0.134746
-0.0296334
-0.0284994
-0.188766
-0.0786642
0.196656
-0.176959
-0.0786919
-0.161133
-0.077611
-0.14209
-0.0759656
-0.120744
-0.0743021
-0.0978502
-0.0722565
-0.0739078
-0.0695135
-0.0494778
-0.0665776
-0.0250453
-0.06344
-0.00102654
-0.0600813
0.0221682
-0.0565841
0.0440419
-0.0529192
0.0642132
-0.0490432
0.0823904
-0.0449928
0.0983444
-0.0405864
0.111636
-0.0361873
0.121969
-0.0320215
0.128787
-0.0283452
0.132346
-0.0248923
-0.0216242
-0.196783
-0.0846015
0.20441
-0.185183
-0.0876375
-0.169643
-0.08948
-0.150576
-0.0903178
-0.128738
-0.0903828
-0.10485
-0.0893723
-0.079467
-0.0871658
-0.0532893
-0.0841458
-0.0269788
-0.0803653
-0.00114779
-0.0758724
0.0236179
-0.0707897
0.0467339
-0.0650972
0.0676902
-0.0588291
0.0860725
-0.0521155
0.101682
-0.044983
0.114167
-0.0376332
0.123371
-0.0304692
0.129046
-0.0236455
0.1315
-0.0174303
-0.0118797
-0.206545
-0.0895955
0.213415
-0.195239
-0.0958611
-0.179687
-0.100681
-0.160247
-0.104109
-0.13757
-0.106118
-0.112371
-0.10638
-0.0853189
-0.104854
-0.057227
-0.101811
-0.0289076
-0.0973332
-0.00114383
-0.0915197
0.0253049
-0.0845319
0.0497648
-0.0764438
0.0716272
-0.0673552
0.0904135
-0.0575207
0.105846
-0.0471556
0.117722
-0.0365188
0.125941
-0.0260967
0.130587
-0.0162045
0.131772
-0.00711352
0.000864698
-0.21768
-0.0939355
0.224025
-0.206622
-0.10344
-0.190922
-0.111351
-0.170901
-0.117517
-0.147173
-0.121662
-0.120469
-0.123391
-0.0915649
-0.122658
-0.0613945
-0.119622
-0.0309206
-0.114367
-0.00109349
-0.107033
0.0271804
-0.0978412
0.053106
-0.0869846
0.0759873
-0.0746598
0.0952923
-0.0612741
0.110702
-0.0472368
0.122099
-0.0329838
0.129469
-0.0190752
0.133035
-0.0060315
0.133153
0.00577125
0.0158391
-0.229582
-0.0975393
0.235244
-0.218813
-0.110378
-0.202935
-0.121536
-0.182259
-0.130602
-0.157372
-0.137082
-0.129042
-0.140458
-0.0981617
-0.140619
-0.0657885
-0.137606
-0.0330392
-0.131489
-0.00102973
-0.122436
0.0291832
-0.110749
0.056675
-0.0967579
0.0806627
-0.0807935
0.100564
-0.0634461
0.11604
-0.0453401
0.127005
-0.0271307
0.133556
-0.00952178
0.136025
0.00677278
0.134949
0.0212147
0.0332686
-0.241798
-0.100332
0.24661
-0.231405
-0.116655
-0.215385
-0.131234
-0.194037
-0.143384
-0.16795
-0.152392
-0.137935
-0.157592
-0.105006
-0.158742
-0.0703529
-0.155765
-0.0352483
-0.148701
-0.00097447
-0.137744
0.0312546
-0.123282
0.0603808
-0.105804
0.0855309
-0.0858145
0.106071
-0.064115
0.121649
-0.0415726
0.132202
-0.0190857
0.137934
0.00242513
0.139282
0.0220672
0.136889
0.0391477
0.0530654
-0.253982
-0.102303
0.257827
-0.24406
-0.122253
-0.227967
-0.140426
-0.205974
-0.155854
-0.178687
-0.167585
-0.146978
-0.174771
-0.111976
-0.177003
-0.0750111
-0.174077
-0.0375156
-0.165987
-0.000938478
-0.152954
0.0333435
-0.135457
0.0641376
-0.114166
0.0904753
-0.0897901
0.11167
-0.0633747
0.127357
-0.0360586
0.137506
-0.00901135
0.142408
0.0165884
0.142613
0.0396554
0.13888
0.059352
0.0749871
-0.265855
-0.103472
0.268631
-0.256497
-0.127174
-0.240409
-0.149099
-0.217829
-0.167991
-0.18938
-0.182628
-0.156003
-0.191954
-0.118946
-0.195357
-0.0796802
-0.192498
-0.0398008
-0.183316
-0.000924577
-0.168054
0.0354081
-0.147286
0.0678696
-0.121889
0.0953916
-0.0927997
0.117233
-0.0613399
0.13302
-0.0289504
0.14276
0.00289772
0.146821
0.0327431
0.145866
0.0592897
0.140787
0.0815464
0.0987306
-0.277168
-0.103885
0.27879
-0.268469
-0.131432
-0.252472
-0.157243
-0.229382
-0.179765
-0.199838
-0.197478
-0.164855
-0.209083
-0.125795
-0.213744
-0.0842781
-0.21097
-0.0420618
-0.20064
-0.000931514
-0.183017
0.037415
-0.158781
0.0715101
-0.129022
0.100188
-0.0949365
0.12265
-0.0581495
0.138517
-0.0204328
0.147834
0.0164105
0.151046
0.0506184
0.148927
0.0806671
0.142513
0.10539
0.123926
-0.287706
-0.103614
0.288097
-0.279753
-0.135057
-0.263939
-0.164857
-0.240431
-0.191146
-0.209881
-0.212081
-0.17338
-0.226088
-0.132406
-0.232085
-0.088724
-0.22942
-0.0442556
-0.217901
-0.000951391
-0.197815
0.0393341
-0.169948
0.0749987
-0.135621
0.10478
-0.0963106
0.127825
-0.0539683
0.143744
-0.0107247
0.152623
0.0312573
0.154983
0.069899
0.151712
0.103428
0.143994
0.130487
0.150147
-0.297276
-0.102745
0.296372
-0.290154
-0.138095
-0.274617
-0.171949
-0.25079
-0.202107
-0.219343
-0.226379
-0.181436
-0.24289
-0.138665
-0.250295
-0.0929392
-0.247764
-0.0463401
-0.235033
-0.000979289
-0.212412
0.0411363
-0.180797
0.0782785
-0.141751
0.109091
-0.0970496
0.132667
-0.0489878
0.148607
-7.85869e-05
0.157035
0.0471306
0.158549
0.0902268
0.154155
0.127166
0.145176
0.156398
0.176921
-0.30571
-0.101386
0.303459
-0.299496
-0.140602
-0.284328
-0.178532
-0.26029
-0.212622
-0.228065
-0.240314
-0.188886
-0.259406
-0.144463
-0.268275
-0.0968468
-0.265907
-0.0482746
-0.25196
-0.00101038
-0.226766
0.0427948
-0.191337
0.0812953
-0.147486
0.113048
-0.0972983
0.137095
-0.0434253
0.153024
0.0112204
0.160994
0.0636864
0.161678
0.111205
0.156199
0.15144
0.146019
0.182643
0.203743
-0.312864
-0.0996558
0.309222
-0.307627
-0.142652
-0.292917
-0.184634
-0.268778
-0.222671
-0.235902
-0.253828
-0.1956
-0.27555
-0.149694
-0.285923
-0.100373
-0.283745
-0.0500202
-0.268596
-0.00104035
-0.240834
0.0442834
-0.20158
0.0839979
-0.152908
0.116583
-0.0972176
0.14103
-0.0375204
0.156917
0.0228584
0.164428
0.0805475
0.16431
0.132404
0.157799
0.175777
0.146494
0.208714
0.230082
-0.318614
-0.0976849
0.313547
-0.314414
-0.144325
-0.300247
-0.190284
-0.276111
-0.232243
-0.242721
-0.266867
-0.201458
-0.291232
-0.15426
-0.30313
-0.103448
-0.301168
-0.0515394
-0.28485
-0.00106659
-0.254567
0.0455745
-0.211542
0.0863373
-0.158111
0.11963
-0.0969841
0.1444
-0.0315336
0.160212
0.0344984
0.167274
0.0973098
0.166395
0.153366
0.158918
0.19968
0.146577
0.234084
0.255386
-0.322853
-0.0956242
0.316352
-0.319744
-0.145709
-0.306198
-0.195524
-0.282169
-0.241332
-0.248399
-0.279377
-0.206349
-0.306364
-0.158067
-0.319784
-0.106002
-0.318061
-0.0527954
-0.300626
-0.00108715
-0.267907
0.0466411
-0.22124
0.0882643
-0.163196
0.122128
-0.0967886
0.147139
-0.0257443
0.162847
0.0457817
0.169476
0.11355
0.167891
0.173616
0.15953
0.222636
0.146254
0.258217
0.279104
-0.325514
-0.0936213
0.317568
-0.323531
-0.146905
-0.310668
-0.200405
-0.286843
-0.249936
-0.252827
-0.291312
-0.210167
-0.320859
-0.161027
-0.335773
-0.107972
-0.334302
-0.0537517
-0.315823
-0.00109582
-0.2808
0.0474628
-0.230692
0.0897337
-0.168269
0.124016
-0.096832
0.149184
-0.0204467
0.164766
0.0563326
0.170986
0.128831
0.168758
0.192669
0.159606
0.24413
0.145511
0.280573
0.300688
-0.326544
0.317147
-0.325704
-0.313576
-0.290039
-0.255908
-0.212822
-0.163061
-0.109303
-0.054379
-0.0010811
0.0480271
0.0907104
0.125247
0.150481
0.165918
0.171773
0.168986
0.159151
0.144363
0.416112
-0.111499
0.401907
-0.110972
0.382315
-0.110629
0.358164
-0.110528
0.330368
-0.110683
0.299853
-0.111092
0.267511
-0.111758
0.234192
-0.112689
0.200749
-0.11394
0.168031
-0.115543
0.136849
-0.117513
0.107866
-0.119968
0.0818468
-0.123115
0.0594812
-0.12706
0.0417355
-0.131075
0.0292902
-0.13296
0.0224816
-0.128739
0.0241237
-0.111378
0.0188127
-0.0517602
0.0120751
0.345727
-0.103569
0.338198
-0.102368
0.324889
-0.101544
0.306626
-0.101119
0.284317
-0.101151
0.258894
-0.101644
0.23129
-0.102597
0.202433
-0.104025
0.173182
-0.105942
0.144388
-0.10841
0.116827
-0.111424
0.0912307
-0.115123
0.0683403
-0.119796
0.0489094
-0.125643
0.0337675
-0.132096
0.0237982
-0.137099
0.0191055
-0.135987
0.0192727
-0.121293
0.0154366
-0.0555398
0.0218882
0.257601
-0.101812
0.256511
-0.099887
0.249591
-0.0985149
0.237667
-0.097705
0.22162
-0.0975295
0.202355
-0.0979974
0.180787
-0.099114
0.157808
-0.100882
0.13428
-0.103311
0.110957
-0.106402
0.0885656
-0.11017
0.0677525
-0.114741
0.0491074
-0.120421
0.0332822
-0.127553
0.0211844
-0.13591
0.0135198
-0.143325
0.0110323
-0.145258
0.0131162
-0.132982
0.0114333
-0.0613698
0.0277601
0.166015
-0.106374
0.168793
-0.104069
0.166452
-0.102388
0.159771
-0.101408
0.149498
-0.101137
0.136399
-0.101588
0.121239
-0.102765
0.104771
-0.104673
0.0877095
-0.107312
0.0707137
-0.11067
0.0543828
-0.114756
0.0392203
-0.119663
0.0256285
-0.125668
0.0140843
-0.133265
0.00542395
-0.142669
0.000581
-0.151892
5.19957e-05
-0.156046
0.00437346
-0.146521
0.00689401
-0.0710816
0.0293424
0.0824104
-0.116105
0.0855375
-0.114212
0.0851387
-0.112906
0.0817385
-0.11223
0.0758631
-0.112175
0.0680518
-0.112759
0.058839
-0.113992
0.048743
-0.115883
0.0382551
-0.118436
0.027838
-0.121655
0.017906
-0.125551
0.00877335
-0.130178
0.000627101
-0.13575
-0.00635043
-0.14283
-0.0116134
-0.152068
-0.0138391
-0.162328
-0.012445
-0.168054
-0.00606409
-0.161495
0.000648837
-0.0844605
0.0250967
0.0122077
-0.130095
0.0129046
-0.12964
0.0121446
-0.129493
0.0101782
-0.129701
0.00725533
-0.130251
0.00362933
-0.131176
-0.0004572
-0.13249
-0.00477574
-0.134218
-0.00911286
-0.136384
-0.0132684
-0.13902
-0.0170632
-0.142165
-0.0203725
-0.145873
-0.0231955
-0.150292
-0.0256554
-0.155919
-0.0276921
-0.16365
-0.0282371
-0.17342
-0.0252203
-0.180733
-0.017489
-0.176978
-0.00631867
-0.101591
0.0144428
-0.0435931
-0.148368
-0.0465381
-0.150139
-0.0487853
-0.15175
-0.0503686
-0.153258
-0.0513242
-0.154664
-0.0517022
-0.156009
-0.0515592
-0.157329
-0.0509602
-0.158673
-0.0499743
-0.160095
-0.0486711
-0.16167
-0.0471122
-0.163487
-0.0453616
-0.165641
-0.043549
-0.168261
-0.0419599
-0.171735
-0.0409673
-0.176917
-0.0402333
-0.184497
-0.0369577
-0.192487
-0.0284434
-0.192211
-0.0115401
-0.123597
-0.000761335
-0.0856904
-0.171903
-0.0915346
-0.176026
-0.0949653
-0.179446
-0.0962487
-0.182206
-0.095655
-0.184336
-0.0934777
-0.185884
-0.0900162
-0.186915
-0.0855726
-0.187508
-0.0804444
-0.187757
-0.0749189
-0.187779
-0.0692648
-0.187718
-0.0637186
-0.187733
-0.0585
-0.188002
-0.0539265
-0.188845
-0.0505512
-0.190911
-0.0486828
-0.195161
-0.0461291
-0.202132
-0.0387043
-0.205166
-0.0174647
-0.148969
-0.0211409
-0.113189
-0.201448
-0.119977
-0.207247
-0.123423
-0.21184
-0.12393
-0.215241
-0.121912
-0.217504
-0.117804
-0.218695
-0.112046
-0.218903
-0.105081
-0.218237
-0.097339
-0.216832
-0.0892356
-0.214843
-0.0811657
-0.212457
-0.073481
-0.209896
-0.0664666
-0.207422
-0.0604366
-0.205341
-0.0559312
-0.204086
-0.0535226
-0.204596
-0.0519236
-0.209277
-0.0482564
-0.213066
-0.0249445
-0.175372
-0.0482107
-0.121565
-0.236008
-0.127409
-0.242177
-0.129869
-0.246764
-0.129369
-0.249771
-0.12635
-0.251265
-0.121275
-0.251327
-0.114613
-0.250062
-0.106836
-0.247605
-0.0984032
-0.244116
-0.089758
-0.239783
-0.0813228
-0.234823
-0.0734815
-0.229503
-0.0665526
-0.224151
-0.0608597
-0.219068
-0.0568171
-0.214594
-0.0546689
-0.211832
-0.0549132
-0.212926
-0.055173
-0.215682
-0.0343948
-0.198176
-0.0839401
-0.103278
-0.271627
-0.107683
-0.276695
-0.10934
-0.279987
-0.108599
-0.281518
-0.10584
-0.281353
-0.10146
-0.27958
-0.0958604
-0.276319
-0.0894445
-0.271714
-0.08261
-0.265939
-0.0757443
-0.259196
-0.0692181
-0.251716
-0.0633786
-0.243782
-0.0585448
-0.235743
-0.05504
-0.227883
-0.053132
-0.220581
-0.052747
-0.215267
-0.0550041
-0.212873
-0.0596625
-0.212546
-0.0449773
-0.213849
-0.1295
-0.0513829
-0.301441
-0.0558283
-0.304322
-0.0584674
-0.305423
-0.0595345
-0.304781
-0.0592844
-0.302456
-0.0579846
-0.298541
-0.0559107
-0.293154
-0.0533433
-0.286441
-0.0505648
-0.27857
-0.0478552
-0.269741
-0.0454886
-0.26018
-0.0437372
-0.250158
-0.0428892
-0.239991
-0.0432169
-0.229958
-0.044866
-0.220543
-0.0476888
-0.213446
-0.0525279
-0.208584
-0.0623564
-0.202952
-0.0600901
-0.216143
-0.189499
0.0356712
0.0281687
0.0216042
0.0158688
0.0108476
0.0064095
0.0024167
-0.0012751
-0.00481671
-0.00836525
-0.0120852
-0.01616
-0.0208052
-0.0261956
-0.0325038
-0.0405805
-0.0515226
-0.0645868
-0.0773274
)
;

boundaryField
{
    inlet
    {
        type            calculated;
        value           nonuniform List<scalar> 
41
(
-0.182927
-0.182927
-0.182927
-0.182927
-0.182927
-0.182927
-0.182927
-0.182927
-0.182927
-0.182927
-0.182927
-0.182927
-0.182927
-0.182927
-0.182927
-0.182927
-0.182927
-0.182927
-0.182927
-0.182927
-0.182927
-0.182927
-0.182927
-0.182927
-0.182927
-0.182927
-0.182927
-0.182927
-0.182927
-0.182927
-0.182927
-0.182927
-0.182927
-0.182927
-0.182927
-0.182927
-0.182927
-0.182927
-0.182927
-0.182927
-0.182927
)
;
    }
    outlet
    {
        type            calculated;
        value           nonuniform List<scalar> 
41
(
0.219914
0.230996
0.235085
0.237045
0.238756
0.240942
0.244069
0.248389
0.254067
0.260003
0.263996
0.262813
0.255507
0.240276
0.217196
0.188178
0.156527
0.125332
0.0976274
0.0763193
0.0630519
0.058411
0.0616184
0.0696638
0.0810312
0.0940146
0.107836
0.121984
0.13521
0.147897
0.162423
0.178912
0.19427
0.205623
0.212692
0.216766
0.219333
0.220947
0.221711
0.220792
0.213478
)
;
    }
    dymWall
    {
        type            calculated;
        value           nonuniform List<scalar> 
73
(
-1.73472e-18
0
1.73472e-18
-8.67362e-19
0
1.73472e-18
8.67362e-19
0
-2.1684e-19
-1.0842e-19
0
2.1684e-19
0
0
1.73472e-18
-8.67362e-19
1.73472e-18
-1.73472e-18
0
0
-8.67362e-19
8.67362e-19
-1.73472e-18
-1.73472e-18
0
-4.33681e-19
0
0
0
5.42101e-20
-5.42101e-20
-2.1684e-19
0
0
0
0
8.67362e-19
1.73472e-18
8.67362e-19
0
0
0
0
0
-8.67362e-19
4.33681e-19
0
0
8.67362e-19
1.73472e-18
0
0
-3.46945e-18
0
0
-8.67362e-19
-8.67362e-19
0
0
0
0
0
0
0
0
-4.33681e-19
0
-4.33681e-19
-8.67362e-19
-8.67362e-19
-1.73472e-18
8.67362e-19
8.67362e-19
)
;
    }
    AMI1
    {
        type            cyclicAMI;
        value           nonuniform List<scalar> 
73
(
-0.302297
-0.305852
-0.29713
-0.28218
-0.251959
-0.189404
-0.102354
-0.0151527
0.0615551
0.13298
0.193696
0.238283
0.264662
0.273796
0.268819
0.25311
0.229223
0.19884
0.16386
0.127084
0.091602
0.0601915
0.0346598
0.0158809
0.00384332
-0.00199612
-0.00246685
0.00168372
0.0100386
0.0226462
0.0400003
0.0626516
0.0909956
0.124855
0.163211
0.203962
0.244024
0.279597
0.306546
0.320933
-0.0918173
-0.148026
-0.204986
-0.258067
-0.302633
-0.334634
-0.350982
-0.34977
-0.330339
-0.293194
-0.239921
-0.173437
-0.0973213
-0.0159429
0.065765
0.1427
0.210034
0.263647
0.300626
0.319606
-0.424249
-0.346668
-0.252072
-0.157453
-0.0752287
-0.00981858
0.0399175
0.0772066
0.102726
0.111972
0.0957976
0.0449027
-0.0442163
)
;
    }
    AMI2
    {
        type            cyclicAMI;
        value           nonuniform List<scalar> 
162
(
0.148945
0.150826
0.153101
0.151415
0.151015
0.146301
0.145453
0.138559
0.134286
0.122679
0.108514
0.0907918
0.0687612
0.0477633
0.0251988
0.00569886
-0.0139887
-0.0311785
-0.050235
-0.0660111
-0.0823994
-0.0957891
-0.107919
-0.117906
-0.125114
-0.131269
-0.133856
-0.136296
-0.135131
-0.134489
-0.130398
-0.127485
-0.12103
-0.116488
-0.10812
-0.102233
-0.0925454
-0.0855481
-0.0753085
-0.0677154
-0.0577474
-0.0513618
-0.0419981
-0.0348066
-0.0270691
-0.021161
-0.0152784
-0.0109448
-0.00691109
-0.00417699
-0.00183096
-0.000570586
0.000336436
0.000336451
5.93156e-05
-0.00100999
-0.00230268
-0.00435076
-0.00659959
-0.00966577
-0.0129754
-0.0172333
-0.0217781
-0.027413
-0.0333672
-0.0405217
-0.0479953
-0.0566593
-0.0655413
-0.0754844
-0.0854147
-0.0961022
-0.106427
-0.117053
-0.126869
-0.136439
-0.14468
-0.152103
-0.157667
-0.161892
-0.163809
0.038151
0.0515397
0.0648471
0.0789828
0.0925846
0.106404
0.119222
0.131611
0.142548
0.152462
0.160551
0.167117
0.171605
0.174207
0.174606
0.172912
0.169016
0.162977
0.154852
0.144669
0.132604
0.11873
0.103342
0.0865334
0.0685711
0.0497003
0.0301356
0.0102411
-0.00981156
-0.029561
-0.0489108
-0.0673197
-0.0847941
-0.100741
-0.115292
-0.127822
-0.138638
-0.147085
-0.153685
-0.157751
-0.160022
0.146305
0.1408
0.133998
0.123899
0.114662
0.104948
0.0939369
0.0833442
0.0729331
0.0623398
0.0523566
0.0429942
0.0340184
0.0257986
0.0183032
0.0112722
0.00504096
-0.000556632
-0.00583605
-0.0104765
-0.0146047
-0.0186127
-0.0221514
-0.02521
-0.0282107
-0.0307544
-0.0326099
-0.0342839
-0.0353238
-0.0352905
-0.0346392
-0.0331658
-0.0300873
-0.0259754
-0.020934
-0.0138871
-0.00556812
0.00346493
0.0145785
0.0268181
)
;
    }
    walls
    {
        type            calculated;
        value           nonuniform List<scalar> 
80
(
0
0
0
0
0
0
0
0
0
0
0
0
0
0
0
0
0
0
0
0
0
0
0
0
0
0
0
0
0
0
0
0
0
0
0
0
0
0
0
0
0
0
0
0
0
0
0
0
0
0
0
0
0
0
0
0
0
1.4803e-14
7.40149e-15
7.40149e-15
7.40149e-15
2.22045e-14
2.22045e-14
0
0
0
0
0
0
0
0
0
0
0
0
0
0
0
0
0
)
;
    }
    front
    {
        type            empty;
        value           nonuniform 0();
    }
    back
    {
        type            empty;
        value           nonuniform 0();
    }
}


// ************************************************************************* //
