/*--------------------------------*- C++ -*----------------------------------*\
  =========                 |
  \\      /  F ield         | OpenFOAM: The Open Source CFD Toolbox
   \\    /   O peration     | Website:  https://openfoam.org
    \\  /    A nd           | Version:  6
     \\/     M anipulation  |
\*---------------------------------------------------------------------------*/
FoamFile
{
    version     2.0;
    format      ascii;
    class       volScalarField;
    location    "1.74";
    object      k;
}
// * * * * * * * * * * * * * * * * * * * * * * * * * * * * * * * * * * * * * //

dimensions      [0 2 -2 0 0 0 0];

internalField   nonuniform List<scalar> 
4214
(
0.0339544
0.0288342
0.0274215
0.0271405
0.0272183
0.0274258
0.0277101
0.0280783
0.0285476
0.0291396
0.0298786
0.0307958
0.0319358
0.0333684
0.0352089
0.03765
0.0410352
0.0459671
0.05342
0.064206
0.0778082
0.076797
0.0643499
0.0528761
0.0447741
0.0392377
0.035494
0.0328946
0.0310488
0.0297264
0.0287863
0.0281254
0.0276705
0.0273639
0.0271601
0.0270165
0.0269037
0.0268617
0.0271264
0.0284904
0.0334851
0.0257931
0.0263516
0.026771
0.027098
0.0273932
0.0277068
0.0280776
0.0285413
0.0291208
0.0298386
0.0307204
0.0317996
0.0331266
0.0347811
0.0368943
0.0396889
0.0435646
0.0492067
0.0576867
0.0698347
0.0854014
0.0856151
0.072155
0.0589674
0.049411
0.0427086
0.0381177
0.0349131
0.0326184
0.0309478
0.0297284
0.0288437
0.0282086
0.0277588
0.0274471
0.0272274
0.0270424
0.0268349
0.0265514
0.0261595
0.0256703
0.0262043
0.0267308
0.0271002
0.0274102
0.0277266
0.0280968
0.0285562
0.02913
0.0298383
0.0307013
0.0317439
0.0330021
0.034532
0.0364241
0.0388276
0.0419968
0.0463851
0.0527484
0.0622464
0.0757271
0.0933139
0.0953448
0.0812458
0.0662898
0.0551063
0.0470312
0.0413983
0.0374347
0.0345891
0.0324991
0.0309462
0.0297899
0.0289324
0.0283018
0.0278442
0.0275177
0.0272802
0.0270769
0.0268458
0.0265315
0.0260826
0.0267561
0.0271357
0.0274472
0.0277624
0.0281318
0.0285914
0.0291672
0.0298771
0.0307373
0.0317654
0.0329867
0.0344404
0.0361899
0.038338
0.0410541
0.0446222
0.0495381
0.0566073
0.0670666
0.0818222
0.101389
0.105811
0.0916707
0.0750175
0.0620597
0.0524066
0.0455089
0.0405968
0.0370589
0.0344542
0.032502
0.0310239
0.0299009
0.0290488
0.0284064
0.0279298
0.0275846
0.0273319
0.02712
0.0268926
0.0266021
0.0271632
0.0274846
0.0278034
0.0281748
0.0286399
0.0292251
0.029949
0.0308234
0.0318604
0.0330753
0.0344942
0.0361605
0.0381463
0.0405691
0.0436185
0.0476049
0.0530528
0.0607988
0.0721502
0.0881193
0.109587
0.116899
0.103485
0.0853905
0.0705124
0.0590584
0.0506497
0.0445615
0.0401492
0.0369005
0.034462
0.0326011
0.0311643
0.0300486
0.029182
0.0285141
0.0280106
0.0276443
0.02738
0.0271706
0.0269519
0.0275053
0.0278424
0.0282237
0.0286976
0.0292998
0.0300482
0.0309548
0.0320246
0.0332656
0.0346908
0.0363277
0.0382254
0.0404666
0.0431852
0.0465906
0.0510137
0.056994
0.0653823
0.0775508
0.0946926
0.117924
0.128441
0.116607
0.0975568
0.0807037
0.0672072
0.0570257
0.0495111
0.0440104
0.0399541
0.0369165
0.0345969
0.0327927
0.0313694
0.0302385
0.0293397
0.0286341
0.0280971
0.0277078
0.0274398
0.027225
0.0278591
0.0282672
0.0287603
0.029383
0.0301673
0.0311209
0.0322499
0.03355
0.035026
0.0366876
0.0385658
0.0407166
0.0432355
0.0462742
0.050059
0.0549361
0.0614485
0.0704469
0.0833573
0.101652
0.126474
0.140304
0.130846
0.111554
0.0928189
0.0770517
0.0648169
0.0556134
0.0487961
0.0437483
0.0399773
0.0371079
0.0348743
0.0330957
0.0316576
0.0304859
0.0295346
0.0287763
0.0281967
0.0277902
0.0275133
0.0282869
0.0288153
0.0294715
0.030294
0.0313127
0.0325201
0.033918
0.0354889
0.0372359
0.0391645
0.0413119
0.0437429
0.0465666
0.0499536
0.0541412
0.05949
0.0665371
0.0761247
0.0897076
0.109142
0.135434
0.152442
0.145987
0.127267
0.106947
0.0887379
0.0741599
0.0629994
0.0546403
0.0484191
0.0437782
0.0402644
0.0375374
0.0353537
0.0335622
0.0320692
0.0308209
0.029787
0.0289551
0.028331
0.0279165
0.0288507
0.0295485
0.0304274
0.0315093
0.0328259
0.0343445
0.0360672
0.0379557
0.0400176
0.0422505
0.044703
0.0474485
0.05061
0.054378
0.0589919
0.0648328
0.0724188
0.0825935
0.0967908
0.117341
0.144952
0.165047
0.161931
0.144482
0.123041
0.10232
0.0851296
0.0717451
0.0616362
0.0540859
0.048467
0.0442389
0.0409714
0.0383426
0.0361516
0.0342788
0.0326653
0.0312812
0.0301208
0.0291954
0.0285504
0.0296167
0.0305395
0.031717
0.0331303
0.034824
0.03672
0.0388363
0.0410973
0.0435299
0.046114
0.0489188
0.052024
0.0555618
0.0597501
0.0648129
0.0711717
0.0792984
0.0900788
0.104848
0.12646
0.155211
0.178415
0.178791
0.162993
0.140946
0.117739
0.0977213
0.081859
0.06982
0.0608345
0.0541932
0.0492475
0.0454496
0.0423743
0.0397553
0.0374356
0.0353603
0.0335114
0.0319041
0.0305619
0.0295647
0.0306594
0.0318777
0.0334564
0.0352868
0.0374581
0.0398064
0.0424036
0.0451014
0.0479792
0.0509736
0.054193
0.0577156
0.0616744
0.0663325
0.0718648
0.0787764
0.0874335
0.0988524
0.114166
0.136751
0.166485
0.192828
0.196876
0.182687
0.160487
0.134845
0.111845
0.0932714
0.0791653
0.0687111
0.0611041
0.0555532
0.0513501
0.0479152
0.0448922
0.0420633
0.0393979
0.0369008
0.034651
0.0327004
0.03117
0.0320686
0.0336751
0.0357976
0.0381413
0.0409202
0.0437996
0.0469935
0.0502008
0.053627
0.0571049
0.0608219
0.0648354
0.0692659
0.0744621
0.0804796
0.087996
0.0971519
0.109239
0.125062
0.148504
0.179091
0.208711
0.216439
0.203569
0.18146
0.15332
0.127311
0.105854
0.0895947
0.0777451
0.0693675
0.0634975
0.0591925
0.0556365
0.0523375
0.0489592
0.0455453
0.0421138
0.038908
0.0360235
0.0336725
0.0339597
0.0360695
0.0389349
0.041886
0.0454461
0.0489292
0.0528805
0.0566722
0.0607936
0.0648422
0.0691691
0.0737698
0.0787292
0.0845664
0.0910754
0.0992771
0.10887
0.121636
0.137886
0.162076
0.193382
0.226606
0.23783
0.225694
0.203704
0.17273
0.143823
0.119372
0.10104
0.0880083
0.079231
0.0735662
0.0696988
0.0664823
0.0631929
0.0592594
0.054922
0.0500861
0.0454624
0.0410931
0.0374846
0.0364878
0.0392201
0.0431068
0.0467299
0.0513144
0.055443
0.0603859
0.0648225
0.0698547
0.0745696
0.0796648
0.0849847
0.0905422
0.0971844
0.10417
0.113181
0.123085
0.136522
0.15296
0.177876
0.209778
0.247226
0.261525
0.249039
0.227136
0.192517
0.161133
0.133568
0.113478
0.0996855
0.0910804
0.0864897
0.0838129
0.0817115
0.0788809
0.0744537
0.0690305
0.0619475
0.0553299
0.0485152
0.0430836
0.0398742
0.04329
0.0485966
0.0528716
0.0588378
0.0635733
0.0698691
0.0749568
0.0812321
0.0866983
0.0928026
0.0990251
0.105274
0.112987
0.120399
0.130437
0.140451
0.154572
0.170676
0.196284
0.228453
0.271513
0.288139
0.273424
0.251762
0.212021
0.179305
0.148324
0.12722
0.113286
0.105601
0.10349
0.102705
0.102883
0.100802
0.0962052
0.0894699
0.0786895
0.0696674
0.0586081
0.0509216
0.0444593
0.0484008
0.05576
0.0604498
0.0683778
0.0734814
0.0817302
0.087313
0.0954084
0.101626
0.109143
0.116503
0.123574
0.132796
0.140475
0.151948
0.161682
0.176666
0.191739
0.218264
0.249466
0.300608
0.317795
0.298098
0.277179
0.230066
0.198508
0.163838
0.143502
0.130311
0.124194
0.126146
0.127504
0.1315
0.12984
0.125399
0.117048
0.100552
0.0895566
0.0709346
0.0614731
0.0508901
0.0544958
0.0651967
0.0694158
0.0804812
0.0851291
0.0965437
0.101939
0.113051
0.119655
0.129432
0.138107
0.146162
0.157688
0.165
0.178906
0.187041
0.203619
0.215746
0.245173
0.272393
0.33723
0.349041
0.320589
0.301784
0.242474
0.216702
0.175664
0.16162
0.148858
0.14962
0.154056
0.160506
0.166213
0.165942
0.160381
0.150608
0.126271
0.115685
0.0843199
0.0754243
0.0536398
0.0491747
0.0439604
0.0391207
0.0352471
0.0324096
0.0304391
0.0291138
0.0282434
0.0276879
0.0273268
0.0270421
0.0267108
0.0262085
0.0253731
0.0251761
0.050497
0.0486826
0.0437935
0.0397216
0.0363053
0.0335506
0.0314442
0.0299097
0.0288286
0.0280941
0.0276103
0.0272839
0.027017
0.0266965
0.0261994
0.0253182
0.0248706
0.0495333
0.0383784
0.0372063
0.0355395
0.0336797
0.0319408
0.030488
0.0293541
0.0285128
0.0279189
0.0275102
0.0272196
0.0269705
0.0266599
0.0261612
0.0252555
0.024627
0.0486614
0.0358638
0.0342892
0.0329556
0.0317136
0.0305754
0.0295994
0.0288032
0.0281828
0.0277205
0.0273855
0.0271334
0.0269037
0.0266009
0.0260953
0.0251572
0.0243941
0.0481413
0.0308031
0.0306986
0.0303933
0.0299049
0.029327
0.0287617
0.0282606
0.0278389
0.0274994
0.0272359
0.0270211
0.0268082
0.0265106
0.0259954
0.0250215
0.0241586
0.048005
0.0294959
0.029133
0.0288699
0.0286062
0.0283136
0.0280154
0.0277349
0.0274799
0.0272545
0.0270583
0.0268802
0.0266846
0.0263917
0.0258637
0.0248514
0.0239161
0.0482721
0.0267689
0.0270632
0.0272679
0.0273638
0.027362
0.0272981
0.0272052
0.0270978
0.0269793
0.0268522
0.0267141
0.0265385
0.0262499
0.0257066
0.0246552
0.0236836
0.0489467
0.0259828
0.0261377
0.0263219
0.0264846
0.026598
0.0266656
0.0266995
0.0267049
0.0266796
0.0266219
0.0265278
0.0263757
0.0260929
0.0255338
0.0244498
0.0234866
0.0500131
0.0242991
0.0247611
0.0251682
0.025516
0.0257936
0.0260059
0.0261642
0.0262761
0.0263421
0.0263575
0.0263155
0.0261937
0.0259221
0.0253527
0.0242511
0.0233507
0.0514223
0.0237077
0.0240628
0.0244336
0.0247912
0.0251127
0.0253904
0.0256248
0.0258158
0.0259595
0.0260466
0.0260623
0.0259785
0.025727
0.0251599
0.0240614
0.0232883
0.0530823
0.0224971
0.0230191
0.0234901
0.0239237
0.0243201
0.0246779
0.0249962
0.0252716
0.0254972
0.0256609
0.0257421
0.0257057
0.0254849
0.0249342
0.0238644
0.0232984
0.0549134
0.021973
0.0223835
0.0228124
0.023239
0.0236491
0.0240351
0.0243923
0.0247153
0.0249948
0.025215
0.0253506
0.0253584
0.025171
0.0246479
0.0236366
0.023365
0.0568292
0.0209616
0.0214895
0.0219826
0.022454
0.022905
0.0233332
0.0237353
0.0241047
0.0244311
0.0246974
0.0248764
0.0249211
0.0247648
0.0242791
0.0233623
0.0234975
0.0587331
0.020461
0.0208581
0.0212914
0.0217412
0.0221925
0.0226343
0.0230574
0.0234521
0.0238061
0.0241018
0.024311
0.0243845
0.0242569
0.0238188
0.0230408
0.0237249
0.0605346
0.0195421
0.0200292
0.0205007
0.0209704
0.0214372
0.0218939
0.0223316
0.0227409
0.0231113
0.0234265
0.0236577
0.0237544
0.0236547
0.0232761
0.0226862
0.0240987
0.0621811
0.0190555
0.0194043
0.0198088
0.0202456
0.0206954
0.0211423
0.0215743
0.0219822
0.022357
0.0226837
0.0229315
0.0230485
0.0229803
0.0226792
0.0223396
0.0246762
0.0635798
0.0182081
0.018634
0.0190605
0.019496
0.0199334
0.0203634
0.0207794
0.0211777
0.0215519
0.0218863
0.0221494
0.0222897
0.0222657
0.0220723
0.0220676
0.0255095
0.064634
0.0177376
0.018035
0.0183962
0.0187861
0.0191826
0.0195755
0.0199622
0.0203424
0.0207105
0.0210494
0.0213264
0.0214991
0.0215451
0.0215102
0.0219771
0.0265518
0.0652288
0.016976
0.017344
0.0177111
0.0180746
0.0184307
0.0187822
0.0191345
0.0194907
0.019846
0.0201834
0.020474
0.0206922
0.0208485
0.0210539
0.0220839
0.0277495
0.0653217
0.0165284
0.0167889
0.0170917
0.0173978
0.0176998
0.0180037
0.0183172
0.0186434
0.0189784
0.0193086
0.0196164
0.0199035
0.0202252
0.0207796
0.0224927
0.0294842
0.0649205
0.015868
0.016184
0.0164713
0.0167359
0.0169925
0.0172552
0.0175331
0.0178305
0.0181464
0.0184765
0.0188237
0.019225
0.0197899
0.0208227
0.0234393
0.0324351
0.0642093
0.0154428
0.0156676
0.0158945
0.0161106
0.0163281
0.0165592
0.0168128
0.017095
0.0174119
0.0177744
0.0182128
0.018804
0.019719
0.0213909
0.0251825
0.0360328
0.0634084
0.014876
0.015126
0.0153287
0.015518
0.0157156
0.0159349
0.0161864
0.0164827
0.016842
0.017296
0.0179057
0.0187904
0.0201926
0.0226735
0.0278046
0.0401513
0.0625871
0.0144586
0.0146301
0.0147956
0.0149699
0.0151666
0.0153978
0.015678
0.0160298
0.0164877
0.0171067
0.0179795
0.0192717
0.0212968
0.0247238
0.0312623
0.0453416
0.062047
0.0139601
0.0141303
0.0142869
0.0144667
0.0146842
0.0149539
0.0152978
0.0157508
0.0163644
0.0172171
0.0184322
0.0202176
0.0229515
0.0274073
0.0354934
0.0518577
0.0621642
0.0135454
0.0136627
0.0138128
0.0140095
0.0142652
0.0145976
0.0150376
0.0156313
0.016445
0.0175763
0.019172
0.0214733
0.0249118
0.030366
0.0399797
0.0586948
0.0631994
0.0131141
0.0132226
0.0133762
0.0135967
0.0139011
0.0143133
0.0148721
0.015631
0.0166659
0.0180836
0.0200425
0.0227969
0.0267977
0.0329733
0.0435748
0.0635591
0.0652614
0.0127386
0.0128284
0.0129856
0.0132302
0.0135853
0.0140826
0.0147666
0.0156945
0.0169433
0.0186171
0.0208665
0.0239283
0.0282204
0.0346075
0.0451673
0.0643656
0.0681709
0.0124054
0.0124878
0.0126497
0.0129162
0.0133171
0.0138919
0.0146887
0.015766
0.0171944
0.0190644
0.0215003
0.0246937
0.0289809
0.035064
0.0446265
0.0614581
0.071517
0.0121241
0.0122038
0.0123721
0.0126585
0.0130977
0.013734
0.0146177
0.015805
0.0173581
0.0193479
0.0218663
0.0250548
0.029169
0.0347424
0.0430551
0.0573218
0.0747504
0.0118862
0.0119676
0.0121447
0.012449
0.0129182
0.013597
0.0145346
0.0157828
0.0173959
0.0194324
0.0219629
0.025094
0.0290244
0.0341718
0.0415478
0.0539884
0.0773311
0.0116862
0.011769
0.011952
0.0122674
0.0127536
0.0134532
0.0144119
0.0156761
0.0172934
0.0193162
0.0218091
0.0248693
0.0286732
0.0335861
0.0404766
0.0519595
0.0789753
0.0115196
0.0116034
0.0117887
0.0121071
0.012595
0.0132918
0.0142381
0.0154749
0.0170459
0.0190018
0.0214098
0.0243722
0.0280686
0.0328592
0.0395773
0.0507577
0.0796887
0.0113853
0.0114705
0.0116556
0.0119699
0.0124463
0.0131189
0.0140223
0.0151915
0.016666
0.0184957
0.0207521
0.0235482
0.0270841
0.0317544
0.0384439
0.049746
0.0796538
0.0112832
0.0113724
0.0115577
0.0118649
0.0123221
0.0129566
0.0137954
0.0148664
0.0162031
0.0178526
0.0198896
0.0224412
0.0257388
0.0302342
0.0369057
0.0484911
0.0791218
0.0112142
0.0113128
0.011503
0.0118068
0.0122459
0.0128409
0.0136103
0.0145739
0.015758
0.0172058
0.0189944
0.0212647
0.0242787
0.0285375
0.0351
0.0468895
0.0782917
0.011178
0.0112949
0.0115003
0.0118115
0.0122453
0.0128154
0.0135336
0.0144126
0.0154731
0.0167554
0.0183396
0.0203789
0.0231521
0.0271654
0.0334927
0.0452472
0.0772672
0.0111706
0.0113184
0.0115546
0.0118927
0.0123452
0.0129219
0.0136311
0.0144832
0.0154983
0.0167204
0.0182395
0.0202219
0.0229371
0.026816
0.0328322
0.0441516
0.0761224
0.0111807
0.0113716
0.011657
0.0120472
0.012552
0.01318
0.0139415
0.0148524
0.0159428
0.017274
0.018963
0.0211966
0.0241982
0.0282437
0.0341174
0.0446511
0.0749451
0.0111871
0.0114228
0.0117652
0.0122279
0.0128214
0.0135553
0.014445
0.0155198
0.0168368
0.018503
0.0206915
0.0235946
0.0273279
0.0320524
0.0384137
0.0483428
0.0738197
0.0154293
0.0160651
0.0167226
0.0173562
0.0179383
0.0184475
0.0188761
0.0192186
0.0194769
0.0196534
0.0197542
0.0197865
0.0197584
0.0196773
0.0195475
0.0193687
0.0191345
0.018837
0.0184717
0.0180419
0.0173739
0.0167242
0.0162832
0.0158577
0.0154477
0.0150524
0.0146709
0.0143024
0.0139459
0.0136018
0.0132695
0.0129496
0.0126417
0.0123472
0.0120682
0.0118107
0.0115843
0.0114021
0.0112743
0.0112035
0.0111817
0.016581
0.0173476
0.0181196
0.0188445
0.0194927
0.0200502
0.0205111
0.0208737
0.0211398
0.021313
0.0213995
0.0214067
0.0213429
0.0212152
0.0210275
0.020779
0.0204654
0.0200828
0.019633
0.019125
0.0183876
0.0176767
0.0171759
0.0166969
0.0162395
0.0158028
0.0153855
0.0149858
0.0146028
0.0142349
0.0138815
0.0135408
0.0132119
0.0128932
0.0125851
0.0122907
0.012019
0.0117852
0.0116057
0.0114906
0.0114385
0.0178483
0.0187743
0.019673
0.0204911
0.0212083
0.0218178
0.0223168
0.0227048
0.0229829
0.0231546
0.0232257
0.0232039
0.0230974
0.0229134
0.0226558
0.0223255
0.0219216
0.0214458
0.0209059
0.0203155
0.0195074
0.0187324
0.0181667
0.0176292
0.0171197
0.0166375
0.0161807
0.0157474
0.0153355
0.0149436
0.0145692
0.0142102
0.0138637
0.0135267
0.0131966
0.0128729
0.0125616
0.0122778
0.0120434
0.0118784
0.0117926
0.0192429
0.0203518
0.0213798
0.0222912
0.0230819
0.0237519
0.024299
0.0247209
0.0250172
0.0251901
0.0252453
0.0251902
0.0250335
0.0247828
0.0244438
0.0240206
0.0235175
0.0229421
0.0223076
0.0216309
0.0207507
0.0199087
0.0192731
0.0186722
0.018106
0.0175737
0.0170735
0.016603
0.01616
0.0157422
0.0153465
0.0149701
0.0146091
0.0142591
0.0139147
0.0135714
0.0132298
0.0129016
0.0126107
0.0123878
0.0122601
0.0207791
0.0220806
0.0232326
0.024239
0.0251132
0.0258574
0.0264662
0.0269329
0.0272548
0.0274326
0.0274714
0.0273787
0.0271641
0.0268371
0.0264066
0.0258815
0.0252722
0.0245924
0.0238596
0.0230928
0.0221386
0.0212269
0.0205167
0.0198476
0.0192201
0.0186334
0.0180855
0.0175742
0.0170969
0.0166508
0.0162325
0.0158386
0.015465
0.0151063
0.0147553
0.0144036
0.0140452
0.0136839
0.0133398
0.0130503
0.0128639
0.0224754
0.0239587
0.0252264
0.0263356
0.0273092
0.0281446
0.02883
0.0293537
0.0297093
0.0298961
0.0299185
0.0297847
0.0295058
0.0290946
0.028565
0.0279317
0.0272116
0.0264238
0.0255891
0.0247282
0.0236979
0.0227138
0.0219244
0.0211827
0.0204895
0.019844
0.0192446
0.0186887
0.0181738
0.0176967
0.0172538
0.0168416
0.0164558
0.0160913
0.0157402
0.0153915
0.0150329
0.0146574
0.014273
0.0139129
0.0136418
0.0243534
0.0259856
0.0273653
0.0285928
0.029685
0.0306293
0.0314062
0.0319987
0.0323967
0.0325972
0.0326044
0.0324275
0.0320805
0.0315806
0.0309476
0.0302028
0.0293691
0.0284704
0.0275307
0.0265717
0.0254626
0.0244032
0.0235306
0.0227121
0.0219491
0.021241
0.0205862
0.0199825
0.0194268
0.0189161
0.0184465
0.0180145
0.0176163
0.0172472
0.0169004
0.0165645
0.0162236
0.0158598
0.0154624
0.0150429
0.0146588
0.0264301
0.0281679
0.0296695
0.031036
0.0322654
0.0333343
0.0342158
0.034888
0.0353367
0.0355568
0.0355519
0.0353332
0.0349179
0.0343289
0.0335919
0.032735
0.0317868
0.0307756
0.0297279
0.0286673
0.0274767
0.026339
0.0253794
0.0244805
0.023644
0.0228699
0.0221565
0.0215019
0.0209031
0.0203566
0.0198588
0.0194061
0.0189951
0.0186219
0.0182816
0.0179649
0.0176565
0.0173329
0.0169646
0.0165266
0.0160238
0.0287037
0.0305265
0.0321765
0.0337036
0.0350853
0.0362905
0.0372872
0.0380483
0.0385559
0.0388024
0.0387913
0.0385356
0.0380568
0.0373827
0.0365455
0.0355792
0.0345177
0.0333936
0.0322362
0.0310711
0.0297971
0.0285785
0.0275289
0.0265465
0.0256335
0.0247903
0.0240158
0.0233082
0.0226644
0.022081
0.0215544
0.021081
0.0206578
0.0202817
0.0199491
0.0196547
0.0193874
0.0191264
0.018835
0.018454
0.0178946
0.0311761
0.0331083
0.0349414
0.0366485
0.038193
0.0395413
0.0406596
0.0415164
0.04209
0.0423708
0.0423621
0.0420788
0.0415459
0.0407961
0.039867
0.0387979
0.0376278
0.0363933
0.0351268
0.0338565
0.0324982
0.0311973
0.0300561
0.0289882
0.0279968
0.0270826
0.0262453
0.0254834
0.024794
0.0241737
0.023619
0.0231265
0.0226934
0.022317
0.0219951
0.021725
0.0215014
0.0213125
0.021131
0.0208938
0.0204373
0.0339637
0.0360185
0.0380411
0.0399402
0.0416549
0.0431466
0.0443876
0.0453427
0.0459876
0.046311
0.0463156
0.0460181
0.0454459
0.0446354
0.0436283
0.0424687
0.0411999
0.0398623
0.0384919
0.0371194
0.035679
0.034297
0.033065
0.0319118
0.0308418
0.0298565
0.0289564
0.0281405
0.0274061
0.0267505
0.0261702
0.0256622
0.0252239
0.0248528
0.0245472
0.0243062
0.0241285
0.024011
0.0239444
0.0238972
0.0237288
0.0373151
0.0394558
0.0416069
0.0436764
0.045562
0.047192
0.0485479
0.0495976
0.0503149
0.0506875
0.0507177
0.0504227
0.0498312
0.0489815
0.0479181
0.0466883
0.0453389
0.0439138
0.0424522
0.0409877
0.039473
0.0380163
0.0366989
0.0354648
0.0343195
0.0332661
0.032306
0.0314388
0.0306628
0.0299756
0.0293746
0.0288571
0.0284208
0.0280637
0.0277844
0.0275826
0.0274592
0.0274156
0.0274561
0.0275816
0.027739
0.0414457
0.0436651
0.0458724
0.0480264
0.0500438
0.0517996
0.0532501
0.054379
0.0551614
0.0555855
0.0556527
0.0553795
0.054794
0.0539346
0.0528468
0.0515789
0.0501799
0.0486959
0.0471687
0.0456346
0.044064
0.0425486
0.0411601
0.0398571
0.0386469
0.0375344
0.0365223
0.0356115
0.0348012
0.0340901
0.0334766
0.0329588
0.0325351
0.0322039
0.0319645
0.0318171
0.0317642
0.0318106
0.0319647
0.032231
0.0325898
0.0466428
0.0488988
0.0511322
0.0532807
0.0553141
0.0571429
0.0586514
0.059825
0.0606508
0.0611188
0.06123
0.0609985
0.0604502
0.0596209
0.0585542
0.0572976
0.0558993
0.0544058
0.0528597
0.0512988
0.0497101
0.0481702
0.0467413
0.0453963
0.0441448
0.042994
0.0419485
0.0410106
0.0401815
0.0394612
0.0388495
0.0383457
0.0379491
0.0376593
0.0374762
0.0374007
0.0374395
0.0375974
0.0378791
0.0382753
0.038771
0.0533818
0.0555752
0.0577375
0.0598075
0.0617315
0.0634853
0.0649787
0.0661327
0.0669552
0.0674423
0.0675944
0.0674223
0.0669476
0.0662011
0.0652211
0.06405
0.0627321
0.0613111
0.0598275
0.0583181
0.0567835
0.0552864
0.053879
0.0525477
0.051305
0.0501604
0.0491208
0.048191
0.0473743
0.0466727
0.0460879
0.0456208
0.0452719
0.0450422
0.0449327
0.0449456
0.0450922
0.0453677
0.0457688
0.0462843
0.0469159
0.0624307
0.0643794
0.0662847
0.0680941
0.069765
0.071257
0.0725623
0.0735849
0.0743178
0.0747701
0.0749416
0.0748395
0.0744795
0.0738845
0.0730835
0.0721094
0.0709974
0.069783
0.0685007
0.0671822
0.0658365
0.0645115
0.0632475
0.0620432
0.0609128
0.0598679
0.0589178
0.0580698
0.0573297
0.0567018
0.0561899
0.0557967
0.0555243
0.0553746
0.0553502
0.0554557
0.0556954
0.0560564
0.0565371
0.0571318
0.0578406
0.0750996
0.0764469
0.0777468
0.0789646
0.080077
0.0810627
0.0819063
0.0825942
0.0830877
0.0834035
0.0835415
0.0835056
0.0833041
0.0829494
0.0824574
0.0818463
0.0811363
0.0803484
0.0795037
0.0786229
0.0777162
0.0768113
0.0759329
0.075087
0.074286
0.0735408
0.0728609
0.0722543
0.0717279
0.0712876
0.070938
0.070683
0.0705255
0.0704674
0.0705125
0.0706616
0.0709091
0.0712518
0.071684
0.072198
0.0727935
0.0515571
0.0251811
0.0253313
0.0262057
0.0267677
0.0271539
0.0274735
0.0278105
0.0282367
0.0288213
0.0296288
0.0307208
0.032155
0.0339809
0.0362404
0.0389534
0.0420317
0.0504447
0.0247977
0.0252332
0.0261583
0.0267373
0.0271313
0.0274449
0.0277585
0.0281388
0.0286482
0.0293455
0.0302925
0.0315589
0.0332237
0.0353806
0.0381289
0.0415026
0.0493813
0.0244976
0.0251352
0.0260962
0.0266893
0.0270849
0.0273876
0.0276742
0.0280033
0.0284258
0.0289871
0.0297346
0.030726
0.032039
0.0337891
0.0361863
0.0396566
0.0486407
0.0242486
0.0250175
0.026013
0.0266194
0.0270123
0.027299
0.0275545
0.0278303
0.0281632
0.028578
0.0290913
0.0297147
0.0304586
0.0313347
0.0323364
0.0334142
0.0482484
0.0240333
0.0248852
0.0259121
0.0265266
0.0269108
0.0271779
0.027404
0.0276373
0.0279104
0.0282463
0.0286643
0.0291835
0.0298285
0.0306403
0.0316605
0.0328389
0.0482282
0.0238446
0.024744
0.0257968
0.0264117
0.026779
0.0270187
0.0272077
0.0273906
0.0275952
0.0278412
0.0281461
0.0285293
0.0290143
0.0296443
0.030548
0.031897
0.0485802
0.0236933
0.0246003
0.0256705
0.0262788
0.0266212
0.0268246
0.0269653
0.0270837
0.027201
0.0273287
0.0274738
0.0276419
0.0278347
0.0280414
0.0282459
0.0284377
0.0492952
0.0235891
0.0244563
0.0255337
0.0261316
0.0264462
0.0266104
0.0267023
0.0267641
0.0268178
0.0268772
0.0269544
0.0270634
0.0272198
0.0274313
0.0276801
0.0279123
0.0503422
0.0235436
0.0243093
0.0253798
0.0259644
0.0262479
0.0263657
0.0263993
0.026394
0.0263751
0.0263577
0.0263529
0.0263732
0.0264382
0.0265791
0.0268374
0.0272771
0.0516778
0.0235749
0.0241527
0.0251983
0.025769
0.026022
0.02609
0.026055
0.0259659
0.0258558
0.0257426
0.0256335
0.0255279
0.0254192
0.0252982
0.0251563
0.0249824
0.0532463
0.0237074
0.0239776
0.0249755
0.0255333
0.0257665
0.0257991
0.0257095
0.0255522
0.0253706
0.0251935
0.025036
0.0249034
0.0247935
0.0246963
0.0245909
0.0244414
0.0549743
0.0239571
0.0237738
0.0246897
0.0252274
0.0254457
0.0254535
0.0253213
0.0251046
0.0248504
0.0245942
0.0243583
0.0241559
0.0239961
0.0238897
0.0238528
0.0239194
0.0567904
0.0243412
0.0235352
0.0243249
0.0248279
0.02503
0.0250214
0.0248626
0.0246049
0.0242935
0.0239657
0.0236446
0.0233399
0.0230523
0.022776
0.0224992
0.0222054
0.0586193
0.0249026
0.0232637
0.0238758
0.0243267
0.0245093
0.0244929
0.0243287
0.0240603
0.0237277
0.0233692
0.0230148
0.0226842
0.0223875
0.0221226
0.0218747
0.0216068
0.0603635
0.0256987
0.0229806
0.023347
0.0237224
0.0238733
0.0238443
0.0236787
0.0234127
0.0230737
0.0226944
0.0223028
0.021927
0.0215947
0.0213304
0.0211573
0.0211055
0.0619281
0.0267618
0.0227192
0.0227613
0.0230303
0.0231309
0.0230758
0.0229012
0.0226416
0.0223167
0.0219422
0.0215356
0.0211172
0.0207087
0.0203287
0.0199871
0.0196832
0.0631931
0.0280696
0.0225479
0.0221603
0.0222795
0.0223061
0.0222089
0.0220124
0.0217487
0.0214389
0.0210939
0.0207224
0.020337
0.0199561
0.0196008
0.0192846
0.018991
0.0640003
0.0293674
0.0225274
0.0215901
0.0215012
0.0214235
0.0212696
0.0210412
0.0207621
0.0204537
0.0201273
0.0197872
0.0194388
0.019096
0.0187868
0.0185579
0.0184749
0.0642121
0.0303948
0.022641
0.0211034
0.0207289
0.0205083
0.0202831
0.0200191
0.0197239
0.0194153
0.0191041
0.0187921
0.0184768
0.0181562
0.0178334
0.0175249
0.0172707
0.0638679
0.0315534
0.0230115
0.020779
0.020018
0.0196022
0.0192825
0.0189774
0.0186685
0.0183631
0.01807
0.0177916
0.0175263
0.0172697
0.0170161
0.0167619
0.0165011
0.0632418
0.0342231
0.0239216
0.0207699
0.0194894
0.0187989
0.0183386
0.0179701
0.0176398
0.0173355
0.0170571
0.0168044
0.0165754
0.0163679
0.0161843
0.0160363
0.0159748
0.0625071
0.0381531
0.0256812
0.0213086
0.0193418
0.0182603
0.0175764
0.0170889
0.0167041
0.0163823
0.0161074
0.0158705
0.0156641
0.015482
0.0153199
0.0151638
0.0150081
0.0616395
0.0416225
0.0282462
0.0225858
0.0197772
0.0181637
0.0171433
0.016449
0.0159462
0.015564
0.0152642
0.0150242
0.0148283
0.0146666
0.0145321
0.0144042
0.0142339
0.0609959
0.045662
0.0314123
0.024575
0.0208563
0.0186026
0.0171396
0.0161452
0.0154461
0.0149423
0.0145725
0.0142971
0.014089
0.0139306
0.0138091
0.0137171
0.013676
0.0610041
0.0514309
0.0352012
0.0270442
0.0224192
0.0195055
0.0175543
0.016201
0.0152441
0.0145609
0.0140713
0.0137203
0.0134695
0.0132906
0.0131637
0.0130773
0.0130213
0.0619773
0.0582205
0.0392549
0.0296516
0.0241819
0.0206769
0.018269
0.0165548
0.0153167
0.0144207
0.0137751
0.0133141
0.0129894
0.0127647
0.0126124
0.0125147
0.0124522
0.0641067
0.0633581
0.0423941
0.0318276
0.0258153
0.0218973
0.019131
0.0171036
0.0155996
0.0144857
0.0136681
0.0130761
0.0126552
0.0123635
0.0121676
0.0120412
0.0119697
0.0673083
0.0639245
0.0434322
0.0330703
0.0270466
0.0229787
0.0199973
0.0177377
0.0160121
0.0147013
0.0137173
0.0129902
0.0124633
0.0120908
0.0118362
0.0116683
0.0115667
0.0710784
0.060151
0.042423
0.0333902
0.0278233
0.0238335
0.0207708
0.0183669
0.0164786
0.0150086
0.0138801
0.0130284
0.0123981
0.0119416
0.0116198
0.0114
0.0112558
0.0746759
0.0548201
0.0408694
0.0333912
0.0283549
0.0245094
0.0214361
0.0189537
0.0169575
0.0153705
0.0141274
0.0131701
0.0124469
0.0119107
0.0115214
0.0112429
0.011052
0.0775214
0.051508
0.0402026
0.0335993
0.028833
0.0250666
0.0219965
0.0194778
0.0174216
0.0157612
0.0144392
0.0134038
0.0126069
0.0120039
0.0115554
0.0112263
0.0109916
0.0793465
0.0509332
0.0402647
0.0338489
0.0291514
0.0254327
0.0223971
0.0198948
0.0178347
0.0161528
0.0147977
0.0137229
0.0128827
0.0122335
0.0117366
0.0113587
0.0110716
0.0802189
0.0509681
0.0402541
0.0338064
0.0291525
0.0255238
0.0225883
0.0201723
0.0181754
0.0165336
0.0151974
0.0141207
0.0132605
0.0125775
0.0120369
0.011608
0.0112682
0.0804052
0.0507016
0.0397745
0.0333045
0.0287661
0.0253135
0.0225619
0.0203103
0.0184474
0.0169047
0.0156311
0.0145833
0.0137238
0.0130196
0.0124414
0.0119633
0.0115675
0.0801873
0.0500086
0.0388364
0.0324274
0.0281008
0.0249078
0.0224098
0.020383
0.0187063
0.0173045
0.0161245
0.0151268
0.0142805
0.0135602
0.0129438
0.012413
0.0119506
0.0797297
0.0489699
0.0376807
0.0314831
0.0274657
0.0245824
0.0223603
0.0205703
0.0190876
0.0178313
0.0167459
0.0157954
0.0149562
0.0142112
0.0135461
0.012949
0.0124115
0.0790919
0.0478766
0.036802
0.0310043
0.0273513
0.024758
0.0227582
0.021142
0.0197936
0.0186294
0.0175925
0.0166507
0.0157864
0.0149895
0.0142532
0.0135719
0.0129431
0.078294
0.0473538
0.0369755
0.0316952
0.0283395
0.0258974
0.0239612
0.0223633
0.0210135
0.0198299
0.0187517
0.0177469
0.016801
0.0159084
0.015067
0.014276
0.0135356
0.0773495
0.0484254
0.0391524
0.034241
0.0309021
0.0283327
0.0262149
0.0244147
0.0228729
0.0215154
0.0202751
0.0191137
0.0180148
0.0169725
0.0159847
0.0150519
0.014175
0.0762802
0.0526309
0.0442961
0.0391278
0.0352667
0.0321659
0.0295761
0.0273373
0.0253966
0.0236992
0.0221696
0.020755
0.0194285
0.0181785
0.017
0.0158917
0.0148544
0.0608165
0.0790385
0.0978609
0.118306
0.140728
0.164609
0.189397
0.213582
0.237869
0.280095
0.385206
0.336513
0.246347
0.185963
0.171673
0.186511
0.203131
0.196886
0.154543
0.0972518
0.0694222
0.0906685
0.112257
0.136545
0.164638
0.195372
0.226533
0.253853
0.277302
0.320289
0.423258
0.361604
0.263476
0.204202
0.194841
0.215085
0.236727
0.234823
0.184129
0.114979
0.0801868
0.104792
0.129409
0.158212
0.19352
0.233122
0.271867
0.301491
0.322849
0.370026
0.462704
0.389037
0.282824
0.225937
0.221491
0.252571
0.278245
0.281088
0.220088
0.13663
0.0938272
0.12227
0.150373
0.184539
0.228917
0.279657
0.326693
0.356551
0.374732
0.424257
0.503124
0.41574
0.301819
0.247783
0.248654
0.291451
0.331068
0.341628
0.267423
0.162746
0.111471
0.14452
0.176882
0.217445
0.272858
0.336829
0.391813
0.418735
0.43262
0.483526
0.546022
0.443628
0.322705
0.271464
0.28001
0.325369
0.390318
0.417611
0.327498
0.195208
0.134893
0.173822
0.211584
0.259722
0.328
0.406494
0.46786
0.487957
0.497033
0.552714
0.585787
0.471365
0.343768
0.290752
0.307474
0.361971
0.442223
0.494118
0.404269
0.235899
0.166848
0.21374
0.258243
0.315109
0.397459
0.490257
0.554305
0.563724
0.56866
0.623041
0.621692
0.497054
0.365344
0.309886
0.330924
0.397612
0.482523
0.551955
0.493321
0.286167
0.2115
0.269627
0.322081
0.388079
0.484346
0.588892
0.648806
0.646069
0.654881
0.682764
0.652617
0.518695
0.385036
0.326967
0.352797
0.432806
0.516093
0.590139
0.578756
0.349227
0.274964
0.348272
0.408525
0.483127
0.591116
0.700816
0.746022
0.727632
0.721748
0.727907
0.675042
0.533331
0.399966
0.342784
0.376783
0.469961
0.548681
0.619171
0.653468
0.428017
0.364709
0.454682
0.521944
0.604229
0.71858
0.821254
0.839421
0.803794
0.772567
0.757348
0.685955
0.540359
0.408843
0.356948
0.407338
0.509745
0.585916
0.648446
0.711749
0.522988
0.486612
0.595429
0.667002
0.754447
0.863702
0.937206
0.918256
0.845771
0.800784
0.771284
0.68722
0.542541
0.414296
0.372415
0.451029
0.55245
0.629608
0.681304
0.752847
0.62344
0.635741
0.764929
0.845064
0.932178
1.0138
1.03391
0.963831
0.865865
0.809712
0.76885
0.68117
0.545752
0.42576
0.404291
0.503289
0.603207
0.676589
0.717837
0.78176
0.727708
0.794222
0.952069
1.04779
1.12247
1.15407
1.11208
0.986808
0.867908
0.800524
0.754287
0.675091
0.557634
0.45029
0.466183
0.561169
0.659667
0.723463
0.756335
0.805159
0.826379
0.944912
1.14214
1.24893
1.29805
1.27326
1.15931
0.999942
0.863009
0.784873
0.737865
0.674451
0.578098
0.502214
0.542837
0.631562
0.715551
0.766781
0.793374
0.828121
0.908496
1.07599
1.31292
1.41779
1.43817
1.36441
1.20763
1.02129
0.862031
0.7777
0.724657
0.67459
0.610164
0.580909
0.621808
0.699843
0.7652
0.803463
0.824397
0.849805
0.961596
1.16702
1.43127
1.53341
1.53494
1.43217
1.2649
1.07189
0.899554
0.7902
0.725743
0.688092
0.659128
0.657036
0.699346
0.762547
0.807542
0.831327
0.843592
0.862232
0.973756
1.18174
1.44061
1.54869
1.56103
1.48468
1.34726
1.17567
1.0034
0.877566
0.800712
0.761769
0.747623
0.758755
0.793436
0.830196
0.847539
0.84853
0.84295
0.850855
0.952246
1.10899
1.3222
1.43559
1.48718
1.48579
1.42541
1.31937
1.19431
1.08585
1.0119
0.966867
0.945706
0.938787
0.933053
0.91646
0.88755
0.85088
0.812249
0.795944
0.888962
0.968446
1.13706
1.27398
1.37679
1.4428
1.47425
1.4683
1.40943
1.34029
1.27507
1.21713
1.1643
1.1104
1.04571
0.964892
0.881483
0.800581
0.72618
0.67302
0.722539
0.625679
0.685577
0.755431
0.830782
0.888975
0.927555
0.947014
0.938922
0.912934
0.878679
0.838538
0.793039
0.741254
0.685147
0.635001
0.587948
0.541792
0.494967
0.446822
0.402509
0.365284
0.818324
1.11639
1.23195
1.12633
0.933428
0.742207
0.582325
0.453544
0.35824
0.287199
0.232728
0.190352
0.157361
0.130761
0.108943
0.0910474
0.0766248
0.0653631
0.0569612
0.351399
0.984144
1.37026
1.13665
0.819527
0.583465
0.425098
0.320874
0.24974
0.198907
0.161289
0.132347
0.109496
0.0912719
0.0767036
0.0651183
0.055982
0.0488494
0.0433448
0.0392545
0.403262
1.24685
1.13391
0.741425
0.488194
0.34105
0.251921
0.19375
0.152984
0.122879
0.0999802
0.0822806
0.0685262
0.0578672
0.049663
0.0434122
0.0387095
0.0352219
0.0326574
0.0308264
0.347411
1.20751
0.769317
0.470463
0.313954
0.225722
0.16988
0.131243
0.103172
0.0823115
0.0666704
0.0549483
0.0462235
0.0398083
0.0351682
0.0318785
0.0295971
0.0280523
0.0270242
0.0263833
0.254688
0.9289
0.535919
0.331826
0.228744
0.166406
0.124148
0.0942202
0.0727352
0.0573165
0.0463271
0.0385802
0.0331997
0.0295336
0.0270977
0.0255338
0.0245792
0.024045
0.0237902
0.0237387
0.218094
0.693641
0.400396
0.257831
0.179978
0.128537
0.0930745
0.0686459
0.052022
0.0408762
0.0335041
0.0286915
0.0256007
0.0236628
0.0224985
0.0218564
0.0215698
0.0215271
0.0216458
0.0218826
0.22892
0.539148
0.318188
0.212965
0.145908
0.100224
0.0697778
0.0501522
0.0378433
0.0302595
0.0256335
0.0228331
0.0211616
0.0201983
0.0196929
0.0194959
0.0195159
0.0196932
0.0199831
0.0203612
0.257439
0.439554
0.271095
0.181139
0.118921
0.0776353
0.0520759
0.0370603
0.0284949
0.0236562
0.020914
0.0193522
0.0184713
0.0180031
0.0178044
0.0177975
0.0179378
0.0181974
0.0185547
0.0189965
0.271671
0.368774
0.238841
0.155336
0.0962701
0.0595612
0.0390256
0.0281926
0.022586
0.0196526
0.0180736
0.0172002
0.0167192
0.0164793
0.0164071
0.0164657
0.0166365
0.0169086
0.0172762
0.0177345
0.268881
0.315968
0.21393
0.133143
0.0770872
0.045493
0.0298279
0.0224533
0.0189577
0.0172178
0.0162902
0.0157683
0.0154755
0.0153329
0.0153045
0.0153732
0.0155325
0.0157816
0.0161257
0.0165682
0.260294
0.275821
0.193782
0.113581
0.0610661
0.0349618
0.0236426
0.0188649
0.0167324
0.0156723
0.0150827
0.0147319
0.0145256
0.0144225
0.0144033
0.014459
0.0145884
0.0147964
0.0150962
0.0154985
0.249124
0.253201
0.177172
0.0960608
0.0480146
0.027425
0.0196548
0.0166456
0.015313
0.0146127
0.0141933
0.0139278
0.0137639
0.0136766
0.0136532
0.0136874
0.0137797
0.0139381
0.0141802
0.0145211
0.237453
0.240195
0.162159
0.0802904
0.0377289
0.0222762
0.0171507
0.0152345
0.014336
0.0138218
0.013493
0.0132756
0.0131357
0.0130551
0.0130232
0.0130347
0.0130897
0.0131965
0.0133737
0.0136354
0.226378
0.23116
0.147924
0.0662459
0.0299665
0.0189086
0.015572
0.0142733
0.0136028
0.0131911
0.012918
0.0127328
0.0126096
0.012533
0.0124934
0.0124853
0.0125083
0.0125691
0.0126827
0.0128603
0.216397
0.223205
0.133907
0.0540458
0.0244057
0.0167711
0.0145292
0.0135592
0.0130144
0.0126677
0.0124346
0.0122747
0.0121657
0.0120937
0.0120499
0.012029
0.0120296
0.0120566
0.01212
0.0122275
0.207655
0.215646
0.120177
0.0437957
0.0206349
0.0154142
0.0137807
0.0129894
0.0125239
0.0122244
0.012023
0.0118847
0.0117896
0.0117249
0.0116825
0.0116574
0.0116478
0.0116559
0.0116882
0.0117521
0.20007
0.208189
0.106121
0.0355353
0.0181986
0.0145151
0.0131951
0.0125137
0.0121065
0.0118451
0.0116708
0.0115524
0.0114715
0.0114171
0.0113817
0.0113609
0.0113523
0.0113568
0.0113779
0.0114212
0.193443
0.201746
0.091883
0.0291885
0.0166623
0.0138695
0.0127277
0.0121119
0.0117458
0.0115147
0.0113642
0.0112651
0.0112005
0.0111602
0.0111376
0.0111288
0.0111314
0.011145
0.0111707
0.0112103
0.187489
0.19393
0.0769905
0.0246595
0.0157362
0.013368
0.0123215
0.0117597
0.0114293
0.0112251
0.0110967
0.0110169
0.01097
0.0109467
0.0109411
0.0109499
0.0109712
0.0110044
0.0110497
0.0111072
0.182043
0.183287
0.0607721
0.0217847
0.0150849
0.0129404
0.0119718
0.0114546
0.0111545
0.010974
0.010866
0.010805
0.0107763
0.0107712
0.0107847
0.0108139
0.0108575
0.0109154
0.0109884
0.0110779
0.0944359
0.098469
0.102607
0.107234
0.112287
0.117659
0.123332
0.12885
0.133319
0.135447
0.136849
0.139903
0.144672
0.150756
0.157523
0.164521
0.170781
0.175756
0.177614
0.177189
0.0744047
0.0766949
0.0789521
0.0823348
0.0875696
0.0939659
0.102139
0.111178
0.119783
0.123736
0.123816
0.127833
0.135667
0.145075
0.153648
0.160903
0.164246
0.165318
0.159742
0.156713
0.0213403
0.0230022
0.0249075
0.0268911
0.0290507
0.0315629
0.0345581
0.0380394
0.0416532
0.0446161
0.0455565
0.0471245
0.0499338
0.0528715
0.0548444
0.0556486
0.0547634
0.0519126
0.0476128
0.0421383
0.0133267
0.013712
0.0142177
0.0147652
0.0154164
0.0162104
0.0171947
0.0183412
0.0195266
0.0205871
0.0211091
0.021759
0.0227169
0.0236244
0.024087
0.0240996
0.0236153
0.0226759
0.0214156
0.020059
0.0115402
0.011612
0.0117399
0.0119092
0.0121299
0.0124178
0.0127922
0.0132344
0.0136877
0.0140923
0.0143292
0.0146716
0.0150961
0.0154787
0.0156775
0.0157035
0.0155608
0.0152779
0.0149107
0.0145327
0.0108888
0.010873
0.0108933
0.0109382
0.0110126
0.0111237
0.0112821
0.0114779
0.0116778
0.0118498
0.0119289
0.0121386
0.0123747
0.0125862
0.0127132
0.0127663
0.012758
0.0127073
0.0126368
0.0125775
0.0106133
0.0105957
0.0105906
0.0105928
0.0106066
0.0106388
0.0106983
0.0107825
0.0108714
0.0109427
0.0109096
0.0110433
0.011191
0.0113254
0.0114185
0.0114806
0.0115252
0.0115656
0.0116122
0.0116762
0.0105253
0.0105407
0.0105485
0.0105444
0.0105339
0.0105263
0.010533
0.0105577
0.0105906
0.0106131
0.0104847
0.0105649
0.0106567
0.0107399
0.0108023
0.0108554
0.0109134
0.0109867
0.0110804
0.0111965
0.0105666
0.0106297
0.0106688
0.0106774
0.0106611
0.0106326
0.0106072
0.0105958
0.010597
0.0105928
0.0103761
0.0104114
0.0104559
0.0104929
0.0105202
0.0105511
0.0106006
0.0106782
0.0107864
0.0109224
0.0107107
0.0108294
0.0109094
0.0109406
0.0109289
0.0108893
0.0108423
0.0108058
0.0107856
0.0107624
0.0104617
0.0104535
0.0104504
0.0104395
0.0104261
0.0104253
0.0104527
0.0105184
0.0106238
0.0107632
0.0109407
0.0111211
0.0112476
0.0113073
0.0113059
0.011261
0.0111978
0.0111411
0.0111031
0.0110605
0.0106794
0.0106252
0.0105711
0.010509
0.0104495
0.0104093
0.0104053
0.0104486
0.010541
0.0106744
0.0112425
0.0114907
0.0116686
0.0117609
0.0117737
0.0117269
0.0116505
0.0115757
0.0115195
0.0114523
0.0109943
0.0108896
0.0107804
0.0106634
0.0105532
0.0104675
0.0104248
0.0104382
0.0105106
0.0106318
0.0116032
0.0119266
0.0121614
0.0122905
0.0123206
0.0122746
0.012187
0.0120947
0.012018
0.0119178
0.0113864
0.0112251
0.0110571
0.0108818
0.0107166
0.0105804
0.0104929
0.0104703
0.010517
0.0106216
0.0120117
0.0124192
0.0127182
0.0128893
0.0129404
0.0128977
0.0128005
0.0126906
0.0125899
0.0124461
0.0118441
0.0116193
0.0113884
0.0111518
0.010928
0.0107369
0.0105996
0.0105353
0.0105515
0.0106359
0.0124592
0.012962
0.0133346
0.0135548
0.0136314
0.0135948
0.0134893
0.0133615
0.013232
0.0130323
0.0123613
0.012065
0.0117673
0.0114664
0.0111812
0.0109315
0.0107397
0.0106284
0.010609
0.0106697
0.0129395
0.0135507
0.0140089
0.0142876
0.0143964
0.0143694
0.0142573
0.0141103
0.0139457
0.0136759
0.0129354
0.0125587
0.0121899
0.0118222
0.011473
0.0111617
0.0109111
0.0107471
0.0106867
0.0107203
0.0134487
0.0141827
0.0147415
0.0150915
0.0152412
0.0152292
0.0151122
0.0149443
0.0147358
0.01438
0.0135664
0.0130998
0.0126551
0.0122178
0.0118026
0.0114272
0.0111136
0.0108906
0.0107832
0.0107863
0.013984
0.0148561
0.0155337
0.0159715
0.0161744
0.0161848
0.016066
0.015874
0.0156092
0.0151505
0.0142558
0.0136901
0.013164
0.0126539
0.0121706
0.0117288
0.0113483
0.0110596
0.010898
0.0108669
0.0145429
0.0155681
0.016387
0.0169337
0.017206
0.0172495
0.0171328
0.0169113
0.0165738
0.0159956
0.0150078
0.0143336
0.0137196
0.013133
0.0125792
0.0120686
0.011617
0.0112556
0.0110315
0.0109623
0.0151214
0.0163149
0.017303
0.0179846
0.0183473
0.0184385
0.0183284
0.0180683
0.0176383
0.0169256
0.0158286
0.0150372
0.0143276
0.0136591
0.0130312
0.0124491
0.0119227
0.0114811
0.0111844
0.0110722
0.0450782
0.0502895
0.0570975
0.0661128
0.0782734
0.0949646
0.118152
0.150629
0.196659
0.26222
0.35627
0.487914
0.644043
0.788535
0.892873
0.946591
0.933363
0.842031
0.691481
0.48382
0.0339871
0.0366498
0.040286
0.0453115
0.0523495
0.0622662
0.0762264
0.0957633
0.122964
0.160762
0.213277
0.285925
0.388228
0.52019
0.665451
0.803129
0.8966
0.891443
0.72279
0.331843
0.0280306
0.0292439
0.0308808
0.0330966
0.0361409
0.0403776
0.0463281
0.0547046
0.066447
0.0827638
0.105225
0.136
0.178432
0.237808
0.322112
0.440198
0.597105
0.768954
0.82371
0.284882
0.0241747
0.0246541
0.0253198
0.026208
0.0273963
0.0290038
0.0312168
0.0343048
0.0386368
0.0446953
0.053092
0.064595
0.0802279
0.101575
0.131931
0.178651
0.258778
0.405105
0.633485
0.205127
0.0212367
0.0213604
0.0215977
0.0219436
0.0224155
0.0230474
0.0239006
0.0250736
0.0267192
0.0290635
0.0324262
0.0372405
0.0440802
0.0537276
0.0674236
0.0877079
0.121168
0.188118
0.357341
0.153043
0.0186248
0.0185754
0.0186296
0.0187693
0.0189862
0.0192837
0.0196796
0.0202098
0.0209361
0.0219635
0.0234646
0.025715
0.029143
0.0344126
0.042601
0.0556174
0.0773683
0.116945
0.207617
0.138141
0.0161651
0.016039
0.0160154
0.0160822
0.0162216
0.0164228
0.0166846
0.0170165
0.0174417
0.0180038
0.0187814
0.0199197
0.0216899
0.0246122
0.0297295
0.0391512
0.0572436
0.090777
0.145471
0.130122
0.0139199
0.0137957
0.0137384
0.0137667
0.0138724
0.0140432
0.0142712
0.0145548
0.014899
0.0153188
0.015846
0.0165446
0.0175494
0.0191653
0.0221925
0.0287438
0.0446773
0.0791593
0.130883
0.121025
0.0121218
0.0120308
0.0119759
0.0119719
0.0120289
0.0121493
0.0123314
0.0125747
0.0128789
0.0132459
0.013685
0.0142224
0.0149241
0.0159388
0.0177645
0.0220739
0.0359611
0.072269
0.130152
0.113289
0.0110709
0.0109824
0.0109133
0.0108707
0.0108636
0.0109018
0.0109949
0.0111504
0.0113725
0.0116622
0.0120208
0.0124582
0.013011
0.0137542
0.0149863
0.0178353
0.0298224
0.0682255
0.132489
0.107498
0.011068
0.010902
0.0107525
0.0106215
0.0105143
0.0104396
0.0104073
0.0104282
0.010511
0.0106615
0.0108845
0.0111901
0.0116051
0.0121788
0.0130748
0.015059
0.0246376
0.0644469
0.133221
0.103214
0.0120355
0.0117687
0.0115222
0.011288
0.0110643
0.0108541
0.0106647
0.0105068
0.0103944
0.010344
0.0103742
0.0105044
0.0107558
0.0111618
0.0118044
0.0131872
0.0192378
0.058975
0.131028
0.0998646
0.0137076
0.0133495
0.0129863
0.0126184
0.0122515
0.0118921
0.0115482
0.0112297
0.0109486
0.0107191
0.010558
0.0104849
0.0105254
0.0107233
0.0111533
0.0120946
0.0154283
0.0461978
0.125085
0.0969682
)
;

boundaryField
{
    inlet
    {
        type            turbulentIntensityKineticEnergyInlet;
        intensity       0.05;
        value           uniform 0.09375;
    }
    outlet
    {
        type            inletOutlet;
        inletValue      uniform 0.0375;
        value           nonuniform List<scalar> 
41
(
0.0339544
0.0288342
0.0274215
0.0271405
0.0272183
0.0274258
0.0277101
0.0280783
0.0285476
0.0291396
0.0298786
0.0307958
0.0319358
0.0333684
0.0352089
0.03765
0.0410352
0.0459671
0.05342
0.064206
0.0778082
0.076797
0.0643499
0.0528761
0.0447741
0.0392377
0.035494
0.0328946
0.0310488
0.0297264
0.0287863
0.0281254
0.0276705
0.0273639
0.0271601
0.0270165
0.0269037
0.0268617
0.0271264
0.0284904
0.0334851
)
;
    }
    dymWall
    {
        type            kqRWallFunction;
        value           nonuniform List<scalar> 
73
(
0.365284
0.351399
0.403262
0.347411
0.254688
0.218094
0.22892
0.257439
0.271671
0.268881
0.260294
0.249124
0.237453
0.226378
0.216397
0.207655
0.20007
0.193443
0.187489
0.182043
0.625679
0.685577
0.755431
0.830782
0.888975
0.927555
0.947014
0.938922
0.912934
0.878679
0.838538
0.793039
0.741254
0.685147
0.635001
0.587948
0.541792
0.494967
0.446822
0.402509
0.48382
0.331843
0.284882
0.205127
0.153043
0.138141
0.130122
0.121025
0.113289
0.107498
0.103214
0.0998646
0.0969682
0.0944359
0.098469
0.102607
0.107234
0.112287
0.117659
0.123332
0.12885
0.133319
0.135447
0.136849
0.139903
0.144672
0.150756
0.157523
0.164521
0.170781
0.175756
0.177614
0.177189
)
;
    }
    AMI1
    {
        type            cyclicAMI;
        value           nonuniform List<scalar> 
73
(
0.0577749
0.0744888
0.0918354
0.11049
0.130569
0.151664
0.173843
0.19693
0.222621
0.268039
0.362639
0.325159
0.239997
0.178945
0.161893
0.173813
0.187767
0.180759
0.142404
0.0915818
0.0552152
0.0386942
0.0307352
0.0265279
0.023995
0.0221853
0.0206696
0.0192803
0.0179765
0.0167702
0.015679
0.0146935
0.0137881
0.0129734
0.0123057
0.011809
0.0114586
0.0112366
0.0111376
0.0111195
0.0153632
0.0166443
0.0177342
0.0185072
0.0189421
0.0190813
0.0189902
0.0187147
0.0182333
0.017447
0.0162848
0.0154251
0.0146569
0.0139375
0.0132645
0.0126407
0.0120731
0.0115891
0.0112539
0.0111195
0.0434196
0.0333335
0.0278636
0.024228
0.0213534
0.0187254
0.0162264
0.0139465
0.0121672
0.0111293
0.0111691
0.0121803
0.0138708
)
;
    }
    AMI2
    {
        type            cyclicAMI;
        value           nonuniform List<scalar> 
162
(
0.0570712
0.0583854
0.073184
0.0751488
0.0898164
0.0924583
0.107295
0.111027
0.125315
0.13093
0.142915
0.151789
0.160191
0.173598
0.179224
0.196029
0.201175
0.220473
0.228525
0.262466
0.281237
0.361294
0.365066
0.328715
0.315808
0.244492
0.229956
0.181159
0.174377
0.161356
0.162654
0.172353
0.176279
0.187666
0.187781
0.18226
0.176822
0.143743
0.137215
0.0925524
0.0875638
0.0557612
0.0526192
0.038905
0.037148
0.0308162
0.0298217
0.0265704
0.0259489
0.0240369
0.0235713
0.0222388
0.0218302
0.0207366
0.0203461
0.0193598
0.0189756
0.0180652
0.0176867
0.0168614
0.016494
0.0157668
0.0154121
0.0147763
0.0144262
0.0138627
0.0135179
0.0130305
0.0127238
0.0123403
0.0121131
0.0118314
0.0116767
0.0114748
0.0113809
0.0112464
0.011205
0.0111389
0.0111332
0.0111193
0.0111199
0.0152466
0.0155034
0.0164819
0.0167548
0.0175135
0.0178065
0.0183011
0.0185476
0.018811
0.0189622
0.0190481
0.0190903
0.0190504
0.0189948
0.0188646
0.018721
0.0184988
0.018246
0.0178978
0.0174935
0.0169213
0.0162827
0.0159044
0.0154491
0.0151154
0.0146854
0.0143869
0.0139695
0.0137036
0.0132988
0.0130652
0.0126761
0.0124752
0.0121081
0.0119436
0.0116194
0.0115027
0.011272
0.0112155
0.0111228
0.0111136
0.0439124
0.0436539
0.0428299
0.0339948
0.0334618
0.0329921
0.0285119
0.0279686
0.0276205
0.0248885
0.0243329
0.0240179
0.0220916
0.0214802
0.0211479
0.019603
0.0188837
0.0185168
0.0172352
0.0164105
0.0160252
0.0150106
0.0141468
0.0137446
0.0130598
0.012349
0.0120189
0.0116294
0.0111883
0.0110592
0.0110232
0.0110701
0.0111785
0.0114371
0.011992
0.0122184
0.0125999
0.0136297
0.0139065
0.0142234
)
;
    }
    walls
    {
        type            kqRWallFunction;
        value           nonuniform List<scalar> 
80
(
0.050497
0.0495333
0.0486614
0.0481413
0.048005
0.0482721
0.0489467
0.0500131
0.0514223
0.0530823
0.0549134
0.0568292
0.0587331
0.0605346
0.0621811
0.0635798
0.064634
0.0652288
0.0653217
0.0649205
0.0642093
0.0634084
0.0625871
0.062047
0.0621642
0.0631994
0.0652614
0.0681709
0.071517
0.0747504
0.0773311
0.0789753
0.0796887
0.0796538
0.0791218
0.0782917
0.0772672
0.0761224
0.0749451
0.0738197
0.0515571
0.0504447
0.0493813
0.0486407
0.0482484
0.0482282
0.0485802
0.0492952
0.0503422
0.0516778
0.0532463
0.0549743
0.0567904
0.0586193
0.0603635
0.0619281
0.0631931
0.0640003
0.0642121
0.0638679
0.0632418
0.0625071
0.0616395
0.0609959
0.0610041
0.0619773
0.0641067
0.0673083
0.0710784
0.0746759
0.0775214
0.0793465
0.0802189
0.0804052
0.0801873
0.0797297
0.0790919
0.078294
0.0773495
0.0762802
)
;
    }
    front
    {
        type            empty;
    }
    back
    {
        type            empty;
    }
}


// ************************************************************************* //
