/*--------------------------------*- C++ -*----------------------------------*\
  =========                 |
  \\      /  F ield         | OpenFOAM: The Open Source CFD Toolbox
   \\    /   O peration     | Website:  https://openfoam.org
    \\  /    A nd           | Version:  6
     \\/     M anipulation  |
\*---------------------------------------------------------------------------*/
FoamFile
{
    version     2.0;
    format      ascii;
    class       volScalarField;
    location    "1.72";
    object      nut;
}
// * * * * * * * * * * * * * * * * * * * * * * * * * * * * * * * * * * * * * //

dimensions      [0 2 -1 0 0 0 0];

internalField   nonuniform List<scalar> 
4214
(
0.00417018
0.00273434
0.0024312
0.0024788
0.002524
0.00249049
0.00248076
0.00263901
0.00309139
0.00396331
0.00541241
0.00765545
0.0110114
0.0159983
0.0234463
0.0341309
0.0466345
0.053777
0.0478075
0.0332069
0.0221351
0.0150136
0.011106
0.00903336
0.00776321
0.00677602
0.00585143
0.00494218
0.00409837
0.00338978
0.00286828
0.00255645
0.00243778
0.00246218
0.0025704
0.00267067
0.00266703
0.00253967
0.00243096
0.00271975
0.00422304
0.0020771
0.00227721
0.00244353
0.00248939
0.00243827
0.00237579
0.00242236
0.0026995
0.00332246
0.00442316
0.00617265
0.00880031
0.0126367
0.018223
0.0264098
0.0377852
0.0501597
0.0554748
0.0475907
0.0325778
0.0219706
0.015382
0.0119305
0.0101621
0.00907118
0.00813376
0.0071365
0.00605107
0.00495954
0.00397311
0.00318384
0.00264354
0.00234449
0.00223321
0.00227468
0.00239095
0.00249222
0.00250595
0.00239874
0.00220091
0.00204782
0.00237558
0.00245116
0.00244994
0.00238982
0.00230621
0.00227794
0.00241675
0.00283738
0.00365844
0.00502427
0.00711877
0.0101808
0.0145521
0.0208065
0.0297762
0.0417277
0.053569
0.0568848
0.0472363
0.032197
0.0220475
0.0160157
0.0130461
0.0116277
0.0107695
0.00993844
0.00890561
0.00765008
0.00628147
0.0049593
0.00382962
0.0029902
0.00245182
0.00215319
0.00207623
0.00213952
0.00226246
0.00236736
0.00240445
0.00236583
0.002259
0.00239473
0.00236817
0.0023189
0.00224631
0.00218435
0.00222138
0.00247518
0.00306357
0.00411535
0.00578882
0.00827798
0.0118271
0.0167909
0.0237747
0.033556
0.0459707
0.05695
0.0582216
0.0468155
0.0321526
0.0224276
0.0169727
0.0145185
0.0135133
0.0129607
0.0122985
0.011273
0.00986079
0.00819344
0.00647734
0.0049181
0.00367968
0.00281421
0.00226108
0.00201734
0.00197754
0.00206496
0.00219045
0.00228371
0.00232659
0.00233336
0.00226195
0.00222749
0.00218008
0.00211997
0.00209686
0.00221699
0.00260743
0.00339268
0.00471515
0.00674587
0.009685
0.0137799
0.0194064
0.0271869
0.0377721
0.0504448
0.0601932
0.0593704
0.0465145
0.0324045
0.0231622
0.0183058
0.0164097
0.0158921
0.0157372
0.0153299
0.0143793
0.0128497
0.0108852
0.00872565
0.00663184
0.00485431
0.00352173
0.00260303
0.00212049
0.00192373
0.00193449
0.00204409
0.00215694
0.00223014
0.00226893
0.00212505
0.0021038
0.00206589
0.00202325
0.00205039
0.00227174
0.00282468
0.00384236
0.00548269
0.00792697
0.0113777
0.0160862
0.0224481
0.0310852
0.0424218
0.0551051
0.0632891
0.0604178
0.0465016
0.0330383
0.0243165
0.0200795
0.018797
0.0188606
0.019226
0.0191916
0.0184195
0.0168523
0.0146295
0.0119994
0.00926194
0.00676692
0.00475823
0.00328889
0.00243841
0.00199962
0.00188792
0.00195056
0.00206409
0.00215236
0.00219777
0.00202335
0.00201149
0.00197926
0.00195689
0.00204872
0.0023933
0.00314064
0.00443304
0.00644568
0.00936741
0.013399
0.0188002
0.0259785
0.0355094
0.047472
0.0598642
0.0662012
0.0614578
0.0469539
0.0341413
0.0259474
0.0223511
0.0217416
0.0225236
0.0235704
0.0240854
0.0236588
0.0222058
0.0198283
0.0167457
0.0132733
0.0098565
0.00687778
0.00455326
0.00309124
0.0022472
0.0019396
0.00191479
0.00201203
0.00211285
0.00216569
0.00195776
0.00194639
0.00191589
0.00192065
0.0020972
0.00259121
0.00357134
0.00518672
0.00763333
0.0111042
0.0157991
0.0219821
0.0300513
0.0404675
0.0528492
0.0646252
0.068949
0.0626318
0.0480682
0.0358028
0.0281089
0.0251706
0.0253057
0.0269752
0.0289322
0.0302716
0.0304731
0.0293934
0.0270747
0.0236436
0.0194001
0.0148587
0.0105295
0.00687524
0.00435704
0.00278014
0.00212775
0.00193969
0.00199615
0.00210655
0.00217305
0.0019178
0.00189964
0.00187157
0.00191656
0.00220362
0.00287644
0.00413406
0.00612492
0.00907492
0.0131779
0.0186298
0.0256907
0.034706
0.0459276
0.0584432
0.0693034
0.0716832
0.064134
0.0500173
0.0381003
0.030869
0.0285443
0.029513
0.032274
0.0354611
0.0380526
0.0393683
0.039114
0.0372102
0.0336763
0.0287344
0.0229102
0.0167921
0.0111427
0.00683049
0.0038884
0.00256669
0.00203911
0.00201006
0.00212044
0.00220416
0.00189215
0.00186342
0.00184577
0.0019497
0.00237792
0.00325984
0.00484538
0.00726576
0.0107989
0.0156308
0.0219479
0.0299784
0.0399427
0.0517988
0.0641276
0.0737502
0.0745499
0.0663155
0.05282
0.0411452
0.0342687
0.03243
0.034299
0.0383735
0.0431751
0.0475743
0.0507213
0.0521031
0.0512546
0.0481411
0.0427462
0.0355978
0.0272646
0.0188192
0.0116413
0.00622228
0.00355713
0.0022676
0.00205711
0.00214191
0.00224234
0.00187178
0.00183355
0.00184301
0.00202755
0.00263146
0.00374972
0.00571915
0.00862132
0.0128323
0.0185059
0.0258027
0.034867
0.0457056
0.0579355
0.0697866
0.0779968
0.0776413
0.0694409
0.0566052
0.045072
0.0382944
0.0366935
0.039405
0.0449297
0.0516375
0.05837
0.0642357
0.0683326
0.0697881
0.0681848
0.0630646
0.0548577
0.0440764
0.0320293
0.0206495
0.011038
0.00577564
0.0027774
0.00217507
0.00216345
0.00227061
0.00185124
0.00181077
0.00187286
0.00215856
0.00297617
0.0043493
0.00676602
0.0101958
0.0152013
0.021837
0.0302171
0.0403258
0.0518713
0.0641498
0.075271
0.0822073
0.0811798
0.0736345
0.0616093
0.0500663
0.0428555
0.0410587
0.0442567
0.0510223
0.0596842
0.0691984
0.0788044
0.0872729
0.0925073
0.0940521
0.0904033
0.0823621
0.0696466
0.0534893
0.0365529
0.0204246
0.010541
0.00390702
0.00248866
0.00219196
0.00227951
0.00183013
0.00180111
0.00194893
0.00235056
0.00342475
0.00505551
0.00799762
0.0119858
0.0179308
0.0256327
0.0351582
0.0462428
0.0582482
0.0702576
0.0805285
0.0865344
0.0853988
0.0788458
0.0679758
0.0562959
0.0480076
0.0451839
0.0479352
0.0550662
0.0651226
0.0775834
0.091529
0.105356
0.115389
0.122268
0.122197
0.116655
0.104674
0.0855757
0.0624853
0.0372894
0.0201189
0.00629988
0.0032955
0.00225448
0.00226931
0.00181452
0.00181467
0.00208825
0.0026097
0.00399398
0.0058604
0.00943751
0.0139796
0.021046
0.0298532
0.0405162
0.0524132
0.0645685
0.0760805
0.08559
0.0911739
0.0903935
0.085055
0.0757513
0.0642103
0.0543005
0.0492604
0.0500384
0.056142
0.0661247
0.0806573
0.0978204
0.11683
0.13203
0.144984
0.151346
0.150904
0.143731
0.126674
0.100437
0.0644864
0.0377
0.0109903
0.00519443
0.00239534
0.00226801
0.00181732
0.0018626
0.00231308
0.00293954
0.00471696
0.00675654
0.0111463
0.0161567
0.0245865
0.0343925
0.0461199
0.0586122
0.0706097
0.0815023
0.0902712
0.095833
0.0957443
0.0920277
0.0848817
0.0747078
0.064064
0.056417
0.0539472
0.0578285
0.0667596
0.0808683
0.0984577
0.118601
0.138256
0.155927
0.169095
0.176402
0.176654
0.16691
0.145607
0.1029
0.0666068
0.0191682
0.00923548
0.00265344
0.00233752
0.00185834
0.00195295
0.00265907
0.00333763
0.00567026
0.00774063
0.0132844
0.018481
0.0286775
0.0390666
0.0518051
0.0646941
0.0763139
0.0867768
0.0948407
0.100377
0.10082
0.0983159
0.0932879
0.0853271
0.0763694
0.0681526
0.0631204
0.0631472
0.0689961
0.0811325
0.0973355
0.116612
0.137016
0.157728
0.176333
0.189941
0.198271
0.195644
0.185264
0.145378
0.107185
0.0312476
0.0168919
0.00303403
0.00256165
0.00197051
0.00208356
0.00320004
0.00378073
0.00703879
0.00877628
0.0162393
0.0208312
0.0337524
0.0435425
0.0574911
0.070501
0.0812973
0.0922971
0.0994759
0.106179
0.107216
0.105675
0.102077
0.0955731
0.0891773
0.081831
0.0766885
0.0739572
0.0761474
0.0854861
0.0976659
0.114586
0.133067
0.155444
0.176437
0.196216
0.210725
0.21561
0.211704
0.178654
0.151763
0.0446253
0.0295799
0.00350939
0.00303463
0.00239905
0.00239837
0.00241445
0.00243003
0.00243022
0.00240653
0.00236069
0.0023026
0.00224223
0.00219752
0.00218537
0.00222322
0.00229786
0.00231999
0.00210213
0.00225503
0.00944419
0.00238271
0.00239982
0.00243565
0.00246313
0.00246572
0.00244096
0.00239584
0.00233933
0.00228058
0.00222816
0.00219613
0.00220155
0.00224319
0.00226312
0.00208627
0.00230734
0.0098109
0.00247595
0.0024929
0.00250195
0.0024992
0.00248212
0.0024512
0.00240889
0.00235849
0.00230465
0.00225419
0.00221656
0.00220588
0.00222574
0.0022412
0.00210742
0.00237591
0.0100943
0.00247379
0.00248835
0.00249561
0.00249251
0.0024778
0.00245207
0.00241701
0.00237479
0.00232819
0.0022816
0.00224265
0.00222317
0.00223038
0.00224292
0.00215355
0.00249392
0.0103297
0.00249588
0.00249759
0.00249481
0.00248659
0.00247181
0.00245004
0.00242152
0.00238681
0.00234728
0.00230598
0.00226892
0.00224618
0.00224671
0.00226018
0.00220787
0.00262551
0.0105131
0.00248974
0.00248913
0.00248538
0.00247776
0.0024653
0.0024475
0.00242423
0.00239555
0.002362
0.00232564
0.00229144
0.00226842
0.00226667
0.00228195
0.00225979
0.00274472
0.010628
0.00247838
0.00247726
0.00247365
0.0024672
0.00245707
0.00244264
0.00242359
0.0023997
0.00237104
0.0023391
0.0023082
0.00228672
0.00228538
0.00230404
0.00230621
0.00283795
0.010643
0.00247054
0.00246768
0.0024636
0.00245766
0.00244893
0.00243672
0.00242057
0.00240002
0.00237496
0.00234662
0.00231897
0.00229993
0.00230048
0.0023236
0.00234594
0.00290021
0.0105422
0.00245386
0.00245322
0.00245075
0.00244629
0.00243917
0.00242882
0.00241481
0.00239665
0.00237424
0.00234887
0.00232433
0.00230824
0.00231151
0.00233951
0.00237957
0.00293891
0.0103274
0.00244563
0.00244323
0.0024401
0.00243566
0.00242904
0.00241956
0.00240671
0.00239002
0.00236954
0.00234668
0.00232522
0.00231249
0.00231917
0.0023525
0.00240925
0.00296401
0.0100263
0.00242913
0.00242884
0.00242693
0.00242327
0.00241726
0.00240838
0.00239622
0.00238049
0.00236154
0.00234105
0.00232281
0.00231398
0.00232497
0.00236442
0.00243838
0.00298627
0.00966331
0.00242074
0.00241838
0.00241541
0.00241118
0.00240486
0.00239585
0.00238379
0.00236865
0.00235111
0.0023331
0.0023185
0.00231435
0.00233089
0.00237809
0.00247135
0.00301312
0.00926166
0.00240475
0.00240406
0.00240172
0.00239754
0.00239099
0.00238171
0.00236965
0.00235517
0.00233928
0.00232417
0.00231388
0.00231548
0.00233928
0.00239689
0.00251298
0.00304896
0.00883524
0.0023962
0.00239309
0.00238925
0.00238397
0.00237654
0.00236668
0.00235463
0.00234107
0.0023273
0.00231577
0.00231081
0.0023196
0.00235302
0.00242459
0.0025674
0.00309834
0.00839317
0.00238061
0.00237879
0.00237503
0.00236923
0.00236118
0.00235105
0.00233948
0.00232746
0.0023166
0.00230968
0.00231142
0.0023294
0.00237543
0.00246529
0.00263938
0.00316634
0.00794127
0.00237189
0.00236735
0.00236181
0.00235474
0.00234597
0.00233589
0.00232541
0.00231576
0.00230887
0.00230792
0.00231814
0.00234789
0.00241012
0.002523
0.00273202
0.00325442
0.00748315
0.00235692
0.00235329
0.00234752
0.00234001
0.00233123
0.00232205
0.00231362
0.00230745
0.0023059
0.00231262
0.00233367
0.00237824
0.00246063
0.00260076
0.00284555
0.00335848
0.0070245
0.00234808
0.0023417
0.00233445
0.00232644
0.00231822
0.00231079
0.00230547
0.00230412
0.0023095
0.00232603
0.00236062
0.00242341
0.00252972
0.00269975
0.00297644
0.00346886
0.00656624
0.00233424
0.00232864
0.00232162
0.00231428
0.00230768
0.00230311
0.00230218
0.00230716
0.00232143
0.00235023
0.00240134
0.00248567
0.00261868
0.00281874
0.00311776
0.00357168
0.00610904
0.00232555
0.00231799
0.00231084
0.00230471
0.00230061
0.00230001
0.00230483
0.00231784
0.00234319
0.00238693
0.0024575
0.00256604
0.00272666
0.00295252
0.00325924
0.00365447
0.00565765
0.00231369
0.00230749
0.00230187
0.00229803
0.00229748
0.00230208
0.00231413
0.00233709
0.00237586
0.00243716
0.0025297
0.00266387
0.00285033
0.00309357
0.00338898
0.00370748
0.00521136
0.00230603
0.00229957
0.00229558
0.00229472
0.00229867
0.00230964
0.00233048
0.00236534
0.00241979
0.00250088
0.0026169
0.00277618
0.00298347
0.00323191
0.0034956
0.00372258
0.00477766
0.00229718
0.00229302
0.00229178
0.00229466
0.00230401
0.00232256
0.00235374
0.00240237
0.0024744
0.00257672
0.00271628
0.00289771
0.00311776
0.0033565
0.00356863
0.00368971
0.00435954
0.00229155
0.00228875
0.00229038
0.00229748
0.00231308
0.00234032
0.00238322
0.00244707
0.00253784
0.00266158
0.00282278
0.00302082
0.00324324
0.00345679
0.00360034
0.003607
0.00396913
0.00228606
0.00228589
0.00229073
0.00230254
0.00232509
0.00236191
0.00241749
0.00249735
0.00260698
0.00275081
0.00292988
0.00313727
0.00335117
0.00352701
0.00359552
0.00349453
0.00361833
0.00228252
0.00228414
0.0022922
0.00230902
0.00233901
0.0023859
0.0024546
0.00255047
0.00267801
0.00283938
0.00303139
0.00324054
0.0034367
0.00356741
0.00356202
0.00337183
0.00331449
0.00227928
0.00228284
0.0022941
0.00231604
0.00235356
0.00241056
0.00249215
0.00260317
0.00274667
0.00292206
0.00312169
0.00332604
0.00349858
0.00358279
0.00351069
0.00324938
0.00306854
0.00227651
0.00228145
0.00229571
0.00232259
0.00236728
0.00243385
0.00252737
0.0026518
0.00280848
0.00299388
0.00319628
0.0033915
0.00353905
0.00358114
0.00345461
0.00314228
0.00288889
0.00227347
0.00227958
0.00229634
0.00232757
0.00237853
0.00245345
0.0025571
0.00269238
0.00285888
0.00305035
0.00325157
0.00343615
0.00356347
0.00357836
0.00342257
0.00308586
0.00278998
0.00226988
0.00227686
0.00229538
0.00232984
0.00238557
0.00246686
0.00257785
0.00272023
0.00289201
0.0030856
0.00328541
0.0034652
0.00358586
0.00359477
0.00343562
0.00309799
0.00278502
0.00226541
0.00227258
0.00229181
0.00232788
0.00238604
0.00247056
0.00258495
0.00273019
0.00290367
0.00309781
0.00329819
0.00348109
0.0036111
0.0036385
0.0035054
0.00319174
0.0028866
0.00225989
0.00226635
0.00228487
0.00232034
0.00237796
0.00246189
0.00257515
0.00271839
0.00288924
0.0030815
0.00328394
0.00347776
0.00363372
0.00370612
0.00363276
0.00337453
0.00310754
0.00225338
0.00225824
0.00227446
0.00230681
0.00236034
0.00243905
0.00254564
0.0026808
0.00284301
0.00302857
0.00323123
0.00343984
0.00363384
0.00377634
0.00380386
0.00364648
0.0034602
0.00224606
0.00224856
0.00226105
0.00228785
0.00233356
0.00240197
0.00249553
0.00261522
0.00276071
0.00293147
0.00312658
0.00334377
0.00357633
0.00380444
0.00397588
0.0039962
0.00395591
0.00223825
0.00223798
0.00224582
0.00226529
0.0023002
0.00235376
0.00242824
0.00252488
0.00264456
0.0027889
0.00296198
0.00317083
0.00342452
0.00372976
0.00407154
0.00436766
0.00460444
0.00223027
0.00222724
0.00223038
0.00224214
0.0022652
0.00230187
0.0023539
0.00242259
0.00250945
0.00261785
0.0027546
0.00293259
0.00317382
0.00351398
0.00400107
0.00465454
0.00541355
0.0022223
0.00221694
0.00221607
0.00222123
0.00223394
0.0022555
0.00228699
0.00232941
0.00238454
0.00245612
0.00255158
0.00268458
0.00288048
0.00319094
0.003726
0.00470877
0.00638836
0.00221443
0.00220721
0.00220349
0.00220411
0.00220981
0.00222115
0.00223864
0.00226309
0.00229628
0.00234181
0.00240594
0.0024986
0.00263921
0.0028745
0.00333168
0.00442379
0.00753043
0.00220683
0.00219802
0.00219234
0.00219046
0.00219281
0.00219968
0.00221146
0.00222896
0.00225394
0.00228962
0.00234017
0.00241018
0.00250971
0.00266827
0.00298213
0.00387985
0.00883711
0.00219993
0.00218972
0.00218244
0.0021791
0.00218058
0.0021875
0.00220052
0.00222068
0.00225002
0.00229132
0.0023459
0.0024134
0.0024974
0.0026097
0.00279492
0.00331803
0.010301
0.00255779
0.00258594
0.00261125
0.00263376
0.0026539
0.00267133
0.002686
0.00269765
0.00270623
0.00271157
0.00271356
0.00271203
0.00270684
0.00269789
0.00268504
0.00266829
0.00264766
0.00262341
0.00259587
0.00256489
0.00252321
0.002485
0.0024509
0.0024184
0.00238779
0.00235947
0.00233379
0.0023109
0.00229086
0.0022735
0.00225876
0.00224634
0.00223601
0.0022274
0.0022201
0.00221371
0.00220777
0.00220204
0.0021968
0.00219346
0.00219437
0.00259046
0.00262026
0.00264653
0.00267002
0.00269085
0.00270879
0.00272361
0.00273513
0.00274324
0.00274781
0.00274872
0.00274583
0.00273904
0.00272829
0.00271352
0.00269474
0.0026721
0.00264585
0.00261639
0.00258369
0.00254077
0.00250112
0.00246523
0.00243089
0.00239843
0.00236831
0.00234087
0.00231628
0.00229465
0.00227579
0.00225969
0.00224601
0.00223457
0.00222491
0.00221669
0.00220939
0.00220249
0.00219553
0.00218861
0.00218325
0.00218306
0.00262033
0.00265165
0.00267921
0.00270394
0.00272575
0.00274439
0.00275957
0.00277112
0.00277895
0.00278292
0.00278292
0.00277885
0.00277064
0.00275829
0.0027418
0.00272124
0.0026968
0.0026688
0.00263763
0.00260339
0.00255949
0.00251859
0.00248114
0.00244513
0.00241101
0.00237923
0.00235016
0.00232402
0.00230085
0.00228062
0.00226319
0.00224837
0.00223584
0.00222526
0.0022162
0.00220818
0.00220054
0.0021926
0.00218409
0.00217637
0.00217425
0.00264699
0.00268001
0.0027093
0.00273552
0.00275854
0.00277805
0.00279379
0.00280556
0.00281328
0.00281685
0.00281614
0.00281109
0.0028017
0.00278799
0.00277003
0.00274795
0.00272198
0.00269245
0.00265981
0.00262424
0.0025796
0.00253764
0.00249885
0.00246138
0.00242578
0.00239253
0.00236199
0.00233441
0.00230987
0.00228834
0.00226972
0.00225381
0.00224032
0.00222891
0.00221918
0.00221062
0.00220254
0.00219404
0.00218435
0.00217415
0.00216889
0.00267039
0.00270558
0.00273708
0.00276503
0.00278939
0.00280992
0.00282637
0.00283852
0.00284631
0.00284966
0.00284846
0.00284268
0.00283235
0.00281755
0.00279839
0.00277506
0.00274783
0.00271704
0.00268317
0.00264647
0.00260133
0.00255851
0.0025186
0.00247991
0.00244305
0.00240851
0.0023767
0.00234786
0.00232209
0.00229941
0.00227973
0.00226286
0.00224854
0.00223645
0.0022262
0.00221732
0.00220913
0.00220063
0.00219053
0.00217835
0.00216868
0.00269143
0.00272883
0.00276299
0.00279286
0.00281866
0.00284028
0.00285753
0.0028702
0.00287821
0.00288152
0.00288004
0.00287377
0.00286277
0.00284716
0.0028271
0.00280281
0.00277459
0.00274281
0.00270796
0.00267038
0.00262497
0.00258153
0.0025407
0.00250105
0.00246317
0.00242759
0.00239471
0.00236481
0.00233801
0.00231434
0.00229376
0.00227609
0.0022611
0.00224849
0.00223792
0.00222896
0.00222101
0.0022131
0.00220367
0.00219088
0.0021764
0.0027118
0.0027507
0.00278746
0.0028195
0.0028468
0.00286955
0.00288763
0.0029009
0.00290926
0.00291269
0.00291113
0.00290459
0.00289318
0.00287705
0.00285639
0.00283145
0.00280254
0.00277006
0.00273451
0.00269629
0.00265086
0.00260706
0.00256557
0.0025252
0.00248657
0.0024502
0.00241651
0.00238579
0.00235817
0.00233374
0.00231245
0.00229418
0.00227871
0.00226579
0.0022551
0.0022463
0.0022389
0.00223211
0.00222444
0.00221321
0.00219577
0.00273276
0.00277256
0.00281105
0.00284543
0.00287433
0.0028982
0.0029171
0.00293101
0.00293981
0.00294349
0.00294203
0.00293545
0.0029239
0.00290753
0.00288657
0.00286127
0.00283198
0.00279911
0.00276317
0.00272461
0.00267942
0.00263555
0.0025937
0.00255292
0.00251383
0.00247695
0.00244272
0.00241142
0.00238324
0.00235828
0.00233653
0.00231789
0.00230219
0.00228919
0.00227864
0.00227025
0.00226365
0.00225831
0.00225317
0.00224572
0.00223016
0.00275476
0.00279566
0.00283484
0.00287113
0.00290182
0.00292675
0.00294646
0.00296099
0.00297029
0.00297431
0.0029731
0.00296669
0.00295525
0.00293894
0.00291798
0.00289266
0.00286331
0.00283037
0.00279435
0.00275582
0.00271119
0.00266755
0.0026257
0.00258485
0.00254562
0.00250856
0.0024741
0.00244253
0.00241408
0.00238886
0.00236692
0.00234817
0.00233249
0.00231969
0.00230955
0.00230184
0.00229628
0.00229257
0.00229016
0.00228761
0.00227963
0.00277851
0.00282057
0.00286026
0.00289731
0.00292981
0.00295581
0.00297626
0.00299137
0.00300116
0.0030056
0.00300474
0.00299871
0.00298761
0.00297164
0.00295102
0.00292601
0.00289697
0.00286434
0.00282863
0.00279045
0.00274679
0.00270375
0.00266231
0.00262178
0.00258281
0.00254592
0.00251158
0.00248009
0.00245169
0.00242655
0.00240471
0.00238617
0.00237081
0.00235851
0.00234907
0.00234234
0.00233809
0.00233617
0.00233636
0.00233831
0.00233959
0.0028051
0.002848
0.00288837
0.0029253
0.0029589
0.00298604
0.00300712
0.00302272
0.00303293
0.00303781
0.00303743
0.00303192
0.00302142
0.00300609
0.00298613
0.00296182
0.0029335
0.00290161
0.00286666
0.00282926
0.00278706
0.00274506
0.00270449
0.00266475
0.00262647
0.0025902
0.00255639
0.00252537
0.00249741
0.00247271
0.00245134
0.00243333
0.00241863
0.00240714
0.00239874
0.00239329
0.00239066
0.00239078
0.00239366
0.00239921
0.00240639
0.00283607
0.0028793
0.00291997
0.00295679
0.00299005
0.00301821
0.00303975
0.00305567
0.00306621
0.0030715
0.00307166
0.00306684
0.00305717
0.00304277
0.00302385
0.00300067
0.00297355
0.00294292
0.00290928
0.00287324
0.00283301
0.00279265
0.00275351
0.00271511
0.00267807
0.00264293
0.00261015
0.00258007
0.00255301
0.00252916
0.00250866
0.00249156
0.00247788
0.00246755
0.0024605
0.00245664
0.00245592
0.00245845
0.00246426
0.00247281
0.0024832
0.00287365
0.0029164
0.00295667
0.002993
0.00302505
0.00305329
0.00307504
0.003091
0.00310168
0.0031073
0.00310805
0.00310405
0.00309542
0.00308228
0.00306483
0.00304328
0.00301794
0.00298921
0.00295757
0.00292359
0.00288603
0.00284804
0.00281107
0.00277471
0.00273958
0.00270623
0.00267509
0.00264654
0.00262091
0.00259843
0.00257925
0.00256349
0.00255119
0.00254235
0.00253694
0.00253492
0.00253638
0.00254157
0.00255002
0.00256097
0.0025744
0.00292111
0.00296209
0.00300083
0.00303566
0.00306617
0.00309264
0.00311417
0.00312972
0.0031402
0.00314599
0.00314728
0.0031442
0.00313686
0.00312535
0.00310984
0.00309054
0.0030677
0.00304168
0.00301292
0.00298195
0.00294796
0.00291334
0.00287947
0.00284608
0.00281377
0.00278305
0.00275436
0.00272809
0.00270458
0.00268408
0.00266678
0.00265283
0.00264231
0.00263526
0.0026317
0.00263166
0.00263544
0.00264286
0.00265317
0.00266613
0.00268216
0.0029833
0.00302051
0.00305595
0.00308768
0.00311537
0.00313888
0.00315873
0.00317315
0.00318291
0.00318853
0.00319023
0.00318813
0.0031823
0.00317285
0.00315989
0.00314359
0.00312417
0.00310192
0.00307722
0.00305051
0.00302135
0.00299144
0.00296198
0.00293286
0.0029046
0.00287769
0.00285256
0.0028296
0.00280912
0.00279141
0.00277667
0.00276506
0.00275671
0.00275169
0.00275005
0.00275196
0.00275758
0.00276621
0.0027777
0.00279175
0.00280928
0.0030677
0.00309793
0.00312725
0.00315334
0.00317601
0.00319513
0.00321099
0.00322316
0.00323132
0.00323622
0.00323803
0.00323686
0.00323279
0.00322588
0.00321622
0.00320391
0.00318912
0.00317206
0.003153
0.00313229
0.00310976
0.00308647
0.00306332
0.00304035
0.00301798
0.00299664
0.0029767
0.00295852
0.00294239
0.00292857
0.00291727
0.00290866
0.00290286
0.00289995
0.00290004
0.00290334
0.00290946
0.00291824
0.00292942
0.00294274
0.00295974
0.00318599
0.00320409
0.00322264
0.00323904
0.00325319
0.00326507
0.00327472
0.0032824
0.00328758
0.00329079
0.00329217
0.00329177
0.00328966
0.00328587
0.00328044
0.00327343
0.0032649
0.00325498
0.00324381
0.00323159
0.00321832
0.00320447
0.00319055
0.00317666
0.00316306
0.00315005
0.00313789
0.00312681
0.00311705
0.00310879
0.00310218
0.00309736
0.00309442
0.00309342
0.00309448
0.00309752
0.00310241
0.003109
0.00311711
0.00312652
0.00313941
0.00899824
0.0021003
0.00221953
0.00240652
0.00230103
0.00214515
0.00202502
0.00195232
0.00191525
0.00189981
0.00189427
0.00188948
0.00187942
0.00186315
0.00184563
0.0018347
0.00183497
0.00920469
0.0020734
0.0021512
0.00228605
0.00218662
0.00205759
0.00196397
0.00191167
0.00188922
0.00188476
0.00188895
0.00189409
0.00189364
0.00188354
0.00186503
0.00184617
0.0018376
0.00933741
0.00209093
0.0021086
0.0022012
0.00210502
0.00199541
0.00192175
0.00188463
0.00187271
0.00187591
0.00188714
0.00190097
0.00191216
0.00191528
0.00190555
0.00188239
0.00185499
0.00945011
0.00218152
0.00209612
0.0021463
0.00205005
0.00195454
0.00189549
0.00186914
0.00186426
0.00187202
0.00188698
0.00190571
0.00192565
0.00194464
0.00196059
0.00197125
0.00197546
0.00956822
0.00231892
0.00210662
0.00211291
0.00201538
0.00193045
0.00188198
0.0018629
0.00186219
0.00187194
0.00188756
0.00190633
0.00192625
0.00194551
0.00196268
0.0019765
0.0019853
0.00969204
0.002482
0.00213011
0.00209484
0.00199622
0.00191936
0.00187837
0.00186383
0.0018651
0.00187509
0.0018899
0.00190747
0.00192635
0.00194511
0.00196226
0.00197667
0.00198688
0.00979714
0.00264432
0.00215879
0.00208785
0.00198866
0.00191792
0.00188209
0.00187016
0.00187194
0.00188105
0.00189414
0.00190958
0.00192645
0.00194395
0.00196112
0.00197707
0.00199152
0.00984817
0.00278202
0.00218848
0.00208919
0.00198967
0.0019234
0.00189095
0.00188028
0.00188171
0.00188943
0.00190053
0.00191363
0.00192807
0.00194351
0.00195968
0.00197599
0.00199159
0.00981277
0.00288283
0.00221806
0.00209694
0.001997
0.00193372
0.00190325
0.00189292
0.00189346
0.00189955
0.00190858
0.00191937
0.00193138
0.00194434
0.00195822
0.00197319
0.00198924
0.00967556
0.00294859
0.00224832
0.00210988
0.00200909
0.00194747
0.00191787
0.00190728
0.00190668
0.00191102
0.00191794
0.00192641
0.00193597
0.00194635
0.00195728
0.00196865
0.00198044
0.00944267
0.00299065
0.00228127
0.00212763
0.00202512
0.00196383
0.00193416
0.00192294
0.00192121
0.00192403
0.0019291
0.00193551
0.00194294
0.00195126
0.00196035
0.00197003
0.00198018
0.00913463
0.00302313
0.00232003
0.00215089
0.002045
0.00198252
0.00195178
0.00193951
0.00193667
0.00193828
0.00194196
0.00194679
0.00195249
0.00195901
0.00196631
0.00197428
0.00198257
0.00877377
0.00305831
0.00236864
0.00218148
0.00206953
0.00200391
0.00197084
0.00195686
0.0019527
0.00195318
0.00195569
0.00195921
0.00196348
0.00196852
0.00197442
0.00198127
0.00198905
0.00837745
0.0031057
0.00243177
0.0022223
0.00210042
0.00202912
0.00199208
0.00197542
0.00196952
0.00196883
0.00197035
0.00197273
0.00197556
0.00197885
0.00198276
0.0019875
0.00199338
0.00795762
0.00317192
0.00251404
0.00227709
0.00214026
0.00205991
0.00201671
0.00199595
0.00198753
0.00198539
0.00198607
0.00198775
0.0019897
0.00199178
0.00199408
0.00199664
0.0019991
0.00752301
0.00326055
0.00261949
0.00235007
0.00219249
0.00209877
0.00204646
0.00201958
0.00200733
0.00200292
0.0020024
0.00200342
0.00200484
0.00200634
0.00200812
0.00201065
0.00201423
0.00707874
0.00336739
0.00274866
0.00244465
0.00226077
0.00214876
0.00208368
0.00204811
0.00203013
0.00202223
0.00201968
0.00201961
0.00202027
0.00202078
0.00202106
0.00202166
0.00202366
0.00662776
0.00347953
0.00289828
0.00256284
0.00234866
0.0022133
0.00213118
0.00208368
0.00205767
0.00204456
0.0020389
0.00203713
0.00203698
0.00203691
0.00203611
0.00203437
0.00203188
0.00617449
0.00358193
0.00306079
0.00270381
0.00245852
0.0022956
0.00219196
0.00212873
0.00209175
0.00207125
0.00206081
0.00205625
0.00205472
0.00205429
0.00205363
0.0020522
0.00205071
0.00572353
0.00366345
0.00322302
0.00286265
0.00259033
0.0023978
0.0022687
0.00218577
0.00213446
0.00210393
0.00208667
0.00207767
0.00207346
0.00207161
0.00207018
0.00206778
0.00206529
0.00528009
0.0037122
0.00337306
0.00303082
0.00274083
0.00251996
0.00236301
0.00225684
0.00218773
0.00214427
0.00211796
0.0021028
0.0020946
0.00209042
0.00208782
0.00208387
0.00207676
0.00485101
0.00372231
0.0034977
0.00319676
0.00290323
0.00265935
0.00247461
0.00234284
0.00225286
0.00219354
0.00215573
0.00213251
0.00211884
0.00211131
0.0021075
0.00210387
0.00209763
0.00444235
0.00369093
0.00358616
0.00334743
0.00306746
0.0028099
0.00260058
0.00244283
0.00232992
0.00225224
0.00220057
0.00216729
0.00214653
0.00213419
0.00212746
0.00212259
0.00211689
0.00406071
0.00361875
0.00363249
0.00347134
0.00322209
0.00296296
0.00273537
0.00255371
0.00241747
0.00231986
0.00225247
0.00220742
0.00217822
0.00215981
0.00214882
0.00214132
0.00213212
0.00371339
0.00351064
0.00363639
0.00356079
0.00335639
0.00310846
0.00287118
0.00267008
0.00251208
0.00239439
0.00231033
0.00225236
0.00221361
0.00218829
0.00217271
0.00216282
0.00215361
0.003409
0.00338496
0.00360514
0.00361412
0.003463
0.00323715
0.00299935
0.00278497
0.00260861
0.00247231
0.00237184
0.0023006
0.00225173
0.00221895
0.00219805
0.00218469
0.0021755
0.00315702
0.00325696
0.00355128
0.00363608
0.00353956
0.00334255
0.00311216
0.00289116
0.00270115
0.00254914
0.00243385
0.00235008
0.00229135
0.00225118
0.00222466
0.0022072
0.00219569
0.0029672
0.0031434
0.00349071
0.0036363
0.00358857
0.00342168
0.00320365
0.00298193
0.00278349
0.00261979
0.0024925
0.00239802
0.00233057
0.00228365
0.00225208
0.00223139
0.00221702
0.00285644
0.00308534
0.00345763
0.00363657
0.00362005
0.00347593
0.00327026
0.0030516
0.00284973
0.00267907
0.00254364
0.00244135
0.00236718
0.00231484
0.00227928
0.00225549
0.0022389
0.00283937
0.00310075
0.00347449
0.0036571
0.00364771
0.00351164
0.0033123
0.00309683
0.00289498
0.00272202
0.00258302
0.0024768
0.00239887
0.00234334
0.00230512
0.00227875
0.00226083
0.00292936
0.00320279
0.00355369
0.00370675
0.00367629
0.00353011
0.00332865
0.00311503
0.00291607
0.0027455
0.00260791
0.0025022
0.00242407
0.00236809
0.00232911
0.00230218
0.00228323
0.00313986
0.00340144
0.00369638
0.00378115
0.00369983
0.00352593
0.00331507
0.0031031
0.00291074
0.00274788
0.00261717
0.0025168
0.00244234
0.00238881
0.0023512
0.00232493
0.00230554
0.00348382
0.00369732
0.00388258
0.00385534
0.00369754
0.00348543
0.00326424
0.00305799
0.00287839
0.00272973
0.00261181
0.00252162
0.00245469
0.0024064
0.00237203
0.00234703
0.00232843
0.00397315
0.0040663
0.00406288
0.00388169
0.00363698
0.00339172
0.00317023
0.00298002
0.00282213
0.00269496
0.00259552
0.00251976
0.00246358
0.0024227
0.00239297
0.00237054
0.00235317
0.00461825
0.00444774
0.00415683
0.00380487
0.00349282
0.00323978
0.00303844
0.00287849
0.00275173
0.0026522
0.00257514
0.00251657
0.0024729
0.00244038
0.00241571
0.0023963
0.00237952
0.00542726
0.0047312
0.00408106
0.00360129
0.00327634
0.00305299
0.00289323
0.00277457
0.00268397
0.00261401
0.00256008
0.0025188
0.0024871
0.00246231
0.00244221
0.00242474
0.00240837
0.00640512
0.00477333
0.00381622
0.00331892
0.00304513
0.00288003
0.00277149
0.00269482
0.00263771
0.00259391
0.0025596
0.00253223
0.0025098
0.00249072
0.00247364
0.00245697
0.00243952
0.00755266
0.00448666
0.00345506
0.00305599
0.00286903
0.00276661
0.00270298
0.0026591
0.00262624
0.00260012
0.00257838
0.00255946
0.00254229
0.00252601
0.00250945
0.00249142
0.00247086
0.00886603
0.00396071
0.00314105
0.002892
0.0027872
0.00273159
0.00269621
0.00267034
0.00264943
0.00263128
0.00261464
0.00259863
0.00258264
0.00256588
0.00254721
0.00252574
0.00250109
0.0103363
0.0034217
0.00297333
0.00285306
0.0027979
0.00276331
0.00273739
0.00271584
0.0026967
0.00267889
0.00266166
0.00264445
0.00262659
0.00260697
0.00258451
0.00255874
0.00252986
0.00222261
0.00417042
0.00966349
0.0227099
0.0469805
0.0760429
0.0976612
0.110491
0.111651
0.103618
0.0930587
0.086633
0.0955224
0.122404
0.163207
0.205836
0.229641
0.199605
0.0517707
0.00404337
0.00246362
0.00494623
0.0115873
0.0265962
0.0526467
0.0817931
0.101789
0.112473
0.115023
0.111229
0.103296
0.0973214
0.102743
0.125393
0.163519
0.208262
0.238733
0.221161
0.0709328
0.0050173
0.00280996
0.0060052
0.0141923
0.031638
0.0594981
0.0884509
0.107615
0.116974
0.118688
0.115743
0.110782
0.107085
0.112761
0.132031
0.166112
0.210306
0.245023
0.235936
0.0904536
0.00626996
0.00330571
0.00748838
0.0178116
0.0383774
0.0680834
0.0965011
0.114444
0.12256
0.123859
0.121295
0.117023
0.114003
0.118957
0.135385
0.167366
0.211705
0.250022
0.247429
0.10772
0.0078028
0.00401692
0.00961254
0.0229397
0.047524
0.0790937
0.106664
0.123254
0.129591
0.129968
0.127229
0.122767
0.119391
0.122675
0.137341
0.168164
0.212961
0.253847
0.256082
0.122537
0.00963167
0.00503988
0.0126927
0.0302646
0.059977
0.0935747
0.11968
0.134939
0.138976
0.137948
0.134349
0.129192
0.124696
0.125449
0.138776
0.168913
0.214216
0.256841
0.262411
0.135174
0.0118208
0.00651667
0.017181
0.0406245
0.0763376
0.111727
0.136264
0.149726
0.151667
0.148903
0.143802
0.137137
0.13047
0.128428
0.140416
0.170138
0.2158
0.259073
0.265912
0.145774
0.0144669
0.00865503
0.0236704
0.0547917
0.0967343
0.133741
0.156981
0.168365
0.168259
0.163366
0.156008
0.146888
0.137581
0.133394
0.142953
0.171938
0.217702
0.259746
0.267656
0.154388
0.0176621
0.0117415
0.0328838
0.0731779
0.120902
0.158786
0.181017
0.190336
0.188105
0.180696
0.170298
0.157847
0.146067
0.139511
0.147731
0.176002
0.220554
0.259853
0.266908
0.161415
0.0213642
0.0161628
0.0454399
0.0950855
0.146912
0.18482
0.205632
0.213288
0.208858
0.198839
0.185136
0.169413
0.154432
0.146317
0.153827
0.181871
0.224279
0.258929
0.262244
0.166696
0.0257377
0.0224226
0.0613284
0.118714
0.172467
0.209264
0.22837
0.233662
0.227241
0.215148
0.198409
0.179261
0.161737
0.152861
0.161121
0.189067
0.228013
0.257099
0.255878
0.170531
0.0311361
0.0309723
0.0795835
0.141928
0.195127
0.22966
0.246442
0.248973
0.241677
0.227009
0.207383
0.185704
0.167175
0.159135
0.169283
0.197051
0.231523
0.254518
0.248568
0.174508
0.0379775
0.0419627
0.0987746
0.162814
0.212553
0.243445
0.2577
0.258756
0.249271
0.232783
0.211774
0.189337
0.171544
0.165975
0.178353
0.205346
0.234463
0.251024
0.239864
0.177654
0.0468465
0.0552194
0.118318
0.180053
0.223436
0.248332
0.259788
0.261013
0.249218
0.23254
0.211139
0.190013
0.176675
0.173431
0.188444
0.213556
0.236102
0.246354
0.229672
0.176003
0.0589693
0.0710976
0.137857
0.192766
0.22743
0.24593
0.253692
0.252909
0.240906
0.225391
0.207204
0.191465
0.183302
0.183707
0.199452
0.220857
0.235826
0.240068
0.219525
0.171309
0.0768118
0.0898597
0.15559
0.200681
0.225309
0.237944
0.241409
0.239325
0.228092
0.217068
0.205559
0.197375
0.193413
0.197749
0.211347
0.226152
0.234696
0.231086
0.208897
0.167189
0.0983776
0.110086
0.167344
0.199271
0.218127
0.227181
0.229277
0.227209
0.220973
0.215724
0.210889
0.207748
0.207306
0.213688
0.222385
0.228696
0.230074
0.219224
0.197047
0.162844
0.113125
0.125491
0.161685
0.186708
0.203336
0.212767
0.21685
0.218026
0.21777
0.217635
0.217111
0.217442
0.219594
0.222746
0.224628
0.223528
0.215169
0.199872
0.17881
0.152671
0.119116
0.1073
0.128543
0.148213
0.164919
0.175661
0.181713
0.186508
0.19012
0.192759
0.194269
0.194971
0.195184
0.195269
0.191322
0.180258
0.165328
0.150166
0.134366
0.119516
0.102749
0.037102
0.0389582
0.041927
0.0444811
0.0466264
0.0483434
0.049419
0.0498459
0.0496532
0.0488602
0.0474982
0.045579
0.0430993
0.0399791
0.036209
0.0323354
0.0286131
0.0251401
0.0220586
0.0194529
0.0183998
0.0801518
0.0826326
0.0593988
0.0373417
0.0257265
0.0185363
0.013924
0.0108222
0.00861264
0.00702478
0.00585189
0.00495527
0.00425525
0.00370465
0.00327275
0.00294189
0.00269845
0.00253156
0.00243172
0.0190675
0.0639276
0.0548111
0.0301957
0.019393
0.0133686
0.0098267
0.00762649
0.00616864
0.00515177
0.00440612
0.00384249
0.00341103
0.00308212
0.00283741
0.00266421
0.00255139
0.00248803
0.00246162
0.00245904
0.0195877
0.0493925
0.0319458
0.0191285
0.0124231
0.00879573
0.00671734
0.00542804
0.00456231
0.0039475
0.00349638
0.00316201
0.00291685
0.00274297
0.00262661
0.00255528
0.00251673
0.00249933
0.00249315
0.00249092
0.0199093
0.0395698
0.0229002
0.0136076
0.00897869
0.00661426
0.00526664
0.00440741
0.00381643
0.00339406
0.00308911
0.00287196
0.00272235
0.00262406
0.00256287
0.00252661
0.00250564
0.00249312
0.00248456
0.00247711
0.0196198
0.0315959
0.0172412
0.0102053
0.0070394
0.00544597
0.00448382
0.00383999
0.00338892
0.00307162
0.00285313
0.0027076
0.0026139
0.00255502
0.00251825
0.00249498
0.00247973
0.00246903
0.00246055
0.00245243
0.0184981
0.0237365
0.0132217
0.00813856
0.00597645
0.00476829
0.0039839
0.00344776
0.00308377
0.00284466
0.00269302
0.00259891
0.00254048
0.00250343
0.00247922
0.00246293
0.00245158
0.00244302
0.00243553
0.00242744
0.0168515
0.0189283
0.0106254
0.0069928
0.00531167
0.00427222
0.00358213
0.00313223
0.00285218
0.00268476
0.00258591
0.00252621
0.00248848
0.00246356
0.00244658
0.00243475
0.00242611
0.002419
0.00241193
0.00240336
0.0147386
0.0153879
0.00890364
0.00623869
0.00478181
0.0038405
0.00324357
0.00288954
0.00269068
0.0025802
0.00251625
0.00247659
0.00245042
0.00243246
0.00241983
0.00241064
0.00240346
0.00239685
0.00238951
0.00238005
0.0124142
0.0127954
0.00775729
0.00563682
0.00431085
0.00346787
0.00297944
0.00272041
0.00258633
0.0025132
0.00246946
0.00244105
0.00242156
0.00240765
0.00239741
0.00238949
0.0023828
0.002376
0.00236805
0.00235768
0.0106659
0.0108942
0.00700935
0.00512369
0.00389863
0.00316814
0.0027915
0.00261078
0.00251981
0.00246848
0.00243627
0.00241445
0.00239878
0.00238702
0.00237787
0.00237033
0.00236354
0.0023562
0.00234773
0.00233678
0.0101308
0.00948559
0.00641088
0.00467508
0.00355074
0.00294296
0.00266649
0.00254072
0.00247552
0.00243691
0.0024116
0.00239356
0.00237991
0.00236913
0.00236027
0.00235262
0.00234544
0.00233754
0.00232892
0.00231793
0.0102219
0.00839965
0.00590398
0.00428627
0.00326878
0.00278463
0.00258572
0.00249424
0.00244442
0.00241361
0.00239233
0.00237634
0.0023636
0.00235308
0.00234412
0.00233615
0.00232851
0.00232028
0.00231196
0.00230167
0.0102728
0.00752572
0.00548692
0.0039497
0.00305149
0.00267881
0.00253251
0.0024618
0.00242166
0.00239558
0.00237657
0.00236153
0.00234907
0.00233846
0.00232921
0.00232087
0.00231284
0.00230461
0.00229696
0.00228821
0.0102366
0.00707665
0.00516168
0.00366269
0.00289297
0.00260907
0.0024958
0.0024383
0.00240432
0.00238103
0.00236315
0.00234845
0.00233594
0.00232507
0.00231547
0.00230678
0.00229854
0.00229058
0.00228377
0.00227742
0.0101096
0.00679635
0.00486579
0.00342014
0.00278309
0.00256189
0.00246954
0.00242071
0.00239061
0.00236886
0.00235148
0.0023368
0.00232406
0.00231285
0.00230288
0.00229387
0.00228557
0.00227803
0.00227206
0.00226859
0.00989121
0.00655034
0.00458181
0.00322292
0.00270924
0.00252882
0.00245045
0.00240723
0.0023794
0.00235848
0.0023413
0.00232647
0.0023134
0.0023018
0.00229142
0.0022821
0.00227378
0.00226665
0.00226145
0.00225948
0.00958067
0.00630125
0.00430252
0.00307146
0.00265886
0.00250527
0.00243644
0.00239663
0.00237008
0.0023496
0.00233249
0.00231753
0.00230417
0.00229213
0.00228129
0.00227158
0.00226303
0.00225585
0.00225062
0.00224837
0.0091755
0.00606138
0.00403343
0.00296153
0.00262245
0.00248843
0.00242649
0.00238874
0.00236266
0.00234231
0.00232514
0.00230997
0.00229626
0.00228376
0.00227238
0.00226211
0.00225299
0.00224523
0.0022392
0.00223554
0.00867408
0.00580003
0.00377081
0.00288421
0.0025958
0.00247878
0.002419
0.0023823
0.0023566
0.00233638
0.0023192
0.00230389
0.00228989
0.00227696
0.00226501
0.00225401
0.00224403
0.0022352
0.00222775
0.00222208
0.00839018
0.00550942
0.00351732
0.00282905
0.00258172
0.00247158
0.0024134
0.0023774
0.00235197
0.00233191
0.00231481
0.0022995
0.00228538
0.00227219
0.00225979
0.00224814
0.00223723
0.00222712
0.00221792
0.00220983
0.00822239
0.00725203
0.00759349
0.00788021
0.00811853
0.0083005
0.0084293
0.00850162
0.00850885
0.00840508
0.0081633
0.00796126
0.00777447
0.00758131
0.00736131
0.00710425
0.00679793
0.00644334
0.00601184
0.0063681
0.00392249
0.00394411
0.00394217
0.00394368
0.0039731
0.00401713
0.00408647
0.00418411
0.00431495
0.0044128
0.00444989
0.00446782
0.00457222
0.00470496
0.00482522
0.00492989
0.00497659
0.00497733
0.00487898
0.00477798
0.00277362
0.00283787
0.00289619
0.00294869
0.00299584
0.00304357
0.00309849
0.00316711
0.00325365
0.00333279
0.00338574
0.00340458
0.00346841
0.00354006
0.00359054
0.00361786
0.00360911
0.00355174
0.00344944
0.00329946
0.00244352
0.00247264
0.00250644
0.0025386
0.00257236
0.00260866
0.00265009
0.00269975
0.00275946
0.0028179
0.00286345
0.00288405
0.00292155
0.00296048
0.00298135
0.00298352
0.00296386
0.00292217
0.00286004
0.00279018
0.00234748
0.00236207
0.00237793
0.00239559
0.00241577
0.00243888
0.00246618
0.00249938
0.00253892
0.00257942
0.00261473
0.00263242
0.00265564
0.0026781
0.00268785
0.00268475
0.00266917
0.00264269
0.00260805
0.00257132
0.0023216
0.00232947
0.00233801
0.00234764
0.00235943
0.00237368
0.00239136
0.00241351
0.00243984
0.00246697
0.00249043
0.00250392
0.00251872
0.00253212
0.00253691
0.00253322
0.00252231
0.00250599
0.00248635
0.00246676
0.00232243
0.00232799
0.00233317
0.00233873
0.00234559
0.00235425
0.00236547
0.00238001
0.00239738
0.00241477
0.00242726
0.00243591
0.00244468
0.00245221
0.00245414
0.00245065
0.00244292
0.00243246
0.00242077
0.00240969
0.00233453
0.00233986
0.00234377
0.00234723
0.00235119
0.00235622
0.00236302
0.00237215
0.00238303
0.00239279
0.00239538
0.00239884
0.00240252
0.00240555
0.00240522
0.00240158
0.00239556
0.0023883
0.00238078
0.00237405
0.00235203
0.00235823
0.00236197
0.00236447
0.0023667
0.00236926
0.00237284
0.00237786
0.00238363
0.00238683
0.00238042
0.00237848
0.00237743
0.00237651
0.00237395
0.00236969
0.00236436
0.00235868
0.00235329
0.00234882
0.00237214
0.00237995
0.00238422
0.00238649
0.00238772
0.00238856
0.00238964
0.0023913
0.00239267
0.00238983
0.00237511
0.00236758
0.00236189
0.00235721
0.00235234
0.00234705
0.00234168
0.00233663
0.00233225
0.00232896
0.00239334
0.00240337
0.00240874
0.00241131
0.00241209
0.00241171
0.00241075
0.00240948
0.00240675
0.00239805
0.00237557
0.00236232
0.00235195
0.00234354
0.00233622
0.00232961
0.00232377
0.00231878
0.00231479
0.00231209
0.00241467
0.00242751
0.00243449
0.00243786
0.00243863
0.00243741
0.00243473
0.00243072
0.00242398
0.00240945
0.00237967
0.00236059
0.00234547
0.00233329
0.0023234
0.00231527
0.00230867
0.0023034
0.00229942
0.00229699
0.00243546
0.00245177
0.00246089
0.00246552
0.00246667
0.00246493
0.00246073
0.00245404
0.00244322
0.00242283
0.00238621
0.00236123
0.00234124
0.00232524
0.00231269
0.00230289
0.00229535
0.00228958
0.00228539
0.00228305
0.00245527
0.00247573
0.00248754
0.00249389
0.0024958
0.00249379
0.00248821
0.00247883
0.00246377
0.00243752
0.00239446
0.00236357
0.00233864
0.00231876
0.00230346
0.00229189
0.00228329
0.00227688
0.0022723
0.00226995
0.0024739
0.00249911
0.0025142
0.00252273
0.00252573
0.00252369
0.00251682
0.00250464
0.00248517
0.00245312
0.00240402
0.00236724
0.00233732
0.0023135
0.00229538
0.00228198
0.00227222
0.00226506
0.00225996
0.00225752
0.00249134
0.00252172
0.00254066
0.00255183
0.00255625
0.00255437
0.00254623
0.00253113
0.00250711
0.0024694
0.00241464
0.00237206
0.00233715
0.00230934
0.00228835
0.00227302
0.00226203
0.00225403
0.00224828
0.00224567
0.00250781
0.0025434
0.00256671
0.00258097
0.00258713
0.00258557
0.00257619
0.00255807
0.00252943
0.00248628
0.00242619
0.00237798
0.0023381
0.00230628
0.00228234
0.00226501
0.0022527
0.00224378
0.00223722
0.00223434
0.00252363
0.00256417
0.00259218
0.00260994
0.00261815
0.00261708
0.00260645
0.00258523
0.00255203
0.00250371
0.00243864
0.00238506
0.00234027
0.0023044
0.00227741
0.00225796
0.00224426
0.00223432
0.00222678
0.00222349
0.00253909
0.00258424
0.00261699
0.00263856
0.00264909
0.00264866
0.0026368
0.00261251
0.00257488
0.00252169
0.00245203
0.00239338
0.00234376
0.00230381
0.00227364
0.00225195
0.00223677
0.00222571
0.002217
0.0022131
0.0025543
0.00260402
0.00264128
0.00266672
0.00267976
0.00268011
0.00266709
0.00263982
0.00259801
0.00254022
0.00246646
0.0024031
0.00234873
0.00230463
0.00227115
0.00224708
0.00223032
0.00221807
0.00220797
0.00220313
0.00184491
0.00186618
0.00192333
0.00203412
0.00222196
0.00251772
0.00296441
0.0036252
0.00459517
0.00601722
0.0081014
0.0111563
0.0157235
0.0222272
0.0306209
0.040737
0.0515205
0.0602022
0.0550477
0.0235389
0.0019894
0.00198511
0.00197144
0.0019497
0.0019265
0.00191542
0.00193752
0.0020205
0.00219871
0.00251604
0.00303375
0.00384327
0.00509331
0.00705295
0.0102893
0.0153762
0.0227798
0.0313812
0.0396337
0.021878
0.00200606
0.00202714
0.00204898
0.00207013
0.00208857
0.00210159
0.00210683
0.00210499
0.00210451
0.00212639
0.0022063
0.00239398
0.00275794
0.0034063
0.00454605
0.0066752
0.010701
0.0181099
0.027472
0.0193536
0.00199091
0.00200571
0.00202306
0.00204296
0.00206565
0.0020912
0.00211952
0.00215023
0.00218285
0.00221829
0.00226326
0.00233783
0.00248309
0.00276671
0.00330099
0.00431734
0.00642906
0.0112176
0.0201801
0.01556
0.00200099
0.00200944
0.00201992
0.00203262
0.00204775
0.00206566
0.00208689
0.00211221
0.00214266
0.00217986
0.00222733
0.00229479
0.00240741
0.00261635
0.00300273
0.00369145
0.00496776
0.00790861
0.0142303
0.0114166
0.00202872
0.00203334
0.00203897
0.0020465
0.0020559
0.00206748
0.00208172
0.00209939
0.00212156
0.0021499
0.00218717
0.00223933
0.00232288
0.00248091
0.00279722
0.0033902
0.00441202
0.00628023
0.0107473
0.00873934
0.00206714
0.0020703
0.00207242
0.00207639
0.00208161
0.00208828
0.00209687
0.00210808
0.00212287
0.00214273
0.00217011
0.00220929
0.00227025
0.00238327
0.00262707
0.00313947
0.00405994
0.00554762
0.00871084
0.00851635
0.00211339
0.00211669
0.00211607
0.00211741
0.00211968
0.00212258
0.00212647
0.00213208
0.00214026
0.00215225
0.00217019
0.00219767
0.00224161
0.00232151
0.00249608
0.00291783
0.00375433
0.00508642
0.00735965
0.00872657
0.00216863
0.00217028
0.00216825
0.00216731
0.00216721
0.00216719
0.00216722
0.00216803
0.00217037
0.00217522
0.00218427
0.00220044
0.00222898
0.00228463
0.00240064
0.00272413
0.00347193
0.00470432
0.00640899
0.00877937
0.00223486
0.00223111
0.00222832
0.00222564
0.00222306
0.00222027
0.00221701
0.00221368
0.00221097
0.00220964
0.00221091
0.00221705
0.00223154
0.00226667
0.00233586
0.00256416
0.00319593
0.0044015
0.00582069
0.00864036
0.00230763
0.00230182
0.0022971
0.00229212
0.00228666
0.00228056
0.00227375
0.00226652
0.00225933
0.00225278
0.00224771
0.00224567
0.00224876
0.00226623
0.00230084
0.00244593
0.00291408
0.00409612
0.00560361
0.00829113
0.00238973
0.00238225
0.00237456
0.00236601
0.00235661
0.0023464
0.00233544
0.00232397
0.00231231
0.00230089
0.00229033
0.0022817
0.00227661
0.00227967
0.00229418
0.00238332
0.00266292
0.00373843
0.00542935
0.00772886
0.00247968
0.00246731
0.0024546
0.00244138
0.00242762
0.00241321
0.00239812
0.00238244
0.00236631
0.00235001
0.00233406
0.00231933
0.00230726
0.00230089
0.0023055
0.00235179
0.00252576
0.00325732
0.00524732
0.00729725
)
;

boundaryField
{
    inlet
    {
        type            calculated;
        value           uniform 0.0033541;
    }
    outlet
    {
        type            calculated;
        value           nonuniform List<scalar> 
41
(
0.00417018
0.00273434
0.0024312
0.0024788
0.002524
0.00249049
0.00248076
0.00263901
0.00309139
0.00396331
0.00541241
0.00765545
0.0110114
0.0159983
0.0234463
0.0341309
0.0466345
0.053777
0.0478075
0.0332069
0.0221351
0.0150136
0.011106
0.00903336
0.00776321
0.00677602
0.00585143
0.00494218
0.00409837
0.00338978
0.00286828
0.00255645
0.00243778
0.00246218
0.0025704
0.00267067
0.00266703
0.00253967
0.00243096
0.00271975
0.00422304
)
;
    }
    dymWall
    {
        type            nutkWallFunction;
        Cmu             0.09;
        kappa           0.41;
        E               9.8;
        value           nonuniform List<scalar> 
73
(
0.00140424
0.00144971
0.00148495
0.0015041
0.00147663
0.00139232
0.00127151
0.00111841
0.00095666
0.000844884
0.000817103
0.000824934
0.000828613
0.000825806
0.000816285
0.000799968
0.000776763
0.000746442
0.000708805
0.000687418
0.00271233
0.00283861
0.00303941
0.00321147
0.00335554
0.00347023
0.00354178
0.00356984
0.00355643
0.00350283
0.00341085
0.0032813
0.00311339
0.00290112
0.00264272
0.0023783
0.0021209
0.00187854
0.00166192
0.00147866
0.00177899
0.00165917
0.00146907
0.00119232
0.000891107
0.000705816
0.000696472
0.000711953
0.000715476
0.000704686
0.000678229
0.000635722
0.000602978
0.000672853
0.000599585
0.000625552
0.00064734
0.000665453
0.000679314
0.00068919
0.000694824
0.000695514
0.000687569
0.000669356
0.000654069
0.000639949
0.000625365
0.000608752
0.000589306
0.000566066
0.00053905
0.000505963
0.000533562
)
;
    }
    AMI1
    {
        type            cyclicAMI;
        value           nonuniform List<scalar> 
73
(
0.00215362
0.00394021
0.00912187
0.0215675
0.0448581
0.0731564
0.0954351
0.108194
0.107812
0.0982635
0.0865164
0.081039
0.0932306
0.122423
0.163715
0.204297
0.223035
0.186926
0.0481041
0.00415729
0.00242612
0.00246328
0.00249126
0.00247666
0.00245228
0.0024274
0.00240299
0.00237893
0.00235541
0.00233313
0.00231329
0.00229745
0.0022862
0.00227827
0.00227114
0.0022622
0.00225004
0.00223559
0.00222075
0.00220734
0.00256083
0.00261265
0.00265205
0.00267949
0.00269407
0.00269521
0.00268204
0.00265368
0.00261011
0.00255029
0.00247469
0.00240903
0.00235225
0.00230603
0.00227089
0.00224568
0.0022282
0.00221547
0.00220485
0.00219965
0.00184487
0.00198647
0.00199773
0.00198539
0.00199777
0.00202791
0.00207012
0.0021221
0.00218167
0.00224662
0.00231598
0.00239606
0.00248662
)
;
    }
    AMI2
    {
        type            cyclicAMI;
        value           nonuniform List<scalar> 
162
(
0.00212729
0.00216904
0.00374772
0.00401262
0.00833498
0.00928625
0.0188924
0.0218724
0.0377439
0.0453774
0.0607433
0.0733542
0.0825123
0.0949825
0.0998603
0.108305
0.108852
0.108613
0.10622
0.0995552
0.0957111
0.0874621
0.0846365
0.0804269
0.0820438
0.0907168
0.0977702
0.118759
0.129008
0.159699
0.170812
0.201644
0.208944
0.223769
0.220977
0.191221
0.173646
0.049045
0.0410763
0.00384963
0.0036058
0.00241994
0.00241527
0.00246577
0.00246789
0.0024931
0.00248912
0.00247773
0.00247155
0.00245319
0.00244658
0.00242842
0.00242167
0.00240423
0.00239733
0.00238042
0.00237335
0.00235715
0.00234991
0.00233495
0.00232779
0.00231485
0.00230848
0.00229844
0.00229366
0.00228671
0.00228349
0.00227867
0.002276
0.00227168
0.00226837
0.00226298
0.0022584
0.00225109
0.00224587
0.00223688
0.0022322
0.00222218
0.00221854
0.00220863
0.00220604
0.00255572
0.00256712
0.00260691
0.00261659
0.00264433
0.00265451
0.00267226
0.00268085
0.00268988
0.00269475
0.002696
0.00269556
0.0026893
0.00268232
0.00266863
0.00265412
0.00263337
0.00261089
0.00258372
0.00255277
0.0025161
0.00247586
0.0024464
0.00241078
0.00238589
0.00235403
0.00233435
0.00230765
0.00229322
0.00227225
0.00226233
0.00224675
0.00224028
0.00222905
0.00222481
0.00221624
0.00221314
0.00220559
0.00220339
0.00219941
0.00219983
0.0018411
0.001842
0.0018491
0.00197974
0.00198752
0.0019882
0.00199795
0.00199847
0.0019969
0.00198592
0.00198454
0.00198579
0.00199256
0.00199598
0.00199971
0.00201606
0.00202514
0.002031
0.00205101
0.00206579
0.00207421
0.00209575
0.00211592
0.00212685
0.00214866
0.00217335
0.00218694
0.00220841
0.00223742
0.0022509
0.00227212
0.00230643
0.00231911
0.00234048
0.0023845
0.0023988
0.00242043
0.00247568
0.00248879
0.00250277
)
;
    }
    walls
    {
        type            nutkWallFunction;
        Cmu             0.09;
        kappa           0.41;
        E               9.8;
        value           nonuniform List<scalar> 
80
(
0.000763619
0.000790745
0.000811432
0.000828502
0.000841783
0.000850199
0.0008517
0.000844823
0.000829492
0.000807603
0.000780913
0.000751159
0.000719401
0.000686328
0.000652373
0.000617795
0.000582997
0.000548057
0.000512992
0.000478148
0.000443454
0.000409495
0.000376518
0.000345479
0.000317349
0.00029278
0.000272715
0.00025801
0.000249923
0.000249519
0.000257831
0.00027583
0.000304353
0.000344066
0.000395439
0.000458752
0.000534067
0.000621195
0.000719661
0.000828689
0.000731434
0.000746679
0.000756085
0.000764014
0.000772322
0.000781139
0.00078881
0.000792754
0.000790503
0.000780765
0.000763835
0.000741155
0.000714372
0.000684788
0.000653297
0.000620547
0.000586908
0.000552579
0.000517873
0.00048312
0.000448708
0.000415166
0.000382975
0.000352674
0.000324872
0.000300302
0.000279786
0.000264294
0.00025528
0.000253908
0.00026128
0.000278427
0.00030624
0.000345435
0.000396531
0.00045983
0.00053538
0.000622927
0.000721904
0.000831415
)
;
    }
    front
    {
        type            empty;
    }
    back
    {
        type            empty;
    }
}


// ************************************************************************* //
