/*--------------------------------*- C++ -*----------------------------------*\
  =========                 |
  \\      /  F ield         | OpenFOAM: The Open Source CFD Toolbox
   \\    /   O peration     | Website:  https://openfoam.org
    \\  /    A nd           | Version:  6
     \\/     M anipulation  |
\*---------------------------------------------------------------------------*/
FoamFile
{
    version     2.0;
    format      ascii;
    class       volScalarField;
    location    "4.21";
    object      T;
}
// * * * * * * * * * * * * * * * * * * * * * * * * * * * * * * * * * * * * * //

dimensions      [0 0 0 1 0 0 0];

internalField   nonuniform List<scalar> 
10000
(
1
1
1
1
1
1
1
1
1
1
1
1
1
1
1
1
1
1
1
1
1
1
1
1
1
1
1
1
1
1
1
1
1
1
1
1
1
1
1
1
1
1
1
1
1
1
1
1
1
1
1
1
1
1
1
1
1
1
1
1
1
1
1
1
1
1
1
1
1
1
1
1
1
1
1
1
1
1
1
1
1
1
1
1
1
1
1
1
1
1
1
1
1
1
1
1
1
1
1
1
1
1
1
1
1
1
1
1
1
1
1
1
1
1
1
1
1
1
1
1
1
1
1
1
1
1
1
1
1
1
1
1
1
1
1
1
1
1
1
1
1
1
1
1
1
1
1
1
1
1
1
1
1
1
1
1
1
1
1
1
1
1
1
1
1
1
1
1
1
1
1
1
1
1
1
1
1
1
1
1
1
1
1
1
1
1
1
1
1
1
1
1
1
1
1
1
1
1
1
1
1
1
1
1
1
1
1
1
1
1
1
1
1
1
1
1
1
1
1
1
1
1
1
1
1
1
1
1
1
1
1
1
1
1
1
1
1
1
1
1
1
1
1
1
1
1
1
1
1
1
1
1
1
1
1
1
1
1
1
1
1
1
1
1
1
1
1
1
1
1
1
1
1
1
1
1
1
1
1
1
1
1
1
1
1
1
1
1
1
1
1
1
1
1
1
1
1
1
1
1
1
1
1
1
1
1
1
1
1
1
1
1
1
1
1
1
1
1
1
1
1
1
1
1
1
1
1
1
1
1
1
1
1
1
1
1
1
1
1
1
1
1
1
1
1
1
1
1
1
1
1
1
1
1
1
1
1
1
1
1
1
1
1
1
1
1
1
1
1
1
1
1
1
1
1
1
1
1
1
1
1
1
1
1
1
1
1
1
1
1
1
1
1
1
1
1
1
1
1
1
1
1
1
1
1
1
1
1
1
1
1
1
1
1
1
1
1
1
1
1
1
1
1
1
1
1
1
1
1
1
1
1
1
1
1
1
1
1
1
1
1
1
1
1
1
1
1
1
1
1
1
1
1
1
1
1
1
1
1
1
1
1
1
1
1
1
1
1
1
1
1
1
1
1
1
1
1
1
1
1
1
1
1
1
1
1
1
1
1
1
1
1
1
1
1
1
1
1
1
1
1
1
1
1
1
1
1
1
1
1
1
1
1
1
1
1
1
1
1
1
1
1
1
1
1
1
1
1
1
1
1
1
1
1
1
1
1
1
1
1
1
1
1
1
1
1
1
1
1
1
1
1
1
1
1
1
1
1
1
1
1
1
1
1
1
1
1
1
1
1
1
1
1
1
1
1
1
1
1
1
1
1
1
1
1
1
1
1
1
1
1
1
1
1
1
1
1
1
1
1
1
1
1
1
1
1
1
1
1
1
1
1
1
1
1
1
1
1
1
1
1
1
1
1
1
1
1
1
1
1
1
1
1
1
1
1
1
1
1
1
1
1
1
1
1
1
1
1
1
1
1
1
1
1
1
1
1
1
1
1
1
1
1
1
1
1
1
1
1
1
1
1
1
1
1
1
1
1
1
1
1
1
1
1
1
1
1
1
1
1
1
1
1
1
1
1
1
1
1
1
1
1
1
1
1
1
1
1
1
1
1
1
1
1
1
1
1
1
1
1
1
1
1
1
1
1
1
1
1
1
1
1
1
1
1
1
1
1
1
1
1
1
1
1
1
1
1
1
1
1
1
1
1
1
1
1
1
1
1
1
1.00001
1.00001
1.00001
1.00001
1.00001
1.00001
1.00001
1
1
1
1
1
1
1
1
1
1
1
1
1
1
1
1
1
1
1
1
1
1
1
1
1
1
1
1
1
1
1
1
1
1
1
1
1
1
1
1
1
1
1
1
1
1
1
1
1
1
1
1
1
1
1
1
1
1
1
1
1
1
1
1
1
1
1
1
1
1
1
1
1
1
1
1
1
1
1
1
1
1
1
1
1
1
1
1
1
1
1.00001
1.00001
1.00001
1.00001
1.00001
1.00001
1.00001
1.00001
1.00001
1.00001
1.00001
1.00001
1
1
1
1
1
1
1
1
1
1
1
1
1
1
1
1
1
1
1
1
1
1
1
1
1
1
1
1
1
1
1
1
1
1
1
1
1
1
1
1
1
1
1
1
1
1
1
1
1
1
0.999999
1
0.999999
1
1
1
1
0.999999
1
1
1
1
1
1
1
1
1
1
1
1
1
1
1
1
1
1
1
1
1
1
1
1
1
1
1
1
1.00001
1.00001
1.00001
1.00001
1.00001
1.00001
1.00001
1.00001
1.00001
1.00001
1.00001
1.00001
1.00001
1.00001
1.00001
1.00001
1
1
1
1
1
1
1
1
0.999999
1
1
0.999999
1
1
1
1
1
1
1
1
1
1
1
1
1
1
1
1
1
1
1
1
1
1
1
1
1
1
1
1
1
1
1
1
1
1
1
1
0.999999
1
0.999999
1
1
1
1
0.999999
1
1
0.999999
1
1
1
1
1
1
1
1
1
1
1
1
1
1
1
1
1
1
1
1
1
1
1
1.00001
1.00001
1.00001
1.00001
1.00001
1.00001
1.00001
1.00001
1.00001
1.00001
1.00001
1.00001
1.00001
1.00001
1.00001
1.00001
1.00001
1.00001
1.00001
1
1
1
1
1
1
0.999998
1
1
0.999997
1
1
0.999999
1
1
1
1
1
1
1
1
1
1
1
1
1
1
1
1
1
1
1
1
1
1
1
1
1
1
1
1
1
1
1
0.999999
1
0.999999
1
0.999998
1
0.999999
1
1
0.999999
1
1
1
1
1
1
1
1
1
1
1
1
1
1
1
1
1
1
1
1
1
1
1
1
1
1
1.00001
1.00001
1.00001
1.00001
1.00001
1.00001
1.00001
1.00002
1.00002
1.00002
1.00002
1.00002
1.00001
1.00001
1.00001
1.00001
1.00001
1.00001
1
1.00001
1
1
1
1.00001
0.999999
1
1.00001
0.999999
1
1
0.999998
1
1
1
1
1
1
1
1
1
1
1
1
1
1
1
1
1
1
1
1
1
1
1
1
1
1
1
1
1
1
1
0.999999
1
0.999998
1
0.999997
1
0.999997
1
0.999998
1
1
0.999998
1
0.999999
1
1
1
1
1
1
1
1
1
1
1
1
1
1
1
1
1
1
1
1
1
1
1
1.00001
1.00001
1.00001
1.00001
1.00001
1.00002
1.00002
1.00002
1.00002
1.00002
1.00002
1.00002
1.00002
1.00002
1.00002
1.00001
1
1.00001
1.00002
1.00001
1
1
1.00001
1
1
1
1
1
1
0.999999
1
0.999997
1
1
0.999997
1
0.999999
1
1
1
1
1
1
1
1
1
1
1
1
1
1
1
1
1
1
1
1
1
1
1
1
1
1
0.999999
1
0.999999
1
1
0.999998
1
0.999998
1
1
1
1
1
1
0.999999
1
0.999999
1
1
1
1
1
1
1
1
1
1
1
1
1
1
1
1
1
1
1
1.00001
1.00001
1.00001
1.00001
1.00002
1.00002
1.00002
1.00002
1.00002
1.00002
1.00002
1.00002
1.00002
1.00002
1.00002
1.00002
1.00003
1.00003
1.00001
0.999996
1.00001
1.00002
1.00001
1
1
1
1.00001
1
0.999994
1.00001
1
0.999988
1.00001
0.999995
0.999998
1.00001
0.999996
1
0.999999
1
1
1
1
1
1
1
1
1
1
1
1
1
1
1
1
1
1
1
1
1
1
0.999999
1
0.999998
1
0.999997
1
0.999996
1
0.999994
1.00001
0.999995
1
1
0.999997
1
0.999999
1
1
1
0.999999
1
1
1
1
1
1
1
1
1
1
1
1
1
1
1
1
1
1
1.00001
1.00001
1.00001
1.00001
1.00002
1.00002
1.00002
1.00002
1.00002
1.00003
1.00003
1.00003
1.00003
1.00003
1.00003
1.00004
1.00003
1.00001
1.00002
1.00004
1.00002
0.999996
1
1.00001
1.00001
1.00001
1.00001
0.99999
1
1.00001
0.999989
1.00001
1.00001
0.999988
1.00001
0.999992
1
1
0.999998
1
1
1
1
1
1
1
1
1
1
1
1
1
1
1
1
1
1
1
1
1
0.999999
1
0.999998
1
0.999994
1.00001
0.999993
1.00001
0.999998
1
1
0.999999
1
0.999999
1
0.999997
1
0.999999
0.999999
1
1
0.999999
1
1
0.999999
1
1
1
1
1
1
1
1
1
1
1
1
1
1
1
1.00001
1.00001
1.00001
1.00002
1.00002
1.00002
1.00003
1.00003
1.00003
1.00003
1.00003
1.00003
1.00003
1.00002
1.00001
1.00001
1.00002
1.00002
0.999996
1
1.00004
1.00004
0.999999
0.999997
1.00001
1.00001
1.00001
1.00001
0.999994
1
1.00001
0.999987
1.00002
0.999987
0.999996
1.00002
0.999983
1.00001
0.999996
1
1
1
1
1
1
1
1
1
1
1
1
1
1
1
1
1
1
1
1
1
0.999999
1
0.999998
1
0.999999
0.999999
1
0.999995
1.00001
0.999991
1.00001
0.99999
1.00001
0.999998
0.999998
1
0.999998
1
0.999998
1
0.999999
0.999999
1
1
0.999999
1
1
1
1
1
1
1
1
1
1
1
1
1
1
1.00001
1.00001
1.00001
1.00002
1.00002
1.00002
1.00003
1.00003
1.00003
1.00003
1.00003
1.00003
1.00003
1.00004
1.00004
1.00005
1.00004
1.00002
1.00003
1.00005
1
0.999975
1.00002
1.00005
1.00002
0.999992
0.999994
1
1.00002
1.00001
0.999977
1.00002
1.00001
0.999964
1.00005
0.99997
1
1.00002
0.999983
1.00001
0.999995
1
1
1
1
1
1
1
1
1
1
1
1
1
1
1
1
1
1
1
1
1
0.999998
1.00001
0.99999
1.00001
0.999984
1.00001
0.99999
1
0.999999
1
0.999999
1
1
0.999994
1.00001
0.999995
1
1
0.999999
1
0.999999
1
0.999999
1
1
1
1
1
1
1
1
1
1
1
1
1
1
1
1.00001
1.00001
1.00002
1.00002
1.00002
1.00003
1.00003
1.00003
1.00003
1.00003
1.00003
1.00003
1.00003
1.00003
1.00003
1.00004
1.00008
1.00009
1.00006
1.00005
1.00006
1.00001
0.999961
1
1.00004
1.00003
1.00001
1
0.999971
1.00002
1.00003
0.999967
1.00003
0.999993
0.999973
1.00005
0.999957
1.00002
0.999997
0.999996
1
0.999998
1
1
1
1
1
1
1
1
1
1
1
1
1
1
1
1
1
1
0.999999
1
0.999995
1.00001
0.99999
1.00001
0.999993
1
1
0.999989
1.00002
0.999984
1.00001
0.999995
1
1
1
0.999998
0.999999
1
0.999996
1
1
1
0.999999
1
1
1
1
1
1
1
1
1
1
1
1
1
1
1.00001
1.00001
1.00002
1.00002
1.00002
1.00003
1.00003
1.00003
1.00003
1.00003
1.00003
1.00003
1.00003
1.00003
1.00002
1.00001
0.999972
0.999937
0.999955
1
1.00002
1.00005
1.00011
1.00005
0.999953
0.999968
1.00003
1.00004
1.00002
1.00001
0.999966
1.00002
1.00001
0.999956
1.00008
0.999934
1.00001
1.00004
0.999947
1.00004
0.999983
1
0.999999
1
1
1
1
1
1
1
1
1
1
1
1
1
1
1
1
1
1
0.999999
1
1
0.999993
1.00001
0.999979
1.00002
0.999979
1.00001
0.999995
1
0.999996
1.00001
0.999997
0.999996
1.00001
0.999993
1
0.999998
1
0.999996
1
1
0.999997
1
1
1
1
1
1
1
1
1
1
1
1
1
1
1
1.00001
1.00001
1.00002
1.00002
1.00003
1.00003
1.00003
1.00003
1.00002
1.00002
1.00002
1.00002
1.00002
1.00002
1.00003
1.00005
1.00007
1.00005
0.999985
0.999952
0.999975
0.999978
1.00002
1.00012
1.00011
0.999997
0.999947
0.999981
1.00001
1.00007
1.00003
0.999929
1.00005
1
0.99993
1.00012
0.999904
1.00004
1.00002
0.999969
1.00002
0.999988
1
0.999999
1
1
1
1
1
1
1
1
1
1
1
1
1
1
1
1
0.999999
1
0.999994
1.00001
0.999981
1.00002
0.999977
1.00002
0.999995
0.999993
1.00002
0.999979
1.00002
0.999994
0.999998
1
1
0.999992
1
1
0.999996
1
0.999999
1
0.999997
1
1
0.999999
1
1
1
0.999999
1
1
1
1
1
1
1
1
1.00001
1.00001
1.00002
1.00003
1.00003
1.00003
1.00002
1.00002
1.00002
1.00002
1.00002
1.00001
1.00001
1.00001
1.00001
1.00001
1.00006
1.00016
1.00024
1.00019
1.00007
0.999979
0.999889
0.999926
1.00009
1.00014
1.00007
0.999977
0.999981
0.999951
1.00004
1.00006
0.999932
1.00009
0.999928
0.999994
1.00009
0.999896
1.00007
0.99997
1
1
0.999997
1
1
1
1
1
1
1
1
1
1
1
1
1
1
1
1
1
0.999998
1
0.999997
1
1.00001
0.99998
1.00003
0.999969
1.00002
0.99999
1
0.999997
1.00001
0.999992
1
1.00001
0.999994
0.999999
1
1
0.99999
1.00001
1
0.999998
1
1
1
0.999998
1
1
1
0.999999
1
1
1
1
1
1
1
1.00001
1.00001
1.00002
1.00002
1.00003
1.00003
1.00002
1.00002
1.00002
1.00001
1.00001
1.00001
1
1
1
0.999996
0.999972
0.999909
0.999848
0.999897
1.00005
1.00015
1.00017
1.00012
0.999965
0.999875
0.999974
1.00008
1.0001
1.00004
0.999998
0.999922
1.00006
1.00002
0.999906
1.00019
0.999837
1.00006
1.00005
0.999914
1.00007
0.999962
1.00001
0.999997
1
1
1
1
1
1
1
1
1
1
1
1
1
1
1
1
1
1
0.999997
1.00001
0.99998
1.00003
0.999961
1.00004
0.999977
1
1.00001
0.999975
1.00002
0.99999
0.999996
1.00001
1
0.999991
1.00001
0.999998
1
0.999997
1
1
0.999993
1
1
1
0.999999
1
1
1
0.999998
1
1
1
1
1
1
1
1.00001
1.00001
1.00002
1.00003
1.00003
1.00003
1.00002
1.00002
1.00001
1.00001
1.00001
1
0.999994
0.999987
0.999978
0.999977
0.999995
1.00001
0.99995
0.999805
0.999753
0.99989
1.00006
1.00019
1.00022
1.00008
0.999942
0.999931
1.00001
1.00003
1.00008
1.00008
0.99989
1.00009
0.999971
0.99994
1.00015
0.999846
1.00009
0.999978
0.999983
1.00002
0.999985
1.00001
0.999998
1
1
1
1
1
1
1
1
1
1
1
1
1
1
1
0.999999
1
0.999996
1
1
0.999987
1.00003
0.999961
1.00003
0.999982
1
1
1
0.999988
1.00001
1.00001
0.99999
1
1.00001
0.999995
0.999993
1.00001
0.999996
1
0.999996
1
1
0.999996
1
1
0.999999
1
0.999997
1
1
1
1
1
1
1
1.00001
1.00001
1.00002
1.00003
1.00003
1.00002
1.00002
1.00001
1.00001
1.00001
1
0.999994
0.999986
0.99998
0.999975
0.999958
0.999941
0.999985
1.00012
1.00021
1.00011
0.99991
0.999828
0.99985
1
1.00017
1.00016
1.00006
0.999972
1
0.999966
1.00004
1.00006
0.99992
1.00018
0.999829
1.00006
1.00008
0.999861
1.00013
0.999928
1.00003
0.999995
1
1
1
1
1
1
1
1
1
1
1
1
1
1
1
1
1
1
0.999999
1
0.999985
1.00003
0.999953
1.00005
0.999952
1.00003
1
0.999975
1.00003
0.999978
1
1.00002
0.99999
0.999994
1.00001
0.999999
0.999995
0.999997
1.00001
0.999993
0.999997
1.00001
0.999999
1
0.999995
1
1
0.999997
1
0.999997
1
0.999998
1
1
1
1
1
1.00001
1.00002
1.00002
1.00003
1.00003
1.00002
1.00001
1.00001
1.00001
1.00001
1
0.999988
0.999973
0.999964
0.999974
1
1.00001
0.999945
0.99989
0.999971
1.0001
1.0001
1.00002
0.999974
0.999921
0.999929
1.00002
1.00009
1.00009
1.00006
1.00004
0.999918
1.00008
1.00001
0.999897
1.00021
0.999823
1.00009
1.00002
0.999934
1.00007
0.999958
1.00002
0.999994
1
1
1
1
1
1
1
1
1
1
1
1
1
1
1
1
1
0.999998
1
0.999998
0.999993
1.00002
0.99996
1.00004
0.999972
1
1.00001
0.999998
0.999986
1.00002
1
0.999982
1.00001
1.00001
0.999987
1
1.00001
1
0.999994
0.999998
1.00001
0.999995
0.999999
1
1
1
0.999995
1
0.999997
1
0.999996
1
0.999999
1
1
1
1.00001
1.00002
1.00002
1.00003
1.00003
1.00002
1.00001
1.00001
1.00001
1.00001
1
0.999979
0.999952
0.999927
0.999911
0.999933
1.00002
1.0001
1.00004
0.999884
0.999846
0.99995
1.00003
1.0001
1.00015
1.00006
0.999981
0.999978
1.00003
1.00002
1.00005
1.00011
0.999942
1.0001
0.999915
1.00003
1.00008
0.999871
1.00013
0.999922
1.00003
0.999999
0.999997
1
0.999999
1
1
1
1
1
1
1
1
1
1
1
1
1
1
1
0.999999
1
0.999989
1.00003
0.999953
1.00007
0.99993
1.00006
0.999972
0.999995
1.00003
0.999965
1.00002
1.00001
0.999984
1
1.00001
0.999994
0.999989
1.00001
1.00001
0.999988
1
1
1
0.999995
0.999996
1.00001
0.999998
1
0.999997
1
0.999997
1
0.999995
1.00001
0.999996
1.00001
1
1
1.00002
1.00002
1.00003
1.00003
1.00002
1.00001
1
1.00001
1.00001
1.00001
0.999998
0.999958
0.999912
0.999872
0.999837
0.999779
0.999734
0.999814
0.999997
1.0001
1.00009
1.00004
0.999926
0.999725
0.999756
1.00002
1.00017
1.00014
1.00003
1.00001
0.999991
1.00006
1.00004
0.999953
1.00019
0.999845
1.00007
1.00006
0.999892
1.00012
0.999925
1.00004
0.999988
1
1
1
1
1
1
1
1
1
1
1
1
1
1
1
1
1
0.999999
1
0.999996
0.999999
1.00001
0.999965
1.00005
0.999961
1.00001
1.00001
0.999986
0.999989
1.00003
0.999979
0.999989
1.00003
0.999989
0.999989
1.00001
1.00001
0.999993
0.99999
1.00001
1
0.999992
1
0.999999
1
0.999999
0.999995
1
1
0.999996
1
0.999994
1.00001
0.999991
1.00001
0.999997
1
1.00003
1.00001
1.00003
1.00003
1.00002
1
0.999993
1.00001
1.00003
1.00002
0.999984
0.999909
0.999822
0.999764
0.999752
0.999755
0.999671
0.999532
0.999542
0.999746
0.999988
1.00018
1.00032
1.00019
0.999812
0.999631
0.99978
1.00001
1.00014
1.00012
1.00008
0.999929
1.00007
1.00002
0.999999
1.00008
0.999944
1.00007
0.999969
1.00001
1.00001
0.99999
1.00001
0.999998
1
1
1
1
1
1
1
1
1
1
1
1
1
1
1
1
1
0.999994
1.00002
0.99996
1.00007
0.999914
1.00009
0.999937
1.00003
1.00001
0.999968
1.00003
0.999995
0.999984
1.00001
1.00002
0.999976
1
1.00002
0.999991
0.999991
1
1.00001
0.999997
0.999989
1.00001
1
0.999995
1
0.999995
1
1
0.999994
1
0.999996
1.00001
0.999987
1.00002
0.999989
1.00001
1.00003
1.00001
1.00003
1.00003
1.00002
0.99999
0.999986
1.00002
1.00005
1.00003
0.999945
0.999797
0.999629
0.99951
0.999501
0.999632
0.999825
0.99983
0.999615
0.99944
0.999418
0.999577
1.00005
1.00069
1.00086
1.00034
0.999769
0.999621
0.999856
1.00008
1.00012
1.00009
0.999993
1.00008
0.999922
1.00008
1.00005
0.999912
1.00013
0.999914
1.00006
0.999982
1.00001
1
1
1
1
1
1
1
1
1
1
1
1
1
1
1
1
0.999999
1
0.999995
1.00001
0.999998
0.999988
1.00003
0.999959
1.00003
1.00001
0.999971
1.00002
1.00002
0.999958
1.00002
1.00001
0.999975
1
1.00001
1
0.999979
1.00001
1.00001
0.999993
0.999994
0.999999
1.00001
1
0.999989
1
1
0.999999
1
0.999994
1
1
1
0.999987
1.00003
0.999976
1.00002
1.00003
1
1.00003
1.00003
1.00003
0.999972
0.999977
1.00005
1.00008
1.00002
0.999857
0.999568
0.999239
0.99899
0.998922
0.99908
0.999506
1.00003
1.00016
0.999828
0.999361
0.998927
0.998693
0.99905
0.999996
1.00075
1.00078
1.0003
0.999819
0.999719
0.999925
1.00016
1.00009
0.999998
1.00005
1.00001
1.00001
1.00004
0.999981
1.00004
0.999985
1.00002
0.999999
1.00001
1
1
1
1
1
1
1
1
1
1
1
1
1
1
1
1
0.999998
1.00001
0.999979
1.00005
0.999924
1.0001
0.999901
1.00007
0.99997
0.999987
1.00004
0.999974
0.999994
1.00003
0.99999
0.999976
1.00003
0.999998
0.999985
1
1.00001
1
0.999982
1
1.00001
0.999999
0.999998
0.999994
1
1.00001
0.999993
1
0.999998
0.999996
1.00001
0.999994
0.999989
1.00003
0.999964
1.00003
1.00002
1.00001
1.00003
1.00003
1.00004
0.999943
0.999969
1.00009
1.00012
1.00001
0.999689
0.999137
0.99849
0.997987
0.997818
0.998008
0.998523
0.999477
1.00056
1.00108
1.00089
1.00028
0.999284
0.998224
0.997973
0.99884
1.00005
1.0007
1.00056
1.0001
0.999862
0.999853
1.00005
1.00006
1.0001
0.999995
0.999984
1.00009
0.999944
1.00006
0.999983
1.00002
1
1
1
1
1
1
1
1
1
1
1
1
1
1
1
1
1
1
0.999998
1.00001
0.999992
1.00001
1
0.999987
1.00002
1
0.999974
1.00003
0.999988
0.999973
1.00004
0.999983
0.999983
1.00002
1.00001
0.99998
0.999992
1.00002
0.999995
0.99999
0.999996
1.00001
1.00001
0.99999
0.999998
1
1
1
0.999992
1
1
0.999991
1.00002
0.999988
0.999995
1.00003
0.999962
1.00004
1.00001
1.00002
1.00002
1.00004
1.00005
0.999894
0.999965
1.00015
1.00017
0.99997
0.999407
0.998418
0.997161
0.996047
0.995504
0.995741
0.996489
0.997603
0.9994
1.00144
1.00272
1.00307
1.00274
1.00159
0.999883
0.998593
0.998354
0.999036
1.00003
1.00052
1.00032
0.999962
0.999888
1.00002
1.00005
1.00002
1.00008
0.999961
1.00006
0.999989
1.00003
1
1.00001
1
1
1
1
1
1
1
1
1
1
1
1
1
1
1
1
1
1
0.999994
1.00002
0.999962
1.00007
0.999911
1.0001
0.999924
1.00004
1.00001
0.999962
1.00003
1.00001
0.999965
1.00002
1.00002
0.999973
1
1.00001
1.00001
0.999983
0.999994
1.00002
1
0.999993
0.999994
1.00001
1
0.999999
0.999999
0.999994
1.00001
1
0.999991
1.00002
0.999984
1
1.00003
0.999969
1.00004
1.00001
1.00003
0.999985
1.00007
1.00007
0.999818
0.999981
1.00023
1.00022
0.999909
0.999029
0.997376
0.995054
0.992606
0.990802
0.990249
0.991009
0.992322
0.994053
0.996663
0.99956
1.00171
1.00306
1.00373
1.00326
1.00176
1.00008
0.999074
0.999026
0.999548
1.00008
1.00027
1.0001
0.999987
0.999937
1.00006
1.00005
0.999995
1.00005
0.999995
1.00003
1.00001
1.00001
1.00001
1
1
1
1
1
1
1
1
1
1
1
1
1
1
1
0.999999
1
0.999996
1.00001
0.999992
1.00001
0.999993
1.00001
0.999971
1.00004
0.999961
1.00001
1.00003
0.99996
1.00001
1.00002
0.999984
0.999981
1.00003
1.00001
0.999979
1
1.00001
1.00001
0.99999
0.999994
1.00001
1.00001
0.999996
0.999996
1
0.999994
1.00001
0.999999
0.999988
1.00002
0.999982
1
1.00002
0.999977
1.00002
1.00004
1.00003
0.999947
1.00013
1.00005
0.999737
1.00003
1.00029
1.00027
0.999884
0.998588
0.996007
0.992124
0.98751
0.983061
0.979636
0.978392
0.97943
0.981539
0.984632
0.988965
0.993428
0.996793
0.999307
1.00126
1.00222
1.00214
1.00134
1.00022
0.999527
0.999592
0.999929
1.00013
1.00008
1.00002
1.00005
0.999972
1.00008
1
1.00003
1.00001
1.00002
1.00001
1.00001
1.00001
1
1
1
1
1
1
1
1
1
1
1
1
1
1
1
0.999999
1
0.999989
1.00002
0.999957
1.00006
0.999929
1.00006
0.999968
0.999991
1.00004
0.999972
0.99999
1.00004
0.999981
0.999983
1.00002
1
0.999986
0.99999
1.00002
1
0.999986
0.999996
1.00001
1.00001
1
0.999992
0.999997
1.00001
0.999991
1.00001
1
0.999982
1.00003
0.999984
0.999993
1.00003
0.999979
0.999995
1.00008
1
0.999926
1.00019
1.00002
0.99969
1.00007
1.00031
1.00038
0.99993
0.998081
0.994423
0.988642
0.98113
0.972822
0.964525
0.957851
0.955848
0.958806
0.964781
0.972711
0.981653
0.989397
0.994394
0.99739
0.999313
1.00039
1.00081
1.00083
1.0006
1.00019
0.999871
0.999919
1.00002
1.00011
1.00001
1.00003
1.00004
1.00002
1.00003
1.00001
1.00002
1.00001
1.00001
1.00001
1.00001
1
1
1
1
1
1
1
1
1
1
1
1
1
1
0.999999
1
0.999997
1
0.999993
1.00001
0.999976
1.00004
0.999947
1.00004
0.999991
0.99997
1.00004
0.999993
0.999973
1.00002
1.00002
0.999973
0.999998
1.00002
1
0.99999
0.999991
1.00001
1.00001
0.999992
0.999998
0.999999
1
1.00001
0.999987
1
1.00001
0.999978
1.00003
0.999987
0.99998
1.00005
0.999975
0.999978
1.00011
0.999971
0.999925
1.00022
0.999993
0.999687
1.00003
1.00031
1.0006
0.999993
0.997572
0.992986
0.985105
0.973909
0.960661
0.946879
0.933407
0.924555
0.925601
0.935292
0.949391
0.964988
0.979717
0.990349
0.995844
0.998022
0.998745
0.999106
0.999636
1.00013
1.00022
1.00016
1.00004
1.00002
1.00002
1.00001
1.00007
1.00001
1.00004
1.00002
1.00002
1.00002
1.00001
1.00001
1.00001
1.00001
1
1
1
1
1
1
1
1
1
1
1
1
1
1
1
0.999998
1.00001
0.999988
1.00002
0.999967
1.00004
0.999961
1.00002
1.00001
0.999968
1.00002
1.00001
0.999968
1.00002
1.00002
0.999979
0.999993
1.00002
1.00001
0.99998
0.999999
1.00001
1
0.999998
0.999989
1.00001
1
0.999996
1.00001
0.999985
1
1.00001
0.999973
1.00003
0.999991
0.999969
1.00006
0.999971
0.999966
1.00013
0.999958
0.99992
1.00022
1.00003
0.999689
0.999893
1.00037
1.00087
1.00004
0.997279
0.992076
0.982078
0.966729
0.946908
0.925802
0.906611
0.891312
0.886867
0.896783
0.916072
0.937802
0.95835
0.975585
0.98739
0.994129
0.997622
0.999178
0.999526
0.999304
0.999404
0.999839
1.00006
1.00004
0.999964
1.00004
1.00002
1.00003
1.00003
1.00002
1.00002
1.00002
1.00002
1.00001
1.00001
1.00001
1
1
1
1
1
1
1
1
1
1
1
1
1
1
1
1
1
0.999999
1
0.999994
1.00002
0.999968
1.00004
0.999958
1.00002
1.00002
0.999965
1.00001
1.00002
0.999978
0.99999
1.00002
0.999999
0.999985
0.999998
1.00001
1.00001
0.999987
0.999999
1
1.00001
1
0.999989
1.00001
0.99999
1
1.00002
0.999966
1.00003
0.999998
0.999957
1.00007
0.999974
0.999952
1.00014
0.999974
0.999893
1.0002
1.00012
0.999674
0.999703
1.00047
1.00111
1.00012
0.997384
0.991836
0.980114
0.961448
0.934632
0.901461
0.872138
0.852715
0.844885
0.851906
0.87251
0.899651
0.925577
0.948016
0.967207
0.98231
0.992279
0.997367
0.998969
0.999094
0.999205
0.999455
0.999717
0.999853
0.999984
1.00001
0.999978
1.00003
1.00002
1.00003
1.00002
1.00002
1.00002
1.00001
1.00001
1.00001
1.00001
1
1
1
1
1
1
1
1
1
1
1
1
1
1
1
0.999998
1
0.999991
1.00002
0.99998
1.00002
0.99999
0.999991
1.00003
0.999977
0.999997
1.00003
0.99998
0.999989
1.00002
1
0.99998
1
1.00002
0.999997
0.999992
0.999995
1.00001
1
0.999997
0.999999
0.99999
1.00001
0.999995
0.999996
1.00002
0.999964
1.00003
1.00001
0.999944
1.00008
0.999989
0.999929
1.00015
1.00001
0.999846
1.00017
1.00024
0.999664
0.999501
1.00053
1.00126
1.00032
0.997937
0.992264
0.979461
0.959495
0.929065
0.883899
0.836445
0.805471
0.795544
0.801279
0.82025
0.851798
0.887002
0.918013
0.944767
0.967149
0.983067
0.991916
0.995897
0.998023
0.999144
0.999374
0.999372
0.999639
0.999934
0.999931
0.99998
1.00001
1.00001
1.00002
1.00002
1.00002
1.00002
1.00001
1.00001
1.00001
1.00001
1
1
1
1
1
1
1
1
1
1
1
1
1
1
1
1
1
1
1
0.999995
1.00001
0.999974
1.00003
0.999981
0.999994
1.00002
0.999986
0.999989
1.00002
1
0.99998
1
1.00001
0.999999
0.999987
1
1.00001
1
0.999996
0.999994
1
0.999996
1.00001
0.999995
0.999988
1.00003
0.999968
1.00002
1.00002
0.999933
1.00007
1.00001
0.999902
1.00014
1.00007
0.999799
1.00011
1.00036
0.999714
0.999316
1.00044
1.00134
1.00062
0.998866
0.993322
0.980076
0.960577
0.931509
0.882339
0.820788
0.772289
0.751762
0.753794
0.768678
0.79894
0.842923
0.887618
0.924581
0.952628
0.972261
0.984225
0.991265
0.995835
0.998369
0.999074
0.999153
0.99954
0.999813
0.999858
0.999973
0.999992
1.00001
1.00002
1.00002
1.00002
1.00002
1.00002
1.00001
1.00001
1.00001
1
1
1
1
1
1
1
1
1
1
1
1
1
1
1
1
0.999999
1
0.999995
1.00001
0.99999
1.00001
1
0.999983
1.00002
0.999994
0.999984
1.00002
1
0.999983
1
1.00001
0.999995
0.999988
1
1.00001
1
0.999993
0.999997
1
1.00001
0.999993
1
0.999998
0.999987
1.00003
0.99997
1
1.00004
0.999927
1.00006
1.00005
0.99988
1.00011
1.00013
0.999784
1.00001
1.00044
0.999873
0.999174
1.00016
1.00133
1.00102
0.999929
0.995019
0.98204
0.963582
0.938611
0.894207
0.830743
0.772593
0.739573
0.731943
0.738709
0.759426
0.800968
0.854557
0.903134
0.938803
0.961936
0.97622
0.985982
0.992903
0.996847
0.998331
0.998928
0.999455
0.999688
0.999819
0.999947
0.999978
1.00001
1.00002
1.00002
1.00002
1.00002
1.00002
1.00001
1.00001
1.00001
1.00001
1
1
1
1
1
1
1
1
1
1
1
1
1
1
1
1
0.999999
1
1
0.999997
1.00001
0.999985
1.00001
0.999997
0.999988
1.00001
1
0.999987
1
1.00001
0.999992
0.999991
1.00001
1.00001
0.999997
0.999992
1
1
1
1
0.999989
1
1.00001
0.999984
1.00003
0.999976
0.999992
1.00005
0.999927
1.00003
1.00008
0.999872
1.00007
1.00019
0.999817
0.999876
1.00044
1.00013
0.999153
0.999707
1.00116
1.00141
1.00086
0.997244
0.985632
0.967932
0.946444
0.91091
0.85573
0.798604
0.759876
0.743507
0.741318
0.750382
0.779081
0.827807
0.882024
0.926416
0.95491
0.971381
0.982267
0.990222
0.995088
0.997406
0.998618
0.999316
0.999591
0.99979
0.999917
0.999968
1
1.00001
1.00002
1.00002
1.00002
1.00002
1.00001
1.00001
1.00001
1.00001
1
1
1
1
1
1
1
1
1
1
1
1
1
1
1
1
1
1
0.999998
1
0.999995
1
1
0.999988
1.00001
1
0.999987
1.00001
1.00001
0.999993
0.999995
1.00001
1.00001
0.999994
0.999995
1
1.00001
1
0.999993
1
0.999996
1.00001
1.00001
0.999978
1.00002
0.999988
0.999979
1.00006
0.999939
0.999998
1.00011
0.999887
0.999998
1.00023
0.999902
0.999749
1.00033
1.00041
0.999357
0.999216
1.00069
1.00166
1.00159
0.999441
0.990613
0.974261
0.954111
0.925894
0.882764
0.833644
0.795196
0.773697
0.765233
0.767103
0.78396
0.819822
0.868692
0.916071
0.950102
0.969986
0.981526
0.989146
0.99402
0.996735
0.998312
0.999164
0.999532
0.999764
0.999894
0.99996
0.999995
1.00001
1.00002
1.00002
1.00002
1.00002
1.00001
1.00001
1.00001
1.00001
1
1
1
1
1
1
1
1
1
1
1
1
1
1
1
1
1
1
1
0.999999
0.999999
1
0.999993
1.00001
1
0.999993
1.00001
1
0.999994
0.999998
1.00001
1
0.999996
0.999997
1
1
0.999998
0.999996
0.999997
1.00001
1
0.999996
1.00001
0.999983
1.00002
0.999999
0.999968
1.00006
0.999963
0.999963
1.00013
0.99993
0.999928
1.00023
1.00003
0.99968
1.00012
1.00059
0.999792
0.998953
0.999891
1.00151
1.00216
1.00112
0.995585
0.98265
0.963855
0.939603
0.906257
0.866753
0.831632
0.8078
0.79572
0.794831
0.806377
0.831663
0.86901
0.911052
0.946727
0.969773
0.982324
0.989455
0.993897
0.996548
0.998155
0.999062
0.999502
0.999748
0.999882
0.999953
0.999991
1.00001
1.00002
1.00002
1.00002
1.00002
1.00001
1.00001
1.00001
1.00001
1
1
1
1
1
1
1
1
1
1
1
1
1
1
1
1
1
1
1
0.999999
1
0.999998
1
1
0.999995
1.00001
1
0.999993
1
1
0.999999
0.999998
0.999999
1
1
0.999998
0.999996
1
1
1
0.999997
0.999995
1.00001
0.999988
1.00001
1.00001
0.999965
1.00005
0.999992
0.999938
1.00011
0.999995
0.999876
1.00017
1.00017
0.999708
0.999868
1.00056
1.00027
0.999156
0.999148
1.00069
1.00223
1.00236
0.999441
0.990957
0.975922
0.955208
0.928641
0.8976
0.86758
0.843857
0.829397
0.826943
0.837112
0.856496
0.883076
0.91597
0.94828
0.971453
0.984204
0.990744
0.994493
0.996776
0.998202
0.999048
0.9995
0.999745
0.999878
0.99995
0.999988
1.00001
1.00002
1.00002
1.00002
1.00002
1.00001
1.00001
1.00001
1.00001
1
1
1
1
1
1
1
1
1
1
1
1
1
1
1
1
1
1
1
1
0.999999
1
1
0.999998
1
0.999999
0.999997
1
1
0.999998
1
1
1
1
0.999998
0.999997
1
1
0.999997
0.999997
1
0.999998
1.00001
0.999992
0.999999
1.00002
0.999969
1.00002
1.00002
0.999931
1.00007
1.00006
0.999868
1.00007
1.00025
0.99984
0.999707
1.00031
1.00053
0.999746
0.998992
0.99953
1.00128
1.00285
1.00226
0.9975
0.987236
0.971477
0.95114
0.92782
0.904097
0.882658
0.867233
0.863256
0.871834
0.886935
0.905792
0.930227
0.956229
0.9761
0.987405
0.992915
0.995732
0.997393
0.998467
0.999145
0.999539
0.99976
0.999882
0.99995
0.999988
1.00001
1.00002
1.00002
1.00002
1.00002
1.00001
1.00001
1.00001
1.00001
1
1
1
1
1
1
1
1
1
1
1
1
1
1
1
1
1
1
1
1
1
1
0.999999
1
0.999999
0.999999
1
0.999999
0.999999
1
0.999998
1
1
0.999997
1
1
1
0.999997
1
1
1
0.999994
1.00001
0.999997
0.999994
1.00002
0.999977
1
1.00004
0.999945
1.00002
1.0001
0.999916
0.999972
1.00022
1.00002
0.999726
0.999979
1.00043
1.00031
0.999505
0.998916
0.999764
1.00196
1.00353
1.00197
0.995891
0.985301
0.971228
0.955048
0.93769
0.920091
0.90587
0.901312
0.907391
0.918233
0.931664
0.949265
0.968042
0.982566
0.991004
0.99507
0.997008
0.998102
0.998824
0.999308
0.999611
0.999791
0.999895
0.999954
0.999989
1.00001
1.00002
1.00002
1.00002
1.00002
1.00001
1.00001
1.00001
1.00001
1
1
1
1
1
1
1
1
1
1
1
1
1
1
1
1
1
1
1
1
1
1
1
1
1
1
0.999999
1
1
0.999998
1
1
0.999999
1
1
0.999999
0.999999
1
1
0.999999
1
0.999996
1
1
0.999989
1.00002
0.99999
0.999986
1.00004
0.999975
0.999974
1.00009
0.999998
0.999924
1.0001
1.00015
0.999898
0.999784
1.0001
1.00046
1.00015
0.999232
0.998951
1.00033
1.00259
1.00345
1.00109
0.995268
0.986932
0.976989
0.965339
0.951994
0.940708
0.93721
0.941142
0.947857
0.956524
0.967971
0.979824
0.988851
0.994151
0.996766
0.998026
0.99873
0.999191
0.999505
0.99971
0.999838
0.999916
0.999964
0.999993
1.00001
1.00002
1.00002
1.00002
1.00002
1.00001
1.00001
1.00001
1.00001
1
1
1
1
1
1
1
1
1
1
1
1
1
1
1
1
1
1
1
1
1
1
1
1
1
1
1
1
1
1
1
1
1
1
1
1
1
1
1
1
1
0.999998
1
1
0.999991
1.00001
1
0.999979
1.00003
1.00001
0.999959
1.00004
1.00006
0.999946
0.999988
1.00015
1.00007
0.999829
0.999867
1.00021
1.00034
0.999903
0.99934
0.999512
1.00067
1.00193
1.002
1.00034
0.997213
0.992513
0.985183
0.975849
0.968943
0.967526
0.969231
0.971698
0.975951
0.982365
0.98896
0.993858
0.996728
0.998185
0.998907
0.999302
0.999548
0.999712
0.999822
0.999896
0.999944
0.999977
0.999999
1.00001
1.00002
1.00002
1.00002
1.00002
1.00001
1.00001
1.00001
1
1
1
1
1
1
1
1
1
1
1
1
1
1
1
1
1
1
1
1
1
1
1
1
1
1
1
1
1
1
1
1
1
0.999999
1
1
0.999999
1
1
1
1
1
1
0.999999
1
0.999994
1
1.00001
0.999982
1.00001
1.00003
0.999972
0.999999
1.00007
1.00001
0.999955
1.00006
1.00011
0.999999
0.999884
0.999935
1.00011
1.00019
1.00004
0.999785
0.99969
0.99995
1.00052
1.00118
1.00127
0.999444
0.995095
0.990473
0.988195
0.987409
0.98635
0.986085
0.98815
0.991775
0.995167
0.99742
0.998638
0.999237
0.999535
0.999698
0.999798
0.999864
0.999911
0.999945
0.999971
0.999991
1.00001
1.00002
1.00002
1.00002
1.00002
1.00002
1.00001
1.00001
1.00001
1
1
1
1
1
1
1
1
1
1
1
1
1
1
1
1
1
1
1
1
1
1
1
1
1
1
1
1
1
1
1
1
1
1
0.999999
1
1
0.999999
1
1
1
1
1
0.999998
1
0.999997
0.999996
1.00001
0.999992
0.999991
1.00003
0.999999
0.999982
1.00004
1.00005
0.999998
0.999987
1.00005
1.00009
1.00001
0.999902
0.999927
1.00008
1.00019
1.00007
0.999778
0.999626
0.99996
1.0006
1.00063
0.999419
0.997937
0.997327
0.996667
0.99487
0.993271
0.993593
0.995478
0.99746
0.998736
0.999366
0.999656
0.999803
0.999885
0.999932
0.999955
0.999967
0.999975
0.999983
0.999993
1
1.00001
1.00002
1.00002
1.00002
1.00002
1.00002
1.00001
1.00001
1.00001
1
1
1
1
1
1
1
1
1
1
1
1
1
1
1
1
1
1
1
1
1
1
1
1
1
1
1
1
1
1
1
1
1
1
1
1
1
1
1
1
1
1
1
0.999999
1
1
0.999995
1.00001
1
0.999988
1.00001
1.00002
0.999992
1
1.00005
1.00004
0.999996
1.00001
1.00005
1.00004
1.00001
0.999983
0.999972
0.999964
0.999965
1.00002
1.00018
1.00029
1.00003
0.999391
0.999075
0.999371
0.999187
0.997907
0.996859
0.99725
0.998516
0.99952
0.999918
0.99999
1
1.00002
1.00004
1.00004
1.00003
1.00001
1
0.999997
0.999998
1
1.00001
1.00002
1.00002
1.00002
1.00002
1.00002
1.00002
1.00001
1.00001
1.00001
1
1
1
1
1
1
1
1
1
1
1
1
1
1
1
1
1
1
1
1
1
1
1
1
1
1
1
1
1
1
1
1
1
1
1
1
1
1
0.999999
1
1
0.999999
1
1
1
1
0.999996
1
1.00001
0.999995
0.999997
1.00002
1.00001
0.999998
1.00002
1.00004
1.00004
1.00002
1
1.00002
1.00005
1.00004
0.999975
0.99992
0.999954
1.00008
1.00016
1.00001
0.999753
0.999852
1.00023
1.00004
0.999198
0.998869
0.999533
1.00034
1.00057
1.00038
1.00018
1.00011
1.00009
1.00008
1.00006
1.00004
1.00002
1.00001
1
1
1
1.00001
1.00002
1.00002
1.00002
1.00002
1.00002
1.00002
1.00001
1.00001
1.00001
1.00001
1
1
1
1
1
1
1
1
1
1
1
1
1
1
1
1
1
1
1
1
1
1
1
1
1
1
1
1
1
1
1
0.999999
1
1
1
1
0.999999
1
1
1
1
0.999999
1
1
0.999999
1
0.999998
0.999998
1
1
0.999995
1
1.00001
1.00001
1.00001
1.00002
1.00004
1.00003
1.00002
1.00002
1.00002
1.00001
1
1.00003
1.00005
0.999995
0.999859
0.999819
1.00007
1.00034
1.00012
0.999675
0.999816
1.00044
1.00072
1.00046
1.00012
0.999998
1.00002
1.00004
1.00003
1.00002
1
0.999999
0.999995
0.999992
0.999992
0.999996
1
1.00001
1.00002
1.00002
1.00002
1.00002
1.00002
1.00002
1.00001
1.00001
1.00001
1
1
1
1
1
1
1
1
1
1
1
1
1
1
1
1
1
1
1
1
1
1
1
1
1
0.999999
1
1
0.999999
1
0.999999
0.999999
1
1
0.999997
1
1
0.999999
1
1
1
1
1
0.999999
1
1
1
1
0.999997
1
1
1
0.999998
1.00001
1.00001
1.00001
1.00002
1.00002
1.00003
1.00004
1.00003
1.00001
1
1.00003
1.00004
0.999998
0.999939
0.999969
1.00011
1.00013
0.999871
0.999688
0.999983
1.00035
1.00026
0.999912
0.999771
0.999861
0.999964
0.999988
0.999978
0.999975
0.99998
0.999982
0.999981
0.99998
0.999983
0.99999
0.999998
1.00001
1.00002
1.00002
1.00002
1.00003
1.00002
1.00002
1.00002
1.00001
1.00001
1.00001
1
1
1
1
1
1
1
1
1
1
1
1
1
1
1
1
1
1
1
1
1
1
1
1
1
1
1
0.999999
1
1
0.999998
1
0.999999
0.999996
1.00001
0.999998
0.999995
1.00001
0.999999
0.999998
1
1
0.999999
1
1
1
1
1
0.999999
0.999999
1
1
1
1
1.00001
1.00002
1.00002
1.00002
1.00003
1.00003
1.00002
1.00003
1.00004
1.00002
0.999988
0.99998
1.00003
1.00009
1.00003
0.999871
0.999873
1.00012
1.00022
0.999972
0.99976
0.999821
0.999967
1.00001
0.999995
0.999983
0.999988
0.99999
0.999986
0.999981
0.999982
0.999986
0.999992
1
1.00001
1.00002
1.00002
1.00002
1.00003
1.00002
1.00002
1.00002
1.00001
1.00001
1.00001
1
1
1
1
1
1
1
1
1
1
1
1
1
1
1
1
1
1
1
1
1
1
0.999999
1
1
0.999999
1
0.999999
1
1
0.999999
1
1
0.999997
1.00001
0.999998
0.999994
1.00001
0.999998
0.999996
1
1
0.999999
0.999999
1
1
1
1
1
1
0.999999
0.999999
1
1
1
1.00001
1.00001
1.00002
1.00002
1.00002
1.00002
1.00003
1.00004
1.00003
1.00001
1.00002
1.00004
1.00004
0.999978
0.999925
1.00001
1.00015
1.0001
0.999892
0.999859
1
1.00008
1.00005
1.00002
1.00001
1.00001
1
0.999987
0.999986
0.999992
0.999999
1
1.00001
1.00001
1.00002
1.00002
1.00003
1.00003
1.00003
1.00002
1.00002
1.00001
1.00001
1.00001
1.00001
1
1
1
1
1
1
1
1
1
1
1
1
1
1
1
1
1
1
1
1
1
1
0.999999
1
0.999999
1
1
0.999999
1
0.999999
1
1
0.999996
1
1
0.999995
1.00001
0.999998
0.999993
1.00001
0.999998
0.999998
1
1
1
1
1
1
0.999999
1
1
0.999999
1
1
1
1.00001
1.00001
1.00001
1.00002
1.00002
1.00003
1.00003
1.00002
1.00002
1.00003
1.00004
1.00003
0.999992
0.999998
1.00006
1.00009
0.999989
0.999897
0.999967
1.00008
1.00008
1.00003
1.00001
1.00001
0.999995
0.999982
0.999991
1.00001
1.00002
1.00001
1.00001
1.00001
1.00002
1.00002
1.00003
1.00003
1.00003
1.00003
1.00002
1.00002
1.00002
1.00001
1.00001
1.00001
1
1
1
1
1
1
1
1
1
1
1
1
1
1
1
1
1
1
1
1
1
1
1
1
1
0.999999
1
0.999999
1
1
0.999997
1
1
1
0.999998
0.999999
1.00001
0.999997
0.999993
1.00001
0.999997
0.999994
1
0.999999
0.999999
1
1
1
1
1
1
0.999999
1
1
1
1
1
1.00001
1.00001
1.00001
1.00002
1.00002
1.00002
1.00002
1.00003
1.00003
1.00002
1.00001
1.00003
1.00006
1.00004
0.999978
0.999974
1.00005
1.00009
1.00004
0.999998
0.999994
0.999993
0.999992
1.00001
1.00002
1.00003
1.00003
1.00002
1.00002
1.00002
1.00002
1.00003
1.00003
1.00003
1.00003
1.00003
1.00002
1.00002
1.00002
1.00001
1.00001
1.00001
1
1
1
1
1
1
1
1
1
1
1
1
1
1
1
1
1
1
1
1
1
1
1
1
1
1
1
1
1
1
1
1
0.999999
0.999993
1.00001
1.00001
0.999983
1.00001
1
0.999999
1
0.999993
1.00001
1
0.999995
1
1
1
1
0.999999
1
1
1
0.999999
1
1
1
1
1
1.00001
1.00001
1.00001
1.00001
1.00002
1.00002
1.00002
1.00002
1.00002
1.00004
1.00004
1.00002
1
1.00003
1.00007
1.00005
1.00001
0.999995
1.00001
1.00002
1.00003
1.00004
1.00005
1.00004
1.00002
1.00001
1.00002
1.00003
1.00003
1.00003
1.00003
1.00003
1.00003
1.00003
1.00002
1.00002
1.00001
1.00001
1.00001
1.00001
1
1
1
1
1
1
1
1
1
1
1
1
1
1
1
1
1
1
1
1
1
1
1
1
1
1
1
0.999999
1
0.999999
1
0.999995
0.999999
1.00001
0.999994
0.999983
1.00001
1.00002
0.999981
0.999992
1.00001
0.999994
1
1.00001
0.999991
1
0.999996
0.999999
1
0.999999
1
0.999999
1
1
1
1
1
1
1
1
1
1.00001
1.00001
1.00001
1.00002
1.00002
1.00002
1.00002
1.00003
1.00003
1.00002
1.00002
1.00004
1.00005
1.00002
1
1.00002
1.00003
1.00004
1.00005
1.00005
1.00003
1.00002
1.00002
1.00003
1.00003
1.00003
1.00003
1.00003
1.00003
1.00003
1.00002
1.00002
1.00002
1.00002
1.00001
1.00001
1.00001
1
1
1
1
1
1
1
1
1
1
1
1
1
1
1
1
1
1
1
1
1
1
1
1
0.999999
1
0.999999
1
0.999999
1
1
0.999998
1
1.00001
0.999991
0.999987
1.00003
0.999998
0.999954
1.00003
1.00003
0.999986
0.999984
0.999994
1.00002
0.999993
1
1.00001
0.999993
0.999999
0.999997
1
1
1
1
1
1
1
1
1
1
1
1
1
1.00001
1.00001
1.00001
1.00001
1.00002
1.00002
1.00001
1.00001
1.00002
1.00003
1.00002
1.00001
1.00002
1.00003
1.00004
1.00004
1.00003
1.00002
1.00002
1.00002
1.00003
1.00003
1.00003
1.00003
1.00003
1.00003
1.00002
1.00002
1.00002
1.00002
1.00002
1.00002
1.00001
1.00001
1.00001
1.00001
1
1
1
1
1
1
1
1
1
1
1
1
1
1
1
1
1
1
1
1
1
0.999999
1
0.999999
1
1
1
1
0.999999
1
0.999998
1.00001
0.999992
0.999995
1.00003
0.999977
0.999966
1.00006
1
0.999934
1.00001
1.00004
0.999997
0.999979
0.999997
0.999986
1.00003
0.999987
1.00001
0.999999
0.999994
1
0.999999
1
1
1
1
1
1
1
1
1
1
1
1
1
1
1.00001
1.00001
1.00001
1.00001
1.00001
1.00001
1.00001
1.00001
1.00002
1.00002
1.00002
1.00002
1.00001
1.00001
1.00001
1.00002
1.00003
1.00003
1.00002
1.00002
1.00002
1.00003
1.00002
1.00002
1.00001
1.00001
1.00002
1.00001
1
1
1
1
1
1
1
1
1
1
1
1
1
1
1
1
1
1
1
1
1
1
1
0.999999
1
1
1
1
0.999999
1
0.999998
1
0.999998
1
1
0.999998
0.999998
1.00001
0.999982
0.999983
1.00006
0.99996
0.999936
1.00009
1.00001
0.999923
1
1.00004
1.00002
0.999985
0.999989
0.999996
0.999999
1.00001
1
0.999996
1
0.999995
1
1
1
1
1
1
1
1
1
1
1
1
1
1
1
1
1.00001
1.00001
1.00001
1.00001
1.00001
1.00001
1.00001
1.00001
1.00001
1.00001
1.00001
1.00002
1.00002
1.00001
1
1.00001
1.00002
1.00002
0.999999
0.999989
1
1.00002
1.00002
1.00001
0.999999
0.999997
0.999995
0.999994
0.999996
0.999999
0.999999
0.999999
1
1
1
1
1
1
1
1
1
1
1
1
1
1
1
1
1
0.999999
1
0.999999
1
1
1
1
0.999998
1
0.999997
1
0.999995
1.00001
0.99999
0.999994
1.00004
0.999958
0.999972
1.00011
0.999928
0.999932
1.00009
1.00003
0.999947
0.999966
1.00003
1.00001
1.00003
0.99996
1.00001
0.999991
1
1.00001
0.999999
1
0.999999
0.999999
0.999998
0.999999
1
1
1
1
1
1
1
1
1
1
1
1
1
1
1
1
1.00001
1
1
1.00001
1.00001
1.00001
1.00001
1.00001
1
1.00001
1
0.999996
0.999997
1.00001
1.00001
1
0.999996
1
1
0.999996
0.999992
1
1.00001
1.00001
1.00001
1.00001
1
1
1
1
1
1
1
1
1
1
1
1
1
1
1
1
0.999999
1
0.999999
1
1
0.999998
1
0.999997
1
0.999998
1
1
0.999997
1.00001
0.999993
1
1.00001
0.999988
0.999981
1.00008
0.999901
1
1.00011
0.999923
0.999941
1.00005
1.00005
0.999977
0.999975
0.999972
1.00003
1.00002
1
0.999995
0.99998
1.00001
0.99999
1.00001
1
1
1
0.999999
0.999997
0.999999
1
1
1
1
1
1
1
1
1
1
1
1
1
1
1
1
1
1
1
1
1
0.999995
0.999999
1.00001
1.00001
1.00001
0.999991
0.999988
1.00001
1.00003
1.00001
0.999982
0.999982
1
1.00001
1
1
1.00001
1
1
1
1
1
1
1
1
1
1
1
1
1
1
1
1
1
1
1
1
0.999998
1
0.999998
1
1
0.999996
1.00001
0.999994
1.00001
0.999995
1
0.999998
1
1
0.999986
1.00004
0.999939
1.00002
1.00007
0.999871
1.00005
1.00008
0.999946
0.999959
1.00001
1.00005
1
0.999996
0.999947
1.00002
1
1.00002
1.00001
0.999984
1
0.99999
1
1
1
1
1
1
1
0.999999
0.999999
1
1
1
1
1
1
1
1
1
1
1
1
1
1
0.999999
1
1
1
1
1
0.999995
1
1.00001
1.00001
0.999997
0.999983
0.999993
1.00001
1.00001
1
1.00001
1.00002
1
0.999977
0.99997
0.999979
0.999988
0.999994
0.999997
0.999999
1
1
1
1
1
1
1
1
1
1
0.999999
1
0.999999
1
0.999999
0.999999
1
0.999996
1
0.999996
1
1
0.999994
1.00001
0.999989
1.00001
0.999988
1.00001
1
0.999995
0.999991
1.00005
0.999892
1.0001
1
0.9999
1.00006
1.00003
0.999995
0.999952
1.00001
0.999997
1.00005
0.999989
0.999979
0.99999
0.999984
1.00003
0.999995
1.00002
0.999991
0.999996
0.999996
0.999998
1
1
1
1
1
1
1
0.999999
1
1
1
1
1
1
1
1
1
1
0.999999
0.999999
1
1
0.999998
1
1
1
0.999998
0.99999
0.99999
1.00001
1.00002
1
0.999965
0.999977
1.00002
1.00003
0.999993
0.999979
0.999997
1.00001
1.00001
1.00001
1.00001
1.00001
1
1
1
1
1
1
1
1
1
1
1
1
1
1
1
1
0.999997
1
0.999998
0.999999
1
0.999993
1.00001
0.999992
1
1
0.999994
1.00001
0.999985
1.00002
0.99997
1.00005
0.999929
1.00008
0.999973
0.999937
1.00011
0.999948
0.999964
1.00003
1.00002
0.999997
0.999983
0.999994
0.999984
1.00004
0.999995
1.00002
0.999977
0.99998
1.00001
0.999996
1.00001
1
1
0.999999
0.999996
0.999998
0.999999
1
1
1
1
1
1
1
1
1
1
1
0.999999
1
1
1
1
1
1
0.999997
1
1
0.999997
1
1.00001
1.00001
0.999993
0.999981
0.999993
1.00002
1.00003
0.999992
0.999976
0.999995
1
0.99999
0.999994
1.00002
1.00003
1.00003
1.00002
1.00001
1
1
1
1
1
1
1
1
1
1
1
0.999999
1
0.999999
1
0.999999
0.999999
1
0.999995
1
0.999997
0.999999
1.00001
0.999989
1.00001
0.999985
1.00001
0.999993
1
1.00001
0.999982
1.00002
0.999998
0.999959
1.00009
0.999919
1.00001
1.00007
0.999935
1.00001
0.999993
1.00003
0.999973
1.00003
0.999972
1
0.999997
1
1.00003
0.999981
0.999997
0.999989
1
1
1
1
1
0.999999
0.999998
0.999999
0.999999
0.999999
1
1
1
1
1
1
1
1
1
1
0.999999
1
1
1
0.999999
1
1
0.999999
0.999997
0.999997
0.999998
1.00001
1.00002
1
0.999972
0.999982
1.00003
1.00004
0.99999
0.999965
1
1.00003
1.00001
0.999982
0.999966
0.999968
0.999978
0.999985
0.999991
0.999996
0.999998
0.999999
1
1
1
1
1
1
0.999999
1
1
0.999999
1
0.999998
1
0.999998
0.999999
1
0.999993
1.00001
0.999994
1
1.00001
0.999986
1.00002
0.999976
1.00003
0.999972
1.00003
0.999954
1.00006
0.999939
1.00002
1.00004
0.999914
1.00006
0.999995
0.99999
0.999985
1.00002
0.999995
0.999994
1.00002
0.999986
1.00001
0.999972
1.00001
1.00002
0.999996
1.00001
0.99999
0.999997
0.999998
1
1
1
1
1
0.999999
1
0.999999
0.999999
1
1
0.999999
1
1
1
1
1
1
1
0.999999
0.999998
1
1
0.999998
1
1.00001
1
0.999991
0.999989
1
1.00002
1.00002
0.999982
0.999951
0.999989
1.00004
1.00003
0.999993
0.999992
0.999998
0.999992
0.999985
0.999982
0.999987
0.999995
0.999999
1
1
1
1
1
1
1
1
1
1
1
0.999999
1
0.999999
1
1
0.999996
1
0.999997
0.999999
1.00001
0.999989
1.00001
0.999989
1.00001
1
0.999987
1.00002
0.999969
1.00004
0.999964
1.00002
1.00001
0.999951
1.00006
0.999978
0.999972
1.00004
0.999987
1
0.999982
1.00003
0.999974
1.00001
0.999989
1.00001
1.00001
0.99998
1
1
1
1.00001
0.999998
0.999998
0.999998
0.999998
1
1
1
1
1
1
1
1
1
1
1
1
0.999999
1
1
1
0.999999
1
1
1
0.999998
0.999998
1
0.999999
1
1.00001
1
0.999982
0.999983
1.00002
1.00004
0.999999
0.999957
0.999983
1.00003
1.00001
0.999975
0.999981
1.00001
1.00004
1.00005
1.00004
1.00002
1.00001
1.00001
1
1
1
1
1
1
1
1
1
1
0.999999
1
0.999999
1
0.999998
1
1
0.999995
1.00001
0.999996
1
1.00001
0.999986
1.00002
0.999981
1.00002
0.999988
1.00001
0.999993
1.00001
0.999977
1.00003
0.999984
0.999984
1.00005
0.999956
1.00002
0.999996
1.00001
0.999977
1.00001
1
0.999995
1
0.999987
1.00001
1
0.999994
0.999999
0.999995
1
1
1
1
0.999999
0.999999
1
1
1
1
1
1
1
1
1
1
1
1
1
1
1
1
1
0.999999
0.999999
1
1
1
0.999995
0.999994
1
1.00001
1.00001
0.999989
0.999962
0.999991
1.00005
1.00004
0.999974
0.999959
0.999996
1.00002
1.00002
1.00001
0.999994
0.999987
0.99999
0.999991
0.999992
0.999995
0.999997
0.999999
1
1
1
1
1
1
1
0.999999
1
1
1
1
0.999998
1
0.999997
1
1
0.999993
1.00001
0.999993
1
1.00001
0.999987
1.00002
0.999974
1.00003
0.999971
1.00003
0.999983
0.999999
1.00002
0.999964
1.00003
0.999995
0.999993
1
1
1.00001
0.999982
1.00001
0.999992
1.00001
0.999994
0.999994
1.00001
1
1
1
0.999994
1
1
1
1
1
0.999999
1
1
1
1
1
1
1
1
1
1
1
1
0.999999
1
1
1
1
1
0.999998
0.999997
1
1.00001
1
0.99999
0.999989
1.00001
1.00003
1.00001
0.999965
0.999965
1.00002
1.00003
1
0.999998
1.00001
1
0.99999
0.99998
0.999965
0.999965
0.999977
0.999987
0.999993
0.999997
0.999999
1
1
1
1
1
1
1
1
1
0.999999
1
0.999999
1
1
0.999998
1
0.999997
1
1
0.999992
1.00001
0.999989
1.00001
0.999997
0.999996
1.00001
0.99999
1.00001
1
0.999988
1.00002
0.999994
0.999993
1.00001
0.999992
1
0.999991
1.00001
0.999995
1
1
0.999999
1.00001
0.999996
0.999998
1
1
1
1
0.999998
0.999999
1
1
1
1
1
0.999999
0.999999
1
1
1
1
1
1
1
1
1
1
1
0.999998
0.999999
1
1
1
0.999998
0.999995
0.999997
1
1.00001
0.999998
0.999982
0.99999
1.00003
1.00004
0.999978
0.999949
1
1.00003
1
0.999991
0.99999
0.999985
1.00001
1.00003
1.00003
1.00002
1.00002
1.00001
1.00001
1
1
1
1
1
1
1
1
1
1
1
1
1
1
0.999998
1
1
0.999997
1
0.999995
1
1
0.999993
1.00001
0.999985
1.00002
0.999986
1.00001
0.999989
1.00001
0.999997
0.999995
1.00001
0.999987
1.00001
0.999997
1
1
0.999995
1.00001
0.999995
1
0.999996
1
1
0.999998
1
0.999999
0.999999
1
1
1
0.999999
0.999999
1
1
1
1
1
1
0.999999
1
1
1
1
1
1
1
1
1
1
1
0.999998
0.999997
1
1.00001
1.00001
0.999996
0.999989
0.999998
1.00001
1.00001
0.999983
0.999968
1.00001
1.00005
1.00001
0.99997
0.999987
0.999995
0.999981
1.00001
1.00002
1.00001
1.00001
1.00001
1.00001
1
1
1
1
1
1
1
1
1
1
1
1
1
1
1
1
1
1
1
0.999998
1
1
0.999997
1
0.999994
1
0.999998
0.999998
1.00001
0.999991
1.00001
0.999993
1
1
0.99999
1.00001
0.999993
1
1
0.999998
1.00001
0.999995
1
1
1
1
0.999998
1
1
0.999999
1
1
0.999999
1
1
1
1
0.999999
1
1
1
1
1
1
1
1
1
1
1
1
1
0.999999
0.999999
1
1
1
1
0.999995
0.999995
1
1.00001
1.00001
0.999993
0.999988
1.00001
1.00002
1
0.999963
0.999984
1.00003
1.00001
0.99998
1.00001
1.00002
0.999995
0.999998
0.999995
0.999975
0.99997
0.999975
0.999982
0.999989
0.999994
0.999997
0.999999
1
1
1
1
1
1
1
1
1
1
1
1
1
1
1
1
0.999998
1
1
0.999998
1
0.999994
1.00001
0.999994
1
0.999996
1
0.999995
1.00001
0.999995
1
0.999999
0.999999
1
0.999999
0.999999
1
0.999997
1
0.999999
1
1
0.999999
1
1
1
1
1
1
1
1
1
1
1
1
1
1
1
1
1
1
1
1
1
1
1
1
1
0.999999
0.999999
1
1
1
0.999998
0.999994
0.999992
1
1.00001
1
0.999985
0.999993
1.00003
1.00002
0.999972
0.999967
1.00002
1.00002
0.99999
1.00001
1.00001
0.999981
0.99999
1.00001
1.00001
1.00001
1.00001
1.00001
1
1
1
1
1
1
1
1
1
1
1
1
1
1
1
1
1
1
1
1
1
0.999998
1
0.999999
1
1
0.999995
1.00001
0.999994
1.00001
0.999996
1
1
0.999998
1
0.999997
1
1
0.999998
1
0.999998
1
1
1
1
1
1
1
1
1
1
1
1
1
1
1
1
1
1
1
1
1
1
1
1
1
0.999999
1
1
1
1
1
1
0.999997
0.999997
1
1.00001
1.00001
0.999999
0.999987
0.999993
1.00001
1.00001
0.999987
0.999975
1.00001
1.00003
0.999991
0.999975
1.00001
1
0.999971
0.999998
1.00001
1.00001
1.00001
1.00001
1.00001
1.00001
1
1
1
1
1
1
1
1
1
1
1
1
1
1
1
1
1
1
1
1
1
1
1
1
0.999998
1
0.999998
1
0.999999
1
1
1
0.999998
1
0.999997
1
0.999998
1
1
1
1
1
0.999999
1
1
1
1
1
1
1
1
1
1
1
1
1
1
1
1
1
1
1
1
1
1
1
1
1
1
1
0.999999
0.999999
1
1
1
1
0.999996
0.999994
0.999999
1.00001
1.00001
0.999996
0.999987
1
1.00002
1
0.999971
0.999997
1.00003
0.999997
0.999974
1.00001
1.00001
0.999993
1
1
0.99999
0.999987
0.999987
0.999988
0.999992
0.999995
0.999997
0.999999
0.999999
1
1
1
1
1
1
1
1
1
1
1
1
1
1
1
1
1
1
1
1
1
0.999999
1
0.999997
1
0.999997
1
0.999998
1
0.999999
1
1
1
1
1
0.999999
1
0.999999
1
1
1
1
1
1
1
1
1
1
1
1
1
1
1
1
1
1
1
0.999999
1
1
1
1
1
1
1
1
1
1
1
1
1
1
1
0.999994
0.99999
1
1.00001
1.00001
0.999992
0.999993
1.00002
1.00002
0.999975
0.999984
1.00003
1.00001
0.999988
1.00001
1.00001
0.999991
0.999993
0.999997
0.999998
1
1
1
1
1
1
1
1
1
1
1
1
1
1
1
1
1
1
1
1
1
1
1
1
1
1
1
0.999999
1
1
0.999999
1
0.999999
1
0.999999
1
1
1
1
1
1
1
1
1
1
1
1
1
1
1
1
1
1
1
1
1
1
1
1
1
1
1
1
1
1
1
1
1
1
1
1
1
1
1
1
1
0.999998
0.999998
1
1
1.00001
1
0.999991
0.999991
1
1.00001
0.999996
0.999983
1.00001
1.00002
0.999986
0.999981
1.00001
1
0.999984
0.999998
1
1
1.00001
1.00001
1.00001
1
1
1
1
1
1
1
1
1
1
1
1
1
1
1
1
1
1
1
1
1
1
1
1
1
1
1
1
0.999999
1
0.999999
1
0.999999
1
0.999999
1
1
1
1
1
1
1
1
1
1
1
1
1
1
1
1
1
1
1
1
1
1
1
1
1
1
1
1
1
1
1
1
1
1
1
1
1
1
1
1
1
1
0.999998
0.999996
0.999997
1.00001
1.00001
1
0.999991
0.999994
1.00001
1
0.999983
1
1.00002
0.999995
0.999983
1.00001
1
0.999996
1
1
0.999997
0.999996
0.999995
0.999996
0.999997
0.999998
0.999999
0.999999
1
1
1
1
1
1
1
1
1
1
1
1
1
1
1
1
1
1
1
1
1
1
1
1
1
0.999999
1
0.999999
1
0.999999
1
1
1
1
1
1
1
1
1
1
1
1
1
1
1
1
1
1
1
1
1
1
1
1
1
1
1
1
1
1
1
1
1
1
1
1
1
1
1
1
1
1
1
1
0.999998
0.999995
0.999997
1
1.00001
0.999999
0.999995
1.00001
1.00001
0.999986
0.999993
1.00002
1.00001
0.999996
1.00001
1
0.999996
0.999998
0.999998
0.999999
1
1
1
1
1
1
1
1
1
1
1
1
1
1
1
1
1
1
1
1
1
1
1
1
1
1
1
1
1
1
1
1
1
1
1
1
1
1
1
1
1
1
1
1
1
1
1
1
1
1
1
1
1
1
1
1
1
1
1
1
1
1
1
1
1
1
1
1
1
1
1
1
1
1
1
1
1
1
1
1
1
1
0.999998
0.999995
0.999999
1
1
0.999993
1
1.00001
0.999994
0.999991
1
0.999999
0.999994
1
1
1
1
1
1
1
1
1
1
1
1
1
1
1
1
1
1
1
1
1
1
1
1
1
1
1
1
1
1
1
1
1
1
1
1
1
1
1
1
1
1
1
1
1
1
1
1
1
1
1
1
1
1
1
1
1
1
1
1
1
1
1
1
1
1
1
1
1
1
1
1
1
1
1
1
1
1
1
1
1
1
1
0.999999
0.999998
1
1
1
1
0.999997
0.999996
1
1
0.999994
0.999999
1.00001
0.999999
0.999995
1
1
0.999997
1
1
0.999999
0.999999
0.999999
0.999999
0.999999
1
1
1
1
1
1
1
1
1
1
1
1
1
1
1
1
1
1
1
1
1
1
1
1
1
1
1
1
1
1
1
1
1
1
1
1
1
1
1
1
1
1
1
1
1
1
1
1
1
1
1
1
1
1
1
1
1
1
1
1
1
1
1
1
1
1
1
1
1
1
1
1
1
1
1
1
1
0.999999
0.999998
0.999998
1
1
1
0.999999
1
1
0.999996
0.999998
1.00001
1
0.999999
1
1
1
1
1
1
1
1
1
1
1
1
1
1
1
1
1
1
1
1
1
1
1
1
1
1
1
1
1
1
1
1
1
1
1
1
1
1
1
1
1
1
1
1
1
1
1
1
1
1
1
1
1
1
1
1
1
1
1
1
1
1
1
1
1
1
1
1
1
1
1
1
1
1
1
1
1
1
1
1
1
1
1
1
1
1
1
1
1
0.999999
0.999999
1
1
0.999999
1
1
0.999998
0.999997
1
0.999999
0.999998
1
1
1
1
1
1
1
1
1
1
1
1
1
1
1
1
1
1
1
1
1
1
1
1
1
1
1
1
1
1
1
1
1
1
1
1
1
1
1
1
1
1
1
1
1
1
1
1
1
1
1
1
1
1
1
1
1
1
1
1
1
1
1
1
1
1
1
1
1
1
1
1
1
1
1
1
1
1
1
1
1
1
1
0.999999
0.999999
1
1
1
1
1
0.999999
1
1
0.999998
1
1
1
0.999999
1
1
0.999999
1
1
1
1
1
1
1
1
1
1
1
1
1
1
1
1
1
1
1
1
1
1
1
1
1
1
1
1
1
1
1
1
1
1
1
1
1
1
1
1
1
1
1
1
1
1
1
1
1
1
1
1
1
1
1
1
1
1
1
1
1
1
1
1
1
1
1
1
1
1
1
1
1
1
1
1
1
1
1
1
1
1
1
1
1
0.999999
1
1
1
1
1
1
1
1
1
1
1
1
1
1
1
1
1
1
1
1
1
1
1
1
1
1
1
1
1
1
1
1
1
1
1
1
1
1
1
1
1
1
1
1
1
1
1
1
1
1
1
1
1
1
1
1
1
1
1
1
1
1
1
1
1
1
1
1
1
1
1
1
1
1
1
1
1
1
1
1
1
1
1
1
1
1
1
1
1
1
1
1
1
1
1
0.999999
0.999999
1
1
1
1
0.999999
0.999999
1
1
1
1
1
1
0.999999
1
1
1
1
1
1
1
1
1
1
1
1
1
1
1
1
1
1
1
1
1
1
1
1
1
1
1
1
1
1
1
1
1
1
1
1
1
1
1
1
1
1
1
1
1
1
1
1
1
1
1
1
1
1
1
1
1
1
1
1
1
1
1
1
1
1
1
1
1
1
1
1
1
1
1
1
1
1
1
1
1
1
1
1
1
1
1
1
0.999999
1
1
1
1
1
1
1
1
1
1
1
1
1
1
1
1
1
1
1
1
1
1
1
1
1
1
1
1
1
1
1
1
1
1
1
1
1
1
1
1
1
1
1
1
1
1
1
1
1
1
1
1
1
1
1
1
1
1
1
1
1
1
1
1
1
1
1
1
1
1
1
1
1
1
1
1
1
1
1
1
1
1
1
1
1
1
1
1
1
1
1
1
1
1
1
1
1
1
1
1
1
1
1
1
1
1
1
1
1
1
1
1
1
1
1
1
1
1
1
1
1
1
1
1
1
1
1
1
1
1
1
1
1
1
1
1
1
1
1
1
1
1
1
1
1
1
1
1
1
1
1
1
1
1
1
1
1
1
1
1
1
1
1
1
1
1
1
1
1
1
1
1
1
1
1
1
1
1
1
1
1
1
1
1
1
1
1
1
1
1
1
1
1
1
1
1
1
1
1
1
1
1
1
1
1
1
1
1
1
1
1
1
1
1
1
1
1
1
1
1
1
1
1
1
1
1
1
1
1
1
1
1
1
1
1
1
1
1
1
1
1
1
1
1
1
1
1
1
1
1
1
1
1
1
1
1
1
1
1
1
1
1
1
1
1
1
1
1
1
1
1
1
1
1
1
1
1
1
1
1
1
1
1
1
1
1
1
1
1
1
1
1
1
1
1
1
1
1
1
1
1
1
1
1
1
1
1
1
1
1
1
1
1
1
1
1
1
1
1
1
1
1
1
1
1
1
1
1
1
1
1
1
1
1
1
1
1
1
1
1
1
1
1
1
1
1
1
1
1
1
1
1
1
1
1
1
1
1
1
1
1
1
1
1
1
1
1
1
1
1
1
1
1
1
1
1
1
1
1
1
1
1
1
1
1
1
1
1
1
1
1
1
1
1
1
1
1
1
1
1
1
1
1
1
1
1
1
1
1
1
1
1
1
1
1
1
1
1
1
1
1
1
1
1
1
1
1
1
1
1
1
1
1
1
1
1
1
1
1
1
1
1
1
1
1
1
1
1
1
1
1
1
1
1
1
1
1
1
1
1
1
1
1
1
1
1
1
1
1
1
1
1
1
1
1
1
1
1
1
1
1
1
1
1
1
1
1
1
1
1
1
1
1
1
1
1
1
1
1
1
1
1
1
1
1
1
1
1
1
1
1
1
1
1
1
1
1
1
1
1
1
1
1
1
1
1
1
1
1
1
1
1
1
1
1
1
1
1
1
1
1
1
1
1
1
1
1
1
1
1
1
1
1
1
1
1
1
1
1
1
1
1
1
1
1
1
1
1
1
1
1
1
1
1
1
1
1
1
1
1
1
1
1
1
1
1
1
1
1
1
1
1
1
1
1
1
1
1
1
1
1
1
1
1
1
1
1
1
1
1
1
1
1
1
1
1
1
1
1
1
1
1
1
1
1
1
1
1
1
1
1
1
1
1
1
1
1
1
1
1
1
1
1
1
1
1
1
1
1
1
1
1
1
1
1
1
1
1
1
1
1
1
1
1
1
1
1
1
1
1
1
1
1
1
1
1
1
1
1
1
1
1
1
1
1
1
1
1
1
1
1
1
1
1
1
1
1
1
1
1
1
1
1
1
1
1
1
1
1
1
1
1
1
1
1
1
1
1
1
1
1
1
1
1
1
1
1
1
1
1
1
1
1
1
1
1
1
1
1
1
1
1
1
1
1
1
1
1
1
1
1
1
1
1
1
1
1
1
1
1
1
1
1
1
1
1
1
1
1
1
1
1
1
1
1
1
1
1
1
1
1
1
1
1
1
1
1
1
1
1
1
1
1
1
1
1
1
1
1
1
1
1
1
1
1
1
1
1
1
1
1
1
1
1
1
1
1
1
1
1
1
1
1
1
1
1
1
1
1
1
1
1
1
1
)
;

boundaryField
{
    emptyPatches_empt
    {
        type            empty;
    }
    top_cyc
    {
        type            cyclic;
    }
    bottom_cyc
    {
        type            cyclic;
    }
    inlet_cyc
    {
        type            cyclic;
    }
    outlet_cyc
    {
        type            cyclic;
    }
}


// ************************************************************************* //
