/*--------------------------------*- C++ -*----------------------------------*\
  =========                 |
  \\      /  F ield         | OpenFOAM: The Open Source CFD Toolbox
   \\    /   O peration     | Website:  https://openfoam.org
    \\  /    A nd           | Version:  6
     \\/     M anipulation  |
\*---------------------------------------------------------------------------*/
FoamFile
{
    version     2.0;
    format      ascii;
    class       volScalarField;
    location    "5.5";
    object      p;
}
// * * * * * * * * * * * * * * * * * * * * * * * * * * * * * * * * * * * * * //

dimensions      [0 2 -2 0 0 0 0];

internalField   nonuniform List<scalar> 
4096
(
0.0269456
0.0334545
0.0358147
0.0332756
0.0266306
0.0177807
0.0087298
0.000875127
-0.00502831
-0.0086091
-0.00973208
-0.00843176
-0.00479333
0.00110409
0.00900309
0.0181209
0.0365327
0.0410917
0.0411846
0.0363601
0.0277028
0.0173996
0.00774214
0.000343439
-0.00403463
-0.00529347
-0.00377525
-2.56568e-05
0.00548061
0.012456
0.0205776
0.0290789
0.0393293
0.0415348
0.039577
0.0332578
0.0237958
0.0134357
0.00452665
-0.00127986
-0.00332747
-0.00186491
0.00222518
0.00784581
0.0141637
0.020822
0.0276638
0.0342025
0.0359265
0.0357999
0.0323472
0.0255301
0.0165235
0.00740647
0.000366633
-0.00307026
-0.00243601
0.00166403
0.0078384
0.0144911
0.0205136
0.0256153
0.0299901
0.0336334
0.0279472
0.0260003
0.0219382
0.0157431
0.00836661
0.00152873
-0.00292293
-0.00371319
-0.000594317
0.00553718
0.0129077
0.0195611
0.0242405
0.0268422
0.0280365
0.02842
0.0172039
0.0143798
0.0108254
0.00637673
0.0016026
-0.00227956
-0.00388377
-0.00225739
0.00264739
0.00977116
0.0171568
0.0226908
0.0251256
0.0246476
0.0224677
0.0198165
0.00495882
0.00237519
0.000426675
-0.00134874
-0.00287344
-0.00350761
-0.00238664
0.00109168
0.00682371
0.0137371
0.0199132
0.0233061
0.0228425
0.0190789
0.0137751
0.00874712
-0.00820825
-0.00963341
-0.0092328
-0.00785011
-0.00592195
-0.00338139
0.000111962
0.00480542
0.0104838
0.0161826
0.0202099
0.0207843
0.0171439
0.0102565
0.00237969
-0.0041977
-0.0216666
-0.0214653
-0.0185427
-0.0141099
-0.00904447
-0.00376686
0.00159029
0.00693293
0.0119526
0.0158605
0.0173129
0.0149246
0.00832178
-0.00114069
-0.0108253
-0.0181368
-0.0337973
-0.0319035
-0.0268024
-0.0199802
-0.0126061
-0.00543043
0.0010548
0.0064677
0.0104278
0.012353
0.0113069
0.0063623
-0.00246371
-0.0135322
-0.0240187
-0.0312355
-0.0419741
-0.0384776
-0.0318134
-0.0236208
-0.0151735
-0.00733794
-0.000780516
0.00394881
0.00645465
0.006386
0.00323424
-0.00346246
-0.013354
-0.0246839
-0.0346918
-0.0408506
-0.0436401
-0.0386112
-0.0310492
-0.0226374
-0.0145628
-0.00756349
-0.00223748
0.000880565
0.00147762
-0.000539628
-0.00526106
-0.0127179
-0.0223214
-0.032387
-0.0404821
-0.0445004
-0.0375522
-0.0310891
-0.0232797
-0.0157624
-0.00946793
-0.00476941
-0.0019403
-0.0012943
-0.00295554
-0.00675165
-0.0124057
-0.0195995
-0.0276215
-0.0350291
-0.0399323
-0.0408599
-0.0244123
-0.0168231
-0.00944
-0.00377718
-0.000379272
0.000927918
0.000402114
-0.00187933
-0.00577908
-0.0108981
-0.0167071
-0.0226773
-0.0281066
-0.0319158
-0.0328747
-0.0302541
-0.00678288
0.00130964
0.00756932
0.0106816
0.0105626
0.00802091
0.00395104
-0.00109026
-0.00669298
-0.0123278
-0.0173905
-0.0213339
-0.0236058
-0.0235476
-0.020581
-0.0146828
0.0115998
0.0193421
0.0238573
0.0240942
0.0204374
0.0143051
0.00721101
0.0001808
-0.00615453
-0.0112722
-0.0147037
-0.0160977
-0.0151782
-0.0116942
-0.00559159
0.00261944
0.0351393
0.0416037
0.0437156
0.0408954
0.0338867
0.0243664
0.0142126
0.00500664
-0.00207613
-0.00627238
-0.00728368
-0.00522288
-0.000394955
0.00684857
0.0159693
0.0259433
0.0473433
0.0518194
0.0515014
0.0461475
0.0368794
0.0257545
0.0149858
0.00634646
0.000946472
-0.000795363
0.00090654
0.00543921
0.012152
0.0205288
0.0299757
0.0394502
0.0516995
0.0538484
0.0513932
0.0443585
0.0340802
0.0227807
0.0127969
0.00592153
0.00307244
0.00422104
0.00855003
0.0148961
0.0223098
0.030288
0.0384561
0.0460438
0.0484292
0.0483728
0.044483
0.036924
0.0270406
0.0169812
0.00898242
0.0046935
0.00475576
0.00867607
0.0150559
0.0222326
0.0290594
0.0352187
0.0407839
0.0454913
0.0391496
0.0374857
0.0331891
0.0263963
0.0182479
0.0105938
0.00537448
0.00396876
0.00671667
0.0127342
0.0201732
0.0270159
0.0320571
0.0353076
0.0374419
0.0388476
0.0259993
0.023689
0.0201618
0.0153487
0.0100007
0.00549862
0.00334749
0.00458333
0.0092788
0.0163047
0.0235747
0.0289235
0.0312413
0.0309648
0.0294327
0.0277242
0.010772
0.00886306
0.00714576
0.00520306
0.00327942
0.00219407
0.00294733
0.00621111
0.0118591
0.0186905
0.0246176
0.0275477
0.0266052
0.0226943
0.0177935
0.0136162
-0.00536538
-0.00608377
-0.00538802
-0.00410456
-0.00251694
-0.00037127
0.00282362
0.00738713
0.0130644
0.0187347
0.0225118
0.0225557
0.0183141
0.0111344
0.00353232
-0.00227654
-0.0212921
-0.0204802
-0.0173438
-0.013083
-0.00843558
-0.00363647
0.00134848
0.00652265
0.0115609
0.015529
0.0168791
0.0141337
0.00708114
-0.00258506
-0.0119867
-0.0185893
-0.0351109
-0.032782
-0.0276304
-0.0211253
-0.0143194
-0.00779781
-0.00187495
0.00321094
0.00712644
0.00919574
0.00828782
0.0033337
-0.00558428
-0.016591
-0.0266834
-0.0332334
-0.044135
-0.0403935
-0.0338338
-0.0260719
-0.0183087
-0.0112968
-0.00553262
-0.0013676
0.00094433
0.00104504
-0.00173636
-0.00805187
-0.0176047
-0.0285387
-0.0380036
-0.0435352
-0.0458565
-0.0407296
-0.0333501
-0.0253732
-0.0179785
-0.0118771
-0.00753516
-0.00524167
-0.0050605
-0.00698293
-0.0112053
-0.0179774
-0.0268722
-0.0362435
-0.0436636
-0.0470964
-0.0390631
-0.0325761
-0.0249331
-0.0177383
-0.0119878
-0.00813833
-0.00640019
-0.0068157
-0.00915843
-0.0130382
-0.0182101
-0.0245732
-0.031652
-0.0381557
-0.042286
-0.0426552
-0.0244323
-0.0168314
-0.00954769
-0.00404656
-0.000995403
-0.000410658
-0.00205541
-0.00558168
-0.0104245
-0.0158635
-0.0213207
-0.0264556
-0.0308363
-0.0336122
-0.0337161
-0.0305268
-0.00453067
0.00358035
0.00978064
0.012834
0.0125131
0.00936478
0.00418892
-0.00220944
-0.00895326
-0.0151201
-0.0199868
-0.023152
-0.0243344
-0.0231463
-0.0192282
-0.012702
0.0167328
0.024477
0.0288835
0.0290235
0.0251646
0.0184508
0.0102621
0.00183993
-0.00572125
-0.0114802
-0.0148079
-0.0154583
-0.0134068
-0.00868725
-0.00150515
0.00743655
0.03882
0.0446144
0.0461222
0.0429143
0.0356164
0.0256607
0.0148437
0.00495796
-0.00247829
-0.00648483
-0.00678604
-0.0036916
0.00223887
0.0104066
0.0200623
0.0300617
0.0524442
0.0562775
0.0552526
0.0493208
0.0395631
0.0278617
0.0163716
0.0070477
0.00129528
-0.000279458
0.00209175
0.0076359
0.0154956
0.0249335
0.0351239
0.0448404
0.0576751
0.0593456
0.0561938
0.0484535
0.037501
0.0254807
0.0147178
0.00716118
0.00395856
0.00521635
0.0100924
0.0173068
0.0257802
0.0348568
0.0439465
0.0520445
0.0544802
0.0542287
0.049797
0.0415422
0.0309138
0.0200758
0.0113048
0.00637999
0.00609778
0.0100319
0.0167404
0.0244917
0.0321098
0.0392353
0.0457873
0.0512454
0.0444576
0.0429341
0.0383557
0.0310127
0.0221877
0.0138191
0.00792682
0.00599094
0.00842933
0.0143506
0.0218373
0.0288492
0.0342652
0.0381906
0.0412401
0.0435526
0.0299508
0.028073
0.0245335
0.0193729
0.0135009
0.00843293
0.00577687
0.00663867
0.0110967
0.0179434
0.0249947
0.0301012
0.0323417
0.03238
0.0315975
0.0308505
0.0131162
0.0118031
0.010246
0.00810653
0.00579462
0.00429094
0.00470949
0.00776469
0.0132787
0.0199152
0.0254617
0.0278636
0.0265044
0.022611
0.0182829
0.0150391
-0.00446671
-0.00458819
-0.0037163
-0.00260801
-0.00137639
0.000408492
0.00335933
0.00782593
0.0134727
0.0190115
0.0224103
0.0218641
0.0170969
0.0098107
0.00267457
-0.00227019
-0.0213726
-0.020093
-0.0169031
-0.0129268
-0.00873026
-0.00436704
0.000330636
0.00541064
0.0104776
0.0144325
0.0155691
0.0124137
0.004987
-0.00470122
-0.0136357
-0.019446
-0.0356451
-0.0330392
-0.028017
-0.0219646
-0.0157764
-0.00986507
-0.00439543
0.000481287
0.00441417
0.0065998
0.00574604
0.000731978
-0.00822127
-0.0190157
-0.0285615
-0.034385
-0.0447658
-0.0409372
-0.0346622
-0.0274781
-0.0204669
-0.0142431
-0.00914428
-0.00537344
-0.0031175
-0.00279871
-0.00524358
-0.011223
-0.0204207
-0.0308765
-0.0397142
-0.0446052
-0.0464318
-0.0413773
-0.0343584
-0.0269687
-0.0203373
-0.0151053
-0.0115909
-0.00987292
-0.00985056
-0.011503
-0.0151691
-0.02128
-0.0295048
-0.0382082
-0.0449897
-0.0479173
-0.0394785
-0.0331953
-0.0259153
-0.0191998
-0.0140805
-0.0110416
-0.0101843
-0.0112959
-0.0138948
-0.0175032
-0.0219981
-0.0275037
-0.0337319
-0.0394947
-0.0430608
-0.0431099
-0.0244432
-0.0171702
-0.0102312
-0.00505417
-0.00242172
-0.00248524
-0.00496018
-0.00922515
-0.014392
-0.0195886
-0.0243319
-0.0285265
-0.0319857
-0.0340275
-0.0336829
-0.0303715
-0.00370785
0.00394228
0.00977326
0.012605
0.0120467
0.00842248
0.00251346
-0.00460924
-0.0117078
-0.0176625
-0.0218162
-0.0240102
-0.0242364
-0.0223202
-0.0180334
-0.0115358
0.0188559
0.0260096
0.0299503
0.0298468
0.0258029
0.0186988
0.00984729
0.000731335
-0.00718821
-0.0127501
-0.0153654
-0.0150136
-0.0119456
-0.00643594
0.00113838
0.0100085
0.0364463
0.0412709
0.0421919
0.0388352
0.0316189
0.0217194
0.0108826
0.00108177
-0.00595816
-0.00922312
-0.00859681
-0.00462925
0.0019024
0.0102408
0.0195555
0.0287471
0.0500935
0.0530105
0.051333
0.0451121
0.0352791
0.0235008
0.0118845
0.00254444
-0.00292565
-0.0038809
-0.000681562
0.00570711
0.014253
0.0240662
0.0341926
0.0433684
0.0554758
0.0564486
0.0526841
0.0445456
0.0333375
0.0210618
0.0100215
0.00230099
-0.000797399
0.000864232
0.00634916
0.0142547
0.0234048
0.0330347
0.0423991
0.0503639
0.0524445
0.0518188
0.0469166
0.0382347
0.027227
0.0160004
0.00684254
0.00163942
0.00129126
0.00537896
0.0123934
0.0205587
0.0287064
0.036447
0.0435518
0.0492956
0.0425383
0.0409736
0.0361177
0.0283956
0.0191578
0.0103628
0.00407049
0.00183188
0.00410514
0.00996502
0.0174405
0.0245203
0.0302019
0.0346624
0.0384086
0.0413289
0.0281194
0.0264513
0.0228019
0.0173377
0.0110846
0.00563679
0.00265985
0.00329182
0.0075841
0.0142447
0.0210337
0.0258853
0.0280934
0.0284939
0.0284166
0.028452
0.0114543
0.0104627
0.00887226
0.00646778
0.00380935
0.00199587
0.00220809
0.00515915
0.0105874
0.017024
0.0221865
0.0241312
0.0225182
0.0188179
0.0151278
0.0127053
-0.00572538
-0.00555219
-0.00474987
-0.00394605
-0.00308221
-0.00158692
0.00122699
0.00569257
0.0113591
0.0167749
0.0198187
0.0187945
0.0137161
0.00655202
-7.97572e-06
-0.00417343
-0.0219367
-0.0204765
-0.0174706
-0.0139059
-0.0101704
-0.00616667
-0.00163917
0.00345544
0.00861236
0.0125641
0.0134983
0.0100209
0.00240679
-0.00709582
-0.0154602
-0.0205551
-0.0353946
-0.0327407
-0.0280253
-0.0225001
-0.016896
-0.0114803
-0.00631099
-0.00150287
0.00252693
0.00482873
0.00399047
-0.00108036
-0.0099815
-0.020441
-0.0293842
-0.0345587
-0.0439403
-0.0401733
-0.0342736
-0.0276662
-0.0213119
-0.0157065
-0.0110634
-0.00748997
-0.00517039
-0.00463348
-0.00683892
-0.0125952
-0.0214975
-0.0314879
-0.0397271
-0.0440707
-0.0455842
-0.0406839
-0.0340358
-0.0271623
-0.0211422
-0.0165508
-0.0135785
-0.0121489
-0.0120832
-0.0134237
-0.0166576
-0.0223246
-0.0300999
-0.0383176
-0.0446165
-0.0471861
-0.0392028
-0.0331874
-0.0262346
-0.0198809
-0.0151977
-0.0126825
-0.0123273
-0.0137205
-0.0162387
-0.0194311
-0.0233399
-0.0282626
-0.034
-0.0393862
-0.0427134
-0.0427033
-0.025082
-0.0182454
-0.0116116
-0.00661662
-0.00417416
-0.00454171
-0.00736574
-0.0118061
-0.0167901
-0.0214482
-0.0254764
-0.0290033
-0.0319964
-0.0338375
-0.0335651
-0.0305627
-0.00523706
0.00175925
0.00723937
0.0100097
0.00947936
0.00578054
-0.0002874
-0.00743668
-0.0142231
-0.0195141
-0.0228379
-0.0242905
-0.0240642
-0.0220863
-0.0181371
-0.0122898
0.0167266
0.0230194
0.0264978
0.0263416
0.0224268
0.0153865
0.00650675
-0.00252828
-0.0100453
-0.014859
-0.0165596
-0.0153878
-0.0118186
-0.0062634
0.000865846
0.00889113
0.0295745
0.0335846
0.0342575
0.0311311
0.0243462
0.0148586
0.00441774
-0.0048527
-0.0111403
-0.0135247
-0.0121097
-0.0076654
-0.00111226
0.00673871
0.0151047
0.0230681
0.0418129
0.0439448
0.0419633
0.0358732
0.0263624
0.0148883
0.00355267
-0.00539259
-0.0102644
-0.0104883
-0.00660225
0.000257333
0.00894517
0.0185018
0.0279554
0.0361405
0.0465622
0.0469142
0.0428476
0.0347268
0.0236762
0.0115298
0.000585986
-0.00695341
-0.00970612
-0.00758122
-0.00163434
0.0066404
0.0160196
0.0256767
0.0347801
0.042178
0.0437148
0.0426879
0.037516
0.0287444
0.017728
0.00646536
-0.00275484
-0.00796252
-0.00820644
-0.003943
0.00325722
0.0116178
0.0200096
0.0280147
0.0352672
0.0409069
0.0347197
0.0329394
0.0278326
0.0199201
0.0105394
0.00160547
-0.00481666
-0.00713752
-0.00489753
0.000928424
0.00834746
0.0154283
0.0212963
0.0261509
0.0303403
0.0335266
0.0217767
0.0199859
0.0160595
0.0103037
0.00381045
-0.00180987
-0.00488579
-0.00429096
-3.32876e-05
0.00651364
0.0131019
0.0177998
0.0201004
0.0209165
0.0214246
0.0219359
0.00699997
0.0058808
0.00394032
0.00113854
-0.00183641
-0.00382293
-0.00363217
-0.000602821
0.00488936
0.0112539
0.0161908
0.0179119
0.0163181
0.0129977
0.00991383
0.00802674
-0.00800627
-0.00802093
-0.00765908
-0.00735371
-0.00688259
-0.00558012
-0.00274077
0.00190171
0.00775124
0.0132011
0.0160898
0.0148698
0.00980312
0.00299313
-0.00298868
-0.00664426
-0.0219584
-0.0207372
-0.0182319
-0.0152376
-0.0119733
-0.00823148
-0.00371613
0.00156745
0.0069718
0.0110592
0.0119512
0.00837579
0.000836402
-0.00829268
-0.0160964
-0.0207202
-0.0334456
-0.0310259
-0.0267985
-0.0218518
-0.0167726
-0.0117185
-0.00667617
-0.0017621
0.00249894
0.00499234
0.00421687
-0.000835906
-0.0095734
-0.0196199
-0.0280086
-0.0327373
-0.0407985
-0.037206
-0.0316971
-0.025586
-0.0197409
-0.0145663
-0.0101746
-0.0066142
-0.00412253
-0.00337421
-0.00543958
-0.0110904
-0.0197798
-0.0293681
-0.0371063
-0.0410542
-0.0423981
-0.0376105
-0.0312032
-0.0246553
-0.0190261
-0.0148384
-0.0121644
-0.0108131
-0.0106031
-0.0117009
-0.0147289
-0.0202464
-0.0278404
-0.0357783
-0.0417485
-0.0440699
-0.0371617
-0.0312686
-0.0244161
-0.0181673
-0.0136608
-0.0113989
-0.0112592
-0.012678
-0.0149864
-0.0178438
-0.0214569
-0.0262061
-0.0318635
-0.0372067
-0.040521
-0.0405563
-0.025074
-0.0184843
-0.0118807
-0.00678215
-0.00425772
-0.00463976
-0.00748316
-0.0117795
-0.0163866
-0.0205411
-0.0241361
-0.0274465
-0.0304737
-0.0325593
-0.03268
-0.0301392
-0.00767451
-0.00114277
0.0042824
0.00729365
0.00707117
0.00360264
-0.0022543
-0.00904378
-0.0152421
-0.0198251
-0.0225453
-0.0236982
-0.0235688
-0.0220717
-0.0188936
-0.0139398
0.0118828
0.0174873
0.0208179
0.0209411
0.0174598
0.0108098
0.00230309
-0.00621586
-0.0129902
-0.0169413
-0.0178948
-0.0163197
-0.0128248
-0.00784379
-0.00169977
0.00513645
0.0216807
0.0252952
0.0260984
0.0234154
0.0171068
0.00801175
-0.00202178
-0.0107204
-0.0162617
-0.0178904
-0.0159415
-0.0113592
-0.00513421
0.00195032
0.00924173
0.0160659
0.0312589
0.0329756
0.0310766
0.0253831
0.0163089
0.00517986
-0.00582369
-0.0143095
-0.0185729
-0.0181713
-0.0138262
-0.00680593
0.00168368
0.0106733
0.0192508
0.0264308
0.0345744
0.0345539
0.0305156
0.0226957
0.0119813
7.59652e-05
-0.0106689
-0.0179353
-0.0203148
-0.0178055
-0.0115731
-0.0031666
0.00616949
0.0155665
0.0241563
0.0308555
0.0317245
0.0303536
0.025106
0.0164782
0.00565502
-0.00547807
-0.0146107
-0.0196994
-0.019781
-0.0153676
-0.00806532
0.000382156
0.00887961
0.0169478
0.0240875
0.029379
0.0240804
0.021908
0.0165453
0.00855916
-0.000793367
-0.00967852
-0.0160427
-0.0182827
-0.0159655
-0.0101132
-0.0027021
0.0044424
0.0105342
0.0157086
0.0201075
0.0232201
0.0135578
0.0112432
0.00682263
0.000744645
-0.00588402
-0.0114939
-0.0144533
-0.0136868
-0.00928484
-0.00268792
0.00389155
0.00867051
0.0112726
0.0125575
0.013457
0.0140323
0.00191538
0.000111173
-0.00255483
-0.00590518
-0.00915668
-0.0111477
-0.0107438
-0.00738554
-0.00158661
0.00495734
0.00996953
0.0118219
0.0105699
0.00776667
0.00512447
0.00331868
-0.00960357
-0.0104056
-0.0109109
-0.0113006
-0.0112103
-0.00993932
-0.00682852
-0.00173206
0.00458001
0.0103547
0.0134222
0.0123847
0.00766842
0.00136124
-0.00420121
-0.00780689
-0.0201263
-0.0196627
-0.0180156
-0.0157434
-0.0129171
-0.00926815
-0.00451389
0.00124121
0.00716989
0.0116572
0.0127811
0.00940016
0.00218613
-0.00648206
-0.013899
-0.018477
-0.0287576
-0.0269185
-0.023382
-0.0190582
-0.0144159
-0.00953774
-0.00437352
0.000913955
0.00564267
0.0085066
0.00793129
0.00302046
-0.0054616
-0.0151109
-0.0231349
-0.0277673
-0.0343735
-0.0310944
-0.0260008
-0.0203131
-0.0148368
-0.00989998
-0.00552628
-0.00174522
0.00108792
0.00210808
0.00014961
-0.00546733
-0.0140236
-0.0233228
-0.0307416
-0.0345303
-0.0357358
-0.0310084
-0.024719
-0.0183448
-0.0129496
-0.00899306
-0.00642036
-0.00496316
-0.00451609
-0.00542746
-0.00843537
-0.0140377
-0.0216615
-0.0294886
-0.0352681
-0.0374426
-0.0318219
-0.0258513
-0.0188832
-0.0125628
-0.00810528
-0.00597814
-0.00591416
-0.00723205
-0.00930523
-0.0119673
-0.0155674
-0.0204733
-0.0263305
-0.0318113
-0.0351868
-0.0352382
-0.0223507
-0.0157067
-0.00886749
-0.00350136
-0.000824466
-0.00117452
-0.00396272
-0.00804175
-0.0122894
-0.016116
-0.0195931
-0.0230485
-0.0264119
-0.0289167
-0.0294529
-0.0272472
-0.0083912
-0.00195445
0.00371657
0.00711964
0.00722493
0.00397081
-0.00165366
-0.00804455
-0.0136862
-0.0177326
-0.0201531
-0.0213644
-0.0216433
-0.0208118
-0.0184167
-0.0141854
0.00744447
0.0127724
0.0162957
0.0168642
0.0138241
0.00752278
-0.000612432
-0.00858589
-0.0146406
-0.0178774
-0.0183621
-0.0167319
-0.0136413
-0.00945957
-0.00435226
0.001451
0.0157612
0.0193602
0.0204742
0.0181577
0.0120659
0.0030723
-0.00676611
-0.0150219
-0.0199251
-0.0209369
-0.0186209
-0.0140517
-0.00823337
-0.00186833
0.00455553
0.0105999
0.02181
0.0234586
0.0218578
0.0165676
0.00777152
-0.00321133
-0.0140256
-0.0221349
-0.0258675
-0.0249534
-0.0202931
-0.0132562
-0.00507569
0.00330745
0.011087
0.0174865
0.0230019
0.0228428
0.0190347
0.0115982
0.00118849
-0.0105419
-0.0211227
-0.0281222
-0.0301497
-0.0273161
-0.0208848
-0.0124427
-0.00325684
0.00576701
0.0137666
0.0197925
0.0197908
0.0181279
0.0129289
0.00456104
-0.00599108
-0.0169289
-0.0258939
-0.0307823
-0.0306495
-0.0260669
-0.0186541
-0.01012
-0.00156762
0.00642088
0.0132356
0.0179873
0.0135253
0.0107955
0.00517107
-0.00279241
-0.0119727
-0.0206399
-0.0267657
-0.0287577
-0.026228
-0.0202322
-0.0127007
-0.00536586
0.000995393
0.00636457
0.0106677
0.0133205
0.00579607
0.00258667
-0.00247945
-0.00883893
-0.0154345
-0.0207963
-0.0233793
-0.022196
-0.0174309
-0.0105684
-0.0037548
0.00135207
0.00440083
0.00607056
0.00700637
0.00711461
-0.00211078
-0.00511391
-0.00876899
-0.0126813
-0.0160359
-0.0177499
-0.0168122
-0.0128135
-0.0064194
0.000592303
0.00599563
0.00829496
0.00758661
0.00524484
0.0026676
0.000329065
-0.0094679
-0.0116151
-0.0132889
-0.0144042
-0.0145113
-0.0129571
-0.00920776
-0.00329625
0.00380927
0.0102227
0.0137886
0.0132361
0.00905438
0.00318053
-0.0023514
-0.00654168
-0.0159503
-0.0167416
-0.0162075
-0.0146569
-0.0120611
-0.00816414
-0.00277272
0.00384295
0.0106352
0.0158087
0.0174158
0.0144373
0.00764099
-0.00069447
-0.0081229
-0.0132545
-0.0212412
-0.0203449
-0.0176504
-0.0138908
-0.00945632
-0.00440623
0.00128427
0.00733447
0.0128448
0.0162958
0.0160558
0.0113534
0.00309149
-0.00636166
-0.0144125
-0.0194641
-0.0247443
-0.0219785
-0.0173405
-0.0119751
-0.00664997
-0.00163783
0.00308742
0.00744313
0.0108773
0.0122955
0.0104541
0.00480234
-0.00376218
-0.0130117
-0.0204525
-0.0244685
-0.025567
-0.02095
-0.0147426
-0.00844821
-0.00313896
0.0008059
0.00355938
0.00540064
0.00626784
0.00558013
0.00250455
-0.00333675
-0.0111726
-0.019097
-0.0249163
-0.0271605
-0.0227707
-0.0166499
-0.00949939
-0.00307506
0.00135632
0.00342154
0.00355725
0.00250836
0.000764922
-0.00173721
-0.0054668
-0.0107073
-0.0169188
-0.0226498
-0.0261562
-0.0262441
-0.0159067
-0.00903285
-0.00188411
0.0036966
0.00640154
0.00598873
0.00324867
-0.000568236
-0.00444917
-0.00803548
-0.0115566
-0.0153193
-0.0191128
-0.0220326
-0.0228851
-0.0208412
-0.00567889
0.000931303
0.00693698
0.0106145
0.0108036
0.00752827
0.00199608
-0.00405814
-0.00920661
-0.0128385
-0.0151258
-0.0165387
-0.0172747
-0.0170218
-0.0151857
-0.011352
0.00581941
0.0112156
0.0150595
0.0159466
0.0130537
0.00679365
-0.00118443
-0.00873655
-0.0141762
-0.0168387
-0.0170239
-0.0154809
-0.0128409
-0.00935787
-0.00502348
0.000141927
0.0128073
0.0165655
0.0179378
0.0157242
0.0094979
0.000318307
-0.00947201
-0.0173213
-0.0215917
-0.0220146
-0.0193816
-0.014859
-0.0094146
-0.00362966
0.0021838
0.00778331
0.0149673
0.0167327
0.0154512
0.0104144
0.0016676
-0.00935298
-0.0200559
-0.02779
-0.0309841
-0.0295828
-0.0246652
-0.0176786
-0.00985
-0.002052
0.00505124
0.0108913
0.0136034
0.0134476
0.00995106
0.0028856
-0.00727947
-0.0188649
-0.0292469
-0.0359111
-0.0375359
-0.0343704
-0.0277746
-0.0193706
-0.0104469
-0.00192007
0.00541235
0.010787
0.00964081
0.00774052
0.00270138
-0.0052944
-0.0154672
-0.0260811
-0.0347267
-0.0392716
-0.0388222
-0.034014
-0.0264752
-0.0178991
-0.00943498
-0.00177032
0.00444214
0.00844822
0.00448825
0.00114589
-0.00463198
-0.0123714
-0.0211359
-0.0293266
-0.0349669
-0.0365074
-0.0336186
-0.0273745
-0.0196482
-0.0121141
-0.00561465
-0.000362263
0.00341333
0.00519582
-0.000561544
-0.00482527
-0.0104526
-0.016841
-0.023068
-0.0278311
-0.0297229
-0.0278763
-0.0225704
-0.0153033
-0.00813602
-0.00264202
0.000754663
0.00247864
0.00292802
0.00201152
-0.00473054
-0.00916561
-0.0137509
-0.0179468
-0.021011
-0.0220327
-0.0201945
-0.0152751
-0.00808883
-0.000459614
0.00546462
0.00828594
0.00804018
0.00583011
0.00275775
-0.000749318
-0.00788321
-0.0116365
-0.0144308
-0.0159776
-0.0158482
-0.0135426
-0.00873658
-0.00169369
0.00641419
0.0136021
0.0177639
0.0177361
0.0139838
0.00820344
0.00213454
-0.00329367
-0.0103
-0.0125924
-0.0131169
-0.0119835
-0.0091581
-0.00449978
0.00199983
0.00983355
0.0177087
0.0236753
0.0258006
0.0231881
0.0166405
0.00826646
0.000263326
-0.00604976
-0.0122276
-0.01248
-0.0105636
-0.00707254
-0.00238925
0.00336417
0.010089
0.0172954
0.023818
0.0279356
0.0280024
0.0233902
0.0151082
0.00544729
-0.00317508
-0.00921814
-0.0135145
-0.0114226
-0.00718466
-0.00189615
0.00367375
0.00925256
0.0148288
0.0201636
0.0244376
0.026321
0.0245322
0.0186809
0.00983488
0.000237171
-0.00771582
-0.0124442
-0.0135345
-0.00914901
-0.00300775
0.00334653
0.00883188
0.0131377
0.0164954
0.0190931
0.0206144
0.0202213
0.0170175
0.0107828
0.00249615
-0.00584855
-0.012084
-0.0147549
-0.0114414
-0.00525273
0.00203316
0.00855141
0.0130241
0.0152128
0.0157033
0.0152166
0.0140098
0.011746
0.00785687
0.00218364
-0.00452639
-0.0106899
-0.014529
-0.0148374
-0.00673434
0.000339191
0.00769063
0.01332
0.0159099
0.0154068
0.0128254
0.0094522
0.00609217
0.0028177
-0.00074898
-0.0048517
-0.00910567
-0.0124553
-0.0136205
-0.0117202
8.71037e-05
0.00691179
0.0131186
0.0167913
0.0167542
0.0132514
0.0077662
0.0021162
-0.00245365
-0.00562923
-0.00778203
-0.00939177
-0.010532
-0.0107352
-0.00927357
-0.00562949
0.00733276
0.0129158
0.0169679
0.0178593
0.0147288
0.00821009
0.000250165
-0.00689401
-0.0116947
-0.0137827
-0.0136904
-0.0122346
-0.00997103
-0.00700659
-0.00316426
0.00169188
0.0119428
0.0158495
0.017302
0.0149137
0.00830865
-0.00115908
-0.0108503
-0.0181671
-0.0216989
-0.0214959
-0.0185687
-0.0141298
-0.0090585
-0.0037764
0.00158279
0.00692491
0.0104187
0.0123449
0.0113011
0.00635781
-0.00247125
-0.0135478
-0.0240448
-0.0312702
-0.0338357
-0.03194
-0.0268332
-0.0200037
-0.012623
-0.00544243
0.00104538
0.00645874
0.00644495
0.00637984
0.00323267
-0.00346167
-0.0133569
-0.0246971
-0.0347184
-0.0408882
-0.042017
-0.0385189
-0.0318486
-0.0236488
-0.015195
-0.00735469
-0.000794171
0.00393708
0.00146748
-0.000544042
-0.00525936
-0.0127133
-0.0223209
-0.032398
-0.040508
-0.0445389
-0.0436847
-0.0386546
-0.0310869
-0.0226685
-0.0145883
-0.00758486
-0.00225535
0.000866178
-0.00296542
-0.00675455
-0.0124022
-0.0195933
-0.0276198
-0.0350389
-0.0399567
-0.0408967
-0.0375953
-0.0311313
-0.023317
-0.0157942
-0.00949555
-0.0047937
-0.00196089
-0.00131012
-0.00578798
-0.0108998
-0.0167032
-0.0226719
-0.0281058
-0.0319255
-0.032897
-0.0302871
-0.0244506
-0.0168608
-0.00947382
-0.00380717
-0.000406736
0.00090275
0.000380666
-0.00189513
-0.00670035
-0.0123286
-0.0173872
-0.0213305
-0.023607
-0.0235571
-0.0206
-0.0147095
-0.00681337
0.00127948
0.00754141
0.0106553
0.0105369
0.00799642
0.00393018
-0.00110491
-0.00616034
-0.0112723
-0.0147012
-0.0160964
-0.015181
-0.0117027
-0.0056056
0.00260118
0.0115793
0.0193213
0.0238365
0.0240723
0.020414
0.0142819
0.00719126
0.000167619
-0.00503366
-0.00860951
-0.00973122
-0.00843274
-0.00479758
0.00109689
0.00899415
0.0181111
0.026935
0.0334427
0.0358004
0.0332574
0.0266087
0.017758
0.00871048
0.000862524
-0.00404184
-0.0052965
-0.00377791
-3.05015e-05
0.0054735
0.0124485
0.0205716
0.0290749
0.0365293
0.0410863
0.0411743
0.0363433
0.0276806
0.0173757
0.00772145
0.000329339
-0.00333918
-0.00187332
0.00221646
0.0078349
0.0141515
0.0208115
0.0276573
0.0342003
0.0393287
0.0415316
0.0395671
0.0332398
0.0237713
0.0134091
0.00450279
-0.00129767
-0.0024532
0.00164893
0.00782237
0.014473
0.0204951
0.0255997
0.0299801
0.0336288
0.0359242
0.0357948
0.0323351
0.0255095
0.0164964
0.00737718
0.000339688
-0.0030922
-0.000615116
0.00551694
0.0128858
0.0195372
0.0242167
0.0268217
0.0280216
0.0284106
0.0279401
0.025991
0.0219228
0.0157206
0.008339
0.00149965
-0.00295007
-0.00373682
0.00262683
0.00974951
0.0171328
0.0226649
0.0250997
0.0246242
0.0224485
0.0198013
0.0171907
0.0143653
0.0108072
0.00635457
0.00157803
-0.00230415
-0.00390673
-0.00227855
0.00680671
0.0137178
0.0198915
0.0232828
0.0228185
0.0190554
0.0137529
0.00872657
0.00493927
0.00235568
0.000406673
-0.00136884
-0.00289262
-0.00352502
-0.00240253
0.00107601
0.0104711
0.0161675
0.0201932
0.0207666
0.0171248
0.0102351
0.00235588
-0.00422321
-0.00823414
-0.00965815
-0.00925502
-0.00786882
-0.00593673
-0.00339277
0.000102233
0.00479503
0.0115571
0.0155225
0.0168718
0.0141263
0.00707166
-0.00259931
-0.0120069
-0.0186141
-0.0213184
-0.020504
-0.0173621
-0.0130941
-0.0084397
-0.00363581
0.00135041
0.00652244
0.00712296
0.00919126
0.00828469
0.00333179
-0.00558868
-0.0166026
-0.0267045
-0.0332621
-0.0351424
-0.0328108
-0.0276523
-0.0211387
-0.014325
-0.00779823
-0.00187392
0.00321019
0.000942129
0.0010438
-0.00173425
-0.00804736
-0.0176029
-0.028546
-0.038023
-0.0435644
-0.0441683
-0.0404241
-0.0338572
-0.0260866
-0.0183157
-0.0112987
-0.00553278
-0.00136861
-0.00505984
-0.00697956
-0.0111973
-0.0179665
-0.0268642
-0.0362455
-0.0436789
-0.0471227
-0.0458878
-0.0407588
-0.0333724
-0.0253875
-0.0179858
-0.0118797
-0.00753562
-0.00524163
-0.0091541
-0.0130301
-0.0181973
-0.0245578
-0.0316399
-0.0381534
-0.0422967
-0.0426769
-0.03909
-0.0326015
-0.0249526
-0.0177509
-0.0119947
-0.00814115
-0.00640026
-0.00681372
-0.0104171
-0.0158521
-0.0213055
-0.0264391
-0.0308235
-0.0336083
-0.0337236
-0.0305438
-0.0244538
-0.0168518
-0.00956344
-0.00405724
-0.001002
-0.000413914
-0.00205531
-0.005578
-0.00894424
-0.0151073
-0.0199719
-0.0231376
-0.0243241
-0.0231434
-0.0192338
-0.0127144
-0.00454637
0.00356549
0.00976869
0.0128248
0.012506
0.00936019
0.00418821
-0.00220521
-0.00571227
-0.0114679
-0.0147949
-0.0154474
-0.0134001
-0.00868588
-0.00150898
0.00742883
0.0167233
0.0244677
0.028875
0.029015
0.025156
0.0184438
0.0102593
0.00184325
-0.00206881
-0.00626188
-0.0072737
-0.00521589
-0.000391714
0.00684866
0.0159674
0.0259404
0.0351359
0.0415995
0.0437098
0.0408868
0.0338759
0.0243562
0.0142068
0.00500767
0.000950557
-0.000788238
0.000912618
0.00544203
0.0121519
0.0205276
0.0299754
0.0394513
0.0473447
0.0518191
0.051497
0.0461378
0.0368657
0.0257404
0.0149761
0.00634393
0.00307198
0.00422328
0.00855099
0.014894
0.0223059
0.030285
0.0384562
0.046047
0.0517035
0.0538497
0.0513886
0.0443469
0.0340633
0.022763
0.0127832
0.00591477
0.00475067
0.00867277
0.015051
0.0222251
0.0290511
0.0352128
0.0407825
0.0454941
0.0484331
0.0483735
0.0444772
0.0369107
0.0270222
0.0169617
0.00896638
0.00468332
0.00670867
0.0127265
0.0201632
0.0270037
0.0320447
0.0352982
0.0374373
0.0388474
0.0391508
0.0374841
0.0331819
0.0263831
0.0182307
0.0105761
0.00535949
0.00395779
0.00927061
0.0162948
0.0235621
0.0289086
0.0312263
0.0309521
0.0294239
0.0277189
0.0259954
0.0236836
0.0201532
0.0153371
0.00998773
0.00548635
0.0033372
0.00457483
0.0118527
0.0186809
0.024605
0.027533
0.0265899
0.0226796
0.0177802
0.0136045
0.0107612
0.0088524
0.00713527
0.00519347
0.0032717
0.00218861
0.00294332
0.00620677
0.0130598
0.0187266
0.0225012
0.0225438
0.0183008
0.0111192
0.00351499
-0.00229523
-0.0053841
-0.00610089
-0.00540184
-0.00411382
-0.00252132
-0.000371899
0.0028242
0.00738601
0.0104756
0.0144271
0.015563
0.0124081
0.00498061
-0.00471094
-0.0136501
-0.019464
-0.0213915
-0.0201095
-0.0169141
-0.0129307
-0.00872761
-0.0043604
0.000337204
0.00541353
0.00441195
0.00659538
0.00574301
0.000731288
-0.00822263
-0.0190222
-0.0285755
-0.034405
-0.0356669
-0.0330579
-0.0280289
-0.021968
-0.0157725
-0.00985728
-0.00438841
0.000483952
-0.00311647
-0.00279847
-0.00524008
-0.0112157
-0.0204138
-0.0308758
-0.0397228
-0.0446215
-0.0447847
-0.0409529
-0.0346706
-0.0274778
-0.0204594
-0.0142323
-0.00913464
-0.00536816
-0.0098429
-0.0114949
-0.0151567
-0.021263
-0.0294879
-0.0381978
-0.0449894
-0.0479256
-0.0464435
-0.0413862
-0.0343603
-0.0269625
-0.0203247
-0.0150899
-0.0115766
-0.00986218
-0.0138793
-0.0174865
-0.0219772
-0.0274786
-0.0337071
-0.0394762
-0.0430519
-0.0431095
-0.0394816
-0.0331962
-0.0259103
-0.019188
-0.0140635
-0.0110222
-0.0101652
-0.0112789
-0.0143703
-0.0195656
-0.0243059
-0.0284979
-0.031958
-0.0340055
-0.0336691
-0.0303648
-0.0244396
-0.0171648
-0.0102213
-0.00503927
-0.00240305
-0.00246441
-0.00493854
-0.00920355
-0.0116834
-0.0176369
-0.0217894
-0.0239831
-0.0242113
-0.0222998
-0.018019
-0.0115263
-0.00370019
0.00395128
0.00978523
0.0126198
0.0120635
0.00844117
0.00253428
-0.00458634
-0.00716424
-0.0127251
-0.0153411
-0.0149911
-0.0119259
-0.00641975
0.00115114
0.0100189
0.0188657
0.0260202
0.0299618
0.0298586
0.0258148
0.0187123
0.0098641
0.000752262
-0.00245705
-0.00646244
-0.00676551
-0.00367427
0.00225319
0.0104188
0.0200735
0.0300727
0.0388311
0.0446253
0.0461317
0.0429214
0.0356219
0.0256673
0.0148546
0.00497473
0.00131257
-0.000260657
0.00210827
0.00764879
0.0155059
0.0249433
0.0351347
0.0448524
0.0524565
0.0562881
0.0552594
0.0493229
0.039562
0.0278614
0.0163762
0.00705941
0.00397134
0.00523084
0.0101046
0.0173157
0.0257875
0.0348651
0.0439575
0.0520577
0.0576883
0.0593555
0.0561979
0.0484511
0.0374945
0.0254747
0.014717
0.00716796
0.00610623
0.0100416
0.0167478
0.0244963
0.0321139
0.0392418
0.0457976
0.0512586
0.054493
0.0542374
0.0497989
0.0415372
0.0309047
0.0200672
0.0113011
0.00638317
0.00843452
0.0143557
0.0218398
0.0288493
0.0342655
0.0381938
0.0412477
0.0435633
0.0444681
0.0429407
0.0383562
0.0310076
0.0221796
0.0138119
0.00792373
0.00599285
0.0110999
0.0179447
0.0249928
0.0300972
0.0323379
0.0323789
0.0316
0.0308556
0.0299561
0.0280758
0.0245327
0.0193693
0.0134966
0.00843036
0.00577722
0.00664144
0.0132805
0.0199135
0.0254568
0.0278568
0.0264976
0.0226054
0.0182788
0.0150363
0.0131137
0.0118001
0.0102427
0.00810421
0.00579452
0.00429353
0.00471381
0.00776875
0.0134726
0.0190074
0.0224037
0.0218566
0.0170889
0.00980165
0.00266416
-0.00228158
-0.00447817
-0.00459836
-0.0037235
-0.00261075
-0.00137429
0.00041416
0.00336572
0.00782997
0.00860974
0.0125583
0.0134927
0.0100173
0.00240439
-0.00709941
-0.0154666
-0.0205642
-0.0219467
-0.020485
-0.0174751
-0.0139048
-0.0101642
-0.00615792
-0.00163187
0.00345808
0.0025229
0.00482251
0.00398673
-0.00107975
-0.00997891
-0.0204407
-0.0293888
-0.0345678
-0.035405
-0.0327486
-0.0280276
-0.0224955
-0.0168861
-0.0114687
-0.00630266
-0.00150092
-0.0051699
-0.00463412
-0.00683513
-0.0125851
-0.0214845
-0.0314775
-0.0397229
-0.0440721
-0.0439434
-0.0401736
-0.0342676
-0.0276531
-0.0212939
-0.015688
-0.0110495
-0.00748336
-0.012073
-0.0134137
-0.0166422
-0.022302
-0.0300736
-0.0382938
-0.0445991
-0.0471748
-0.0455751
-0.0406722
-0.0340182
-0.0271382
-0.021114
-0.016523
-0.0135556
-0.0121332
-0.016217
-0.0194092
-0.0233126
-0.0282285
-0.0339624
-0.0393506
-0.0426839
-0.0426795
-0.0391814
-0.0331641
-0.0262065
-0.0198475
-0.0151613
-0.0126467
-0.0122956
-0.0136946
-0.0167592
-0.0214169
-0.0254412
-0.0289631
-0.0319538
-0.0337967
-0.0335291
-0.0305315
-0.0250527
-0.0182146
-0.0115774
-0.00657885
-0.00413447
-0.00450237
-0.00732882
-0.0117727
-0.0141876
-0.0194785
-0.0228007
-0.0242511
-0.0240239
-0.0220476
-0.0181016
-0.0122573
-0.0052054
0.001792
0.0072741
0.010046
0.00951645
0.00581776
-0.000250458
-0.00740043
-0.0100097
-0.0148236
-0.0165249
-0.0153536
-0.011785
-0.00623101
0.000896789
0.00892117
0.0167566
0.02305
0.0265285
0.0263718
0.0224566
0.0154169
0.00653908
-0.00249382
-0.00592526
-0.0091903
-0.00856616
-0.004601
0.00192916
0.010267
0.0195819
0.028774
0.0364735
0.0412974
0.0422165
0.0388571
0.0316391
0.0217407
0.0109078
0.00111171
-0.0028963
-0.00385116
-0.000654613
0.0057309
0.0142753
0.024089
0.0342168
0.0433937
0.0501185
0.053033
0.051351
0.0451253
0.0352898
0.023513
0.0119024
0.00256916
-0.000771723
0.000890736
0.00637286
0.0142753
0.0234247
0.0330562
0.0424231
0.0503892
0.0554996
0.0564679
0.0526967
0.044552
0.0333407
0.0210671
0.0100335
0.00232104
0.00131325
0.00540161
0.0124133
0.020576
0.0287238
0.0364673
0.0435755
0.0493207
0.0524674
0.0518357
0.0469258
0.0382371
0.0272264
0.0160021
0.00685114
0.00165602
0.00412342
0.0099829
0.0174554
0.024533
0.0302155
0.0346795
0.0384296
0.0413515
0.0425586
0.0409881
0.036125
0.028397
0.0191573
0.010365
0.00407869
0.00184644
0.00759826
0.0142568
0.0210425
0.0258923
0.0281015
0.0285053
0.0284315
0.0284685
0.0281343
0.0264618
0.0228074
0.01734
0.0110867
0.00564194
0.00266941
0.00330496
0.0105963
0.0170296
0.022189
0.0241324
0.0225204
0.0188223
0.0151342
0.0127126
0.0114607
0.010467
0.00887483
0.0064704
0.00381406
0.00200372
0.00221838
0.00516987
0.0113618
0.0167739
0.0198157
0.0187916
0.013714
0.0065505
-9.7496e-06
-0.00417591
-0.00572853
-0.00555535
-0.00475153
-0.0039445
-0.00307666
-0.00157833
0.00123603
0.0056992
0.00696897
0.0110542
0.0119476
0.008376
0.000839988
-0.00828799
-0.0160929
-0.0207188
-0.0219585
-0.0207376
-0.0182306
-0.015233
-0.0119654
-0.00822254
-0.00370951
0.0015693
0.00249287
0.00498507
0.00421369
-0.000832582
-0.00956543
-0.0196114
-0.0280028
-0.0327348
-0.0334447
-0.0310241
-0.0267933
-0.0218422
-0.01676
-0.0117065
-0.00666918
-0.00176238
-0.00412402
-0.00337597
-0.00543515
-0.0110773
-0.0197607
-0.0293483
-0.03709
-0.0410419
-0.0407881
-0.037194
-0.0316811
-0.0255653
-0.0197178
-0.0145455
-0.0101608
-0.00660927
-0.0105933
-0.0116907
-0.0147115
-0.0202191
-0.0278064
-0.0357433
-0.041717
-0.0440428
-0.042373
-0.037584
-0.0311727
-0.0246208
-0.0189902
-0.0148056
-0.0121393
-0.0107971
-0.014963
-0.0178196
-0.0214257
-0.0261655
-0.0318163
-0.0371585
-0.0404759
-0.0405153
-0.0371229
-0.0312288
-0.0243732
-0.0181213
-0.0136143
-0.0113557
-0.0112229
-0.0126495
-0.0163519
-0.0205057
-0.0240953
-0.0273984
-0.0304205
-0.0325052
-0.0326284
-0.0300909
-0.0250273
-0.0184371
-0.0118316
-0.00673135
-0.00420699
-0.00459163
-0.00743979
-0.0117415
-0.0152015
-0.0197841
-0.0225014
-0.0236503
-0.0235179
-0.0220203
-0.0188437
-0.0138917
-0.00762724
-0.00109525
0.00433052
0.00734194
0.00711884
0.00364895
-0.00220994
-0.00900158
-0.0129485
-0.0168998
-0.0178531
-0.0162771
-0.0127813
-0.00780001
-0.00165636
0.0051795
0.0119258
0.0175299
0.0208596
0.0209813
0.0174988
0.0108489
0.00234325
-0.00617455
-0.0111002
-0.013485
-0.0120718
-0.00762892
-0.00107609
0.00677534
0.0151419
0.0231058
0.0296119
0.0336203
0.0342903
0.0311607
0.0243741
0.014888
0.00445116
-0.00481497
-0.0102264
-0.0104504
-0.00656713
0.00028996
0.00897725
0.018535
0.0279899
0.0361754
0.0418463
0.0439744
0.0419875
0.0358925
0.0263799
0.0149086
0.00357948
-0.00535873
-0.00966991
-0.00754477
-0.00160091
0.00667121
0.0160504
0.0257095
0.0348149
0.0422128
0.0465938
0.0469396
0.0428654
0.0347384
0.0236859
0.0115434
0.0006079
-0.00692263
-0.00817243
-0.00390881
0.00328835
0.0116466
0.0200393
0.0280475
0.0353027
0.0409421
0.0437457
0.042711
0.03753
0.0287517
0.0177337
0.00647566
-0.00273558
-0.00793404
-0.004867
0.000958303
0.00837413
0.0154531
0.0213227
0.0261811
0.0303738
0.03356
0.0347487
0.0329604
0.027845
0.0199264
0.0105449
0.00161577
-0.00479815
-0.00711117
-8.50863e-06
0.0065365
0.0131215
0.0178179
0.0201205
0.0209406
0.021452
0.0219635
0.0218008
0.0200034
0.0160703
0.0103105
0.00381775
-0.00179808
-0.00486776
-0.00426791
0.00490558
0.0112672
0.0162014
0.0179221
0.0163304
0.0130134
0.009932
0.00804504
0.00701569
0.00589228
0.00394809
0.0011451
-0.00182804
-0.00381083
-0.00361655
-0.000585639
0.0077572
0.0132042
0.0160918
0.0148731
0.00980892
0.00300114
-0.00297985
-0.00663616
-0.00800003
-0.00801669
-0.00765555
-0.00734879
-0.00687485
-0.0055698
-0.00272989
0.00191078
0.00716947
0.0116559
0.0127824
0.00940661
0.00219762
-0.00646777
-0.0138848
-0.0184651
-0.0201174
-0.0196563
-0.0180097
-0.0157363
-0.0129082
-0.00925895
-0.00450699
0.00124416
0.00563692
0.00850104
0.00793118
0.00302835
-0.00544719
-0.0150939
-0.0231192
-0.0277546
-0.0287478
-0.0269098
-0.0233723
-0.0190462
-0.0144027
-0.00952652
-0.00436778
0.000912867
0.00108556
0.00210675
0.00015585
-0.00545084
-0.0139993
-0.0232958
-0.0307164
-0.0345087
-0.0343546
-0.0310758
-0.0259802
-0.02029
-0.0148133
-0.00988023
-0.00551432
-0.00174208
-0.00450771
-0.00541748
-0.00841684
-0.014008
-0.0216233
-0.0294475
-0.035229
-0.0374073
-0.035703
-0.0309757
-0.0246842
-0.0183077
-0.0129128
-0.0089611
-0.00639709
-0.00494925
-0.00928318
-0.0119433
-0.0155353
-0.0204308
-0.0262801
-0.0317583
-0.0351357
-0.0351905
-0.0317766
-0.0258061
-0.0188364
-0.0125145
-0.00805784
-0.0059354
-0.00587929
-0.00720539
-0.0122557
-0.0160806
-0.0195514
-0.0229987
-0.0263561
-0.028859
-0.0293969
-0.0271939
-0.0222993
-0.0156555
-0.00881544
-0.0034487
-0.000772891
-0.00112653
-0.00392031
-0.00800499
-0.0136457
-0.0176911
-0.0201081
-0.0213148
-0.0215903
-0.0207579
-0.018364
-0.0141343
-0.00834103
-0.00190461
0.00376631
0.00716893
0.00727311
0.00401719
-0.00160966
-0.00800288
-0.0145981
-0.0178347
-0.0183187
-0.0166874
-0.0135957
-0.00941374
-0.00430693
0.00149579
0.00748879
0.0128158
0.0163376
0.0169045
0.0138634
0.00756233
-0.000571688
-0.00854395
-0.0162192
-0.0178482
-0.0159009
-0.0113198
-0.00509518
0.00198946
0.00928092
0.0161048
0.0217187
0.0253309
0.0261307
0.0234446
0.0171352
0.00804254
-0.00198628
-0.0106803
-0.0185302
-0.0181289
-0.0137866
-0.00676878
0.00172017
0.0107103
0.0192882
0.0264675
0.031293
0.0330052
0.0311004
0.0254024
0.0163275
0.00520295
-0.00579277
-0.014271
-0.0202714
-0.0177622
-0.0115331
-0.00312915
0.00620681
0.0156053
0.0241958
0.0308934
0.0346078
0.03458
0.0305336
0.0227079
0.0119931
9.39816e-05
-0.0106408
-0.0178973
-0.0197376
-0.0153244
-0.00802548
0.000419713
0.00891793
0.0169886
0.0241297
0.0294191
0.0317585
0.0303783
0.0251212
0.016487
0.00566389
-0.00546213
-0.0145836
-0.0196618
-0.0159246
-0.0100731
-0.00266538
0.0044773
0.0105707
0.0157487
0.0201496
0.0232602
0.0241141
0.021932
0.0165597
0.00856772
-0.000784187
-0.00966224
-0.016016
-0.0182466
-0.00925024
-0.00265498
0.0039213
0.00869915
0.0113036
0.0125925
0.0134944
0.0140683
0.0135882
0.0112651
0.00683646
0.000754182
-0.00587319
-0.0114768
-0.0144279
-0.0136548
-0.00156252
0.00497925
0.00998923
0.0118418
0.0105928
0.00779346
0.0051535
0.00334657
0.00193874
0.000128168
-0.00254331
-0.00589584
-0.00914549
-0.0111318
-0.0107229
-0.00736164
0.00459109
0.0103639
0.0134313
0.0123961
0.00768362
0.00137983
-0.00418136
-0.0077885
-0.00958877
-0.010395
-0.0109031
-0.011293
-0.0112007
-0.00992711
-0.00681503
-0.00171917
0.0106398
0.0158137
0.017424
0.0144511
0.00766043
-0.000671673
-0.00810033
-0.0132353
-0.0159361
-0.0167317
-0.0161998
-0.0146488
-0.0120516
-0.00815409
-0.00276396
0.00384933
0.0128424
0.0162947
0.0160607
0.0113667
0.00311198
-0.0063378
-0.0143895
-0.019445
-0.0212265
-0.0203332
-0.0176394
-0.0138787
-0.00944358
-0.00439541
0.00129039
0.00733519
0.0108762
0.0122964
0.0104629
0.00482157
-0.00373465
-0.0129807
-0.0204228
-0.0244428
-0.0247226
-0.0219587
-0.0173203
-0.0119534
-0.00662848
-0.00162013
0.00309797
0.00744611
0.0062751
0.00558977
0.00252287
-0.0033074
-0.0111347
-0.0190557
-0.0248765
-0.0271245
-0.0255345
-0.0209187
-0.0147103
-0.00841447
-0.00310599
0.000834083
0.00357939
0.00541229
0.000783754
-0.00171598
-0.00543754
-0.010668
-0.016872
-0.0226003
-0.0261083
-0.0261995
-0.0227288
-0.0166088
-0.0094572
-0.00303171
0.00139861
0.00345919
0.00358738
0.002531
-0.00441992
-0.00800426
-0.0115194
-0.0152748
-0.0190631
-0.0219814
-0.0228355
-0.0207941
-0.0158614
-0.00898776
-0.00183818
0.00374321
0.00644717
0.00603096
0.0032856
-0.000536481
-0.00917069
-0.0128014
-0.0150856
-0.0164949
-0.0172287
-0.0169757
-0.015141
-0.0113089
-0.00563644
0.00097377
0.00697972
0.0106573
0.0108457
0.00756902
0.00203484
-0.00402134
-0.014137
-0.0167994
-0.0169845
-0.0154413
-0.0128015
-0.0093195
-0.00498632
0.00017838
0.00585562
0.0112514
0.0150943
0.0159805
0.0130875
0.00682853
-0.00114773
-0.00869823
-0.0198839
-0.0208961
-0.0185823
-0.0140153
-0.0081987
-0.00183502
0.00458777
0.0106314
0.0157917
0.0193888
0.0205
0.0181812
0.0120899
0.00310005
-0.00673266
-0.0149833
-0.0258236
-0.02491
-0.0202531
-0.0132196
-0.00504109
0.00334092
0.0111194
0.0175173
0.021838
0.0234822
0.0218761
0.0165824
0.00778731
-0.00318927
-0.0139943
-0.0220953
-0.0301027
-0.0272695
-0.0208419
-0.0124032
-0.00321885
0.00580463
0.0138032
0.0198263
0.0230306
0.0228643
0.0190485
0.0116073
0.00119909
-0.010523
-0.021092
-0.0280808
-0.0306005
-0.0260183
-0.0186092
-0.010078
-0.00152618
0.00646305
0.0132771
0.0180251
0.0198216
0.0181492
0.012941
0.00456773
-0.00598244
-0.0169108
-0.0258627
-0.0307394
-0.0261802
-0.020185
-0.0126572
-0.00532462
0.00103726
0.00640831
0.0107114
0.0133604
0.0135574
0.0108173
0.00518329
-0.00278526
-0.0119632
-0.0206211
-0.0267342
-0.0287153
-0.0173889
-0.0105276
-0.00371709
0.00138849
0.00443896
0.00611147
0.00704792
0.00715265
0.00582666
0.00260774
-0.00246679
-0.00883016
-0.0154231
-0.0207767
-0.0233494
-0.0221577
-0.00638815
0.000622196
0.00602367
0.00832335
0.00761785
0.00527937
0.00270298
0.000361339
-0.002085
-0.00509599
-0.00875737
-0.0126719
-0.016024
-0.0177319
-0.0167875
-0.0127839
0.00382668
0.0102393
0.0138057
0.0132559
0.00907829
0.00320785
-0.00232358
-0.00651693
-0.00944874
-0.0116019
-0.0132798
-0.0143959
-0.0145008
-0.0129433
-0.00919128
-0.00327863
0.0177185
0.0236862
0.0258147
0.0232073
0.0166647
0.00829316
0.000288431
-0.00602989
-0.0102868
-0.0125845
-0.0131114
-0.0119773
-0.00914979
-0.00448973
0.00201021
0.00984347
0.02382
0.0279396
0.028012
0.0234076
0.0151322
0.00547419
-0.00314992
-0.00919819
-0.0122136
-0.0124703
-0.0105549
-0.00706268
-0.0023782
0.00337438
0.0100961
0.017299
0.0244385
0.0263243
0.024543
0.0187012
0.00986277
0.00026823
-0.00768652
-0.0124198
-0.0134953
-0.0114065
-0.00716865
-0.00187867
0.00369156
0.00926757
0.0148382
0.0201672
0.0206202
0.0202297
0.0170338
0.010809
0.00253001
-0.00581169
-0.0120488
-0.014724
-0.0135078
-0.0091242
-0.00298228
0.00337354
0.00885858
0.0131605
0.0165113
0.0191021
0.0140237
0.0117622
0.00788015
0.00221545
-0.00448822
-0.0106495
-0.0144903
-0.014802
-0.0114088
-0.00522091
0.00206618
0.00858591
0.0130581
0.0152428
0.0157267
0.0152336
0.00611425
0.00284141
-0.000720444
-0.00481757
-0.00906778
-0.0124167
-0.0135835
-0.0116854
-0.00670076
0.000373132
0.00772607
0.0133567
0.0159463
0.0154403
0.0128543
0.00947648
-0.00242522
-0.00560021
-0.00775122
-0.00935916
-0.0104988
-0.0107031
-0.00924304
-0.00559995
0.000116856
0.00694264
0.0131508
0.0168244
0.0167875
0.0132839
0.00779717
0.00214549
-0.0116616
-0.01375
-0.0136589
-0.0122048
-0.00994342
-0.00698138
-0.00314076
0.00171508
0.00735677
0.0129407
0.0169931
0.0178847
0.014755
0.00823824
0.000280662
-0.00686167
-0.0215543
-0.021978
-0.0193484
-0.0148298
-0.00938936
-0.00360761
0.0022039
0.00780287
0.0128269
0.0165845
0.0179553
0.0157407
0.00951607
0.000341332
-0.00944253
-0.0172863
-0.0309417
-0.0295414
-0.0246283
-0.0176468
-0.00982259
-0.00202787
0.00507306
0.0109115
0.0149856
0.016748
0.0154626
0.0104235
0.00167909
-0.00933383
-0.0200266
-0.0277519
-0.0374887
-0.0343241
-0.027733
-0.0193342
-0.0104144
-0.00189034
0.00543946
0.010811
0.0136231
0.0134613
0.00995851
0.00288969
-0.00727232
-0.0188479
-0.0292168
-0.0358696
-0.0387722
-0.0339646
-0.0264303
-0.0178588
-0.00939753
-0.00173478
0.00447502
0.00847666
0.00966273
0.00775418
0.00270704
-0.0052927
-0.0154619
-0.0260648
-0.0346958
-0.039228
-0.0335692
-0.0273256
-0.0196034
-0.012073
-0.00557505
-0.000323469
0.00344976
0.00522707
0.00451165
0.00115989
-0.0046264
-0.0123696
-0.0211302
-0.0293098
-0.0349359
-0.0364642
-0.0225261
-0.0152596
-0.0080956
-0.00260387
0.000792695
0.00251698
0.00296446
0.00204262
-0.000538578
-0.00481147
-0.0104463
-0.0168375
-0.0230606
-0.0278137
-0.0296935
-0.0278368
-0.00805414
-0.000425487
0.00549695
0.00831796
0.00807369
0.00586489
0.00279099
-0.000721323
-0.0047103
-0.00915343
-0.0137445
-0.0179419
-0.0210023
-0.0220164
-0.0201696
-0.0152435
0.0064362
0.0136242
0.0177864
0.0177609
0.0140119
0.0082335
0.00216314
-0.00327025
-0.00786698
-0.011627
-0.0144253
-0.0159722
-0.0158398
-0.0135294
-0.00871901
-0.00167307
)
;

boundaryField
{
    patch0_half0
    {
        type            cyclic;
    }
    patch0_half1
    {
        type            cyclic;
    }
    patch1_half0
    {
        type            cyclic;
    }
    patch1_half1
    {
        type            cyclic;
    }
    patch2_half0
    {
        type            cyclic;
    }
    patch2_half1
    {
        type            cyclic;
    }
}


// ************************************************************************* //
