/*--------------------------------*- C++ -*----------------------------------*\
  =========                 |
  \\      /  F ield         | OpenFOAM: The Open Source CFD Toolbox
   \\    /   O peration     | Website:  https://openfoam.org
    \\  /    A nd           | Version:  6
     \\/     M anipulation  |
\*---------------------------------------------------------------------------*/
FoamFile
{
    version     2.0;
    format      ascii;
    class       volScalarField;
    location    "4.3";
    object      e;
}
// * * * * * * * * * * * * * * * * * * * * * * * * * * * * * * * * * * * * * //

dimensions      [0 2 -2 0 0 0 0];

internalField   nonuniform List<scalar> 
10000
(
1006.29
1006.29
1006.29
1006.29
1006.29
1006.29
1006.29
1006.29
1006.29
1006.29
1006.29
1006.29
1006.29
1006.29
1006.29
1006.29
1006.29
1006.29
1006.29
1006.29
1006.29
1006.29
1006.29
1006.29
1006.29
1006.29
1006.29
1006.29
1006.29
1006.29
1006.29
1006.29
1006.29
1006.29
1006.29
1006.29
1006.29
1006.29
1006.29
1006.29
1006.29
1006.29
1006.29
1006.29
1006.29
1006.29
1006.29
1006.29
1006.29
1006.29
1006.29
1006.29
1006.29
1006.29
1006.29
1006.29
1006.29
1006.29
1006.29
1006.29
1006.29
1006.29
1006.29
1006.29
1006.29
1006.29
1006.29
1006.29
1006.29
1006.29
1006.29
1006.29
1006.29
1006.29
1006.29
1006.29
1006.29
1006.29
1006.29
1006.29
1006.29
1006.29
1006.29
1006.29
1006.29
1006.29
1006.29
1006.29
1006.29
1006.29
1006.29
1006.29
1006.29
1006.29
1006.29
1006.29
1006.29
1006.29
1006.29
1006.29
1006.29
1006.29
1006.29
1006.29
1006.29
1006.29
1006.29
1006.29
1006.29
1006.29
1006.29
1006.29
1006.29
1006.29
1006.29
1006.29
1006.29
1006.29
1006.29
1006.29
1006.29
1006.29
1006.29
1006.29
1006.29
1006.29
1006.29
1006.29
1006.29
1006.29
1006.29
1006.29
1006.29
1006.29
1006.29
1006.29
1006.29
1006.29
1006.29
1006.29
1006.29
1006.29
1006.29
1006.29
1006.29
1006.29
1006.29
1006.29
1006.29
1006.29
1006.29
1006.29
1006.29
1006.29
1006.29
1006.29
1006.29
1006.29
1006.29
1006.29
1006.29
1006.29
1006.29
1006.29
1006.29
1006.29
1006.29
1006.29
1006.29
1006.29
1006.29
1006.29
1006.29
1006.29
1006.29
1006.29
1006.29
1006.29
1006.29
1006.29
1006.29
1006.29
1006.29
1006.29
1006.29
1006.29
1006.29
1006.29
1006.29
1006.29
1006.29
1006.29
1006.29
1006.29
1006.29
1006.29
1006.29
1006.29
1006.29
1006.29
1006.29
1006.29
1006.29
1006.29
1006.29
1006.29
1006.29
1006.29
1006.29
1006.29
1006.29
1006.29
1006.29
1006.29
1006.29
1006.29
1006.29
1006.29
1006.29
1006.29
1006.29
1006.29
1006.29
1006.29
1006.29
1006.29
1006.29
1006.29
1006.29
1006.29
1006.29
1006.29
1006.29
1006.29
1006.29
1006.29
1006.29
1006.29
1006.29
1006.29
1006.29
1006.29
1006.29
1006.29
1006.29
1006.29
1006.29
1006.29
1006.29
1006.29
1006.29
1006.29
1006.29
1006.29
1006.29
1006.29
1006.29
1006.29
1006.29
1006.29
1006.29
1006.29
1006.29
1006.29
1006.29
1006.29
1006.29
1006.29
1006.29
1006.29
1006.29
1006.29
1006.29
1006.29
1006.29
1006.29
1006.29
1006.29
1006.29
1006.29
1006.29
1006.29
1006.29
1006.29
1006.29
1006.29
1006.29
1006.29
1006.29
1006.29
1006.29
1006.29
1006.29
1006.29
1006.29
1006.29
1006.29
1006.29
1006.29
1006.29
1006.29
1006.29
1006.29
1006.29
1006.29
1006.29
1006.29
1006.29
1006.29
1006.29
1006.29
1006.29
1006.29
1006.29
1006.29
1006.29
1006.29
1006.29
1006.29
1006.29
1006.29
1006.29
1006.29
1006.29
1006.29
1006.29
1006.29
1006.29
1006.29
1006.29
1006.29
1006.29
1006.29
1006.29
1006.29
1006.29
1006.29
1006.29
1006.29
1006.29
1006.29
1006.29
1006.29
1006.29
1006.29
1006.29
1006.29
1006.29
1006.29
1006.29
1006.29
1006.29
1006.29
1006.29
1006.29
1006.29
1006.29
1006.29
1006.29
1006.29
1006.29
1006.29
1006.29
1006.29
1006.29
1006.29
1006.29
1006.29
1006.29
1006.29
1006.29
1006.29
1006.29
1006.29
1006.29
1006.29
1006.29
1006.29
1006.29
1006.29
1006.29
1006.29
1006.29
1006.29
1006.29
1006.29
1006.29
1006.29
1006.29
1006.29
1006.29
1006.29
1006.29
1006.29
1006.29
1006.29
1006.29
1006.29
1006.29
1006.29
1006.29
1006.29
1006.29
1006.29
1006.29
1006.29
1006.29
1006.29
1006.29
1006.29
1006.29
1006.29
1006.29
1006.29
1006.29
1006.29
1006.29
1006.29
1006.29
1006.29
1006.29
1006.29
1006.29
1006.29
1006.29
1006.29
1006.29
1006.29
1006.29
1006.29
1006.29
1006.29
1006.29
1006.29
1006.29
1006.29
1006.29
1006.29
1006.29
1006.29
1006.29
1006.29
1006.29
1006.29
1006.29
1006.29
1006.29
1006.29
1006.29
1006.29
1006.29
1006.29
1006.29
1006.29
1006.29
1006.29
1006.29
1006.29
1006.29
1006.29
1006.29
1006.29
1006.29
1006.29
1006.3
1006.3
1006.3
1006.3
1006.3
1006.3
1006.3
1006.3
1006.3
1006.3
1006.3
1006.29
1006.29
1006.29
1006.29
1006.29
1006.29
1006.29
1006.29
1006.29
1006.29
1006.29
1006.29
1006.29
1006.29
1006.29
1006.29
1006.29
1006.29
1006.29
1006.29
1006.29
1006.29
1006.29
1006.29
1006.29
1006.29
1006.29
1006.29
1006.29
1006.29
1006.29
1006.29
1006.29
1006.29
1006.29
1006.29
1006.29
1006.29
1006.29
1006.29
1006.29
1006.29
1006.29
1006.29
1006.29
1006.29
1006.29
1006.29
1006.29
1006.29
1006.29
1006.29
1006.29
1006.29
1006.29
1006.29
1006.29
1006.29
1006.29
1006.29
1006.29
1006.29
1006.29
1006.29
1006.29
1006.29
1006.29
1006.29
1006.29
1006.29
1006.29
1006.29
1006.29
1006.29
1006.29
1006.29
1006.29
1006.29
1006.29
1006.29
1006.29
1006.29
1006.29
1006.29
1006.29
1006.29
1006.3
1006.3
1006.3
1006.3
1006.3
1006.3
1006.3
1006.3
1006.3
1006.3
1006.3
1006.3
1006.3
1006.3
1006.3
1006.3
1006.29
1006.29
1006.29
1006.29
1006.29
1006.29
1006.29
1006.29
1006.29
1006.29
1006.29
1006.29
1006.29
1006.29
1006.29
1006.29
1006.29
1006.29
1006.29
1006.29
1006.29
1006.29
1006.29
1006.29
1006.29
1006.29
1006.29
1006.29
1006.29
1006.29
1006.29
1006.29
1006.29
1006.29
1006.29
1006.29
1006.29
1006.29
1006.29
1006.29
1006.29
1006.29
1006.29
1006.29
1006.29
1006.29
1006.29
1006.29
1006.29
1006.29
1006.29
1006.29
1006.29
1006.29
1006.29
1006.29
1006.29
1006.29
1006.29
1006.29
1006.29
1006.29
1006.29
1006.29
1006.29
1006.29
1006.29
1006.29
1006.29
1006.29
1006.29
1006.29
1006.29
1006.29
1006.29
1006.29
1006.29
1006.29
1006.29
1006.29
1006.29
1006.29
1006.3
1006.3
1006.3
1006.3
1006.3
1006.3
1006.3
1006.3
1006.3
1006.3
1006.3
1006.3
1006.3
1006.3
1006.3
1006.3
1006.3
1006.3
1006.3
1006.3
1006.29
1006.29
1006.29
1006.29
1006.29
1006.29
1006.29
1006.29
1006.29
1006.29
1006.29
1006.29
1006.29
1006.29
1006.29
1006.29
1006.29
1006.29
1006.29
1006.29
1006.29
1006.29
1006.29
1006.29
1006.29
1006.29
1006.29
1006.29
1006.29
1006.29
1006.29
1006.29
1006.29
1006.29
1006.29
1006.29
1006.29
1006.29
1006.29
1006.29
1006.29
1006.29
1006.29
1006.29
1006.29
1006.29
1006.29
1006.29
1006.29
1006.29
1006.29
1006.29
1006.29
1006.29
1006.29
1006.29
1006.29
1006.29
1006.29
1006.29
1006.29
1006.29
1006.29
1006.29
1006.29
1006.29
1006.29
1006.29
1006.29
1006.29
1006.29
1006.29
1006.29
1006.29
1006.29
1006.29
1006.29
1006.29
1006.3
1006.3
1006.3
1006.3
1006.3
1006.3
1006.31
1006.31
1006.31
1006.31
1006.31
1006.31
1006.31
1006.31
1006.31
1006.31
1006.31
1006.31
1006.3
1006.3
1006.3
1006.3
1006.3
1006.3
1006.29
1006.29
1006.29
1006.29
1006.29
1006.29
1006.29
1006.29
1006.29
1006.29
1006.29
1006.29
1006.29
1006.29
1006.29
1006.29
1006.29
1006.29
1006.29
1006.29
1006.29
1006.29
1006.29
1006.29
1006.29
1006.29
1006.29
1006.29
1006.29
1006.29
1006.29
1006.29
1006.29
1006.29
1006.29
1006.29
1006.29
1006.29
1006.29
1006.29
1006.29
1006.29
1006.29
1006.29
1006.29
1006.29
1006.29
1006.29
1006.29
1006.29
1006.29
1006.29
1006.29
1006.29
1006.29
1006.29
1006.29
1006.29
1006.29
1006.29
1006.29
1006.29
1006.29
1006.29
1006.29
1006.29
1006.29
1006.29
1006.29
1006.29
1006.29
1006.29
1006.29
1006.29
1006.29
1006.3
1006.3
1006.3
1006.3
1006.31
1006.31
1006.31
1006.31
1006.31
1006.31
1006.31
1006.31
1006.31
1006.31
1006.31
1006.31
1006.31
1006.31
1006.31
1006.31
1006.31
1006.3
1006.3
1006.3
1006.3
1006.3
1006.29
1006.29
1006.29
1006.29
1006.29
1006.29
1006.29
1006.29
1006.29
1006.29
1006.29
1006.29
1006.29
1006.29
1006.29
1006.29
1006.29
1006.29
1006.29
1006.29
1006.29
1006.29
1006.29
1006.29
1006.29
1006.29
1006.29
1006.29
1006.29
1006.29
1006.29
1006.29
1006.29
1006.29
1006.29
1006.29
1006.29
1006.29
1006.29
1006.29
1006.29
1006.29
1006.29
1006.29
1006.29
1006.29
1006.29
1006.29
1006.29
1006.29
1006.29
1006.29
1006.29
1006.29
1006.29
1006.29
1006.29
1006.29
1006.29
1006.29
1006.29
1006.29
1006.29
1006.29
1006.29
1006.29
1006.29
1006.29
1006.29
1006.29
1006.29
1006.29
1006.29
1006.3
1006.3
1006.3
1006.3
1006.31
1006.31
1006.31
1006.31
1006.31
1006.31
1006.31
1006.31
1006.31
1006.31
1006.31
1006.31
1006.31
1006.31
1006.31
1006.31
1006.31
1006.31
1006.31
1006.31
1006.3
1006.3
1006.3
1006.3
1006.29
1006.29
1006.29
1006.29
1006.29
1006.29
1006.29
1006.29
1006.29
1006.29
1006.29
1006.29
1006.29
1006.29
1006.29
1006.29
1006.29
1006.29
1006.29
1006.29
1006.29
1006.29
1006.29
1006.29
1006.29
1006.29
1006.29
1006.29
1006.29
1006.29
1006.29
1006.29
1006.29
1006.29
1006.29
1006.29
1006.29
1006.29
1006.29
1006.29
1006.29
1006.29
1006.29
1006.29
1006.29
1006.29
1006.29
1006.29
1006.29
1006.29
1006.29
1006.29
1006.29
1006.29
1006.29
1006.29
1006.29
1006.29
1006.29
1006.29
1006.29
1006.29
1006.29
1006.29
1006.29
1006.29
1006.29
1006.29
1006.29
1006.29
1006.29
1006.3
1006.3
1006.3
1006.31
1006.31
1006.31
1006.31
1006.31
1006.31
1006.31
1006.31
1006.31
1006.31
1006.31
1006.31
1006.31
1006.31
1006.31
1006.31
1006.31
1006.31
1006.31
1006.31
1006.31
1006.31
1006.31
1006.31
1006.3
1006.3
1006.3
1006.29
1006.29
1006.29
1006.29
1006.29
1006.29
1006.29
1006.29
1006.29
1006.29
1006.29
1006.29
1006.29
1006.29
1006.29
1006.29
1006.29
1006.29
1006.29
1006.29
1006.29
1006.29
1006.29
1006.29
1006.29
1006.29
1006.29
1006.29
1006.29
1006.29
1006.29
1006.29
1006.29
1006.29
1006.29
1006.29
1006.29
1006.29
1006.29
1006.29
1006.29
1006.29
1006.29
1006.29
1006.29
1006.29
1006.29
1006.29
1006.29
1006.29
1006.29
1006.29
1006.29
1006.29
1006.29
1006.29
1006.29
1006.29
1006.29
1006.29
1006.29
1006.29
1006.29
1006.29
1006.29
1006.29
1006.29
1006.29
1006.29
1006.3
1006.3
1006.3
1006.31
1006.31
1006.31
1006.31
1006.31
1006.31
1006.31
1006.31
1006.31
1006.31
1006.3
1006.3
1006.3
1006.3
1006.3
1006.3
1006.3
1006.31
1006.31
1006.31
1006.31
1006.31
1006.31
1006.31
1006.31
1006.31
1006.3
1006.3
1006.3
1006.29
1006.29
1006.29
1006.29
1006.29
1006.29
1006.29
1006.29
1006.29
1006.29
1006.29
1006.29
1006.29
1006.29
1006.29
1006.29
1006.29
1006.29
1006.29
1006.29
1006.29
1006.29
1006.29
1006.29
1006.29
1006.29
1006.29
1006.29
1006.29
1006.29
1006.29
1006.29
1006.29
1006.29
1006.29
1006.29
1006.29
1006.29
1006.29
1006.29
1006.29
1006.29
1006.29
1006.29
1006.29
1006.29
1006.29
1006.29
1006.29
1006.29
1006.29
1006.29
1006.29
1006.29
1006.29
1006.29
1006.29
1006.29
1006.29
1006.29
1006.29
1006.29
1006.29
1006.29
1006.29
1006.29
1006.29
1006.3
1006.3
1006.3
1006.31
1006.31
1006.31
1006.31
1006.31
1006.31
1006.31
1006.31
1006.3
1006.3
1006.3
1006.3
1006.3
1006.29
1006.29
1006.29
1006.3
1006.3
1006.3
1006.3
1006.3
1006.31
1006.31
1006.31
1006.31
1006.31
1006.31
1006.31
1006.3
1006.3
1006.3
1006.29
1006.29
1006.29
1006.29
1006.29
1006.29
1006.29
1006.29
1006.29
1006.29
1006.29
1006.29
1006.29
1006.29
1006.29
1006.29
1006.29
1006.29
1006.29
1006.29
1006.29
1006.29
1006.29
1006.29
1006.29
1006.29
1006.29
1006.29
1006.29
1006.29
1006.29
1006.29
1006.29
1006.29
1006.29
1006.29
1006.29
1006.29
1006.29
1006.29
1006.29
1006.29
1006.29
1006.29
1006.29
1006.29
1006.29
1006.29
1006.29
1006.29
1006.29
1006.29
1006.29
1006.29
1006.29
1006.29
1006.29
1006.29
1006.29
1006.29
1006.29
1006.29
1006.29
1006.29
1006.29
1006.3
1006.3
1006.3
1006.31
1006.31
1006.31
1006.31
1006.31
1006.31
1006.31
1006.3
1006.3
1006.3
1006.29
1006.29
1006.29
1006.28
1006.28
1006.28
1006.28
1006.29
1006.29
1006.29
1006.29
1006.3
1006.3
1006.31
1006.31
1006.31
1006.31
1006.31
1006.31
1006.31
1006.3
1006.3
1006.3
1006.29
1006.29
1006.29
1006.29
1006.29
1006.29
1006.29
1006.29
1006.29
1006.29
1006.29
1006.29
1006.29
1006.29
1006.29
1006.29
1006.29
1006.29
1006.29
1006.29
1006.29
1006.29
1006.29
1006.29
1006.29
1006.29
1006.29
1006.29
1006.29
1006.29
1006.29
1006.29
1006.29
1006.29
1006.29
1006.29
1006.29
1006.29
1006.29
1006.29
1006.29
1006.29
1006.29
1006.29
1006.29
1006.29
1006.29
1006.29
1006.29
1006.29
1006.29
1006.29
1006.29
1006.29
1006.29
1006.29
1006.29
1006.29
1006.29
1006.29
1006.29
1006.29
1006.29
1006.3
1006.3
1006.3
1006.31
1006.31
1006.31
1006.31
1006.31
1006.31
1006.31
1006.3
1006.3
1006.29
1006.29
1006.28
1006.28
1006.27
1006.27
1006.27
1006.27
1006.27
1006.27
1006.27
1006.28
1006.28
1006.29
1006.29
1006.3
1006.3
1006.31
1006.31
1006.31
1006.31
1006.31
1006.31
1006.3
1006.3
1006.29
1006.29
1006.29
1006.29
1006.29
1006.29
1006.29
1006.29
1006.29
1006.29
1006.29
1006.29
1006.29
1006.29
1006.29
1006.29
1006.29
1006.29
1006.29
1006.29
1006.29
1006.29
1006.29
1006.29
1006.29
1006.29
1006.29
1006.29
1006.29
1006.29
1006.29
1006.29
1006.29
1006.29
1006.29
1006.29
1006.29
1006.29
1006.29
1006.29
1006.29
1006.29
1006.29
1006.29
1006.29
1006.29
1006.29
1006.29
1006.29
1006.29
1006.29
1006.29
1006.29
1006.29
1006.29
1006.29
1006.29
1006.29
1006.29
1006.29
1006.29
1006.29
1006.29
1006.3
1006.3
1006.31
1006.31
1006.31
1006.31
1006.31
1006.31
1006.31
1006.3
1006.3
1006.29
1006.28
1006.27
1006.27
1006.26
1006.25
1006.24
1006.24
1006.24
1006.24
1006.25
1006.26
1006.26
1006.27
1006.28
1006.28
1006.29
1006.3
1006.3
1006.31
1006.31
1006.31
1006.31
1006.31
1006.3
1006.3
1006.3
1006.29
1006.29
1006.29
1006.29
1006.29
1006.29
1006.29
1006.29
1006.29
1006.29
1006.29
1006.29
1006.29
1006.29
1006.29
1006.29
1006.29
1006.29
1006.29
1006.29
1006.29
1006.29
1006.29
1006.29
1006.29
1006.29
1006.29
1006.29
1006.29
1006.29
1006.29
1006.29
1006.29
1006.29
1006.29
1006.29
1006.29
1006.29
1006.29
1006.29
1006.29
1006.29
1006.29
1006.29
1006.29
1006.29
1006.29
1006.29
1006.29
1006.29
1006.29
1006.29
1006.29
1006.29
1006.29
1006.29
1006.29
1006.29
1006.29
1006.29
1006.29
1006.3
1006.3
1006.31
1006.31
1006.31
1006.31
1006.31
1006.31
1006.31
1006.3
1006.29
1006.29
1006.28
1006.27
1006.26
1006.24
1006.23
1006.21
1006.2
1006.2
1006.2
1006.21
1006.22
1006.23
1006.24
1006.25
1006.26
1006.27
1006.28
1006.29
1006.3
1006.3
1006.31
1006.31
1006.31
1006.31
1006.31
1006.3
1006.3
1006.3
1006.29
1006.29
1006.29
1006.29
1006.29
1006.29
1006.29
1006.29
1006.29
1006.29
1006.29
1006.29
1006.29
1006.29
1006.29
1006.29
1006.29
1006.29
1006.29
1006.29
1006.29
1006.29
1006.29
1006.29
1006.29
1006.29
1006.29
1006.29
1006.29
1006.29
1006.29
1006.29
1006.29
1006.29
1006.29
1006.29
1006.29
1006.29
1006.29
1006.29
1006.29
1006.29
1006.29
1006.29
1006.29
1006.29
1006.29
1006.29
1006.29
1006.29
1006.29
1006.29
1006.29
1006.29
1006.29
1006.29
1006.29
1006.29
1006.29
1006.29
1006.3
1006.3
1006.31
1006.31
1006.31
1006.31
1006.31
1006.3
1006.3
1006.29
1006.29
1006.28
1006.27
1006.25
1006.23
1006.2
1006.18
1006.15
1006.13
1006.12
1006.13
1006.14
1006.15
1006.18
1006.2
1006.22
1006.24
1006.25
1006.27
1006.28
1006.29
1006.3
1006.3
1006.31
1006.31
1006.31
1006.31
1006.3
1006.3
1006.3
1006.29
1006.29
1006.29
1006.29
1006.29
1006.29
1006.29
1006.29
1006.29
1006.29
1006.29
1006.29
1006.29
1006.29
1006.29
1006.29
1006.29
1006.29
1006.29
1006.29
1006.29
1006.29
1006.29
1006.29
1006.29
1006.29
1006.29
1006.29
1006.29
1006.29
1006.29
1006.29
1006.29
1006.29
1006.29
1006.29
1006.29
1006.29
1006.29
1006.29
1006.29
1006.29
1006.29
1006.29
1006.29
1006.29
1006.29
1006.29
1006.29
1006.29
1006.29
1006.29
1006.29
1006.29
1006.29
1006.29
1006.29
1006.29
1006.29
1006.3
1006.3
1006.31
1006.31
1006.31
1006.31
1006.31
1006.3
1006.3
1006.29
1006.29
1006.28
1006.27
1006.25
1006.22
1006.18
1006.13
1006.08
1006.04
1006
1005.98
1005.99
1006.01
1006.04
1006.09
1006.13
1006.17
1006.2
1006.22
1006.25
1006.26
1006.28
1006.29
1006.3
1006.31
1006.31
1006.31
1006.31
1006.31
1006.3
1006.3
1006.3
1006.29
1006.29
1006.29
1006.29
1006.29
1006.29
1006.29
1006.29
1006.29
1006.29
1006.29
1006.29
1006.29
1006.29
1006.29
1006.29
1006.29
1006.29
1006.29
1006.29
1006.29
1006.29
1006.29
1006.29
1006.29
1006.29
1006.29
1006.29
1006.29
1006.29
1006.29
1006.29
1006.29
1006.29
1006.29
1006.29
1006.29
1006.29
1006.29
1006.29
1006.29
1006.29
1006.29
1006.29
1006.29
1006.29
1006.29
1006.29
1006.29
1006.29
1006.29
1006.29
1006.29
1006.29
1006.29
1006.29
1006.29
1006.29
1006.3
1006.31
1006.31
1006.31
1006.31
1006.31
1006.31
1006.3
1006.3
1006.29
1006.28
1006.27
1006.25
1006.22
1006.17
1006.1
1006.01
1005.92
1005.83
1005.76
1005.73
1005.73
1005.77
1005.84
1005.92
1006
1006.07
1006.13
1006.18
1006.21
1006.24
1006.26
1006.28
1006.29
1006.3
1006.31
1006.31
1006.31
1006.31
1006.31
1006.3
1006.3
1006.29
1006.29
1006.29
1006.29
1006.29
1006.29
1006.29
1006.29
1006.29
1006.29
1006.29
1006.29
1006.29
1006.29
1006.29
1006.29
1006.29
1006.29
1006.29
1006.29
1006.29
1006.29
1006.29
1006.29
1006.29
1006.29
1006.29
1006.29
1006.29
1006.29
1006.29
1006.29
1006.29
1006.29
1006.29
1006.29
1006.29
1006.29
1006.29
1006.29
1006.29
1006.29
1006.29
1006.29
1006.29
1006.29
1006.29
1006.29
1006.29
1006.29
1006.29
1006.29
1006.29
1006.29
1006.29
1006.29
1006.29
1006.3
1006.3
1006.31
1006.31
1006.31
1006.31
1006.31
1006.3
1006.3
1006.29
1006.29
1006.28
1006.27
1006.23
1006.18
1006.08
1005.96
1005.8
1005.62
1005.45
1005.32
1005.25
1005.26
1005.34
1005.47
1005.62
1005.77
1005.91
1006.02
1006.1
1006.16
1006.21
1006.24
1006.26
1006.28
1006.29
1006.3
1006.31
1006.31
1006.31
1006.31
1006.3
1006.3
1006.3
1006.29
1006.29
1006.29
1006.29
1006.29
1006.29
1006.29
1006.29
1006.29
1006.29
1006.29
1006.29
1006.29
1006.29
1006.29
1006.29
1006.29
1006.29
1006.29
1006.29
1006.29
1006.29
1006.29
1006.29
1006.29
1006.29
1006.29
1006.29
1006.29
1006.29
1006.29
1006.29
1006.29
1006.29
1006.29
1006.29
1006.29
1006.29
1006.29
1006.29
1006.29
1006.29
1006.29
1006.29
1006.29
1006.29
1006.29
1006.29
1006.29
1006.29
1006.29
1006.29
1006.29
1006.29
1006.29
1006.29
1006.3
1006.3
1006.31
1006.31
1006.31
1006.31
1006.3
1006.3
1006.29
1006.29
1006.29
1006.28
1006.25
1006.2
1006.1
1005.93
1005.7
1005.41
1005.09
1004.78
1004.54
1004.42
1004.43
1004.58
1004.81
1005.09
1005.37
1005.62
1005.82
1005.97
1006.08
1006.16
1006.21
1006.24
1006.27
1006.29
1006.3
1006.31
1006.31
1006.31
1006.31
1006.3
1006.3
1006.3
1006.29
1006.29
1006.29
1006.29
1006.29
1006.29
1006.29
1006.29
1006.29
1006.29
1006.29
1006.29
1006.29
1006.29
1006.29
1006.29
1006.29
1006.29
1006.29
1006.29
1006.29
1006.29
1006.29
1006.29
1006.29
1006.29
1006.29
1006.29
1006.29
1006.29
1006.29
1006.29
1006.29
1006.29
1006.29
1006.29
1006.29
1006.29
1006.29
1006.29
1006.29
1006.29
1006.29
1006.29
1006.29
1006.29
1006.29
1006.29
1006.29
1006.29
1006.29
1006.29
1006.29
1006.29
1006.29
1006.3
1006.3
1006.31
1006.31
1006.31
1006.31
1006.31
1006.3
1006.29
1006.29
1006.29
1006.29
1006.28
1006.24
1006.14
1005.96
1005.68
1005.27
1004.76
1004.18
1003.63
1003.2
1002.98
1003.01
1003.26
1003.69
1004.19
1004.69
1005.14
1005.49
1005.76
1005.95
1006.07
1006.16
1006.21
1006.25
1006.27
1006.29
1006.3
1006.31
1006.31
1006.31
1006.31
1006.3
1006.3
1006.29
1006.29
1006.29
1006.29
1006.29
1006.29
1006.29
1006.29
1006.29
1006.29
1006.29
1006.29
1006.29
1006.29
1006.29
1006.29
1006.29
1006.29
1006.29
1006.29
1006.29
1006.29
1006.29
1006.29
1006.29
1006.29
1006.29
1006.29
1006.29
1006.29
1006.29
1006.29
1006.29
1006.29
1006.29
1006.29
1006.29
1006.29
1006.29
1006.29
1006.29
1006.29
1006.29
1006.29
1006.29
1006.29
1006.29
1006.29
1006.29
1006.29
1006.29
1006.29
1006.29
1006.29
1006.29
1006.3
1006.3
1006.31
1006.31
1006.31
1006.31
1006.3
1006.29
1006.28
1006.29
1006.3
1006.3
1006.28
1006.2
1006.03
1005.73
1005.24
1004.55
1003.65
1002.66
1001.7
1000.97
1000.59
1000.64
1001.08
1001.82
1002.7
1003.57
1004.34
1004.96
1005.41
1005.73
1005.94
1006.08
1006.17
1006.22
1006.26
1006.28
1006.3
1006.31
1006.31
1006.31
1006.31
1006.3
1006.3
1006.3
1006.29
1006.29
1006.29
1006.29
1006.29
1006.29
1006.29
1006.29
1006.29
1006.29
1006.29
1006.29
1006.29
1006.29
1006.29
1006.29
1006.29
1006.29
1006.29
1006.29
1006.29
1006.29
1006.29
1006.29
1006.29
1006.29
1006.29
1006.29
1006.29
1006.29
1006.29
1006.29
1006.29
1006.29
1006.29
1006.29
1006.29
1006.29
1006.29
1006.29
1006.29
1006.29
1006.29
1006.29
1006.29
1006.29
1006.29
1006.29
1006.29
1006.29
1006.29
1006.29
1006.29
1006.29
1006.3
1006.31
1006.31
1006.31
1006.31
1006.31
1006.29
1006.28
1006.28
1006.29
1006.31
1006.32
1006.28
1006.14
1005.86
1005.35
1004.54
1003.37
1001.87
1000.2
998.62
997.402
996.78
996.863
997.609
998.841
1000.31
1001.78
1003.07
1004.11
1004.87
1005.39
1005.74
1005.96
1006.1
1006.18
1006.24
1006.27
1006.29
1006.3
1006.31
1006.31
1006.31
1006.3
1006.3
1006.3
1006.29
1006.29
1006.29
1006.29
1006.29
1006.29
1006.29
1006.29
1006.29
1006.29
1006.29
1006.29
1006.29
1006.29
1006.29
1006.29
1006.29
1006.29
1006.29
1006.29
1006.29
1006.29
1006.29
1006.29
1006.29
1006.29
1006.29
1006.29
1006.29
1006.29
1006.29
1006.29
1006.29
1006.29
1006.29
1006.29
1006.29
1006.29
1006.29
1006.29
1006.29
1006.29
1006.29
1006.29
1006.29
1006.29
1006.29
1006.29
1006.29
1006.29
1006.29
1006.29
1006.29
1006.3
1006.3
1006.31
1006.31
1006.31
1006.31
1006.3
1006.28
1006.27
1006.28
1006.31
1006.34
1006.34
1006.26
1006.04
1005.58
1004.76
1003.43
1001.51
999.089
996.41
993.882
991.946
990.959
991.093
992.284
994.263
996.639
999.022
1001.13
1002.8
1004.04
1004.88
1005.44
1005.79
1006
1006.13
1006.21
1006.25
1006.28
1006.3
1006.31
1006.31
1006.31
1006.31
1006.3
1006.3
1006.29
1006.29
1006.29
1006.29
1006.29
1006.29
1006.29
1006.29
1006.29
1006.29
1006.29
1006.29
1006.29
1006.29
1006.29
1006.29
1006.29
1006.29
1006.29
1006.29
1006.29
1006.29
1006.29
1006.29
1006.29
1006.29
1006.29
1006.29
1006.29
1006.29
1006.29
1006.29
1006.29
1006.29
1006.29
1006.29
1006.29
1006.29
1006.29
1006.29
1006.29
1006.29
1006.29
1006.29
1006.29
1006.29
1006.29
1006.29
1006.29
1006.29
1006.29
1006.29
1006.29
1006.3
1006.3
1006.31
1006.31
1006.32
1006.32
1006.3
1006.27
1006.26
1006.28
1006.33
1006.38
1006.37
1006.23
1005.88
1005.15
1003.84
1001.74
998.722
994.944
990.81
986.928
983.957
982.436
982.63
984.458
987.513
991.203
994.927
998.228
1000.87
1002.81
1004.14
1005
1005.54
1005.86
1006.05
1006.16
1006.23
1006.27
1006.29
1006.3
1006.31
1006.31
1006.31
1006.3
1006.3
1006.3
1006.29
1006.29
1006.29
1006.29
1006.29
1006.29
1006.29
1006.29
1006.29
1006.29
1006.29
1006.29
1006.29
1006.29
1006.29
1006.29
1006.29
1006.29
1006.29
1006.29
1006.29
1006.29
1006.29
1006.29
1006.29
1006.29
1006.29
1006.29
1006.29
1006.29
1006.29
1006.29
1006.29
1006.29
1006.29
1006.29
1006.29
1006.29
1006.29
1006.29
1006.29
1006.29
1006.29
1006.29
1006.29
1006.29
1006.29
1006.29
1006.29
1006.29
1006.29
1006.29
1006.3
1006.31
1006.31
1006.31
1006.32
1006.32
1006.29
1006.25
1006.24
1006.29
1006.37
1006.43
1006.4
1006.18
1005.63
1004.52
1002.5
999.271
994.715
989.071
982.934
977.169
972.744
970.467
970.745
973.458
978.008
983.522
989.113
994.096
998.1
1001.05
1003.07
1004.38
1005.19
1005.67
1005.95
1006.11
1006.2
1006.25
1006.28
1006.3
1006.31
1006.31
1006.31
1006.3
1006.3
1006.3
1006.29
1006.29
1006.29
1006.29
1006.29
1006.29
1006.29
1006.29
1006.29
1006.29
1006.29
1006.29
1006.29
1006.29
1006.29
1006.29
1006.29
1006.29
1006.29
1006.29
1006.29
1006.29
1006.29
1006.29
1006.29
1006.29
1006.29
1006.29
1006.29
1006.29
1006.29
1006.29
1006.29
1006.29
1006.29
1006.29
1006.29
1006.29
1006.29
1006.29
1006.29
1006.29
1006.29
1006.29
1006.29
1006.29
1006.29
1006.29
1006.29
1006.29
1006.29
1006.29
1006.3
1006.31
1006.3
1006.31
1006.33
1006.33
1006.28
1006.23
1006.23
1006.3
1006.42
1006.5
1006.43
1006.09
1005.28
1003.61
1000.61
995.865
989.274
981.176
972.362
964.047
957.664
954.41
954.853
958.788
965.34
973.259
981.298
988.5
994.325
998.643
1001.61
1003.53
1004.71
1005.41
1005.81
1006.03
1006.16
1006.23
1006.27
1006.29
1006.3
1006.31
1006.31
1006.3
1006.3
1006.3
1006.29
1006.29
1006.29
1006.29
1006.29
1006.29
1006.29
1006.29
1006.29
1006.29
1006.29
1006.29
1006.29
1006.29
1006.29
1006.29
1006.29
1006.29
1006.29
1006.29
1006.29
1006.29
1006.29
1006.29
1006.29
1006.29
1006.29
1006.29
1006.29
1006.29
1006.29
1006.29
1006.29
1006.29
1006.29
1006.29
1006.29
1006.29
1006.29
1006.29
1006.29
1006.29
1006.29
1006.29
1006.29
1006.29
1006.29
1006.29
1006.29
1006.29
1006.29
1006.29
1006.31
1006.31
1006.3
1006.3
1006.34
1006.33
1006.27
1006.2
1006.21
1006.33
1006.49
1006.58
1006.46
1005.97
1004.8
1002.4
998.104
991.436
982.302
971.086
958.79
947.175
938.356
933.986
934.762
940.337
949.468
960.412
971.474
981.398
989.478
995.519
999.703
1002.42
1004.08
1005.07
1005.63
1005.94
1006.11
1006.21
1006.26
1006.29
1006.3
1006.31
1006.31
1006.3
1006.3
1006.3
1006.29
1006.29
1006.29
1006.29
1006.29
1006.29
1006.29
1006.29
1006.29
1006.29
1006.29
1006.29
1006.29
1006.29
1006.29
1006.29
1006.29
1006.29
1006.29
1006.29
1006.29
1006.29
1006.29
1006.29
1006.29
1006.29
1006.29
1006.29
1006.29
1006.29
1006.29
1006.29
1006.29
1006.29
1006.29
1006.29
1006.29
1006.29
1006.29
1006.29
1006.29
1006.29
1006.29
1006.29
1006.29
1006.29
1006.29
1006.29
1006.29
1006.29
1006.29
1006.29
1006.31
1006.31
1006.29
1006.3
1006.35
1006.34
1006.25
1006.16
1006.19
1006.37
1006.58
1006.67
1006.49
1005.81
1004.18
1000.84
994.976
986.037
973.872
958.809
942.189
926.627
915.051
909.475
910.698
918.31
930.658
945.314
959.968
973.033
983.693
991.73
997.356
1001.04
1003.31
1004.64
1005.4
1005.82
1006.05
1006.18
1006.24
1006.28
1006.3
1006.3
1006.31
1006.31
1006.3
1006.3
1006.29
1006.29
1006.29
1006.29
1006.29
1006.29
1006.29
1006.29
1006.29
1006.29
1006.29
1006.29
1006.29
1006.29
1006.29
1006.29
1006.29
1006.29
1006.29
1006.29
1006.29
1006.29
1006.29
1006.29
1006.29
1006.29
1006.29
1006.29
1006.29
1006.29
1006.29
1006.29
1006.29
1006.29
1006.29
1006.29
1006.29
1006.29
1006.29
1006.29
1006.29
1006.29
1006.29
1006.29
1006.29
1006.29
1006.29
1006.28
1006.29
1006.29
1006.28
1006.3
1006.32
1006.31
1006.27
1006.3
1006.37
1006.35
1006.22
1006.11
1006.18
1006.41
1006.68
1006.78
1006.53
1005.63
1003.45
998.998
991.349
979.891
964.25
944.653
923.071
903.229
888.659
881.478
882.828
892.66
908.962
928.261
947.248
963.88
977.327
987.491
994.678
999.433
1002.39
1004.14
1005.14
1005.69
1005.99
1006.14
1006.23
1006.27
1006.29
1006.3
1006.31
1006.31
1006.3
1006.3
1006.3
1006.29
1006.29
1006.29
1006.29
1006.29
1006.29
1006.29
1006.29
1006.29
1006.29
1006.29
1006.29
1006.29
1006.29
1006.29
1006.29
1006.29
1006.29
1006.29
1006.29
1006.29
1006.29
1006.29
1006.29
1006.29
1006.29
1006.29
1006.29
1006.29
1006.29
1006.29
1006.29
1006.29
1006.29
1006.29
1006.29
1006.29
1006.29
1006.29
1006.29
1006.29
1006.29
1006.29
1006.29
1006.29
1006.29
1006.28
1006.29
1006.29
1006.28
1006.3
1006.33
1006.31
1006.26
1006.31
1006.4
1006.37
1006.19
1006.06
1006.15
1006.47
1006.8
1006.91
1006.6
1005.46
1002.64
996.968
987.467
973.376
953.938
929.389
902.68
878.553
860.471
850.474
850.83
862.705
883.815
909.084
933.549
954.393
970.846
983.152
991.882
997.722
1001.4
1003.59
1004.85
1005.54
1005.91
1006.11
1006.21
1006.26
1006.29
1006.3
1006.31
1006.31
1006.3
1006.3
1006.3
1006.29
1006.29
1006.29
1006.29
1006.29
1006.29
1006.29
1006.29
1006.29
1006.29
1006.29
1006.29
1006.29
1006.29
1006.29
1006.29
1006.29
1006.29
1006.29
1006.29
1006.29
1006.29
1006.29
1006.29
1006.29
1006.29
1006.29
1006.29
1006.29
1006.29
1006.29
1006.29
1006.29
1006.29
1006.29
1006.29
1006.29
1006.29
1006.29
1006.29
1006.29
1006.29
1006.29
1006.28
1006.29
1006.29
1006.28
1006.3
1006.3
1006.27
1006.3
1006.35
1006.3
1006.24
1006.3
1006.43
1006.39
1006.16
1005.99
1006.12
1006.52
1006.92
1007.06
1006.71
1005.32
1001.82
994.936
983.669
967.002
943.713
914.293
882.874
854.608
832.048
817.347
815.061
828.47
855.065
887.646
918.926
944.858
964.652
979.09
989.243
996.068
1000.42
1003.04
1004.55
1005.38
1005.83
1006.07
1006.19
1006.25
1006.29
1006.3
1006.31
1006.31
1006.3
1006.3
1006.3
1006.29
1006.29
1006.29
1006.29
1006.29
1006.29
1006.29
1006.29
1006.29
1006.29
1006.29
1006.29
1006.29
1006.29
1006.29
1006.29
1006.29
1006.29
1006.29
1006.29
1006.29
1006.29
1006.29
1006.29
1006.29
1006.29
1006.29
1006.29
1006.29
1006.29
1006.29
1006.29
1006.29
1006.29
1006.29
1006.29
1006.29
1006.29
1006.29
1006.29
1006.29
1006.29
1006.29
1006.28
1006.29
1006.29
1006.28
1006.3
1006.3
1006.26
1006.29
1006.36
1006.31
1006.22
1006.3
1006.46
1006.42
1006.13
1005.92
1006.08
1006.56
1007.04
1007.24
1006.87
1005.25
1001.11
993.126
980.335
961.364
934.564
900.953
865.731
833.666
805.984
785.461
779.531
793.761
825.539
865.603
904.195
935.717
959.099
975.633
987.029
994.657
999.551
1002.54
1004.27
1005.23
1005.75
1006.03
1006.17
1006.25
1006.28
1006.3
1006.3
1006.31
1006.3
1006.3
1006.3
1006.29
1006.29
1006.29
1006.29
1006.29
1006.29
1006.29
1006.29
1006.29
1006.29
1006.29
1006.29
1006.29
1006.29
1006.29
1006.29
1006.29
1006.29
1006.29
1006.29
1006.29
1006.29
1006.29
1006.29
1006.29
1006.29
1006.29
1006.29
1006.29
1006.29
1006.29
1006.29
1006.29
1006.29
1006.29
1006.29
1006.29
1006.29
1006.29
1006.29
1006.29
1006.29
1006.29
1006.28
1006.29
1006.29
1006.27
1006.3
1006.31
1006.25
1006.29
1006.38
1006.31
1006.19
1006.28
1006.49
1006.46
1006.12
1005.85
1006.01
1006.57
1007.16
1007.44
1007.11
1005.31
1000.61
991.755
977.823
957.065
927.523
890.911
853.143
818.222
786.467
761.525
752.708
766.936
801.911
847.372
891.795
928.129
954.728
973.094
985.467
993.654
998.913
1002.15
1004.05
1005.11
1005.69
1006
1006.16
1006.24
1006.28
1006.3
1006.3
1006.3
1006.3
1006.3
1006.3
1006.29
1006.29
1006.29
1006.29
1006.29
1006.29
1006.29
1006.29
1006.29
1006.29
1006.29
1006.29
1006.29
1006.29
1006.29
1006.29
1006.29
1006.29
1006.29
1006.29
1006.29
1006.29
1006.29
1006.29
1006.29
1006.29
1006.29
1006.29
1006.29
1006.29
1006.29
1006.29
1006.29
1006.29
1006.29
1006.29
1006.29
1006.29
1006.29
1006.29
1006.28
1006.29
1006.29
1006.28
1006.29
1006.29
1006.27
1006.3
1006.32
1006.25
1006.27
1006.39
1006.33
1006.17
1006.25
1006.51
1006.52
1006.14
1005.77
1005.91
1006.54
1007.24
1007.65
1007.43
1005.55
1000.44
990.997
976.405
954.586
923.427
885.314
846.47
810.406
777.467
751.792
742.345
755.79
790.74
837.702
884.725
923.725
952.312
971.827
984.744
993.18
998.585
1001.93
1003.91
1005.03
1005.65
1005.98
1006.15
1006.23
1006.28
1006.3
1006.3
1006.3
1006.3
1006.3
1006.3
1006.29
1006.29
1006.29
1006.29
1006.29
1006.29
1006.29
1006.29
1006.29
1006.29
1006.29
1006.29
1006.29
1006.29
1006.29
1006.29
1006.29
1006.29
1006.29
1006.29
1006.29
1006.29
1006.29
1006.29
1006.29
1006.29
1006.29
1006.29
1006.29
1006.29
1006.29
1006.29
1006.29
1006.29
1006.29
1006.29
1006.29
1006.29
1006.29
1006.29
1006.28
1006.29
1006.29
1006.28
1006.29
1006.3
1006.26
1006.29
1006.33
1006.25
1006.25
1006.4
1006.36
1006.16
1006.2
1006.51
1006.59
1006.19
1005.72
1005.78
1006.46
1007.28
1007.85
1007.82
1006
1000.68
990.964
976.219
954.167
922.712
884.673
846.237
810.908
779.8
757.028
749.232
761.299
793.165
837.787
884.088
923.35
952.365
972.087
984.981
993.304
998.612
1001.91
1003.88
1005.01
1005.63
1005.97
1006.14
1006.23
1006.27
1006.29
1006.3
1006.3
1006.3
1006.3
1006.3
1006.29
1006.29
1006.29
1006.29
1006.29
1006.29
1006.29
1006.29
1006.29
1006.29
1006.29
1006.29
1006.29
1006.29
1006.29
1006.29
1006.29
1006.29
1006.29
1006.29
1006.29
1006.29
1006.29
1006.29
1006.29
1006.29
1006.29
1006.29
1006.29
1006.29
1006.29
1006.29
1006.29
1006.29
1006.29
1006.29
1006.29
1006.29
1006.28
1006.29
1006.28
1006.29
1006.29
1006.28
1006.29
1006.3
1006.26
1006.28
1006.35
1006.26
1006.22
1006.4
1006.41
1006.16
1006.13
1006.48
1006.67
1006.29
1005.7
1005.63
1006.31
1007.24
1008
1008.25
1006.67
1001.39
991.711
977.266
955.77
925.302
888.765
852.005
818.62
790.824
772.671
767.64
778.042
805.19
845.242
888.693
926.508
954.716
973.815
986.15
994.011
998.994
1002.1
1003.96
1005.04
1005.65
1005.97
1006.14
1006.23
1006.27
1006.29
1006.3
1006.3
1006.3
1006.3
1006.3
1006.29
1006.29
1006.29
1006.29
1006.29
1006.29
1006.29
1006.29
1006.29
1006.29
1006.29
1006.29
1006.29
1006.29
1006.29
1006.29
1006.29
1006.29
1006.29
1006.29
1006.29
1006.29
1006.29
1006.29
1006.29
1006.29
1006.29
1006.29
1006.29
1006.29
1006.29
1006.29
1006.29
1006.29
1006.29
1006.29
1006.29
1006.29
1006.28
1006.29
1006.28
1006.28
1006.29
1006.28
1006.28
1006.31
1006.26
1006.26
1006.36
1006.29
1006.19
1006.37
1006.46
1006.2
1006.07
1006.4
1006.72
1006.44
1005.75
1005.48
1006.08
1007.1
1008.05
1008.67
1007.52
1002.58
993.248
979.453
959.152
930.702
896.808
862.63
831.522
806.95
793.127
790.713
799.744
822.515
857.694
897.301
932.479
958.9
976.711
988.068
995.199
999.676
1002.46
1004.15
1005.13
1005.69
1005.99
1006.15
1006.23
1006.28
1006.3
1006.3
1006.3
1006.3
1006.3
1006.3
1006.29
1006.29
1006.29
1006.29
1006.29
1006.29
1006.29
1006.29
1006.29
1006.29
1006.29
1006.29
1006.29
1006.29
1006.29
1006.29
1006.29
1006.29
1006.29
1006.29
1006.29
1006.29
1006.29
1006.29
1006.29
1006.29
1006.29
1006.29
1006.29
1006.29
1006.29
1006.29
1006.29
1006.29
1006.29
1006.29
1006.29
1006.29
1006.28
1006.29
1006.29
1006.28
1006.29
1006.28
1006.27
1006.31
1006.28
1006.24
1006.35
1006.32
1006.18
1006.32
1006.49
1006.27
1006.03
1006.28
1006.72
1006.63
1005.9
1005.37
1005.8
1006.85
1007.97
1008.97
1008.45
1004.17
995.532
982.656
963.98
938.22
907.831
876.811
847.921
825.913
815.129
814.479
822.848
842.794
873.951
909.376
940.948
964.628
980.501
990.513
996.715
1000.57
1002.96
1004.41
1005.27
1005.75
1006.02
1006.17
1006.24
1006.28
1006.3
1006.3
1006.3
1006.3
1006.3
1006.3
1006.29
1006.29
1006.29
1006.29
1006.29
1006.29
1006.29
1006.29
1006.29
1006.29
1006.29
1006.29
1006.29
1006.29
1006.29
1006.29
1006.29
1006.29
1006.29
1006.29
1006.29
1006.29
1006.29
1006.29
1006.29
1006.29
1006.29
1006.29
1006.29
1006.29
1006.29
1006.29
1006.29
1006.29
1006.29
1006.29
1006.29
1006.29
1006.28
1006.29
1006.29
1006.28
1006.29
1006.29
1006.26
1006.31
1006.3
1006.23
1006.32
1006.37
1006.19
1006.25
1006.49
1006.37
1006.04
1006.13
1006.63
1006.79
1006.16
1005.37
1005.47
1006.46
1007.73
1009.08
1009.27
1006.01
998.448
986.751
969.881
947.149
920.855
893.335
866.777
846.931
837.969
838.206
846.387
864.69
892.535
923.694
951.114
971.428
984.879
993.264
998.402
1001.57
1003.53
1004.72
1005.43
1005.83
1006.06
1006.18
1006.25
1006.28
1006.3
1006.3
1006.3
1006.3
1006.3
1006.3
1006.29
1006.29
1006.29
1006.29
1006.29
1006.29
1006.29
1006.29
1006.29
1006.29
1006.29
1006.29
1006.29
1006.29
1006.29
1006.29
1006.29
1006.29
1006.29
1006.29
1006.29
1006.29
1006.29
1006.29
1006.29
1006.29
1006.29
1006.29
1006.29
1006.29
1006.29
1006.29
1006.29
1006.29
1006.29
1006.29
1006.29
1006.29
1006.29
1006.28
1006.29
1006.28
1006.29
1006.3
1006.27
1006.29
1006.32
1006.23
1006.28
1006.39
1006.24
1006.18
1006.44
1006.47
1006.12
1006.01
1006.45
1006.86
1006.49
1005.56
1005.21
1005.95
1007.32
1008.94
1009.79
1007.81
1001.77
991.574
976.511
956.924
934.901
911.032
887.241
869.555
861.767
862.404
870.484
887.422
911.999
938.682
961.7
978.462
989.365
996.052
1000.1
1002.58
1004.1
1005.04
1005.6
1005.92
1006.1
1006.2
1006.26
1006.29
1006.3
1006.3
1006.3
1006.3
1006.3
1006.3
1006.29
1006.29
1006.29
1006.29
1006.29
1006.29
1006.29
1006.29
1006.29
1006.29
1006.29
1006.29
1006.29
1006.29
1006.29
1006.29
1006.29
1006.29
1006.29
1006.29
1006.29
1006.29
1006.29
1006.29
1006.29
1006.29
1006.29
1006.29
1006.29
1006.29
1006.29
1006.29
1006.29
1006.29
1006.29
1006.29
1006.29
1006.29
1006.29
1006.28
1006.29
1006.28
1006.28
1006.3
1006.28
1006.27
1006.33
1006.26
1006.24
1006.38
1006.31
1006.15
1006.35
1006.52
1006.26
1005.97
1006.21
1006.78
1006.8
1005.95
1005.14
1005.41
1006.72
1008.5
1009.87
1009.22
1005.13
996.751
983.604
967.21
949.189
929.007
908.434
893.03
886.2
887.069
894.967
910.433
931.587
953.586
972.008
985.144
993.546
998.622
1001.66
1003.5
1004.64
1005.34
1005.76
1006.01
1006.15
1006.22
1006.27
1006.29
1006.3
1006.3
1006.3
1006.3
1006.3
1006.29
1006.29
1006.29
1006.29
1006.29
1006.29
1006.29
1006.29
1006.29
1006.29
1006.29
1006.29
1006.29
1006.29
1006.29
1006.29
1006.29
1006.29
1006.29
1006.29
1006.29
1006.29
1006.29
1006.29
1006.29
1006.29
1006.29
1006.29
1006.29
1006.29
1006.29
1006.29
1006.29
1006.29
1006.29
1006.29
1006.29
1006.29
1006.29
1006.29
1006.28
1006.29
1006.29
1006.28
1006.3
1006.29
1006.26
1006.32
1006.3
1006.22
1006.34
1006.38
1006.19
1006.24
1006.5
1006.42
1006.05
1006.01
1006.55
1006.94
1006.42
1005.38
1005.05
1006
1007.74
1009.45
1010.06
1008.02
1001.62
990.751
977.586
963.22
946.716
929.506
916.376
910.514
911.637
919.172
932.857
950.408
967.729
981.629
991.223
997.236
1000.84
1002.99
1004.3
1005.1
1005.6
1005.9
1006.08
1006.18
1006.24
1006.28
1006.29
1006.3
1006.31
1006.3
1006.3
1006.3
1006.29
1006.29
1006.29
1006.29
1006.29
1006.29
1006.29
1006.29
1006.29
1006.29
1006.29
1006.29
1006.29
1006.29
1006.29
1006.29
1006.29
1006.29
1006.29
1006.29
1006.29
1006.29
1006.29
1006.29
1006.29
1006.29
1006.29
1006.29
1006.29
1006.29
1006.29
1006.29
1006.29
1006.29
1006.29
1006.29
1006.29
1006.29
1006.28
1006.29
1006.28
1006.28
1006.29
1006.28
1006.29
1006.3
1006.26
1006.29
1006.33
1006.24
1006.27
1006.4
1006.27
1006.17
1006.4
1006.52
1006.21
1005.94
1006.27
1006.84
1006.76
1005.88
1005.12
1005.37
1006.65
1008.57
1010.29
1009.95
1005.51
997.234
987.327
976.504
963.54
949.421
938.495
933.872
935.421
942.293
953.638
967.246
980.008
989.808
996.312
1000.28
1002.64
1004.05
1004.93
1005.47
1005.81
1006.02
1006.14
1006.22
1006.26
1006.28
1006.3
1006.3
1006.31
1006.3
1006.3
1006.3
1006.29
1006.29
1006.29
1006.29
1006.29
1006.29
1006.29
1006.29
1006.29
1006.29
1006.29
1006.29
1006.29
1006.29
1006.29
1006.29
1006.29
1006.29
1006.29
1006.29
1006.29
1006.29
1006.29
1006.29
1006.29
1006.29
1006.29
1006.29
1006.29
1006.29
1006.29
1006.29
1006.29
1006.29
1006.29
1006.29
1006.29
1006.29
1006.29
1006.29
1006.29
1006.28
1006.29
1006.29
1006.28
1006.3
1006.28
1006.27
1006.32
1006.28
1006.23
1006.36
1006.35
1006.19
1006.28
1006.5
1006.37
1006.04
1006.08
1006.55
1006.81
1006.41
1005.61
1005.12
1005.63
1007.45
1009.8
1010.56
1007.88
1002.28
995.797
988.485
978.523
967.015
958.48
955.527
957.441
963.059
971.489
981.041
989.619
995.979
1000.08
1002.52
1003.97
1004.85
1005.4
1005.75
1005.97
1006.11
1006.19
1006.24
1006.27
1006.29
1006.3
1006.31
1006.31
1006.3
1006.3
1006.3
1006.29
1006.29
1006.29
1006.29
1006.29
1006.29
1006.29
1006.29
1006.29
1006.29
1006.29
1006.29
1006.29
1006.29
1006.29
1006.29
1006.29
1006.29
1006.29
1006.29
1006.29
1006.29
1006.29
1006.29
1006.29
1006.29
1006.29
1006.29
1006.29
1006.29
1006.29
1006.29
1006.29
1006.29
1006.29
1006.29
1006.29
1006.29
1006.29
1006.29
1006.29
1006.28
1006.29
1006.29
1006.28
1006.29
1006.3
1006.27
1006.3
1006.31
1006.24
1006.29
1006.37
1006.27
1006.22
1006.39
1006.44
1006.23
1006.08
1006.25
1006.59
1006.68
1006.19
1005.4
1005.26
1006.5
1008.53
1009.55
1008.29
1005.59
1002.72
998.298
990.388
981.425
975.806
974.517
976.058
979.677
985.086
991.149
996.428
1000.21
1002.6
1004.02
1004.87
1005.4
1005.73
1005.95
1006.08
1006.17
1006.22
1006.26
1006.28
1006.3
1006.3
1006.31
1006.31
1006.3
1006.3
1006.3
1006.29
1006.29
1006.29
1006.29
1006.29
1006.29
1006.29
1006.29
1006.29
1006.29
1006.29
1006.29
1006.29
1006.29
1006.29
1006.29
1006.29
1006.29
1006.29
1006.29
1006.29
1006.29
1006.29
1006.29
1006.29
1006.29
1006.29
1006.29
1006.29
1006.29
1006.29
1006.29
1006.29
1006.29
1006.29
1006.29
1006.29
1006.29
1006.29
1006.29
1006.29
1006.29
1006.28
1006.29
1006.29
1006.28
1006.3
1006.28
1006.27
1006.31
1006.29
1006.26
1006.33
1006.34
1006.25
1006.28
1006.39
1006.38
1006.21
1006.12
1006.31
1006.58
1006.49
1006.02
1005.7
1006.04
1006.83
1007.31
1007.33
1007.59
1007.45
1004.34
998.074
992.381
989.735
989.079
989.311
990.919
994.078
997.765
1000.85
1002.94
1004.21
1004.97
1005.45
1005.75
1005.95
1006.08
1006.16
1006.21
1006.25
1006.27
1006.29
1006.3
1006.31
1006.31
1006.3
1006.3
1006.3
1006.3
1006.29
1006.29
1006.29
1006.29
1006.29
1006.29
1006.29
1006.29
1006.29
1006.29
1006.29
1006.29
1006.29
1006.29
1006.29
1006.29
1006.29
1006.29
1006.29
1006.29
1006.29
1006.29
1006.29
1006.29
1006.29
1006.29
1006.29
1006.29
1006.29
1006.29
1006.29
1006.29
1006.29
1006.29
1006.29
1006.29
1006.29
1006.29
1006.29
1006.29
1006.29
1006.29
1006.28
1006.29
1006.29
1006.28
1006.29
1006.29
1006.27
1006.29
1006.31
1006.27
1006.28
1006.35
1006.31
1006.25
1006.31
1006.4
1006.33
1006.19
1006.17
1006.31
1006.48
1006.51
1006.31
1005.91
1005.54
1005.65
1006.79
1008.47
1008.53
1005.7
1002
999.858
998.764
997.456
996.612
997.401
999.532
1001.83
1003.54
1004.59
1005.2
1005.57
1005.81
1005.98
1006.09
1006.16
1006.21
1006.24
1006.27
1006.28
1006.3
1006.3
1006.31
1006.31
1006.3
1006.3
1006.3
1006.29
1006.29
1006.29
1006.29
1006.29
1006.29
1006.29
1006.29
1006.29
1006.29
1006.29
1006.29
1006.29
1006.29
1006.29
1006.29
1006.29
1006.29
1006.29
1006.29
1006.29
1006.29
1006.29
1006.29
1006.29
1006.29
1006.29
1006.29
1006.29
1006.29
1006.29
1006.29
1006.29
1006.29
1006.29
1006.29
1006.29
1006.29
1006.29
1006.29
1006.29
1006.29
1006.29
1006.29
1006.28
1006.29
1006.29
1006.28
1006.29
1006.29
1006.28
1006.3
1006.29
1006.27
1006.31
1006.33
1006.29
1006.28
1006.33
1006.36
1006.3
1006.2
1006.2
1006.38
1006.53
1006.39
1005.91
1005.55
1005.98
1007.07
1007.54
1006.46
1004.85
1004.1
1003.64
1002.25
1000.58
1000.19
1001.31
1002.96
1004.27
1005.05
1005.48
1005.73
1005.9
1006.02
1006.11
1006.17
1006.21
1006.24
1006.26
1006.28
1006.29
1006.3
1006.31
1006.31
1006.31
1006.3
1006.3
1006.3
1006.29
1006.29
1006.29
1006.29
1006.29
1006.29
1006.29
1006.29
1006.29
1006.29
1006.29
1006.29
1006.29
1006.29
1006.29
1006.29
1006.29
1006.29
1006.29
1006.29
1006.29
1006.29
1006.29
1006.29
1006.29
1006.29
1006.29
1006.29
1006.29
1006.29
1006.29
1006.29
1006.29
1006.29
1006.29
1006.29
1006.29
1006.29
1006.29
1006.29
1006.29
1006.29
1006.29
1006.29
1006.29
1006.28
1006.29
1006.28
1006.28
1006.29
1006.28
1006.28
1006.3
1006.29
1006.28
1006.31
1006.33
1006.3
1006.29
1006.32
1006.32
1006.29
1006.28
1006.29
1006.26
1006.16
1006.15
1006.44
1006.8
1006.61
1005.75
1005.07
1005.19
1005.29
1004.31
1002.83
1002.28
1003
1004.19
1005.08
1005.55
1005.76
1005.89
1005.99
1006.08
1006.14
1006.19
1006.22
1006.24
1006.26
1006.27
1006.29
1006.3
1006.3
1006.31
1006.31
1006.31
1006.3
1006.3
1006.3
1006.29
1006.29
1006.29
1006.29
1006.29
1006.29
1006.29
1006.29
1006.29
1006.29
1006.29
1006.29
1006.29
1006.29
1006.29
1006.29
1006.29
1006.29
1006.29
1006.29
1006.29
1006.29
1006.29
1006.29
1006.29
1006.29
1006.29
1006.29
1006.29
1006.29
1006.29
1006.29
1006.29
1006.29
1006.29
1006.29
1006.29
1006.29
1006.29
1006.29
1006.29
1006.29
1006.29
1006.29
1006.29
1006.28
1006.29
1006.29
1006.28
1006.29
1006.29
1006.28
1006.29
1006.3
1006.29
1006.3
1006.32
1006.32
1006.3
1006.29
1006.31
1006.34
1006.32
1006.23
1006.14
1006.21
1006.49
1006.68
1006.39
1005.8
1005.61
1005.97
1006.1
1005.36
1004.32
1004.03
1004.61
1005.39
1005.85
1005.99
1006.01
1006.03
1006.08
1006.13
1006.17
1006.2
1006.23
1006.24
1006.26
1006.27
1006.28
1006.29
1006.3
1006.31
1006.31
1006.31
1006.3
1006.3
1006.3
1006.29
1006.29
1006.29
1006.29
1006.29
1006.29
1006.29
1006.29
1006.29
1006.29
1006.29
1006.29
1006.29
1006.29
1006.29
1006.29
1006.29
1006.29
1006.29
1006.29
1006.29
1006.29
1006.29
1006.29
1006.29
1006.29
1006.29
1006.29
1006.29
1006.29
1006.29
1006.29
1006.29
1006.29
1006.29
1006.29
1006.29
1006.29
1006.29
1006.29
1006.29
1006.29
1006.29
1006.29
1006.29
1006.29
1006.29
1006.29
1006.29
1006.29
1006.28
1006.29
1006.29
1006.28
1006.29
1006.3
1006.3
1006.3
1006.32
1006.31
1006.31
1006.31
1006.31
1006.28
1006.24
1006.28
1006.39
1006.39
1006.15
1005.94
1006.13
1006.54
1006.56
1005.98
1005.39
1005.37
1005.83
1006.23
1006.32
1006.22
1006.13
1006.12
1006.14
1006.18
1006.2
1006.23
1006.24
1006.25
1006.26
1006.27
1006.28
1006.29
1006.3
1006.3
1006.31
1006.31
1006.31
1006.3
1006.3
1006.3
1006.29
1006.29
1006.29
1006.29
1006.29
1006.29
1006.29
1006.29
1006.29
1006.29
1006.29
1006.29
1006.29
1006.29
1006.29
1006.29
1006.29
1006.29
1006.29
1006.29
1006.29
1006.29
1006.29
1006.29
1006.29
1006.29
1006.29
1006.29
1006.29
1006.29
1006.29
1006.29
1006.29
1006.29
1006.29
1006.29
1006.29
1006.29
1006.29
1006.29
1006.29
1006.29
1006.29
1006.29
1006.29
1006.29
1006.29
1006.29
1006.29
1006.29
1006.28
1006.28
1006.29
1006.29
1006.29
1006.29
1006.3
1006.3
1006.31
1006.32
1006.32
1006.31
1006.29
1006.28
1006.32
1006.37
1006.3
1006.13
1006.1
1006.33
1006.57
1006.46
1006.08
1005.87
1006.06
1006.39
1006.5
1006.39
1006.23
1006.15
1006.15
1006.18
1006.21
1006.23
1006.24
1006.25
1006.26
1006.26
1006.27
1006.28
1006.29
1006.29
1006.3
1006.31
1006.31
1006.31
1006.31
1006.3
1006.3
1006.29
1006.29
1006.29
1006.29
1006.29
1006.29
1006.29
1006.29
1006.29
1006.29
1006.29
1006.29
1006.29
1006.29
1006.29
1006.29
1006.29
1006.29
1006.29
1006.29
1006.29
1006.29
1006.29
1006.29
1006.29
1006.29
1006.29
1006.29
1006.29
1006.29
1006.29
1006.29
1006.29
1006.29
1006.29
1006.29
1006.29
1006.29
1006.29
1006.29
1006.29
1006.29
1006.29
1006.29
1006.29
1006.29
1006.29
1006.29
1006.29
1006.29
1006.29
1006.29
1006.29
1006.29
1006.29
1006.29
1006.29
1006.3
1006.3
1006.31
1006.31
1006.31
1006.3
1006.3
1006.32
1006.33
1006.27
1006.21
1006.25
1006.4
1006.43
1006.25
1006.05
1006.08
1006.31
1006.47
1006.43
1006.28
1006.17
1006.16
1006.19
1006.23
1006.25
1006.25
1006.26
1006.26
1006.26
1006.27
1006.27
1006.28
1006.28
1006.29
1006.3
1006.31
1006.31
1006.31
1006.31
1006.3
1006.3
1006.3
1006.29
1006.29
1006.29
1006.29
1006.29
1006.29
1006.29
1006.29
1006.29
1006.29
1006.29
1006.29
1006.29
1006.29
1006.29
1006.29
1006.29
1006.29
1006.29
1006.29
1006.29
1006.29
1006.29
1006.29
1006.29
1006.29
1006.29
1006.29
1006.29
1006.29
1006.29
1006.29
1006.29
1006.29
1006.29
1006.29
1006.29
1006.29
1006.29
1006.29
1006.29
1006.29
1006.29
1006.29
1006.29
1006.29
1006.29
1006.29
1006.29
1006.29
1006.29
1006.29
1006.29
1006.29
1006.29
1006.29
1006.29
1006.29
1006.3
1006.31
1006.31
1006.31
1006.31
1006.32
1006.31
1006.28
1006.26
1006.31
1006.37
1006.32
1006.19
1006.14
1006.25
1006.39
1006.4
1006.29
1006.19
1006.17
1006.2
1006.25
1006.27
1006.27
1006.27
1006.27
1006.27
1006.27
1006.27
1006.27
1006.28
1006.28
1006.29
1006.3
1006.3
1006.31
1006.31
1006.31
1006.31
1006.3
1006.3
1006.3
1006.29
1006.29
1006.29
1006.29
1006.29
1006.29
1006.29
1006.29
1006.29
1006.29
1006.29
1006.29
1006.29
1006.29
1006.29
1006.29
1006.29
1006.29
1006.29
1006.29
1006.29
1006.29
1006.29
1006.29
1006.29
1006.29
1006.29
1006.29
1006.29
1006.29
1006.29
1006.29
1006.29
1006.29
1006.29
1006.29
1006.29
1006.29
1006.29
1006.29
1006.29
1006.29
1006.29
1006.29
1006.29
1006.29
1006.29
1006.29
1006.29
1006.29
1006.29
1006.29
1006.29
1006.29
1006.29
1006.29
1006.29
1006.29
1006.29
1006.3
1006.3
1006.31
1006.32
1006.31
1006.3
1006.3
1006.32
1006.33
1006.27
1006.22
1006.25
1006.34
1006.37
1006.31
1006.22
1006.19
1006.23
1006.27
1006.29
1006.29
1006.28
1006.27
1006.27
1006.27
1006.27
1006.27
1006.28
1006.28
1006.28
1006.29
1006.3
1006.3
1006.31
1006.31
1006.31
1006.31
1006.3
1006.3
1006.3
1006.29
1006.29
1006.29
1006.29
1006.29
1006.29
1006.29
1006.29
1006.29
1006.29
1006.29
1006.29
1006.29
1006.29
1006.29
1006.29
1006.29
1006.29
1006.29
1006.29
1006.29
1006.29
1006.29
1006.29
1006.29
1006.29
1006.29
1006.29
1006.29
1006.29
1006.29
1006.29
1006.29
1006.29
1006.29
1006.29
1006.29
1006.29
1006.29
1006.29
1006.29
1006.29
1006.29
1006.29
1006.29
1006.29
1006.29
1006.29
1006.29
1006.29
1006.29
1006.29
1006.29
1006.29
1006.29
1006.29
1006.29
1006.29
1006.29
1006.29
1006.3
1006.3
1006.31
1006.31
1006.31
1006.31
1006.32
1006.31
1006.28
1006.27
1006.31
1006.34
1006.31
1006.25
1006.23
1006.25
1006.29
1006.31
1006.3
1006.29
1006.28
1006.27
1006.27
1006.27
1006.28
1006.28
1006.28
1006.28
1006.29
1006.29
1006.3
1006.3
1006.31
1006.31
1006.31
1006.31
1006.31
1006.3
1006.3
1006.29
1006.29
1006.29
1006.29
1006.29
1006.29
1006.29
1006.29
1006.29
1006.29
1006.29
1006.29
1006.29
1006.29
1006.29
1006.29
1006.29
1006.29
1006.29
1006.29
1006.29
1006.29
1006.29
1006.29
1006.29
1006.29
1006.29
1006.29
1006.29
1006.29
1006.29
1006.29
1006.29
1006.29
1006.29
1006.29
1006.29
1006.29
1006.29
1006.29
1006.29
1006.29
1006.29
1006.29
1006.29
1006.29
1006.29
1006.29
1006.29
1006.29
1006.29
1006.29
1006.29
1006.29
1006.29
1006.29
1006.29
1006.29
1006.29
1006.29
1006.29
1006.29
1006.3
1006.3
1006.31
1006.32
1006.32
1006.31
1006.3
1006.31
1006.32
1006.31
1006.28
1006.26
1006.27
1006.3
1006.31
1006.3
1006.29
1006.28
1006.27
1006.27
1006.28
1006.28
1006.28
1006.28
1006.28
1006.29
1006.29
1006.29
1006.3
1006.3
1006.31
1006.31
1006.31
1006.31
1006.31
1006.3
1006.3
1006.3
1006.29
1006.29
1006.29
1006.29
1006.29
1006.29
1006.29
1006.29
1006.29
1006.29
1006.29
1006.29
1006.29
1006.29
1006.29
1006.29
1006.29
1006.29
1006.29
1006.29
1006.29
1006.29
1006.29
1006.29
1006.29
1006.29
1006.29
1006.29
1006.29
1006.29
1006.29
1006.29
1006.29
1006.29
1006.29
1006.29
1006.29
1006.29
1006.29
1006.29
1006.29
1006.29
1006.29
1006.29
1006.29
1006.29
1006.29
1006.29
1006.29
1006.29
1006.29
1006.29
1006.29
1006.29
1006.29
1006.29
1006.29
1006.29
1006.29
1006.29
1006.29
1006.29
1006.29
1006.3
1006.31
1006.31
1006.31
1006.31
1006.32
1006.32
1006.3
1006.29
1006.29
1006.3
1006.31
1006.3
1006.29
1006.28
1006.28
1006.28
1006.28
1006.29
1006.29
1006.29
1006.29
1006.29
1006.29
1006.29
1006.3
1006.3
1006.3
1006.31
1006.31
1006.31
1006.31
1006.31
1006.3
1006.3
1006.3
1006.29
1006.29
1006.29
1006.29
1006.29
1006.29
1006.29
1006.29
1006.29
1006.29
1006.29
1006.29
1006.29
1006.29
1006.29
1006.29
1006.29
1006.29
1006.29
1006.29
1006.29
1006.29
1006.29
1006.29
1006.29
1006.29
1006.29
1006.29
1006.29
1006.29
1006.29
1006.29
1006.29
1006.29
1006.29
1006.29
1006.29
1006.29
1006.29
1006.29
1006.29
1006.29
1006.29
1006.29
1006.29
1006.29
1006.29
1006.29
1006.29
1006.29
1006.29
1006.29
1006.29
1006.29
1006.29
1006.29
1006.29
1006.29
1006.29
1006.29
1006.29
1006.29
1006.29
1006.29
1006.3
1006.3
1006.3
1006.31
1006.31
1006.31
1006.31
1006.31
1006.31
1006.31
1006.31
1006.3
1006.29
1006.29
1006.29
1006.3
1006.29
1006.29
1006.29
1006.29
1006.29
1006.29
1006.3
1006.3
1006.3
1006.3
1006.31
1006.31
1006.31
1006.31
1006.31
1006.31
1006.31
1006.3
1006.3
1006.29
1006.29
1006.29
1006.29
1006.29
1006.29
1006.29
1006.29
1006.29
1006.29
1006.29
1006.29
1006.29
1006.29
1006.29
1006.29
1006.29
1006.29
1006.29
1006.29
1006.29
1006.29
1006.29
1006.29
1006.29
1006.29
1006.29
1006.29
1006.29
1006.29
1006.29
1006.29
1006.29
1006.29
1006.29
1006.29
1006.29
1006.29
1006.29
1006.29
1006.29
1006.29
1006.29
1006.29
1006.29
1006.29
1006.29
1006.29
1006.29
1006.29
1006.29
1006.29
1006.29
1006.29
1006.29
1006.29
1006.29
1006.29
1006.29
1006.29
1006.29
1006.29
1006.29
1006.29
1006.29
1006.29
1006.3
1006.3
1006.31
1006.31
1006.31
1006.31
1006.32
1006.31
1006.31
1006.3
1006.3
1006.3
1006.31
1006.3
1006.3
1006.3
1006.3
1006.3
1006.3
1006.3
1006.3
1006.3
1006.3
1006.31
1006.31
1006.31
1006.31
1006.31
1006.31
1006.31
1006.31
1006.3
1006.3
1006.3
1006.29
1006.29
1006.29
1006.29
1006.29
1006.29
1006.29
1006.29
1006.29
1006.29
1006.29
1006.29
1006.29
1006.29
1006.29
1006.29
1006.29
1006.29
1006.29
1006.29
1006.29
1006.29
1006.29
1006.29
1006.29
1006.29
1006.29
1006.29
1006.29
1006.29
1006.29
1006.29
1006.29
1006.29
1006.29
1006.29
1006.29
1006.29
1006.29
1006.29
1006.29
1006.29
1006.29
1006.29
1006.29
1006.29
1006.29
1006.29
1006.29
1006.29
1006.29
1006.29
1006.29
1006.29
1006.29
1006.29
1006.29
1006.29
1006.29
1006.29
1006.29
1006.29
1006.29
1006.29
1006.29
1006.29
1006.29
1006.3
1006.3
1006.31
1006.31
1006.31
1006.31
1006.31
1006.31
1006.31
1006.31
1006.31
1006.31
1006.3
1006.3
1006.3
1006.3
1006.3
1006.3
1006.31
1006.31
1006.31
1006.31
1006.31
1006.31
1006.31
1006.31
1006.31
1006.31
1006.31
1006.3
1006.3
1006.3
1006.29
1006.29
1006.29
1006.29
1006.29
1006.29
1006.29
1006.29
1006.29
1006.29
1006.29
1006.29
1006.29
1006.29
1006.29
1006.29
1006.29
1006.29
1006.29
1006.29
1006.29
1006.29
1006.29
1006.29
1006.29
1006.29
1006.29
1006.29
1006.29
1006.29
1006.29
1006.29
1006.29
1006.29
1006.29
1006.29
1006.29
1006.29
1006.29
1006.29
1006.29
1006.29
1006.29
1006.29
1006.29
1006.29
1006.29
1006.29
1006.29
1006.29
1006.29
1006.29
1006.29
1006.29
1006.29
1006.29
1006.29
1006.29
1006.29
1006.29
1006.29
1006.29
1006.29
1006.29
1006.29
1006.29
1006.29
1006.29
1006.29
1006.3
1006.3
1006.3
1006.31
1006.31
1006.31
1006.31
1006.31
1006.31
1006.31
1006.31
1006.31
1006.31
1006.31
1006.31
1006.31
1006.31
1006.31
1006.31
1006.31
1006.31
1006.31
1006.31
1006.31
1006.31
1006.31
1006.31
1006.3
1006.3
1006.3
1006.29
1006.29
1006.29
1006.29
1006.29
1006.29
1006.29
1006.29
1006.29
1006.29
1006.29
1006.29
1006.29
1006.29
1006.29
1006.29
1006.29
1006.29
1006.29
1006.29
1006.29
1006.29
1006.29
1006.29
1006.29
1006.29
1006.29
1006.29
1006.29
1006.29
1006.29
1006.29
1006.29
1006.29
1006.29
1006.29
1006.29
1006.29
1006.29
1006.29
1006.29
1006.29
1006.29
1006.29
1006.29
1006.29
1006.29
1006.29
1006.29
1006.29
1006.29
1006.29
1006.29
1006.29
1006.29
1006.29
1006.29
1006.29
1006.29
1006.29
1006.29
1006.29
1006.29
1006.29
1006.29
1006.29
1006.29
1006.29
1006.29
1006.29
1006.29
1006.3
1006.3
1006.3
1006.31
1006.31
1006.31
1006.31
1006.31
1006.31
1006.31
1006.31
1006.31
1006.31
1006.31
1006.31
1006.31
1006.31
1006.31
1006.31
1006.31
1006.31
1006.31
1006.31
1006.31
1006.3
1006.3
1006.3
1006.3
1006.29
1006.29
1006.29
1006.29
1006.29
1006.29
1006.29
1006.29
1006.29
1006.29
1006.29
1006.29
1006.29
1006.29
1006.29
1006.29
1006.29
1006.29
1006.29
1006.29
1006.29
1006.29
1006.29
1006.29
1006.29
1006.29
1006.29
1006.29
1006.29
1006.29
1006.29
1006.29
1006.29
1006.29
1006.29
1006.29
1006.29
1006.29
1006.29
1006.29
1006.29
1006.29
1006.29
1006.29
1006.29
1006.29
1006.29
1006.29
1006.29
1006.29
1006.29
1006.29
1006.29
1006.29
1006.29
1006.29
1006.29
1006.29
1006.29
1006.29
1006.29
1006.29
1006.29
1006.29
1006.29
1006.29
1006.29
1006.29
1006.29
1006.29
1006.29
1006.29
1006.29
1006.3
1006.3
1006.3
1006.3
1006.31
1006.31
1006.31
1006.31
1006.31
1006.31
1006.31
1006.31
1006.31
1006.31
1006.31
1006.31
1006.31
1006.31
1006.31
1006.31
1006.31
1006.31
1006.3
1006.3
1006.3
1006.29
1006.29
1006.29
1006.29
1006.29
1006.29
1006.29
1006.29
1006.29
1006.29
1006.29
1006.29
1006.29
1006.29
1006.29
1006.29
1006.29
1006.29
1006.29
1006.29
1006.29
1006.29
1006.29
1006.29
1006.29
1006.29
1006.29
1006.29
1006.29
1006.29
1006.29
1006.29
1006.29
1006.29
1006.29
1006.29
1006.29
1006.29
1006.29
1006.29
1006.29
1006.29
1006.29
1006.29
1006.29
1006.29
1006.29
1006.29
1006.29
1006.29
1006.29
1006.29
1006.29
1006.29
1006.29
1006.29
1006.29
1006.29
1006.29
1006.29
1006.29
1006.29
1006.29
1006.29
1006.29
1006.29
1006.29
1006.29
1006.29
1006.29
1006.29
1006.29
1006.29
1006.29
1006.29
1006.29
1006.3
1006.3
1006.3
1006.3
1006.3
1006.31
1006.31
1006.31
1006.31
1006.31
1006.31
1006.31
1006.31
1006.31
1006.31
1006.31
1006.31
1006.31
1006.3
1006.3
1006.3
1006.3
1006.3
1006.29
1006.29
1006.29
1006.29
1006.29
1006.29
1006.29
1006.29
1006.29
1006.29
1006.29
1006.29
1006.29
1006.29
1006.29
1006.29
1006.29
1006.29
1006.29
1006.29
1006.29
1006.29
1006.29
1006.29
1006.29
1006.29
1006.29
1006.29
1006.29
1006.29
1006.29
1006.29
1006.29
1006.29
1006.29
1006.29
1006.29
1006.29
1006.29
1006.29
1006.29
1006.29
1006.29
1006.29
1006.29
1006.29
1006.29
1006.29
1006.29
1006.29
1006.29
1006.29
1006.29
1006.29
1006.29
1006.29
1006.29
1006.29
1006.29
1006.29
1006.29
1006.29
1006.29
1006.29
1006.29
1006.29
1006.29
1006.29
1006.29
1006.29
1006.29
1006.29
1006.29
1006.29
1006.29
1006.29
1006.29
1006.29
1006.29
1006.3
1006.3
1006.3
1006.3
1006.3
1006.3
1006.3
1006.31
1006.31
1006.31
1006.31
1006.31
1006.31
1006.3
1006.3
1006.3
1006.3
1006.3
1006.3
1006.3
1006.29
1006.29
1006.29
1006.29
1006.29
1006.29
1006.29
1006.29
1006.29
1006.29
1006.29
1006.29
1006.29
1006.29
1006.29
1006.29
1006.29
1006.29
1006.29
1006.29
1006.29
1006.29
1006.29
1006.29
1006.29
1006.29
1006.29
1006.29
1006.29
1006.29
1006.29
1006.29
1006.29
1006.29
1006.29
1006.29
1006.29
1006.29
1006.29
1006.29
1006.29
1006.29
1006.29
1006.29
1006.29
1006.29
1006.29
1006.29
1006.29
1006.29
1006.29
1006.29
1006.29
1006.29
1006.29
1006.29
1006.29
1006.29
1006.29
1006.29
1006.29
1006.29
1006.29
1006.29
1006.29
1006.29
1006.29
1006.29
1006.29
1006.29
1006.29
1006.29
1006.29
1006.29
1006.29
1006.29
1006.29
1006.29
1006.29
1006.29
1006.29
1006.29
1006.3
1006.3
1006.3
1006.3
1006.3
1006.3
1006.3
1006.3
1006.3
1006.3
1006.3
1006.3
1006.3
1006.3
1006.3
1006.29
1006.29
1006.29
1006.29
1006.29
1006.29
1006.29
1006.29
1006.29
1006.29
1006.29
1006.29
1006.29
1006.29
1006.29
1006.29
1006.29
1006.29
1006.29
1006.29
1006.29
1006.29
1006.29
1006.29
1006.29
1006.29
1006.29
1006.29
1006.29
1006.29
1006.29
1006.29
1006.29
1006.29
1006.29
1006.29
1006.29
1006.29
1006.29
1006.29
1006.29
1006.29
1006.29
1006.29
1006.29
1006.29
1006.29
1006.29
1006.29
1006.29
1006.29
1006.29
1006.29
1006.29
1006.29
1006.29
1006.29
1006.29
1006.29
1006.29
1006.29
1006.29
1006.29
1006.29
1006.29
1006.29
1006.29
1006.29
1006.29
1006.29
1006.29
1006.29
1006.29
1006.29
1006.29
1006.29
1006.29
1006.29
1006.29
1006.29
1006.29
1006.29
1006.29
1006.29
1006.29
1006.29
1006.29
1006.29
1006.3
1006.3
1006.3
1006.3
1006.3
1006.3
1006.3
1006.3
1006.3
1006.29
1006.29
1006.29
1006.29
1006.29
1006.29
1006.29
1006.29
1006.29
1006.29
1006.29
1006.29
1006.29
1006.29
1006.29
1006.29
1006.29
1006.29
1006.29
1006.29
1006.29
1006.29
1006.29
1006.29
1006.29
1006.29
1006.29
1006.29
1006.29
1006.29
1006.29
1006.29
1006.29
1006.29
1006.29
1006.29
1006.29
1006.29
1006.29
1006.29
1006.29
1006.29
1006.29
1006.29
1006.29
1006.29
1006.29
1006.29
1006.29
1006.29
1006.29
1006.29
1006.29
1006.29
1006.29
1006.29
1006.29
1006.29
1006.29
1006.29
1006.29
1006.29
1006.29
1006.29
1006.29
1006.29
1006.29
1006.29
1006.29
1006.29
1006.29
1006.29
1006.29
1006.29
1006.29
1006.29
1006.29
1006.29
1006.29
1006.29
1006.29
1006.29
1006.29
1006.29
1006.29
1006.29
1006.29
1006.29
1006.29
1006.29
1006.29
1006.29
1006.29
1006.29
1006.29
1006.29
1006.29
1006.29
1006.29
1006.29
1006.29
1006.29
1006.29
1006.29
1006.29
1006.29
1006.29
1006.29
1006.29
1006.29
1006.29
1006.29
1006.29
1006.29
1006.29
1006.29
1006.29
1006.29
1006.29
1006.29
1006.29
1006.29
1006.29
1006.29
1006.29
1006.29
1006.29
1006.29
1006.29
1006.29
1006.29
1006.29
1006.29
1006.29
1006.29
1006.29
1006.29
1006.29
1006.29
1006.29
1006.29
1006.29
1006.29
1006.29
1006.29
1006.29
1006.29
1006.29
1006.29
1006.29
1006.29
1006.29
1006.29
1006.29
1006.29
1006.29
1006.29
1006.29
1006.29
1006.29
1006.29
1006.29
1006.29
1006.29
1006.29
1006.29
1006.29
1006.29
1006.29
1006.29
1006.29
1006.29
1006.29
1006.29
1006.29
1006.29
1006.29
1006.29
1006.29
1006.29
1006.29
1006.29
1006.29
1006.29
1006.29
1006.29
1006.29
1006.29
1006.29
1006.29
1006.29
1006.29
1006.29
1006.29
1006.29
1006.29
1006.29
1006.29
1006.29
1006.29
1006.29
1006.29
1006.29
1006.29
1006.29
1006.29
1006.29
1006.29
1006.29
1006.29
1006.29
1006.29
1006.29
1006.29
1006.29
1006.29
1006.29
1006.29
1006.29
1006.29
1006.29
1006.29
1006.29
1006.29
1006.29
1006.29
1006.29
1006.29
1006.29
1006.29
1006.29
1006.29
1006.29
1006.29
1006.29
1006.29
1006.29
1006.29
1006.29
1006.29
1006.29
1006.29
1006.29
1006.29
1006.29
1006.29
1006.29
1006.29
1006.29
1006.29
1006.29
1006.29
1006.29
1006.29
1006.29
1006.29
1006.29
1006.29
1006.29
1006.29
1006.29
1006.29
1006.29
1006.29
1006.29
1006.29
1006.29
1006.29
1006.29
1006.29
1006.29
1006.29
1006.29
1006.29
1006.29
1006.29
1006.29
1006.29
1006.29
1006.29
1006.29
1006.29
1006.29
1006.29
1006.29
1006.29
1006.29
1006.29
1006.29
1006.29
1006.29
1006.29
1006.29
1006.29
1006.29
1006.29
1006.29
1006.29
1006.29
1006.29
1006.29
1006.29
1006.29
1006.29
1006.29
1006.29
1006.29
1006.29
1006.29
1006.29
1006.29
1006.29
1006.29
1006.29
1006.29
1006.29
1006.29
1006.29
1006.29
1006.29
1006.29
1006.29
1006.29
1006.29
1006.29
1006.29
1006.29
1006.29
1006.29
1006.29
1006.29
1006.29
1006.29
1006.29
1006.29
1006.29
1006.29
1006.29
1006.29
1006.29
1006.29
1006.29
1006.29
1006.29
1006.29
1006.29
1006.29
1006.29
1006.29
1006.29
1006.29
1006.29
1006.29
1006.29
1006.29
1006.29
1006.29
1006.29
1006.29
1006.29
1006.29
1006.29
1006.29
1006.29
1006.29
1006.29
1006.29
1006.29
1006.29
1006.29
1006.29
1006.29
1006.29
1006.29
1006.29
1006.29
1006.29
1006.29
1006.29
1006.29
1006.29
1006.29
1006.29
1006.29
1006.29
1006.29
1006.29
1006.29
1006.29
1006.29
1006.29
1006.29
1006.29
1006.29
1006.29
1006.29
1006.29
1006.29
1006.29
1006.29
1006.29
1006.29
1006.29
1006.29
1006.29
1006.29
1006.29
1006.29
1006.29
1006.29
1006.29
1006.29
1006.29
1006.29
1006.29
1006.29
1006.29
1006.29
1006.29
1006.29
1006.29
1006.29
1006.29
1006.29
1006.29
1006.29
1006.29
1006.29
1006.29
1006.29
1006.29
1006.29
1006.29
1006.29
1006.29
1006.29
1006.29
1006.29
1006.29
1006.29
1006.29
1006.29
1006.29
1006.29
1006.29
1006.29
1006.29
1006.29
1006.29
1006.29
1006.29
1006.29
1006.29
1006.29
1006.29
1006.29
1006.29
1006.29
1006.29
1006.29
1006.29
1006.29
1006.29
1006.29
1006.29
1006.29
1006.29
1006.29
1006.29
1006.29
1006.29
1006.29
1006.29
1006.29
1006.29
1006.29
1006.29
1006.29
1006.29
1006.29
1006.29
1006.29
1006.29
1006.29
1006.29
1006.29
1006.29
1006.29
1006.29
1006.29
1006.29
1006.29
1006.29
1006.29
1006.29
1006.29
1006.29
1006.29
1006.29
1006.29
1006.29
1006.29
1006.29
1006.29
1006.29
1006.29
1006.29
1006.29
1006.29
1006.29
1006.29
1006.29
1006.29
1006.29
1006.29
1006.29
1006.29
1006.29
1006.29
1006.29
1006.29
1006.29
1006.29
1006.29
1006.29
1006.29
1006.29
1006.29
1006.29
1006.29
1006.29
1006.29
1006.29
1006.29
1006.29
1006.29
1006.29
1006.29
1006.29
1006.29
1006.29
1006.29
1006.29
1006.29
1006.29
1006.29
1006.29
1006.29
1006.29
1006.29
1006.29
1006.29
1006.29
1006.29
1006.29
1006.29
1006.29
1006.29
1006.29
1006.29
1006.29
1006.29
1006.29
1006.29
1006.29
1006.29
1006.29
1006.29
1006.29
1006.29
1006.29
1006.29
1006.29
1006.29
1006.29
1006.29
1006.29
1006.29
1006.29
1006.29
1006.29
1006.29
1006.29
1006.29
1006.29
1006.29
1006.29
1006.29
1006.29
1006.29
1006.29
1006.29
1006.29
1006.29
1006.29
1006.29
1006.29
1006.29
1006.29
1006.29
1006.29
1006.29
1006.29
1006.29
1006.29
1006.29
1006.29
1006.29
1006.29
1006.29
1006.29
1006.29
1006.29
1006.29
1006.29
1006.29
1006.29
1006.29
1006.29
1006.29
1006.29
1006.29
1006.29
1006.29
1006.29
1006.29
1006.29
1006.29
1006.29
1006.29
1006.29
1006.29
1006.29
1006.29
1006.29
1006.29
1006.29
1006.29
1006.29
1006.29
1006.29
1006.29
1006.29
1006.29
1006.29
1006.29
1006.29
1006.29
1006.29
1006.29
1006.29
1006.29
1006.29
1006.29
1006.29
1006.29
1006.29
1006.29
1006.29
1006.29
1006.29
1006.29
1006.29
1006.29
1006.29
1006.29
1006.29
1006.29
1006.29
1006.29
1006.29
1006.29
1006.29
1006.29
1006.29
1006.29
1006.29
1006.29
1006.29
1006.29
1006.29
1006.29
1006.29
1006.29
1006.29
1006.29
1006.29
1006.29
1006.29
1006.29
1006.29
1006.29
1006.29
1006.29
1006.29
1006.29
1006.29
1006.29
1006.29
1006.29
1006.29
1006.29
1006.29
1006.29
1006.29
1006.29
1006.29
1006.29
1006.29
1006.29
1006.29
1006.29
1006.29
1006.29
1006.29
1006.29
1006.29
1006.29
1006.29
1006.29
1006.29
1006.29
1006.29
1006.29
1006.29
1006.29
1006.29
1006.29
1006.29
1006.29
1006.29
1006.29
1006.29
1006.29
1006.29
1006.29
1006.29
1006.29
1006.29
1006.29
1006.29
1006.29
1006.29
1006.29
1006.29
1006.29
1006.29
1006.29
1006.29
1006.29
1006.29
1006.29
1006.29
1006.29
1006.29
1006.29
1006.29
1006.29
1006.29
1006.29
1006.29
1006.29
1006.29
1006.29
1006.29
1006.29
1006.29
1006.29
1006.29
1006.29
1006.29
1006.29
1006.29
1006.29
1006.29
1006.29
1006.29
1006.29
1006.29
1006.29
1006.29
1006.29
1006.29
1006.29
1006.29
1006.29
1006.29
1006.29
1006.29
1006.29
1006.29
1006.29
1006.29
1006.29
1006.29
1006.29
1006.29
1006.29
1006.29
1006.29
1006.29
1006.29
1006.29
1006.29
1006.29
1006.29
1006.29
1006.29
1006.29
1006.29
1006.29
1006.29
1006.29
1006.29
1006.29
1006.29
1006.29
1006.29
1006.29
1006.29
1006.29
1006.29
1006.29
1006.29
1006.29
1006.29
1006.29
1006.29
1006.29
1006.29
1006.29
1006.29
1006.29
1006.29
1006.29
1006.29
1006.29
1006.29
1006.29
1006.29
1006.29
1006.29
1006.29
1006.29
1006.29
1006.29
1006.29
1006.29
1006.29
1006.29
1006.29
1006.29
1006.29
1006.29
1006.29
1006.29
1006.29
1006.29
1006.29
1006.29
1006.29
1006.29
1006.29
1006.29
1006.29
1006.29
1006.29
1006.29
1006.29
1006.29
1006.29
1006.29
1006.29
1006.29
1006.29
1006.29
1006.29
1006.29
1006.29
1006.29
1006.29
1006.29
1006.29
1006.29
1006.29
1006.29
1006.29
1006.29
1006.29
1006.29
1006.29
1006.29
1006.29
1006.29
1006.29
1006.29
1006.29
1006.29
1006.29
1006.29
1006.29
1006.29
1006.29
1006.29
1006.29
1006.29
1006.29
1006.29
1006.29
1006.29
1006.29
1006.29
1006.29
1006.29
1006.29
1006.29
1006.29
1006.29
1006.29
1006.29
1006.29
1006.29
1006.29
1006.29
1006.29
1006.29
1006.29
1006.29
1006.29
1006.29
1006.29
1006.29
1006.29
1006.29
1006.29
1006.29
1006.29
1006.29
1006.29
1006.29
1006.29
1006.29
1006.29
1006.29
1006.29
1006.29
1006.29
1006.29
1006.29
1006.29
1006.29
1006.29
1006.29
1006.29
1006.29
1006.29
1006.29
1006.29
1006.29
1006.29
1006.29
1006.29
1006.29
1006.29
1006.29
1006.29
1006.29
1006.29
1006.29
1006.29
1006.29
1006.29
1006.29
1006.29
1006.29
1006.29
1006.29
1006.29
1006.29
1006.29
1006.29
1006.29
1006.29
1006.29
1006.29
1006.29
1006.29
1006.29
1006.29
1006.29
1006.29
1006.29
1006.29
1006.29
1006.29
1006.29
1006.29
1006.29
1006.29
1006.29
1006.29
1006.29
1006.29
1006.29
1006.29
1006.29
1006.29
1006.29
1006.29
1006.29
1006.29
1006.29
1006.29
1006.29
1006.29
1006.29
1006.29
1006.29
1006.29
1006.29
1006.29
1006.29
1006.29
1006.29
1006.29
1006.29
1006.29
1006.29
1006.29
1006.29
1006.29
1006.29
1006.29
1006.29
1006.29
1006.29
1006.29
1006.29
1006.29
1006.29
1006.29
1006.29
1006.29
1006.29
1006.29
1006.29
1006.29
1006.29
1006.29
1006.29
1006.29
1006.29
1006.29
1006.29
1006.29
1006.29
1006.29
1006.29
1006.29
1006.29
1006.29
1006.29
1006.29
1006.29
1006.29
1006.29
1006.29
1006.29
1006.29
1006.29
1006.29
1006.29
1006.29
1006.29
1006.29
1006.29
1006.29
1006.29
1006.29
1006.29
1006.29
1006.29
1006.29
1006.29
1006.29
1006.29
1006.29
1006.29
1006.29
1006.29
1006.29
1006.29
1006.29
1006.29
1006.29
1006.29
1006.29
1006.29
1006.29
1006.29
1006.29
1006.29
1006.29
1006.29
1006.29
1006.29
1006.29
1006.29
1006.29
1006.29
1006.29
1006.29
1006.29
1006.29
1006.29
1006.29
1006.29
1006.29
1006.29
1006.29
1006.29
1006.29
1006.29
1006.29
1006.29
1006.29
1006.29
1006.29
1006.29
1006.29
1006.29
1006.29
1006.29
1006.29
1006.29
1006.29
1006.29
1006.29
1006.29
1006.29
1006.29
1006.29
1006.29
1006.29
1006.29
1006.29
1006.29
1006.29
1006.29
1006.29
1006.29
1006.29
1006.29
1006.29
1006.29
1006.29
1006.29
1006.29
1006.29
1006.29
1006.29
1006.29
1006.29
1006.29
1006.29
1006.29
1006.29
1006.29
1006.29
1006.29
1006.29
1006.29
1006.29
1006.29
1006.29
1006.29
1006.29
1006.29
1006.29
1006.29
1006.29
1006.29
1006.29
1006.29
1006.29
1006.29
1006.29
1006.29
1006.29
1006.29
1006.29
1006.29
1006.29
1006.29
1006.29
1006.29
1006.29
1006.29
1006.29
1006.29
1006.29
1006.29
1006.29
1006.29
1006.29
1006.29
1006.29
1006.29
1006.29
1006.29
1006.29
1006.29
1006.29
1006.29
1006.29
1006.29
1006.29
1006.29
1006.29
1006.29
1006.29
1006.29
1006.29
1006.29
1006.29
1006.29
1006.29
1006.29
1006.29
1006.29
1006.29
1006.29
1006.29
1006.29
1006.29
1006.29
1006.29
1006.29
1006.29
1006.29
1006.29
1006.29
1006.29
1006.29
1006.29
1006.29
1006.29
1006.29
1006.29
1006.29
1006.29
1006.29
1006.29
1006.29
1006.29
1006.29
1006.29
1006.29
1006.29
1006.29
1006.29
1006.29
1006.29
1006.29
1006.29
1006.29
1006.29
1006.29
1006.29
1006.29
1006.29
1006.29
1006.29
1006.29
1006.29
1006.29
1006.29
1006.29
1006.29
1006.29
1006.29
1006.29
1006.29
1006.29
1006.29
1006.29
1006.29
1006.29
1006.29
1006.29
1006.29
1006.29
1006.29
1006.29
1006.29
1006.29
1006.29
1006.29
1006.29
1006.29
1006.29
1006.29
1006.29
1006.29
1006.29
1006.29
1006.29
1006.29
1006.29
1006.29
1006.29
1006.29
1006.29
1006.29
1006.29
1006.29
1006.29
1006.29
1006.29
1006.29
1006.29
1006.29
1006.29
1006.29
1006.29
1006.29
1006.29
1006.29
1006.29
1006.29
1006.29
1006.29
1006.29
1006.29
1006.29
1006.29
1006.29
1006.29
1006.29
1006.29
1006.29
1006.29
1006.29
1006.29
1006.29
1006.29
1006.29
1006.29
1006.29
1006.29
1006.29
1006.29
1006.29
1006.29
1006.29
1006.29
1006.29
1006.29
1006.29
1006.29
1006.29
1006.29
1006.29
1006.29
1006.29
1006.29
1006.29
1006.29
1006.29
1006.29
1006.29
1006.29
1006.29
1006.29
1006.29
1006.29
1006.29
1006.29
1006.29
1006.29
1006.29
1006.29
1006.29
1006.29
1006.29
1006.29
1006.29
1006.29
1006.29
1006.29
1006.29
1006.29
1006.29
1006.29
1006.29
1006.29
1006.29
1006.29
1006.29
1006.29
1006.29
1006.29
1006.29
1006.29
1006.29
1006.29
1006.29
1006.29
1006.29
1006.29
1006.29
1006.29
1006.29
1006.29
1006.29
1006.29
1006.29
1006.29
1006.29
1006.29
1006.29
1006.29
1006.29
1006.29
1006.29
1006.29
1006.29
1006.29
1006.29
1006.29
1006.29
1006.29
1006.29
1006.29
1006.29
1006.29
1006.29
1006.29
1006.29
1006.29
1006.29
1006.29
1006.29
1006.29
1006.29
1006.29
1006.29
1006.29
1006.29
1006.29
1006.29
1006.29
1006.29
1006.29
1006.29
1006.29
1006.29
1006.29
1006.29
1006.29
1006.29
1006.29
1006.29
1006.29
1006.29
1006.29
1006.29
1006.29
1006.29
1006.29
1006.29
1006.29
1006.29
1006.29
1006.29
1006.29
1006.29
1006.29
1006.29
1006.29
1006.29
1006.29
1006.29
1006.29
1006.29
1006.29
1006.29
1006.29
1006.29
1006.29
1006.29
1006.29
1006.29
1006.29
1006.29
1006.29
1006.29
1006.29
1006.29
1006.29
1006.29
1006.29
1006.29
1006.29
1006.29
1006.29
1006.29
1006.29
1006.29
1006.29
1006.29
1006.29
1006.29
1006.29
1006.29
1006.29
1006.29
1006.29
1006.29
1006.29
1006.29
1006.29
1006.29
1006.29
1006.29
1006.29
1006.29
1006.29
1006.29
1006.29
1006.29
1006.29
1006.29
1006.29
1006.29
1006.29
1006.29
1006.29
1006.29
1006.29
1006.29
1006.29
1006.29
1006.29
1006.29
1006.29
1006.29
1006.29
1006.29
1006.29
1006.29
1006.29
1006.29
1006.29
1006.29
1006.29
1006.29
1006.29
1006.29
1006.29
1006.29
1006.29
1006.29
1006.29
1006.29
1006.29
1006.29
1006.29
1006.29
1006.29
1006.29
1006.29
1006.29
1006.29
1006.29
1006.29
1006.29
1006.29
1006.29
1006.29
1006.29
1006.29
1006.29
1006.29
1006.29
1006.29
1006.29
1006.29
1006.29
1006.29
1006.29
1006.29
1006.29
1006.29
1006.29
1006.29
1006.29
1006.29
1006.29
1006.29
1006.29
1006.29
1006.29
1006.29
1006.29
1006.29
1006.29
1006.29
1006.29
1006.29
1006.29
1006.29
1006.29
1006.29
1006.29
1006.29
1006.29
1006.29
1006.29
1006.29
1006.29
1006.29
1006.29
1006.29
1006.29
1006.29
1006.29
1006.29
1006.29
1006.29
1006.29
1006.29
1006.29
1006.29
1006.29
1006.29
1006.29
1006.29
1006.29
1006.29
1006.29
1006.29
1006.29
1006.29
1006.29
1006.29
1006.29
1006.29
1006.29
1006.29
1006.29
1006.29
1006.29
1006.29
1006.29
1006.29
1006.29
1006.29
1006.29
1006.29
1006.29
1006.29
1006.29
1006.29
1006.29
1006.29
1006.29
1006.29
1006.29
1006.29
1006.29
1006.29
1006.29
1006.29
1006.29
1006.29
1006.29
1006.29
1006.29
1006.29
1006.29
1006.29
1006.29
1006.29
1006.29
1006.29
1006.29
1006.29
1006.29
1006.29
1006.29
1006.29
1006.29
1006.29
1006.29
1006.29
1006.29
1006.29
1006.29
1006.29
1006.29
1006.29
1006.29
1006.29
1006.29
1006.29
1006.29
1006.29
1006.29
1006.29
1006.29
1006.29
1006.29
1006.29
1006.29
1006.29
1006.29
1006.29
1006.29
1006.29
1006.29
1006.29
1006.29
1006.29
1006.29
1006.29
1006.29
1006.29
1006.29
1006.29
1006.29
1006.29
1006.29
1006.29
1006.29
1006.29
1006.29
1006.29
1006.29
1006.29
1006.29
1006.29
1006.29
1006.29
1006.29
1006.29
1006.29
1006.29
1006.29
1006.29
1006.29
1006.29
1006.29
1006.29
1006.29
1006.29
1006.29
1006.29
1006.29
1006.29
1006.29
1006.29
1006.29
1006.29
1006.29
1006.29
1006.29
1006.29
1006.29
1006.29
1006.29
1006.29
1006.29
1006.29
1006.29
1006.29
1006.29
1006.29
1006.29
1006.29
1006.29
1006.29
1006.29
1006.29
1006.29
1006.29
1006.29
1006.29
1006.29
1006.29
1006.29
1006.29
1006.29
1006.29
1006.29
1006.29
1006.29
1006.29
1006.29
1006.29
1006.29
1006.29
1006.29
1006.29
1006.29
1006.29
1006.29
1006.29
1006.29
1006.29
1006.29
1006.29
1006.29
1006.29
1006.29
1006.29
1006.29
1006.29
1006.29
1006.29
1006.29
1006.29
1006.29
1006.29
1006.29
1006.29
1006.29
1006.29
1006.29
1006.29
1006.29
1006.29
1006.29
1006.29
1006.29
1006.29
1006.29
1006.29
1006.29
1006.29
1006.29
1006.29
1006.29
1006.29
1006.29
1006.29
1006.29
1006.29
1006.29
1006.29
1006.29
1006.29
1006.29
1006.29
1006.29
1006.29
1006.29
1006.29
1006.29
1006.29
1006.29
1006.29
1006.29
1006.29
1006.29
1006.29
1006.29
1006.29
1006.29
1006.29
1006.29
1006.29
1006.29
1006.29
1006.29
1006.29
1006.29
1006.29
1006.29
1006.29
1006.29
1006.29
1006.29
1006.29
1006.29
1006.29
1006.29
1006.29
1006.29
1006.29
1006.29
1006.29
1006.29
1006.29
1006.29
1006.29
1006.29
1006.29
1006.29
1006.29
1006.29
1006.29
1006.29
1006.29
1006.29
1006.29
1006.29
1006.29
1006.29
1006.29
1006.29
1006.29
1006.29
1006.29
1006.29
1006.29
1006.29
1006.29
1006.29
1006.29
1006.29
1006.29
1006.29
1006.29
1006.29
1006.29
1006.29
1006.29
1006.29
1006.29
1006.29
1006.29
1006.29
1006.29
1006.29
1006.29
1006.29
1006.29
1006.29
1006.29
1006.29
1006.29
1006.29
1006.29
1006.29
1006.29
1006.29
1006.29
1006.29
1006.29
1006.29
1006.29
1006.29
1006.29
1006.29
1006.29
1006.29
1006.29
1006.29
1006.29
1006.29
1006.29
1006.29
1006.29
1006.29
1006.29
1006.29
1006.29
1006.29
1006.29
1006.29
1006.29
1006.29
1006.29
1006.29
1006.29
1006.29
1006.29
1006.29
1006.29
1006.29
1006.29
1006.29
1006.29
1006.29
1006.29
1006.29
1006.29
1006.29
1006.29
1006.29
1006.29
1006.29
1006.29
1006.29
1006.29
1006.29
1006.29
1006.29
1006.29
1006.29
1006.29
1006.29
1006.29
1006.29
1006.29
1006.29
1006.29
1006.29
1006.29
1006.29
1006.29
1006.29
1006.29
1006.29
1006.29
1006.29
1006.29
1006.29
1006.29
1006.29
1006.29
1006.29
1006.29
1006.29
1006.29
1006.29
1006.29
1006.29
1006.29
1006.29
1006.29
1006.29
1006.29
1006.29
1006.29
1006.29
1006.29
1006.29
1006.29
1006.29
1006.29
1006.29
1006.29
1006.29
1006.29
1006.29
1006.29
1006.29
1006.29
1006.29
1006.29
1006.29
1006.29
1006.29
1006.29
1006.29
1006.29
1006.29
1006.29
1006.29
1006.29
1006.29
1006.29
1006.29
1006.29
1006.29
1006.29
1006.29
1006.29
1006.29
1006.29
1006.29
1006.29
1006.29
1006.29
1006.29
1006.29
1006.29
1006.29
1006.29
1006.29
1006.29
1006.29
1006.29
1006.29
1006.29
1006.29
1006.29
1006.29
1006.29
1006.29
1006.29
1006.29
1006.29
1006.29
1006.29
1006.29
1006.29
1006.29
1006.29
1006.29
1006.29
1006.29
1006.29
1006.29
1006.29
1006.29
1006.29
1006.29
1006.29
1006.29
1006.29
1006.29
1006.29
1006.29
1006.29
1006.29
1006.29
1006.29
1006.29
1006.29
1006.29
1006.29
1006.29
1006.29
1006.29
1006.29
1006.29
1006.29
1006.29
1006.29
1006.29
1006.29
1006.29
1006.29
1006.29
1006.29
1006.29
1006.29
1006.29
1006.29
1006.29
1006.29
1006.29
1006.29
1006.29
1006.29
1006.29
1006.29
1006.29
1006.29
1006.29
1006.29
1006.29
1006.29
1006.29
1006.29
1006.29
1006.29
1006.29
1006.29
1006.29
1006.29
1006.29
1006.29
1006.29
1006.29
1006.29
1006.29
1006.29
1006.29
1006.29
1006.29
1006.29
1006.29
1006.29
1006.29
1006.29
1006.29
1006.29
1006.29
1006.29
1006.29
1006.29
1006.29
1006.29
1006.29
1006.29
1006.29
1006.29
1006.29
1006.29
1006.29
1006.29
1006.29
1006.29
1006.29
1006.29
1006.29
1006.29
1006.29
1006.29
1006.29
1006.29
1006.29
1006.29
1006.29
1006.29
1006.29
1006.29
1006.29
1006.29
1006.29
1006.29
1006.29
1006.29
1006.29
1006.29
1006.29
1006.29
1006.29
1006.29
1006.29
1006.29
1006.29
1006.29
1006.29
1006.29
1006.29
1006.29
1006.29
1006.29
1006.29
1006.29
1006.29
1006.29
1006.29
1006.29
1006.29
1006.29
1006.29
1006.29
1006.29
1006.29
1006.29
1006.29
1006.29
1006.29
1006.29
1006.29
1006.29
1006.29
1006.29
1006.29
1006.29
1006.29
1006.29
1006.29
1006.29
1006.29
1006.29
1006.29
1006.29
1006.29
1006.29
1006.29
1006.29
1006.29
1006.29
1006.29
1006.29
1006.29
1006.29
1006.29
1006.29
1006.29
1006.29
1006.29
1006.29
1006.29
1006.29
1006.29
1006.29
1006.29
1006.29
1006.29
1006.29
1006.29
1006.29
1006.29
1006.29
1006.29
1006.29
1006.29
1006.29
1006.29
1006.29
1006.29
1006.29
1006.29
1006.29
1006.29
1006.29
1006.29
1006.29
1006.29
1006.29
1006.29
1006.29
1006.29
1006.29
1006.29
1006.29
1006.29
1006.29
1006.29
1006.29
1006.29
1006.29
1006.29
1006.29
1006.29
1006.29
1006.29
1006.29
1006.29
1006.29
1006.29
1006.29
1006.29
1006.29
1006.29
1006.29
1006.29
1006.29
1006.29
1006.29
1006.29
1006.29
1006.29
1006.29
1006.29
1006.29
1006.29
1006.29
1006.29
1006.29
1006.29
1006.29
1006.29
1006.29
1006.29
1006.29
1006.29
1006.29
1006.29
1006.29
1006.29
1006.29
1006.29
1006.29
1006.29
1006.29
1006.29
1006.29
1006.29
1006.29
1006.29
1006.29
1006.29
1006.29
1006.29
1006.29
1006.29
1006.29
1006.29
1006.29
1006.29
1006.29
1006.29
1006.29
1006.29
1006.29
1006.29
1006.29
1006.29
1006.29
1006.29
1006.29
1006.29
1006.29
1006.29
1006.29
1006.29
1006.29
1006.29
1006.29
1006.29
1006.29
1006.29
1006.29
1006.29
1006.29
1006.29
1006.29
1006.29
1006.29
1006.29
1006.29
1006.29
1006.29
1006.29
1006.29
1006.29
1006.29
1006.29
1006.29
1006.29
1006.29
1006.29
1006.29
1006.29
1006.29
1006.29
1006.29
1006.29
1006.29
1006.29
1006.29
1006.29
1006.29
1006.29
1006.29
1006.29
1006.29
1006.29
1006.29
1006.29
1006.29
1006.29
1006.29
1006.29
1006.29
1006.29
1006.29
1006.29
1006.29
1006.29
1006.29
1006.29
1006.29
1006.29
1006.29
1006.29
1006.29
1006.29
1006.29
1006.29
1006.29
1006.29
1006.29
1006.29
1006.29
1006.29
1006.29
1006.29
1006.29
1006.29
1006.29
1006.29
1006.29
1006.29
1006.29
1006.29
1006.29
1006.29
1006.29
1006.29
1006.29
1006.29
1006.29
1006.29
1006.29
1006.29
1006.29
1006.29
1006.29
1006.29
1006.29
1006.29
1006.29
1006.29
1006.29
1006.29
1006.29
1006.29
1006.29
1006.29
1006.29
1006.29
1006.29
1006.29
1006.29
1006.29
1006.29
1006.29
1006.29
1006.29
1006.29
1006.29
1006.29
1006.29
1006.29
1006.29
1006.29
1006.29
1006.29
1006.29
1006.29
1006.29
1006.29
1006.29
1006.29
1006.29
1006.29
1006.29
1006.29
1006.29
1006.29
1006.29
1006.29
1006.29
1006.29
1006.29
1006.29
1006.29
1006.29
1006.29
1006.29
1006.29
1006.29
1006.29
1006.29
1006.29
1006.29
1006.29
1006.29
1006.29
1006.29
1006.29
1006.29
1006.29
1006.29
1006.29
1006.29
1006.29
1006.29
1006.29
1006.29
1006.29
1006.29
1006.29
1006.29
1006.29
1006.29
1006.29
1006.29
1006.29
1006.29
1006.29
1006.29
1006.29
1006.29
1006.29
1006.29
1006.29
1006.29
1006.29
1006.29
1006.29
1006.29
1006.29
1006.29
1006.29
1006.29
1006.29
1006.29
1006.29
1006.29
1006.29
1006.29
1006.29
1006.29
1006.29
1006.29
1006.29
1006.29
1006.29
1006.29
1006.29
1006.29
1006.29
1006.29
1006.29
1006.29
1006.29
1006.29
1006.29
1006.29
1006.29
1006.29
1006.29
1006.29
1006.29
1006.29
1006.29
1006.29
1006.29
1006.29
1006.29
1006.29
1006.29
1006.29
1006.29
1006.29
1006.29
1006.29
1006.29
1006.29
1006.29
1006.29
1006.29
1006.29
1006.29
1006.29
1006.29
1006.29
1006.29
1006.29
1006.29
1006.29
1006.29
1006.29
1006.29
1006.29
1006.29
1006.29
1006.29
1006.29
1006.29
1006.29
1006.29
1006.29
1006.29
1006.29
1006.29
1006.29
1006.29
1006.29
1006.29
1006.29
1006.29
1006.29
1006.29
1006.29
1006.29
1006.29
1006.29
1006.29
1006.29
1006.29
1006.29
1006.29
1006.29
1006.29
1006.29
1006.29
1006.29
1006.29
1006.29
1006.29
1006.29
1006.29
1006.29
1006.29
1006.29
1006.29
1006.29
1006.29
1006.29
1006.29
1006.29
1006.29
1006.29
1006.29
1006.29
1006.29
1006.29
1006.29
1006.29
1006.29
1006.29
1006.29
1006.29
1006.29
1006.29
1006.29
1006.29
1006.29
1006.29
1006.29
1006.29
1006.29
1006.29
1006.29
1006.29
1006.29
1006.29
1006.29
1006.29
1006.29
1006.29
1006.29
1006.29
1006.29
1006.29
1006.29
1006.29
1006.29
1006.29
1006.29
1006.29
1006.29
1006.29
1006.29
1006.29
1006.29
1006.29
1006.29
1006.29
1006.29
1006.29
1006.29
1006.29
1006.29
1006.29
1006.29
1006.29
1006.29
1006.29
1006.29
1006.29
1006.29
1006.29
1006.29
1006.29
1006.29
1006.29
1006.29
1006.29
1006.29
1006.29
1006.29
1006.29
1006.29
1006.29
1006.29
1006.29
1006.29
1006.29
1006.29
1006.29
1006.29
1006.29
1006.29
1006.29
1006.29
1006.29
1006.29
1006.29
1006.29
1006.29
1006.29
1006.29
1006.29
1006.29
1006.29
1006.29
1006.29
1006.29
1006.29
1006.29
1006.29
1006.29
1006.29
1006.29
1006.29
1006.29
1006.29
1006.29
1006.29
1006.29
1006.29
1006.29
1006.29
1006.29
1006.29
1006.29
1006.29
1006.29
1006.29
1006.29
1006.29
1006.29
1006.29
1006.29
1006.29
1006.29
1006.29
1006.29
1006.29
1006.29
1006.29
1006.29
1006.29
1006.29
1006.29
1006.29
1006.29
1006.29
1006.29
1006.29
1006.29
1006.29
1006.29
1006.29
1006.29
1006.29
1006.29
1006.29
1006.29
1006.29
1006.29
1006.29
1006.29
1006.29
1006.29
1006.29
1006.29
1006.29
1006.29
1006.29
1006.29
1006.29
1006.29
1006.29
1006.29
1006.29
1006.29
1006.29
1006.29
1006.29
1006.29
1006.29
1006.29
1006.29
1006.29
1006.29
1006.29
1006.29
1006.29
1006.29
1006.29
1006.29
1006.29
1006.29
1006.29
1006.29
1006.29
1006.29
1006.29
1006.29
1006.29
1006.29
1006.29
1006.29
1006.29
1006.29
1006.29
1006.29
1006.29
1006.29
1006.29
1006.29
1006.29
1006.29
1006.29
1006.29
1006.29
1006.29
1006.29
1006.29
1006.29
1006.29
1006.29
1006.29
1006.29
1006.29
1006.29
1006.29
1006.29
1006.29
1006.29
1006.29
1006.29
1006.29
1006.29
1006.29
1006.29
1006.29
1006.29
1006.29
1006.29
1006.29
1006.29
1006.29
)
;

boundaryField
{
    emptyPatches_empt
    {
        type            empty;
    }
    top_cyc
    {
        type            cyclic;
    }
    bottom_cyc
    {
        type            cyclic;
    }
    inlet_cyc
    {
        type            cyclic;
    }
    outlet_cyc
    {
        type            cyclic;
    }
}


// ************************************************************************* //
