/*--------------------------------*- C++ -*----------------------------------*\
  =========                 |
  \\      /  F ield         | OpenFOAM: The Open Source CFD Toolbox
   \\    /   O peration     | Website:  https://openfoam.org
    \\  /    A nd           | Version:  6
     \\/     M anipulation  |
\*---------------------------------------------------------------------------*/
FoamFile
{
    version     2.0;
    format      ascii;
    class       volScalarField;
    location    "1.6";
    object      rho;
}
// * * * * * * * * * * * * * * * * * * * * * * * * * * * * * * * * * * * * * //

dimensions      [1 -3 0 0 0 0 0];

internalField   nonuniform List<scalar> 
10000
(
1.40001
1.40001
1.40001
1.40001
1.40001
1.40001
1.40001
1.40001
1.40001
1.40001
1.40001
1.40001
1.40001
1.40001
1.40001
1.40001
1.40001
1.40001
1.40001
1.40001
1.40001
1.40001
1.40001
1.40001
1.40001
1.40001
1.40001
1.40001
1.40001
1.40001
1.40001
1.40001
1.40001
1.40001
1.40001
1.40001
1.40001
1.40001
1.40001
1.40001
1.40001
1.40001
1.40001
1.40001
1.40001
1.40001
1.40001
1.40001
1.40001
1.40001
1.40001
1.40001
1.40001
1.40001
1.4
1.40001
1.40001
1.40001
1.40001
1.40001
1.40001
1.40001
1.40001
1.40001
1.40001
1.40001
1.40001
1.40001
1.40001
1.40001
1.40001
1.40001
1.40001
1.40001
1.40001
1.40001
1.40001
1.40001
1.40001
1.40001
1.40001
1.40001
1.40001
1.40001
1.40001
1.40001
1.40001
1.40001
1.40001
1.40001
1.40001
1.40001
1.40001
1.40001
1.40001
1.40001
1.40001
1.40001
1.40001
1.40001
1.40001
1.40001
1.40001
1.40001
1.40001
1.40001
1.40001
1.40001
1.40001
1.40001
1.40001
1.40001
1.40001
1.40001
1.40001
1.40001
1.40001
1.40001
1.40001
1.40001
1.40001
1.40001
1.40001
1.40001
1.40001
1.40001
1.40001
1.40001
1.40001
1.40001
1.40001
1.40001
1.40001
1.40001
1.40001
1.40001
1.40001
1.40001
1.40001
1.40001
1.40001
1.40001
1.40001
1.40001
1.40001
1.40001
1.40001
1.40001
1.4
1.4
1.4
1.4
1.4
1.4
1.4
1.4
1.40001
1.40001
1.40001
1.40001
1.40001
1.40001
1.40001
1.40001
1.40001
1.40001
1.40001
1.40001
1.40001
1.40001
1.40001
1.40001
1.40001
1.40001
1.40001
1.40001
1.40001
1.40001
1.40001
1.40001
1.40001
1.40001
1.40001
1.40001
1.40001
1.40001
1.40001
1.40001
1.40001
1.40001
1.40001
1.40001
1.40001
1.40001
1.40001
1.40001
1.40001
1.40001
1.40001
1.40001
1.40001
1.40001
1.40001
1.40001
1.40001
1.40001
1.40001
1.40001
1.40001
1.40001
1.40001
1.40001
1.40001
1.40001
1.40001
1.40001
1.40001
1.40001
1.40001
1.40001
1.40001
1.40001
1.40001
1.40001
1.40001
1.40001
1.40001
1.40001
1.40001
1.40001
1.40001
1.40001
1.4
1.40001
1.4
1.40001
1.40001
1.40001
1.40001
1.40001
1.40001
1.40001
1.40001
1.40001
1.40001
1.40001
1.40001
1.4
1.4
1.4
1.4
1.4
1.4
1.4
1.4
1.4
1.4
1.40001
1.40001
1.40001
1.40001
1.40001
1.40001
1.40001
1.40001
1.40001
1.40001
1.40001
1.40001
1.40001
1.40001
1.40001
1.40001
1.40001
1.40001
1.40001
1.40001
1.40001
1.40001
1.40001
1.40001
1.40001
1.40001
1.40001
1.40001
1.40001
1.40001
1.40001
1.40001
1.40001
1.40001
1.40001
1.40001
1.40001
1.40001
1.40001
1.40001
1.40001
1.40001
1.40001
1.40001
1.40001
1.40001
1.40001
1.40001
1.40001
1.40001
1.40001
1.40001
1.40001
1.40001
1.40001
1.40001
1.40001
1.40001
1.40001
1.40001
1.40001
1.40001
1.40001
1.40001
1.40001
1.40001
1.40001
1.40001
1.40001
1.40001
1.40001
1.40001
1.40001
1.40001
1.40001
1.4
1.40001
1.4
1.40001
1.40001
1.40001
1.40001
1.40001
1.40001
1.40001
1.40001
1.4
1.40001
1.4
1.4
1.4
1.4
1.4
1.4
1.4
1.4
1.4
1.4
1.4
1.4
1.40001
1.40001
1.40001
1.40001
1.40001
1.40001
1.40001
1.40001
1.40001
1.40001
1.40001
1.40001
1.40001
1.40001
1.40001
1.40001
1.40001
1.40001
1.40001
1.40001
1.40001
1.40001
1.40001
1.40001
1.40001
1.40001
1.40001
1.40001
1.40001
1.40001
1.40001
1.40001
1.40001
1.40001
1.40001
1.40001
1.40001
1.40001
1.40001
1.40001
1.40001
1.40001
1.40001
1.40001
1.40001
1.40001
1.40001
1.40001
1.40001
1.40001
1.40001
1.40001
1.40001
1.40001
1.40001
1.40001
1.40001
1.40001
1.40001
1.40001
1.40001
1.40001
1.40001
1.40001
1.40001
1.40001
1.40001
1.40001
1.40001
1.40001
1.40001
1.40001
1.40001
1.4
1.40001
1.4
1.40001
1.4
1.40001
1.40001
1.40001
1.40001
1.40001
1.40001
1.40001
1.40001
1.4
1.40001
1.4
1.4
1.4
1.4
1.4
1.4
1.4
1.4
1.4
1.4
1.4
1.4
1.40001
1.40001
1.40001
1.40001
1.40001
1.40001
1.40001
1.40001
1.40001
1.40001
1.40001
1.40001
1.40001
1.40001
1.40001
1.40001
1.40001
1.40001
1.40001
1.40001
1.40001
1.40001
1.40001
1.40001
1.40001
1.40001
1.40001
1.40001
1.40001
1.40001
1.40001
1.40001
1.40001
1.40001
1.40001
1.40001
1.40001
1.40001
1.40001
1.40001
1.40001
1.40001
1.40001
1.40001
1.40001
1.40001
1.40001
1.40001
1.40001
1.40001
1.40001
1.40001
1.40001
1.40001
1.40001
1.40001
1.40001
1.40001
1.40001
1.40001
1.40001
1.40001
1.40001
1.40001
1.40001
1.40001
1.40001
1.40001
1.40001
1.40001
1.40001
1.40001
1.40001
1.4
1.40001
1.4
1.40001
1.4
1.40001
1.40001
1.40001
1.40001
1.4
1.40001
1.40001
1.40001
1.4
1.4
1.4
1.4
1.4
1.4
1.4
1.4
1.4
1.4
1.4
1.4
1.4
1.4
1.40001
1.40001
1.40001
1.40001
1.40001
1.40001
1.40001
1.40001
1.40001
1.40001
1.40001
1.40001
1.40001
1.40001
1.40001
1.40001
1.40001
1.40001
1.40001
1.40001
1.40001
1.40001
1.40001
1.40001
1.40001
1.40001
1.40001
1.40001
1.40001
1.40001
1.40001
1.40001
1.40001
1.40001
1.40001
1.40001
1.40001
1.40001
1.40001
1.40001
1.40001
1.40001
1.40001
1.40001
1.40001
1.40001
1.40001
1.40001
1.40001
1.40001
1.40001
1.40001
1.40001
1.40001
1.40001
1.40001
1.40001
1.40001
1.40001
1.40001
1.40001
1.40001
1.40001
1.40001
1.40001
1.40001
1.40001
1.40001
1.40001
1.40001
1.40001
1.40001
1.40001
1.40001
1.40001
1.4
1.40001
1.4
1.40001
1.40001
1.40001
1.40001
1.4
1.40001
1.4
1.4
1.4
1.4
1.4
1.4
1.4
1.4
1.4
1.4
1.4
1.4
1.4
1.4
1.4
1.4
1.40001
1.40001
1.40001
1.40001
1.40001
1.40001
1.40001
1.40001
1.40001
1.40001
1.40001
1.40001
1.40001
1.40001
1.40001
1.40001
1.40001
1.40001
1.40001
1.40001
1.40001
1.40001
1.40001
1.40001
1.40001
1.40001
1.40001
1.40001
1.40001
1.40001
1.40001
1.40001
1.40001
1.40001
1.40001
1.40001
1.40001
1.40001
1.40001
1.40001
1.40001
1.40001
1.40001
1.40001
1.40001
1.40001
1.40001
1.40001
1.40001
1.40001
1.40001
1.40001
1.40001
1.40001
1.40001
1.40001
1.40001
1.40001
1.40001
1.40001
1.40001
1.40001
1.40001
1.40001
1.40001
1.40001
1.40001
1.40001
1.40001
1.40001
1.40001
1.40001
1.40001
1.40001
1.40001
1.40001
1.40001
1.4
1.40001
1.40001
1.4
1.40001
1.4
1.40001
1.4
1.4
1.4
1.4
1.4
1.4
1.4
1.4
1.4
1.4
1.4
1.4
1.4
1.4
1.4
1.4
1.40001
1.40001
1.40001
1.40001
1.40001
1.40001
1.40001
1.40001
1.40001
1.40001
1.40001
1.40001
1.40001
1.40001
1.40001
1.40001
1.40001
1.40001
1.40001
1.40001
1.40001
1.40001
1.40001
1.40001
1.40001
1.40001
1.40001
1.40001
1.40001
1.40001
1.40001
1.40001
1.40001
1.40001
1.40001
1.40001
1.40001
1.40001
1.40001
1.40001
1.40001
1.40001
1.40001
1.40001
1.40001
1.40001
1.40001
1.40001
1.40001
1.40001
1.40001
1.40001
1.40001
1.40001
1.40001
1.40001
1.40001
1.40001
1.40001
1.40001
1.40001
1.40001
1.40001
1.40001
1.40001
1.40001
1.40001
1.40001
1.40001
1.40001
1.40001
1.40001
1.40001
1.40001
1.40001
1.40001
1.40001
1.4
1.40001
1.40001
1.4
1.40001
1.4
1.4
1.4
1.4
1.4
1.4
1.4
1.4
1.4
1.4
1.4
1.4
1.4
1.4
1.4
1.4
1.4
1.4
1.40001
1.40001
1.40001
1.40001
1.40001
1.40001
1.40001
1.40001
1.40001
1.40001
1.40001
1.40001
1.40001
1.40001
1.40001
1.40001
1.40001
1.40001
1.40001
1.40001
1.40001
1.40001
1.40001
1.40001
1.40001
1.40001
1.40001
1.40001
1.40001
1.40001
1.40001
1.40001
1.40001
1.40001
1.40001
1.40001
1.40001
1.40001
1.40001
1.40001
1.40001
1.40001
1.40001
1.40001
1.40001
1.40001
1.40001
1.40001
1.40001
1.40001
1.40001
1.40001
1.40001
1.40001
1.40001
1.40001
1.40001
1.40001
1.40001
1.40001
1.40001
1.40001
1.40001
1.40001
1.40001
1.40001
1.40001
1.40001
1.40001
1.4
1.40001
1.4
1.40001
1.4
1.40001
1.40001
1.40001
1.40001
1.4
1.40001
1.4
1.4
1.40001
1.4
1.4
1.4
1.4
1.4
1.4
1.4
1.4
1.4
1.39999
1.39999
1.39999
1.39999
1.39999
1.4
1.4
1.4
1.40001
1.40001
1.40001
1.40002
1.40002
1.40002
1.40002
1.40002
1.40001
1.40001
1.40001
1.40001
1.40001
1.40001
1.40001
1.40001
1.40001
1.40001
1.40001
1.40001
1.40001
1.40001
1.40001
1.40001
1.40001
1.40001
1.40001
1.40001
1.40001
1.40001
1.40001
1.40001
1.40001
1.40001
1.40001
1.40001
1.40001
1.40001
1.40001
1.40001
1.40001
1.40001
1.40001
1.40001
1.40001
1.40001
1.40001
1.40001
1.40001
1.40001
1.40001
1.40001
1.40001
1.40001
1.40001
1.40001
1.40001
1.40001
1.40001
1.40001
1.40001
1.40001
1.40001
1.40001
1.40001
1.40001
1.40001
1.4
1.40001
1.4
1.40001
1.4
1.40001
1.4
1.40001
1.4
1.40001
1.40001
1.4
1.40001
1.4
1.4
1.4
1.4
1.4
1.4
1.4
1.4
1.4
1.4
1.39999
1.39999
1.39999
1.39998
1.39998
1.39998
1.39999
1.39999
1.4
1.4
1.40001
1.40002
1.40002
1.40002
1.40003
1.40003
1.40003
1.40002
1.40002
1.40002
1.40001
1.40001
1.40001
1.40001
1.40001
1.40001
1.40001
1.40001
1.40001
1.40001
1.40001
1.40001
1.40001
1.40001
1.40001
1.40001
1.40001
1.40001
1.40001
1.40001
1.40001
1.40001
1.40001
1.40001
1.40001
1.40001
1.40001
1.40001
1.40001
1.40001
1.40001
1.40001
1.40001
1.40001
1.40001
1.40001
1.40001
1.40001
1.40001
1.40001
1.40001
1.40001
1.40001
1.40001
1.40001
1.40001
1.40001
1.40001
1.40001
1.40001
1.40001
1.40001
1.40001
1.4
1.40001
1.4
1.40001
1.4
1.40001
1.4
1.40001
1.4
1.40001
1.4
1.40001
1.40001
1.4
1.40001
1.4
1.40001
1.4
1.40001
1.4
1.4
1.4
1.4
1.4
1.4
1.39999
1.39999
1.39999
1.39998
1.39998
1.39997
1.39997
1.39997
1.39998
1.39998
1.39999
1.4
1.40001
1.40002
1.40003
1.40004
1.40004
1.40004
1.40004
1.40003
1.40003
1.40002
1.40002
1.40002
1.40001
1.40001
1.40001
1.40001
1.40001
1.40001
1.40001
1.40001
1.40001
1.40001
1.40001
1.40001
1.40001
1.40001
1.40001
1.40001
1.40001
1.40001
1.40001
1.40001
1.40001
1.40001
1.40001
1.40001
1.40001
1.40001
1.40001
1.40001
1.40001
1.40001
1.40001
1.40001
1.40001
1.40001
1.40001
1.40001
1.40001
1.40001
1.40001
1.40001
1.40001
1.40001
1.40001
1.40001
1.40001
1.40001
1.40001
1.40001
1.40001
1.4
1.40001
1.4
1.40001
1.4
1.40001
1.4
1.40001
1.4
1.40001
1.4
1.40001
1.4
1.40001
1.40001
1.40001
1.40001
1.4
1.40001
1.40001
1.40001
1.4
1.4
1.4
1.4
1.4
1.39999
1.39999
1.39998
1.39998
1.39997
1.39996
1.39996
1.39995
1.39995
1.39996
1.39997
1.39998
1.4
1.40002
1.40003
1.40004
1.40005
1.40006
1.40006
1.40005
1.40005
1.40004
1.40004
1.40003
1.40002
1.40002
1.40001
1.40001
1.40001
1.40001
1.40001
1.40001
1.40001
1.40001
1.40001
1.40001
1.40001
1.40001
1.40001
1.40001
1.40001
1.40001
1.40001
1.40001
1.40001
1.40001
1.40001
1.40001
1.40001
1.40001
1.40001
1.40001
1.40001
1.40001
1.40001
1.40001
1.40001
1.40001
1.40001
1.40001
1.40001
1.40001
1.40001
1.40001
1.40001
1.40001
1.40001
1.40001
1.40001
1.40001
1.40001
1.40001
1.40001
1.40001
1.4
1.40001
1.4
1.40001
1.4
1.40001
1.4
1.40001
1.4
1.4
1.40001
1.4
1.40001
1.4
1.40001
1.40001
1.4
1.40001
1.40001
1.40001
1.40001
1.4
1.4
1.4
1.4
1.4
1.39999
1.39998
1.39997
1.39996
1.39995
1.39994
1.39993
1.39993
1.39993
1.39994
1.39995
1.39997
1.4
1.40002
1.40005
1.40007
1.40008
1.40009
1.40009
1.40008
1.40007
1.40006
1.40005
1.40004
1.40003
1.40002
1.40002
1.40001
1.40001
1.40001
1.40001
1.40001
1.40001
1.4
1.4
1.4
1.4
1.4
1.40001
1.40001
1.40001
1.40001
1.40001
1.40001
1.40001
1.40001
1.40001
1.40001
1.40001
1.40001
1.40001
1.40001
1.40001
1.40001
1.40001
1.40001
1.40001
1.40001
1.40001
1.40001
1.40001
1.40001
1.40001
1.40001
1.40001
1.40001
1.40001
1.40001
1.40001
1.40001
1.40001
1.40001
1.40001
1.40001
1.4
1.40001
1.4
1.40001
1.40001
1.40001
1.4
1.40001
1.40001
1.4
1.40001
1.40001
1.40001
1.40001
1.40001
1.40001
1.40001
1.4
1.40001
1.40001
1.40001
1.4
1.4
1.4
1.4
1.39999
1.39998
1.39997
1.39996
1.39994
1.39992
1.39991
1.3999
1.39989
1.3999
1.39991
1.39993
1.39996
1.4
1.40004
1.40007
1.4001
1.40012
1.40013
1.40013
1.40012
1.40011
1.40009
1.40007
1.40006
1.40004
1.40003
1.40002
1.40001
1.40001
1.40001
1.40001
1.40001
1.4
1.4
1.4
1.4
1.4
1.4
1.4
1.40001
1.40001
1.40001
1.40001
1.40001
1.40001
1.40001
1.40001
1.40001
1.40001
1.40001
1.40001
1.40001
1.40001
1.40001
1.40001
1.40001
1.40001
1.40001
1.40001
1.40001
1.40001
1.40001
1.40001
1.40001
1.40001
1.40001
1.40001
1.40001
1.40001
1.40001
1.40001
1.40001
1.4
1.40001
1.4
1.40001
1.40001
1.40001
1.40001
1.4
1.40001
1.40001
1.40001
1.4
1.40001
1.40001
1.4
1.40001
1.40001
1.40001
1.40001
1.40001
1.40001
1.40001
1.40001
1.40001
1.4
1.4
1.4
1.39999
1.39997
1.39996
1.39994
1.39991
1.39989
1.39987
1.39985
1.39985
1.39985
1.39988
1.39991
1.39996
1.40001
1.40006
1.40011
1.40015
1.40017
1.40019
1.40019
1.40017
1.40015
1.40013
1.4001
1.40008
1.40006
1.40004
1.40003
1.40002
1.40001
1.40001
1.40001
1.4
1.4
1.4
1.4
1.4
1.4
1.4
1.4
1.4
1.40001
1.40001
1.40001
1.40001
1.40001
1.40001
1.40001
1.40001
1.40001
1.40001
1.40001
1.40001
1.40001
1.40001
1.40001
1.40001
1.40001
1.40001
1.40001
1.40001
1.40001
1.40001
1.40001
1.40001
1.40001
1.40001
1.40001
1.40001
1.40001
1.40001
1.40001
1.40001
1.4
1.40001
1.4
1.40001
1.40001
1.4
1.40001
1.40001
1.40001
1.40001
1.40001
1.4
1.40001
1.40001
1.40001
1.40001
1.40001
1.40001
1.40001
1.40001
1.40001
1.40001
1.40001
1.40001
1.4
1.4
1.39999
1.39998
1.39996
1.39994
1.39991
1.39988
1.39984
1.39981
1.3998
1.39979
1.39981
1.39984
1.39989
1.39996
1.40003
1.4001
1.40017
1.40022
1.40026
1.40027
1.40027
1.40025
1.40022
1.40018
1.40014
1.40011
1.40008
1.40005
1.40004
1.40002
1.40001
1.40001
1.40001
1.4
1.4
1.4
1.4
1.4
1.4
1.4
1.4
1.4
1.40001
1.40001
1.40001
1.40001
1.40001
1.40001
1.40001
1.40001
1.40001
1.40001
1.40001
1.40001
1.40001
1.40001
1.40001
1.40001
1.40001
1.40001
1.40001
1.40001
1.40001
1.40001
1.40001
1.40001
1.40001
1.40001
1.40001
1.40001
1.40001
1.40001
1.40001
1.40001
1.40001
1.40001
1.40001
1.4
1.40001
1.4
1.40001
1.4
1.40001
1.40001
1.4
1.40001
1.4
1.40001
1.40001
1.40001
1.4
1.40001
1.40001
1.40001
1.40001
1.40001
1.40001
1.40001
1.40001
1.4
1.39999
1.39997
1.39995
1.39992
1.39988
1.39983
1.39979
1.39975
1.39973
1.39973
1.39976
1.39981
1.39989
1.39998
1.40008
1.40019
1.40027
1.40034
1.40039
1.4004
1.40039
1.40036
1.40031
1.40026
1.4002
1.40015
1.40011
1.40007
1.40004
1.40003
1.40001
1.40001
1.4
1.4
1.4
1.4
1.4
1.4
1.4
1.4
1.4
1.4
1.4
1.40001
1.40001
1.40001
1.40001
1.40001
1.40001
1.40001
1.40001
1.40001
1.40001
1.40001
1.40001
1.40001
1.40001
1.40001
1.40001
1.40001
1.40001
1.40001
1.40001
1.40001
1.40001
1.40001
1.40001
1.40001
1.40001
1.40001
1.40001
1.40001
1.40001
1.40001
1.40001
1.40001
1.40001
1.4
1.40001
1.4
1.40001
1.40001
1.40001
1.4
1.40001
1.4
1.40001
1.4
1.40001
1.40001
1.40001
1.40001
1.40001
1.40001
1.40001
1.40001
1.40001
1.40001
1.40001
1.4
1.39999
1.39997
1.39994
1.39989
1.39984
1.39978
1.39973
1.39969
1.39967
1.39968
1.39973
1.39981
1.39992
1.40006
1.4002
1.40033
1.40045
1.40053
1.40058
1.40059
1.40056
1.40051
1.40043
1.40035
1.40027
1.4002
1.40014
1.40009
1.40006
1.40003
1.40002
1.40001
1.4
1.4
1.4
1.4
1.4
1.4
1.4
1.4
1.4
1.4
1.4
1.4
1.40001
1.40001
1.40001
1.40001
1.40001
1.40001
1.40001
1.40001
1.40001
1.40001
1.40001
1.40001
1.40001
1.40001
1.40001
1.40001
1.40001
1.40001
1.40001
1.40001
1.40001
1.40001
1.40001
1.40001
1.40001
1.40001
1.40001
1.40001
1.40001
1.40001
1.40001
1.40001
1.40001
1.4
1.40001
1.4
1.40001
1.4
1.40001
1.40001
1.40001
1.40001
1.40001
1.4
1.40001
1.40001
1.40001
1.40001
1.40001
1.40001
1.40001
1.40001
1.40002
1.40002
1.40002
1.40001
1.39999
1.39996
1.39992
1.39987
1.3998
1.39974
1.39968
1.39963
1.39963
1.39966
1.39974
1.39987
1.40004
1.40023
1.40042
1.4006
1.40074
1.40084
1.40088
1.40087
1.40081
1.40072
1.40061
1.40049
1.40037
1.40027
1.40018
1.40012
1.40007
1.40003
1.40001
1.4
1.4
1.4
1.4
1.4
1.4
1.4
1.4
1.4
1.4
1.4
1.4
1.4
1.40001
1.40001
1.40001
1.40001
1.40001
1.40001
1.40001
1.40001
1.40001
1.40001
1.40001
1.40001
1.40001
1.40001
1.40001
1.40001
1.40001
1.40001
1.40001
1.40001
1.40001
1.40001
1.40001
1.40001
1.40001
1.40001
1.40001
1.40001
1.40001
1.40001
1.40001
1.40001
1.40001
1.40001
1.40001
1.40001
1.4
1.40001
1.4
1.4
1.40001
1.4
1.40001
1.4
1.40001
1.40001
1.40001
1.40001
1.40001
1.40001
1.40002
1.40002
1.40002
1.40003
1.40003
1.40002
1.4
1.39996
1.39991
1.39985
1.39977
1.3997
1.39964
1.39961
1.39964
1.39972
1.39987
1.40007
1.40032
1.40058
1.40084
1.40107
1.40124
1.40133
1.40135
1.40129
1.40118
1.40103
1.40085
1.40067
1.4005
1.40036
1.40024
1.40015
1.40008
1.40004
1.40001
1.4
1.39999
1.39999
1.39999
1.4
1.4
1.4
1.4
1.4
1.4
1.4
1.4
1.4
1.4
1.40001
1.40001
1.40001
1.40001
1.40001
1.40001
1.40001
1.40001
1.40001
1.40001
1.40001
1.40001
1.40001
1.40001
1.40001
1.40001
1.40001
1.40001
1.40001
1.40001
1.40001
1.40001
1.40001
1.40001
1.40001
1.40001
1.40001
1.40001
1.40001
1.40001
1.4
1.40001
1.4
1.40001
1.4
1.40001
1.40001
1.4
1.40001
1.40001
1.4
1.40001
1.4
1.40001
1.40001
1.40001
1.40001
1.40001
1.40002
1.40002
1.40003
1.40003
1.40004
1.40004
1.40003
1.40001
1.39997
1.39992
1.39984
1.39976
1.39969
1.39965
1.39967
1.39976
1.39993
1.40018
1.40051
1.40087
1.40125
1.40159
1.40187
1.40206
1.40213
1.40209
1.40195
1.40174
1.40148
1.4012
1.40093
1.40068
1.40047
1.40031
1.40018
1.40009
1.40003
1.4
1.39999
1.39998
1.39998
1.39999
1.39999
1.39999
1.4
1.4
1.4
1.4
1.4
1.4
1.4
1.4
1.40001
1.40001
1.40001
1.40001
1.40001
1.40001
1.40001
1.40001
1.40001
1.40001
1.40001
1.40001
1.40001
1.40001
1.40001
1.40001
1.40001
1.40001
1.40001
1.40001
1.40001
1.40001
1.40001
1.40001
1.40001
1.40001
1.40001
1.40001
1.40001
1.40001
1.40001
1.4
1.40001
1.4
1.40001
1.40001
1.40001
1.40001
1.4
1.40001
1.40001
1.4
1.40001
1.40001
1.40001
1.40001
1.40001
1.40001
1.40002
1.40003
1.40004
1.40005
1.40006
1.40006
1.40006
1.40004
1.4
1.39994
1.39986
1.39979
1.39975
1.39976
1.39987
1.40008
1.4004
1.40083
1.40134
1.40188
1.40241
1.40286
1.4032
1.40339
1.4034
1.40325
1.40297
1.40259
1.40215
1.40171
1.4013
1.40093
1.40063
1.4004
1.40022
1.4001
1.40003
1.39999
1.39997
1.39996
1.39997
1.39997
1.39998
1.39999
1.39999
1.4
1.4
1.4
1.4
1.4
1.4
1.4
1.4
1.40001
1.40001
1.40001
1.40001
1.40001
1.40001
1.40001
1.40001
1.40001
1.40001
1.40001
1.40001
1.40001
1.40001
1.40001
1.40001
1.40001
1.40001
1.40001
1.40001
1.40001
1.40001
1.40001
1.40001
1.40001
1.40001
1.40001
1.40001
1.40001
1.40001
1.40001
1.40001
1.40001
1.40001
1.4
1.40001
1.4
1.4
1.40001
1.4
1.4
1.40001
1.40001
1.40001
1.40001
1.40001
1.40002
1.40003
1.40004
1.40005
1.40007
1.40009
1.4001
1.4001
1.40008
1.40004
1.39999
1.39993
1.39989
1.39992
1.40005
1.40031
1.40072
1.4013
1.402
1.40279
1.40358
1.40432
1.40492
1.40532
1.40548
1.40538
1.40505
1.40452
1.40387
1.40316
1.40247
1.40183
1.40129
1.40085
1.40052
1.40028
1.40012
1.40002
1.39997
1.39994
1.39994
1.39995
1.39996
1.39997
1.39998
1.39999
1.39999
1.4
1.4
1.4
1.4
1.4
1.4
1.4
1.40001
1.40001
1.40001
1.40001
1.40001
1.40001
1.40001
1.40001
1.40001
1.40001
1.40001
1.40001
1.40001
1.40001
1.40001
1.40001
1.40001
1.40001
1.40001
1.40001
1.40001
1.40001
1.40001
1.40001
1.40001
1.40001
1.40001
1.40001
1.40001
1.40001
1.40001
1.4
1.40001
1.4
1.4
1.40001
1.4
1.40001
1.40001
1.40001
1.4
1.40001
1.40001
1.40001
1.40001
1.40002
1.40002
1.40004
1.40005
1.40007
1.4001
1.40012
1.40014
1.40015
1.40015
1.40012
1.40009
1.40007
1.40012
1.40028
1.4006
1.40113
1.40189
1.40285
1.40396
1.40513
1.40628
1.40729
1.40807
1.40855
1.40865
1.40837
1.40775
1.40685
1.40579
1.40467
1.40359
1.40262
1.40181
1.40117
1.4007
1.40036
1.40014
1.40001
1.39994
1.39991
1.39991
1.39992
1.39994
1.39996
1.39997
1.39998
1.39999
1.4
1.4
1.4
1.4
1.4
1.4
1.4
1.4
1.40001
1.40001
1.40001
1.40001
1.40001
1.40001
1.40001
1.40001
1.40001
1.40001
1.40001
1.40001
1.40001
1.40001
1.40001
1.40001
1.40001
1.40001
1.40001
1.40001
1.40001
1.40001
1.40001
1.40001
1.40001
1.40001
1.40001
1.40001
1.40001
1.40001
1.4
1.40001
1.4
1.40001
1.40001
1.4
1.40001
1.40001
1.4
1.40001
1.40001
1.40001
1.40001
1.40001
1.40002
1.40003
1.40005
1.40007
1.4001
1.40014
1.40017
1.40021
1.40023
1.40024
1.40025
1.40027
1.40034
1.40053
1.40092
1.40157
1.40253
1.4038
1.40532
1.40699
1.4087
1.41031
1.41168
1.41269
1.41323
1.41325
1.41272
1.41169
1.41027
1.40861
1.40688
1.40524
1.40379
1.40259
1.40165
1.40096
1.40048
1.40017
1.39999
1.3999
1.39987
1.39987
1.39989
1.39991
1.39994
1.39996
1.39997
1.39999
1.39999
1.4
1.4
1.4
1.4
1.4
1.4
1.4
1.40001
1.40001
1.40001
1.40001
1.40001
1.40001
1.40001
1.40001
1.40001
1.40001
1.40001
1.40001
1.40001
1.40001
1.40001
1.40001
1.40001
1.40001
1.40001
1.40001
1.40001
1.40001
1.40001
1.40001
1.40001
1.40001
1.40001
1.4
1.40001
1.4
1.40001
1.4
1.40001
1.40001
1.40001
1.4
1.40001
1.4
1.4
1.40001
1.40001
1.40001
1.40001
1.40002
1.40002
1.40004
1.40006
1.40009
1.40013
1.40018
1.40024
1.40029
1.40034
1.40039
1.40044
1.40055
1.40078
1.40123
1.40199
1.40315
1.40473
1.40672
1.40901
1.41142
1.4138
1.41596
1.41775
1.41902
1.41966
1.41958
1.41874
1.4172
1.41508
1.41262
1.41006
1.40763
1.40548
1.40372
1.40235
1.40135
1.40067
1.40023
1.39998
1.39986
1.39982
1.39982
1.39985
1.39988
1.39991
1.39994
1.39996
1.39998
1.39999
1.4
1.4
1.4
1.4
1.4
1.4
1.4
1.4
1.40001
1.40001
1.40001
1.40001
1.40001
1.40001
1.40001
1.40001
1.40001
1.40001
1.40001
1.40001
1.40001
1.40001
1.40001
1.40001
1.40001
1.40001
1.40001
1.40001
1.40001
1.40001
1.40001
1.40001
1.40001
1.40001
1.40001
1.40001
1.40001
1.4
1.40001
1.4
1.40001
1.4
1.4
1.4
1.40001
1.40001
1.40001
1.40001
1.40001
1.40001
1.40002
1.40003
1.40005
1.40008
1.40012
1.40018
1.40024
1.40032
1.4004
1.40049
1.40059
1.40074
1.401
1.40148
1.40231
1.40363
1.40553
1.408
1.41095
1.41419
1.41748
1.4206
1.42335
1.42556
1.4271
1.42785
1.4277
1.42656
1.42447
1.42155
1.4181
1.41447
1.41098
1.40789
1.40534
1.40337
1.40194
1.40097
1.40035
1.4
1.39982
1.39976
1.39976
1.39979
1.39984
1.39988
1.39992
1.39995
1.39997
1.39998
1.39999
1.4
1.4
1.4
1.4
1.4
1.4
1.4
1.40001
1.40001
1.40001
1.40001
1.40001
1.40001
1.40001
1.40001
1.40001
1.40001
1.40001
1.40001
1.40001
1.40001
1.40001
1.40001
1.40001
1.40001
1.40001
1.40001
1.40001
1.40001
1.40001
1.40001
1.4
1.40001
1.4
1.40001
1.4
1.40001
1.4
1.40001
1.40001
1.4
1.4
1.4
1.40001
1.40001
1.40001
1.40001
1.40001
1.40002
1.40002
1.40004
1.40006
1.4001
1.40016
1.40023
1.40032
1.40042
1.40054
1.40068
1.40086
1.40115
1.40165
1.40251
1.40393
1.40605
1.40895
1.41256
1.41668
1.42099
1.42517
1.42896
1.43216
1.43468
1.43642
1.43729
1.43716
1.43589
1.43337
1.42971
1.4252
1.42031
1.41552
1.41121
1.40762
1.40484
1.40281
1.40143
1.40055
1.40005
1.39979
1.3997
1.39969
1.39974
1.39979
1.39985
1.3999
1.39993
1.39996
1.39998
1.39999
1.4
1.4
1.4
1.4
1.4
1.4
1.4
1.40001
1.40001
1.40001
1.40001
1.40001
1.40001
1.40001
1.40001
1.40001
1.40001
1.40001
1.40001
1.40001
1.40001
1.40001
1.40001
1.40001
1.40001
1.40001
1.40001
1.40001
1.40001
1.40001
1.40001
1.4
1.40001
1.40001
1.40001
1.4
1.40001
1.4
1.40001
1.4
1.4
1.40001
1.4
1.40001
1.40001
1.40001
1.40001
1.40001
1.40002
1.40003
1.40005
1.40008
1.40013
1.4002
1.40029
1.4004
1.40054
1.40071
1.40092
1.40123
1.40173
1.40258
1.40399
1.40621
1.40941
1.4136
1.41858
1.42395
1.42926
1.43407
1.43814
1.44139
1.44385
1.44556
1.44655
1.44668
1.44565
1.44317
1.43913
1.43376
1.42762
1.42137
1.4156
1.41071
1.40686
1.40404
1.4021
1.40087
1.40016
1.39979
1.39964
1.39963
1.39967
1.39974
1.39981
1.39987
1.39991
1.39995
1.39997
1.39998
1.39999
1.4
1.4
1.4
1.4
1.4
1.4
1.4
1.40001
1.40001
1.40001
1.40001
1.40001
1.40001
1.40001
1.40001
1.40001
1.40001
1.40001
1.40001
1.40001
1.40001
1.40001
1.40001
1.40001
1.40001
1.40001
1.40001
1.40001
1.40001
1.40001
1.40001
1.40001
1.40001
1.40001
1.4
1.40001
1.4
1.40001
1.40001
1.4
1.40001
1.40001
1.40001
1.40001
1.40001
1.40001
1.40001
1.40002
1.40004
1.40006
1.4001
1.40016
1.40024
1.40035
1.4005
1.40068
1.40092
1.40123
1.40172
1.40251
1.40385
1.40602
1.40931
1.41387
1.41958
1.42601
1.43249
1.43833
1.44307
1.44657
1.44899
1.45064
1.45188
1.45293
1.45368
1.45367
1.45216
1.44865
1.4431
1.43608
1.42845
1.42111
1.4147
1.40955
1.40572
1.40307
1.40136
1.40036
1.39983
1.39961
1.39956
1.39961
1.39968
1.39977
1.39984
1.39989
1.39993
1.39996
1.39998
1.39999
1.4
1.4
1.4
1.4
1.4
1.4
1.4
1.40001
1.40001
1.40001
1.40001
1.40001
1.40001
1.40001
1.40001
1.40001
1.40001
1.40001
1.40001
1.40001
1.40001
1.40001
1.40001
1.40001
1.40001
1.40001
1.40001
1.40001
1.40001
1.4
1.40001
1.4
1.40001
1.40001
1.40001
1.40001
1.4
1.40001
1.4
1.4
1.40001
1.40001
1.40001
1.40001
1.40001
1.40001
1.40001
1.40002
1.40004
1.40007
1.40012
1.40019
1.40029
1.40043
1.40061
1.40084
1.40116
1.40162
1.40234
1.40354
1.40553
1.40869
1.41332
1.41949
1.42683
1.43452
1.4415
1.44687
1.45018
1.45158
1.45167
1.4513
1.45131
1.45228
1.45422
1.45639
1.45745
1.45612
1.45181
1.44487
1.43638
1.42761
1.41959
1.41297
1.40793
1.40438
1.40207
1.40068
1.39994
1.39961
1.39951
1.39954
1.39963
1.39972
1.3998
1.39987
1.39992
1.39995
1.39997
1.39999
1.4
1.4
1.4
1.4
1.4
1.4
1.4
1.4
1.40001
1.40001
1.40001
1.40001
1.40001
1.40001
1.40001
1.40001
1.40001
1.40001
1.40001
1.40001
1.40001
1.40001
1.40001
1.40001
1.40001
1.40001
1.40001
1.40001
1.40001
1.4
1.40001
1.40001
1.4
1.40001
1.40001
1.4
1.40001
1.40001
1.4
1.40001
1.40001
1.40001
1.40001
1.40001
1.40001
1.40001
1.40002
1.40003
1.40005
1.40008
1.40014
1.40022
1.40034
1.40051
1.40073
1.40103
1.40144
1.40208
1.40311
1.40484
1.40767
1.41206
1.41828
1.4262
1.43501
1.44333
1.44961
1.45273
1.45245
1.44943
1.44503
1.4409
1.43863
1.43932
1.44317
1.44914
1.45504
1.45841
1.45764
1.45257
1.44435
1.43471
1.42525
1.41708
1.41068
1.40608
1.40302
1.40116
1.40013
1.39965
1.39948
1.39949
1.39957
1.39968
1.39977
1.39985
1.3999
1.39994
1.39997
1.39998
1.39999
1.4
1.4
1.4
1.4
1.4
1.4
1.4
1.40001
1.40001
1.40001
1.40001
1.40001
1.40001
1.40001
1.40001
1.40001
1.40001
1.40001
1.40001
1.40001
1.40001
1.40001
1.40001
1.40001
1.40001
1.40001
1.40001
1.40001
1.40001
1.4
1.40001
1.4
1.40001
1.40001
1.4
1.40001
1.40001
1.4
1.40001
1.40001
1.40001
1.40001
1.40001
1.40001
1.40001
1.40002
1.40003
1.40006
1.40009
1.40016
1.40025
1.40039
1.40059
1.40085
1.40122
1.40177
1.40262
1.40405
1.40645
1.41031
1.41613
1.4241
1.43369
1.44345
1.4512
1.45482
1.45311
1.44625
1.43578
1.42418
1.41424
1.40846
1.40861
1.41518
1.42684
1.44039
1.45175
1.45773
1.45719
1.45111
1.44171
1.43133
1.42176
1.41395
1.40817
1.40425
1.40181
1.40043
1.39975
1.39949
1.39946
1.39953
1.39964
1.39974
1.39983
1.39989
1.39993
1.39996
1.39998
1.39999
1.4
1.4
1.4
1.4
1.4
1.4
1.4
1.40001
1.40001
1.40001
1.40001
1.40001
1.40001
1.40001
1.40001
1.40001
1.40001
1.40001
1.40001
1.40001
1.40001
1.40001
1.40001
1.40001
1.40001
1.40001
1.4
1.40001
1.40001
1.40001
1.40001
1.4
1.40001
1.40001
1.40001
1.4
1.40001
1.4
1.40001
1.40001
1.40001
1.40001
1.40001
1.40001
1.40001
1.40002
1.40004
1.40006
1.40011
1.40018
1.40028
1.40044
1.40066
1.40097
1.40143
1.40212
1.40326
1.40517
1.40836
1.41342
1.42083
1.43055
1.44145
1.45115
1.4565
1.45478
1.44492
1.4279
1.40657
1.38493
1.36712
1.35665
1.35599
1.36603
1.38529
1.40946
1.43253
1.44911
1.4565
1.45516
1.44769
1.43732
1.42674
1.41762
1.41063
1.40575
1.40264
1.40085
1.39992
1.39954
1.39945
1.3995
1.39961
1.39971
1.39981
1.39988
1.39993
1.39996
1.39998
1.39999
1.4
1.4
1.4
1.4
1.4
1.4
1.4
1.40001
1.40001
1.40001
1.40001
1.40001
1.40001
1.40001
1.40001
1.40001
1.40001
1.40001
1.40001
1.40001
1.40001
1.40001
1.40001
1.40001
1.40001
1.40001
1.4
1.40001
1.4
1.40001
1.4
1.40001
1.40001
1.4
1.40001
1.40001
1.4
1.40001
1.40001
1.40001
1.40001
1.40001
1.40001
1.40001
1.40001
1.40002
1.40004
1.40007
1.40011
1.40019
1.40031
1.40048
1.40073
1.40109
1.40164
1.40251
1.40397
1.40645
1.41055
1.41694
1.42599
1.43725
1.44875
1.45692
1.45748
1.44724
1.42555
1.39468
1.35931
1.3252
1.2979
1.28179
1.28003
1.29405
1.32244
1.3599
1.39826
1.42945
1.44855
1.45501
1.45163
1.44258
1.43168
1.42152
1.41336
1.4075
1.40366
1.40139
1.40018
1.39963
1.39947
1.39949
1.39958
1.39969
1.39979
1.39987
1.39992
1.39995
1.39998
1.39999
1.4
1.4
1.4
1.4
1.4
1.4
1.4
1.40001
1.40001
1.40001
1.40001
1.40001
1.40001
1.40001
1.40001
1.40001
1.40001
1.40001
1.40001
1.40001
1.40001
1.40001
1.40001
1.40001
1.40001
1.40001
1.40001
1.40001
1.40001
1.4
1.40001
1.40001
1.4
1.4
1.40001
1.4
1.40001
1.4
1.40001
1.4
1.40001
1.40001
1.40001
1.40001
1.40001
1.40002
1.40004
1.40007
1.40012
1.4002
1.40033
1.40052
1.40079
1.4012
1.40185
1.40292
1.40474
1.40785
1.41296
1.42074
1.43134
1.4437
1.45479
1.45961
1.45273
1.43068
1.39368
1.34588
1.29415
1.24613
1.20845
1.18615
1.18293
1.20101
1.23937
1.29196
1.34847
1.39778
1.43221
1.44961
1.4527
1.44653
1.4362
1.42542
1.41626
1.40943
1.40484
1.40205
1.40052
1.39979
1.39953
1.3995
1.39958
1.39969
1.39978
1.39986
1.39991
1.39995
1.39997
1.39999
1.4
1.4
1.4
1.4
1.4
1.4
1.4
1.40001
1.40001
1.40001
1.40001
1.40001
1.40001
1.40001
1.40001
1.40001
1.40001
1.40001
1.40001
1.40001
1.40001
1.40001
1.40001
1.40001
1.4
1.40001
1.40001
1.4
1.40001
1.4
1.40001
1.40001
1.4
1.40001
1.4
1.40001
1.40001
1.4
1.4
1.40001
1.40001
1.40001
1.40001
1.40001
1.40001
1.40002
1.40004
1.40007
1.40012
1.40021
1.40034
1.40054
1.40083
1.40129
1.40204
1.40333
1.40555
1.40935
1.41551
1.42464
1.43655
1.44938
1.45883
1.45842
1.4416
1.40491
1.34998
1.28335
1.21434
1.15219
1.10417
1.07554
1.07053
1.09229
1.14053
1.20887
1.28507
1.35493
1.40754
1.43866
1.45045
1.44875
1.43996
1.42911
1.41918
1.41147
1.40614
1.40281
1.40093
1.4
1.39963
1.39954
1.39959
1.39969
1.39978
1.39986
1.39991
1.39995
1.39997
1.39999
1.4
1.4
1.4
1.4
1.4
1.4
1.4
1.40001
1.40001
1.40001
1.40001
1.40001
1.40001
1.40001
1.40001
1.40001
1.40001
1.40001
1.40001
1.40001
1.40001
1.40001
1.40001
1.40001
1.4
1.40001
1.40001
1.4
1.40001
1.4
1.40001
1.40001
1.4
1.40001
1.40001
1.4
1.40001
1.4
1.40001
1.4
1.40001
1.40001
1.40001
1.40001
1.40001
1.40002
1.40004
1.40007
1.40012
1.40021
1.40034
1.40054
1.40085
1.40136
1.40221
1.40372
1.40637
1.41086
1.41806
1.42845
1.4413
1.45383
1.46043
1.45317
1.42452
1.37136
1.29721
1.21142
1.12569
1.05042
0.992985
0.958496
0.951548
0.976257
1.03332
1.1165
1.21223
1.30346
1.3759
1.42266
1.44495
1.44909
1.44278
1.43239
1.422
1.41354
1.40751
1.40365
1.40142
1.40027
1.39976
1.39961
1.39963
1.3997
1.39979
1.39986
1.39991
1.39995
1.39997
1.39999
1.4
1.4
1.4
1.4
1.4
1.4
1.4
1.40001
1.40001
1.40001
1.40001
1.40001
1.40001
1.40001
1.40001
1.40001
1.40001
1.40001
1.40001
1.40001
1.40001
1.40001
1.40001
1.40001
1.4
1.40001
1.40001
1.4
1.40001
1.40001
1.4
1.40001
1.4
1.4
1.40001
1.4
1.4
1.40001
1.40001
1.40001
1.4
1.40001
1.40001
1.40001
1.40001
1.40002
1.40004
1.40007
1.40012
1.4002
1.40033
1.40053
1.40085
1.40139
1.40235
1.40408
1.40715
1.41232
1.42049
1.43195
1.44532
1.4568
1.45958
1.44443
1.40305
1.33289
1.23978
1.13601
1.0354
0.949006
0.88387
0.844692
0.836102
0.862874
0.926798
1.02241
1.13563
1.24724
1.33962
1.40291
1.43678
1.44774
1.44462
1.43518
1.4246
1.41555
1.4089
1.40454
1.40195
1.40058
1.39994
1.39971
1.39968
1.39973
1.3998
1.39987
1.39992
1.39995
1.39997
1.39999
1.4
1.4
1.4
1.4
1.4
1.4
1.4
1.40001
1.40001
1.40001
1.40001
1.40001
1.40001
1.40001
1.40001
1.40001
1.40001
1.40001
1.40001
1.40001
1.40001
1.40001
1.40001
1.40001
1.4
1.40001
1.40001
1.4
1.40001
1.4
1.40001
1.4
1.40001
1.4
1.40001
1.4
1.4
1.4
1.40001
1.40001
1.4
1.40001
1.40001
1.40001
1.40001
1.40002
1.40004
1.40006
1.40011
1.40018
1.4003
1.4005
1.40082
1.40139
1.40244
1.40438
1.40784
1.41364
1.42267
1.43497
1.44844
1.45827
1.45667
1.4334
1.37953
1.29326
1.18285
1.06344
0.950623
0.855671
0.785126
0.743055
0.733541
0.761416
0.829616
0.934162
1.06142
1.19077
1.30169
1.38114
1.42686
1.44509
1.44561
1.43745
1.42693
1.41743
1.41025
1.40543
1.40251
1.40092
1.40015
1.39983
1.39975
1.39978
1.39983
1.39988
1.39993
1.39996
1.39998
1.39999
1.4
1.4
1.4
1.4
1.4
1.4
1.4
1.40001
1.40001
1.40001
1.40001
1.40001
1.40001
1.40001
1.40001
1.40001
1.40001
1.40001
1.40001
1.40001
1.40001
1.40001
1.40001
1.40001
1.4
1.40001
1.4
1.40001
1.40001
1.4
1.40001
1.4
1.40001
1.40001
1.40001
1.4
1.40001
1.4
1.4
1.40001
1.40001
1.40001
1.40001
1.40001
1.40001
1.40002
1.40003
1.40006
1.40009
1.40016
1.40027
1.40045
1.40076
1.40135
1.40247
1.40459
1.40841
1.41475
1.42447
1.4374
1.45067
1.45849
1.4524
1.42155
1.35657
1.25638
1.13144
0.999448
0.877341
0.776441
0.70284
0.659788
0.650135
0.678146
0.747928
0.857656
0.994924
1.13843
1.26525
1.35937
1.41632
1.44171
1.44596
1.43925
1.42893
1.41912
1.4115
1.40629
1.40308
1.40128
1.40037
1.39998
1.39985
1.39983
1.39987
1.39991
1.39994
1.39997
1.39998
1.39999
1.4
1.4
1.4
1.4
1.4
1.4
1.4
1.40001
1.40001
1.40001
1.40001
1.40001
1.40001
1.40001
1.40001
1.40001
1.40001
1.40001
1.40001
1.40001
1.40001
1.40001
1.40001
1.40001
1.4
1.40001
1.40001
1.40001
1.40001
1.4
1.40001
1.4
1.4
1.40001
1.40001
1.4
1.40001
1.4
1.4
1.40001
1.40001
1.40001
1.40001
1.40001
1.40001
1.40002
1.40003
1.40005
1.40007
1.40013
1.40022
1.40038
1.40068
1.40127
1.40244
1.4047
1.40881
1.4156
1.42583
1.43918
1.45208
1.45785
1.44761
1.41039
1.3366
1.22564
1.08969
0.948426
0.819756
0.715074
0.640216
0.597552
0.588259
0.615576
0.684725
0.796385
0.939898
1.09376
1.23319
1.3396
1.40636
1.43822
1.44594
1.44064
1.43061
1.42059
1.41262
1.40708
1.40362
1.40164
1.40061
1.40014
1.39995
1.3999
1.39991
1.39993
1.39996
1.39997
1.39999
1.39999
1.4
1.4
1.4
1.4
1.4
1.4
1.40001
1.40001
1.40001
1.40001
1.40001
1.40001
1.40001
1.40001
1.40001
1.40001
1.40001
1.40001
1.40001
1.40001
1.40001
1.40001
1.40001
1.40001
1.4
1.40001
1.4
1.40001
1.40001
1.4
1.40001
1.4
1.40001
1.4
1.40001
1.40001
1.4
1.4
1.40001
1.4
1.40001
1.40001
1.40001
1.40001
1.40001
1.40001
1.40002
1.40003
1.40005
1.40009
1.40016
1.40029
1.40057
1.40115
1.40234
1.40469
1.40901
1.41613
1.42671
1.44029
1.45285
1.45683
1.44311
1.40111
1.3214
1.20352
1.06053
0.913291
0.780389
0.673422
0.598247
0.556512
0.547713
0.573839
0.640932
0.752131
0.898736
1.05938
1.2079
1.32361
1.3981
1.4352
1.44579
1.44171
1.43194
1.42178
1.41356
1.40778
1.40412
1.40199
1.40086
1.4003
1.40006
1.39998
1.39996
1.39996
1.39997
1.39999
1.39999
1.4
1.4
1.4
1.4
1.4
1.4
1.4
1.40001
1.40001
1.40001
1.40001
1.40001
1.40001
1.40001
1.40001
1.40001
1.40001
1.40001
1.40001
1.40001
1.40001
1.40001
1.40001
1.40001
1.40001
1.40001
1.40001
1.40001
1.4
1.40001
1.4
1.4
1.40001
1.4
1.4
1.40001
1.40001
1.4
1.4
1.40001
1.40001
1.40001
1.4
1.40001
1.40001
1.40001
1.40001
1.40001
1.40002
1.40003
1.40005
1.4001
1.4002
1.40044
1.40099
1.40217
1.40455
1.40899
1.41632
1.42709
1.44075
1.45311
1.45587
1.43961
1.39458
1.312
1.19132
1.04547
0.895569
0.760487
0.652219
0.576988
0.53615
0.52785
0.552755
0.617185
0.726261
0.873253
1.03727
1.1912
1.31287
1.39249
1.43317
1.44576
1.44251
1.43293
1.42268
1.41428
1.40834
1.40454
1.40231
1.40109
1.40047
1.40018
1.40006
1.40001
1.4
1.39999
1.4
1.4
1.4
1.4
1.4
1.4
1.4
1.4
1.40001
1.40001
1.40001
1.40001
1.40001
1.40001
1.40001
1.40001
1.40001
1.40001
1.40001
1.40001
1.40001
1.40001
1.40001
1.40001
1.40001
1.40001
1.40001
1.40001
1.40001
1.40001
1.40001
1.40001
1.40001
1.40001
1.40001
1.4
1.40001
1.4
1.4
1.40001
1.4
1.4
1.40001
1.4
1.40001
1.40001
1.4
1.4
1.40001
1.4
1.4
1.4
1.40001
1.40003
1.4001
1.40029
1.4008
1.40194
1.4043
1.40874
1.41616
1.42699
1.44061
1.45296
1.45527
1.43771
1.39137
1.30871
1.18914
1.04463
0.895434
0.760265
0.65155
0.576292
0.536188
0.528557
0.5527
0.614524
0.720317
0.865146
1.02901
1.18446
1.30841
1.39023
1.4325
1.44597
1.44307
1.43355
1.42324
1.41476
1.40874
1.40487
1.40258
1.4013
1.40063
1.40029
1.40014
1.40006
1.40003
1.40002
1.40001
1.40001
1.40001
1.40001
1.40001
1.40001
1.40001
1.40001
1.40001
1.40001
1.40001
1.40001
1.40001
1.40001
1.40001
1.40001
1.40001
1.40001
1.40001
1.40001
1.40001
1.40001
1.40001
1.40001
1.40001
1.40001
1.40001
1.40001
1.40001
1.40001
1.40001
1.4
1.40001
1.4
1.40001
1.40001
1.4
1.40001
1.4
1.4
1.40001
1.4
1.40001
1.4
1.40001
1.4
1.4
1.4
1.4
1.39999
1.39999
1.39998
1.39996
1.39996
1.39999
1.40014
1.40058
1.40166
1.40393
1.40828
1.41563
1.42642
1.43994
1.45243
1.45516
1.43774
1.39183
1.31141
1.19622
1.05683
0.911719
0.778795
0.670749
0.595709
0.556392
0.549825
0.573955
0.633646
0.735386
0.875614
1.03566
1.18848
1.3108
1.39166
1.43336
1.44649
1.44339
1.43377
1.42344
1.41498
1.40897
1.4051
1.40279
1.40148
1.40077
1.4004
1.40021
1.40011
1.40006
1.40004
1.40002
1.40001
1.40001
1.40001
1.40001
1.40001
1.40001
1.40001
1.40001
1.40001
1.40001
1.40001
1.40001
1.40001
1.40001
1.40001
1.40001
1.40001
1.40001
1.40001
1.40001
1.40001
1.40001
1.40001
1.40001
1.40001
1.40001
1.40001
1.4
1.40001
1.40001
1.4
1.40001
1.4
1.40001
1.4
1.40001
1.40001
1.40001
1.40001
1.40001
1.40001
1.4
1.4
1.40001
1.4
1.4
1.4
1.4
1.39999
1.39997
1.39995
1.39992
1.39989
1.39989
1.39998
1.40035
1.40133
1.40347
1.40762
1.41476
1.42537
1.43877
1.45153
1.45542
1.43973
1.39613
1.31988
1.21146
1.08011
0.942149
0.814009
0.708247
0.634238
0.596185
0.591174
0.61595
0.673988
0.771156
0.904627
1.05726
1.20326
1.31998
1.39668
1.43565
1.44722
1.44339
1.43355
1.42325
1.4149
1.40901
1.40521
1.40292
1.40162
1.40089
1.4005
1.40028
1.40016
1.40009
1.40006
1.40003
1.40002
1.40001
1.40001
1.40001
1.40001
1.40001
1.40001
1.40001
1.40001
1.40001
1.40001
1.40001
1.40001
1.40001
1.40001
1.40001
1.40001
1.40001
1.40001
1.40001
1.40001
1.40001
1.40001
1.40001
1.40001
1.4
1.40001
1.4
1.40001
1.40001
1.40001
1.40001
1.40001
1.4
1.40001
1.40001
1.40001
1.4
1.40001
1.40001
1.4
1.40001
1.4
1.40001
1.4
1.4
1.4
1.39999
1.39998
1.39996
1.39993
1.39989
1.39983
1.39979
1.39984
1.40013
1.40098
1.40293
1.40682
1.41359
1.42387
1.43711
1.45024
1.45582
1.44328
1.40399
1.33382
1.23392
1.11262
0.984184
0.863248
0.761828
0.690405
0.65459
0.651604
0.677244
0.733685
0.825712
0.950566
1.09257
1.22784
1.33521
1.40479
1.43905
1.44799
1.443
1.43286
1.42266
1.41453
1.40885
1.4052
1.40299
1.40171
1.40098
1.40057
1.40034
1.4002
1.40012
1.40007
1.40004
1.40003
1.40002
1.40001
1.40001
1.40001
1.40001
1.40001
1.40001
1.40001
1.40001
1.40001
1.40001
1.40001
1.40001
1.40001
1.40001
1.40001
1.40001
1.40001
1.40001
1.40001
1.40001
1.40001
1.40001
1.40001
1.4
1.40001
1.4
1.40001
1.40001
1.4
1.40001
1.4
1.40001
1.4
1.40001
1.4
1.40001
1.4
1.40001
1.4
1.4
1.4
1.4
1.4
1.4
1.4
1.39999
1.39998
1.39995
1.39991
1.39985
1.39978
1.39971
1.39971
1.39991
1.40063
1.40235
1.40588
1.41218
1.42196
1.43491
1.44846
1.45605
1.44771
1.4146
1.35255
1.26284
1.15307
1.03589
0.924214
0.829367
0.762596
0.730258
0.729498
0.75564
0.80991
0.895881
1.0104
1.13903
1.26022
1.35505
1.41502
1.44299
1.44849
1.44207
1.43164
1.42166
1.41389
1.40851
1.40506
1.40298
1.40175
1.40104
1.40063
1.40038
1.40023
1.40014
1.40009
1.40005
1.40003
1.40002
1.40001
1.40001
1.40001
1.40001
1.40001
1.40001
1.40001
1.40001
1.40001
1.40001
1.40001
1.40001
1.40001
1.40001
1.40001
1.40001
1.40001
1.40001
1.40001
1.40001
1.40001
1.40001
1.40001
1.4
1.40001
1.4
1.40001
1.40001
1.4
1.40001
1.4
1.40001
1.4
1.40001
1.4
1.40001
1.40001
1.4
1.40001
1.4
1.4
1.4
1.4
1.4
1.4
1.39999
1.39997
1.39994
1.3999
1.39983
1.39974
1.39964
1.3996
1.39972
1.4003
1.40177
1.40488
1.4106
1.4197
1.43217
1.44604
1.45574
1.45221
1.42667
1.37466
1.29697
1.20027
1.09589
0.995273
0.909204
0.849137
0.82118
0.822287
0.847946
0.898904
0.977521
1.08002
1.19305
1.29759
1.37749
1.4261
1.44675
1.4484
1.44049
1.42989
1.42027
1.41298
1.40799
1.40482
1.4029
1.40175
1.40107
1.40066
1.40041
1.40026
1.40016
1.4001
1.40006
1.40003
1.40002
1.40001
1.40001
1.40001
1.40001
1.40001
1.40001
1.40001
1.40001
1.40001
1.40001
1.40001
1.40001
1.40001
1.40001
1.40001
1.40001
1.40001
1.40001
1.40001
1.40001
1.40001
1.40001
1.40001
1.4
1.40001
1.4
1.40001
1.40001
1.4
1.40001
1.40001
1.4
1.40001
1.4
1.4
1.40001
1.40001
1.40001
1.4
1.40001
1.40001
1.4
1.4
1.4
1.4
1.39999
1.39997
1.39994
1.39989
1.39982
1.39971
1.3996
1.39951
1.39956
1.39999
1.40121
1.40387
1.4089
1.41718
1.42894
1.44286
1.45449
1.45589
1.43871
1.39812
1.33408
1.25217
1.16226
1.0745
0.999249
0.947359
0.923887
0.92586
0.949642
0.995842
1.06564
1.15457
1.25034
1.33659
1.40021
1.43659
1.44958
1.44739
1.43819
1.42762
1.41855
1.41185
1.40734
1.40449
1.40275
1.4017
1.40107
1.40068
1.40043
1.40027
1.40017
1.4001
1.40006
1.40004
1.40002
1.40001
1.40001
1.40001
1.40001
1.40001
1.40001
1.40001
1.40001
1.40001
1.40001
1.40001
1.40001
1.40001
1.40001
1.40001
1.40001
1.40001
1.40001
1.40001
1.40001
1.40001
1.40001
1.40001
1.4
1.40001
1.40001
1.40001
1.40001
1.4
1.40001
1.40001
1.4
1.40001
1.4
1.4
1.40001
1.4
1.40001
1.4
1.40001
1.4
1.40001
1.4
1.4
1.39999
1.39999
1.39997
1.39994
1.39989
1.39981
1.3997
1.39957
1.39945
1.39944
1.39974
1.4007
1.4029
1.4072
1.4145
1.42531
1.4389
1.45195
1.4579
1.44913
1.42053
1.37117
1.30542
1.23152
1.1583
1.09538
1.0522
1.03259
1.03425
1.05486
1.09496
1.15462
1.22882
1.3064
1.37374
1.42082
1.4451
1.4508
1.44524
1.43514
1.4249
1.41656
1.41056
1.40659
1.40409
1.40255
1.40162
1.40104
1.40067
1.40043
1.40027
1.40017
1.40011
1.40006
1.40004
1.40002
1.40001
1.40001
1.40001
1.40001
1.40001
1.40001
1.40001
1.40001
1.40001
1.40001
1.40001
1.40001
1.40001
1.40001
1.40001
1.40001
1.40001
1.40001
1.40001
1.40001
1.40001
1.40001
1.40001
1.40001
1.40001
1.40001
1.40001
1.40001
1.4
1.40001
1.40001
1.4
1.40001
1.4
1.40001
1.4
1.40001
1.4
1.40001
1.40001
1.4
1.4
1.4
1.4
1.4
1.39999
1.39997
1.39994
1.39989
1.39981
1.3997
1.39956
1.39942
1.39936
1.39954
1.40027
1.40203
1.40559
1.41181
1.42142
1.43423
1.448
1.45761
1.45652
1.4395
1.40485
1.35573
1.29862
1.24089
1.19081
1.15602
1.13954
1.14019
1.15688
1.19002
1.23869
1.29761
1.35695
1.40584
1.43727
1.45052
1.44999
1.44187
1.43143
1.42184
1.41439
1.40918
1.40577
1.40364
1.40232
1.4015
1.40098
1.40065
1.40042
1.40027
1.40017
1.4001
1.40006
1.40004
1.40002
1.40001
1.40001
1.40001
1.40001
1.40001
1.40001
1.40001
1.40001
1.40001
1.40001
1.40001
1.40001
1.40001
1.40001
1.40001
1.40001
1.40001
1.40001
1.40001
1.40001
1.40001
1.40001
1.40001
1.40001
1.40001
1.40001
1.40001
1.40001
1.4
1.40001
1.40001
1.4
1.40001
1.40001
1.4
1.40001
1.4
1.40001
1.4
1.40001
1.4
1.4
1.4
1.4
1.4
1.39999
1.39997
1.39994
1.39989
1.39982
1.39971
1.39957
1.39942
1.39932
1.3994
1.39992
1.40129
1.40413
1.40928
1.41748
1.42906
1.44271
1.45475
1.45991
1.45311
1.4321
1.39885
1.35806
1.31543
1.27757
1.25051
1.23688
1.23653
1.24922
1.27508
1.31256
1.35644
1.39843
1.43042
1.44813
1.45226
1.44703
1.4374
1.42722
1.41859
1.41216
1.40777
1.40494
1.40316
1.40206
1.40136
1.40091
1.4006
1.4004
1.40026
1.40016
1.4001
1.40006
1.40004
1.40002
1.40001
1.40001
1.40001
1.40001
1.40001
1.40001
1.40001
1.40001
1.40001
1.40001
1.40001
1.40001
1.40001
1.40001
1.40001
1.40001
1.40001
1.40001
1.40001
1.40001
1.40001
1.40001
1.40001
1.40001
1.40001
1.4
1.40001
1.4
1.40001
1.4
1.40001
1.4
1.40001
1.40001
1.40001
1.4
1.40001
1.4
1.40001
1.40001
1.40001
1.4
1.4
1.4
1.4
1.39999
1.39997
1.39995
1.3999
1.39983
1.39972
1.39959
1.39944
1.39931
1.39933
1.39967
1.40068
1.4029
1.407
1.41376
1.42373
1.43643
1.44952
1.45898
1.46032
1.45091
1.43156
1.40527
1.37613
1.34925
1.32931
1.31864
1.31769
1.32665
1.34542
1.37213
1.40201
1.42851
1.44616
1.45289
1.45034
1.44218
1.43213
1.42279
1.41534
1.40999
1.40641
1.40412
1.40269
1.40179
1.40121
1.40082
1.40055
1.40037
1.40024
1.40015
1.40009
1.40006
1.40003
1.40002
1.40001
1.40001
1.40001
1.40001
1.40001
1.40001
1.40001
1.40001
1.40001
1.40001
1.40001
1.40001
1.40001
1.40001
1.40001
1.40001
1.40001
1.40001
1.40001
1.40001
1.40001
1.40001
1.40001
1.40001
1.40001
1.4
1.40001
1.4
1.40001
1.40001
1.4
1.40001
1.4
1.40001
1.40001
1.40001
1.4
1.40001
1.4
1.40001
1.4
1.40001
1.4
1.4
1.4
1.39999
1.39998
1.39995
1.39991
1.39985
1.39975
1.39962
1.39947
1.39934
1.3993
1.39951
1.40023
1.40189
1.40507
1.41043
1.41864
1.42973
1.4425
1.45418
1.4611
1.46057
1.45233
1.43791
1.42009
1.40268
1.38916
1.38143
1.38019
1.38582
1.39809
1.41507
1.43277
1.44651
1.45308
1.45206
1.44539
1.43602
1.4265
1.41839
1.41224
1.40796
1.40515
1.40337
1.40224
1.40153
1.40105
1.40072
1.40049
1.40033
1.40021
1.40014
1.40008
1.40005
1.40003
1.40002
1.40001
1.40001
1.40001
1.40001
1.40001
1.40001
1.40001
1.40001
1.40001
1.40001
1.40001
1.40001
1.40001
1.40001
1.40001
1.40001
1.40001
1.40001
1.40001
1.40001
1.40001
1.40001
1.40001
1.40001
1.40001
1.40001
1.40001
1.4
1.40001
1.40001
1.4
1.40001
1.4
1.40001
1.4
1.40001
1.4
1.40001
1.4
1.40001
1.4
1.4
1.4
1.4
1.4
1.39999
1.39998
1.39996
1.39992
1.39986
1.39978
1.39966
1.39952
1.39938
1.39932
1.39942
1.39991
1.40112
1.40351
1.40762
1.4141
1.42325
1.43463
1.44662
1.45649
1.46179
1.46152
1.4561
1.44724
1.43751
1.42936
1.42421
1.42282
1.42563
1.43233
1.44118
1.44922
1.4535
1.45257
1.44696
1.43849
1.42928
1.42094
1.41428
1.40943
1.40615
1.40402
1.40268
1.40183
1.40127
1.40089
1.40062
1.40043
1.40029
1.40019
1.40012
1.40007
1.40005
1.40003
1.40002
1.40001
1.40001
1.40001
1.40001
1.40001
1.40001
1.40001
1.40001
1.40001
1.40001
1.40001
1.40001
1.40001
1.40001
1.40001
1.40001
1.40001
1.40001
1.40001
1.40001
1.40001
1.40001
1.40001
1.40001
1.40001
1.40001
1.40001
1.4
1.40001
1.4
1.40001
1.40001
1.4
1.40001
1.4
1.4
1.40001
1.40001
1.4
1.40001
1.40001
1.4
1.4
1.4
1.4
1.39999
1.39998
1.39996
1.39993
1.39988
1.39981
1.39971
1.39958
1.39945
1.39936
1.3994
1.39973
1.40057
1.40231
1.40538
1.4103
1.41748
1.42691
1.43778
1.44831
1.45655
1.46118
1.46188
1.45943
1.4554
1.45131
1.44819
1.44674
1.44736
1.44972
1.45249
1.45374
1.45197
1.44687
1.43932
1.43079
1.42267
1.41585
1.41067
1.40702
1.4046
1.40306
1.40209
1.40146
1.40104
1.40074
1.40053
1.40036
1.40025
1.40016
1.4001
1.40006
1.40004
1.40002
1.40002
1.40001
1.40001
1.40001
1.40001
1.40001
1.40001
1.40001
1.40001
1.40001
1.40001
1.40001
1.40001
1.40001
1.40001
1.40001
1.40001
1.40001
1.40001
1.40001
1.40001
1.40001
1.40001
1.40001
1.40001
1.40001
1.40001
1.40001
1.40001
1.40001
1.40001
1.4
1.40001
1.4
1.4
1.40001
1.40001
1.4
1.40001
1.40001
1.4
1.4
1.40001
1.4
1.4
1.4
1.4
1.39999
1.39997
1.39994
1.3999
1.39984
1.39975
1.39965
1.39953
1.39944
1.39943
1.39963
1.40021
1.40144
1.40366
1.40729
1.41269
1.42006
1.42905
1.43866
1.44753
1.45437
1.45848
1.45999
1.45967
1.45835
1.45669
1.45527
1.4544
1.45384
1.45269
1.44995
1.44511
1.43844
1.43082
1.4233
1.41671
1.41147
1.40764
1.40503
1.40333
1.40226
1.40159
1.40114
1.40083
1.40061
1.40043
1.4003
1.40021
1.40014
1.40009
1.40005
1.40003
1.40002
1.40001
1.40001
1.40001
1.40001
1.40001
1.40001
1.40001
1.40001
1.40001
1.40001
1.40001
1.40001
1.40001
1.40001
1.40001
1.40001
1.40001
1.40001
1.40001
1.40001
1.40001
1.40001
1.40001
1.40001
1.40001
1.40001
1.40001
1.40001
1.40001
1.40001
1.4
1.40001
1.4
1.40001
1.4
1.40001
1.4
1.4
1.40001
1.40001
1.4
1.4
1.4
1.4
1.4
1.4
1.4
1.39999
1.39998
1.39996
1.39992
1.39987
1.3998
1.39971
1.3996
1.39952
1.39949
1.39961
1.4
1.40085
1.40242
1.40502
1.40895
1.41442
1.42137
1.42929
1.43728
1.44433
1.44969
1.45312
1.4548
1.45508
1.45437
1.45306
1.45141
1.44923
1.44609
1.44162
1.43589
1.42935
1.42273
1.4167
1.41171
1.40792
1.40524
1.40346
1.40233
1.40163
1.40118
1.40087
1.40065
1.40048
1.40035
1.40025
1.40017
1.40011
1.40007
1.40005
1.40003
1.40002
1.40001
1.40001
1.40001
1.40001
1.40001
1.40001
1.40001
1.40001
1.40001
1.40001
1.40001
1.40001
1.40001
1.40001
1.40001
1.40001
1.40001
1.40001
1.40001
1.40001
1.40001
1.40001
1.40001
1.40001
1.40001
1.40001
1.40001
1.4
1.40001
1.4
1.40001
1.4
1.40001
1.4
1.40001
1.4
1.40001
1.40001
1.4
1.40001
1.4
1.40001
1.40001
1.4
1.4
1.4
1.4
1.39999
1.39998
1.39996
1.39994
1.3999
1.39984
1.39977
1.39968
1.3996
1.39957
1.39963
1.39989
1.40047
1.40157
1.40339
1.40616
1.41009
1.41518
1.42122
1.42766
1.4338
1.43899
1.44285
1.44524
1.44623
1.44603
1.44492
1.44301
1.44025
1.43652
1.43186
1.42653
1.42101
1.4158
1.41132
1.40777
1.40518
1.40341
1.40227
1.40157
1.40113
1.40085
1.40065
1.4005
1.40038
1.40028
1.4002
1.40013
1.40009
1.40006
1.40004
1.40002
1.40002
1.40001
1.40001
1.40001
1.40001
1.40001
1.40001
1.40001
1.40001
1.40001
1.40001
1.40001
1.40001
1.40001
1.40001
1.40001
1.40001
1.40001
1.40001
1.40001
1.40001
1.40001
1.40001
1.40001
1.40001
1.40001
1.40001
1.40001
1.40001
1.40001
1.40001
1.4
1.40001
1.4
1.40001
1.40001
1.4
1.40001
1.40001
1.4
1.40001
1.40001
1.40001
1.4
1.4
1.4
1.4
1.4
1.4
1.39999
1.39998
1.39995
1.39992
1.39988
1.39981
1.39975
1.39969
1.39965
1.39969
1.39986
1.40025
1.401
1.40226
1.40418
1.40691
1.4105
1.41485
1.41966
1.42446
1.42875
1.43217
1.43448
1.43562
1.43566
1.43472
1.4329
1.43022
1.42675
1.42268
1.41835
1.41412
1.41033
1.40721
1.40484
1.40317
1.40208
1.40141
1.401
1.40076
1.4006
1.40048
1.40037
1.40029
1.40021
1.40015
1.40011
1.40007
1.40005
1.40003
1.40002
1.40001
1.40001
1.40001
1.40001
1.40001
1.40001
1.40001
1.40001
1.40001
1.40001
1.40001
1.40001
1.40001
1.40001
1.40001
1.40001
1.40001
1.40001
1.40001
1.40001
1.40001
1.40001
1.40001
1.40001
1.40001
1.40001
1.40001
1.40001
1.40001
1.40001
1.40001
1.40001
1.40001
1.40001
1.4
1.40001
1.4
1.40001
1.40001
1.4
1.40001
1.40001
1.4
1.4
1.40001
1.4
1.4
1.4
1.4
1.39999
1.39998
1.39997
1.39994
1.3999
1.39986
1.39981
1.39976
1.39973
1.39975
1.39987
1.40014
1.40065
1.40151
1.40282
1.40467
1.40713
1.41014
1.41353
1.417
1.42022
1.42287
1.42472
1.42569
1.42576
1.42498
1.4234
1.42112
1.41828
1.41511
1.41188
1.40887
1.40629
1.40426
1.40277
1.40178
1.40116
1.4008
1.40061
1.40049
1.40041
1.40034
1.40027
1.40021
1.40016
1.40012
1.40008
1.40005
1.40004
1.40002
1.40002
1.40001
1.40001
1.40001
1.40001
1.40001
1.40001
1.40001
1.40001
1.40001
1.40001
1.40001
1.40001
1.40001
1.40001
1.40001
1.40001
1.40001
1.40001
1.40001
1.40001
1.40001
1.40001
1.40001
1.40001
1.40001
1.40001
1.40001
1.40001
1.40001
1.40001
1.4
1.40001
1.4
1.40001
1.4
1.40001
1.40001
1.4
1.4
1.40001
1.4
1.40001
1.4
1.4
1.40001
1.4
1.4
1.4
1.4
1.39999
1.39999
1.39998
1.39996
1.39993
1.3999
1.39986
1.39982
1.3998
1.39981
1.39989
1.40009
1.40044
1.40102
1.40191
1.40316
1.4048
1.40682
1.4091
1.41147
1.4137
1.41557
1.41689
1.41758
1.41757
1.41691
1.41563
1.41384
1.4117
1.40941
1.40717
1.40516
1.4035
1.40226
1.4014
1.40086
1.40056
1.4004
1.40033
1.40029
1.40026
1.40023
1.40019
1.40016
1.40012
1.40009
1.40006
1.40004
1.40003
1.40002
1.40001
1.40001
1.40001
1.40001
1.40001
1.40001
1.40001
1.40001
1.40001
1.40001
1.40001
1.40001
1.40001
1.40001
1.40001
1.40001
1.40001
1.40001
1.40001
1.40001
1.40001
1.40001
1.40001
1.40001
1.40001
1.40001
1.40001
1.40001
1.40001
1.40001
1.40001
1.40001
1.40001
1.40001
1.4
1.40001
1.4
1.40001
1.4
1.40001
1.40001
1.4
1.40001
1.40001
1.4
1.4
1.4
1.4
1.4
1.4
1.4
1.39999
1.39998
1.39997
1.39995
1.39993
1.3999
1.39987
1.39986
1.39987
1.39993
1.40006
1.40032
1.40072
1.40132
1.40215
1.40324
1.40456
1.40605
1.40759
1.40905
1.41026
1.41111
1.4115
1.41141
1.41084
1.40985
1.40852
1.407
1.40543
1.40395
1.40268
1.40169
1.40098
1.40053
1.40029
1.40018
1.40015
1.40016
1.40016
1.40016
1.40015
1.40013
1.40011
1.40009
1.40006
1.40005
1.40003
1.40002
1.40002
1.40001
1.40001
1.40001
1.40001
1.40001
1.40001
1.40001
1.40001
1.40001
1.40001
1.40001
1.40001
1.40001
1.40001
1.40001
1.40001
1.40001
1.40001
1.40001
1.40001
1.40001
1.40001
1.40001
1.40001
1.40001
1.40001
1.40001
1.40001
1.40001
1.40001
1.4
1.40001
1.4
1.40001
1.40001
1.40001
1.40001
1.40001
1.4
1.40001
1.4
1.40001
1.40001
1.4
1.40001
1.40001
1.4
1.4
1.4
1.4
1.4
1.4
1.39999
1.39998
1.39997
1.39995
1.39993
1.39991
1.39991
1.39992
1.39997
1.40006
1.40024
1.40053
1.40094
1.40149
1.4022
1.40306
1.404
1.40497
1.40587
1.4066
1.40708
1.40725
1.40709
1.40661
1.40585
1.4049
1.40386
1.40283
1.4019
1.40115
1.40059
1.40023
1.40004
1.39997
1.39997
1.4
1.40005
1.40008
1.40009
1.4001
1.40009
1.40008
1.40006
1.40005
1.40003
1.40002
1.40002
1.40001
1.40001
1.40001
1.40001
1.40001
1.40001
1.40001
1.40001
1.40001
1.40001
1.40001
1.40001
1.40001
1.40001
1.40001
1.40001
1.40001
1.40001
1.40001
1.40001
1.40001
1.40001
1.40001
1.40001
1.40001
1.40001
1.40001
1.40001
1.40001
1.40001
1.40001
1.40001
1.40001
1.40001
1.40001
1.4
1.40001
1.4
1.40001
1.40001
1.40001
1.4
1.4
1.40001
1.4
1.4
1.40001
1.40001
1.4
1.4
1.4
1.4
1.4
1.39999
1.39999
1.39998
1.39997
1.39995
1.39995
1.39994
1.39995
1.39999
1.40007
1.4002
1.4004
1.40068
1.40106
1.40153
1.40207
1.40266
1.40325
1.40378
1.40419
1.40442
1.40444
1.40424
1.40384
1.40327
1.40261
1.40191
1.40125
1.40069
1.40026
1.39998
1.39983
1.39978
1.3998
1.39986
1.39993
1.39998
1.40003
1.40005
1.40006
1.40006
1.40005
1.40004
1.40003
1.40002
1.40002
1.40001
1.40001
1.40001
1.40001
1.40001
1.40001
1.40001
1.40001
1.40001
1.40001
1.40001
1.40001
1.40001
1.40001
1.40001
1.40001
1.40001
1.40001
1.40001
1.40001
1.40001
1.40001
1.40001
1.40001
1.40001
1.40001
1.40001
1.40001
1.40001
1.40001
1.40001
1.40001
1.40001
1.40001
1.4
1.40001
1.40001
1.40001
1.40001
1.40001
1.40001
1.4
1.40001
1.4
1.40001
1.40001
1.4
1.4
1.40001
1.40001
1.4
1.4
1.4
1.4
1.4
1.39999
1.39999
1.39998
1.39997
1.39996
1.39997
1.39998
1.40001
1.40006
1.40016
1.40031
1.40051
1.40077
1.40108
1.40143
1.40179
1.40214
1.40244
1.40264
1.40272
1.40265
1.40245
1.40212
1.4017
1.40123
1.40077
1.40037
1.40004
1.39982
1.39969
1.39966
1.39968
1.39974
1.39982
1.39989
1.39995
1.39999
1.40002
1.40003
1.40004
1.40003
1.40003
1.40002
1.40002
1.40001
1.40001
1.40001
1.40001
1.40001
1.40001
1.40001
1.40001
1.40001
1.40001
1.40001
1.40001
1.40001
1.40001
1.40001
1.40001
1.40001
1.40001
1.40001
1.40001
1.40001
1.40001
1.40001
1.40001
1.40001
1.40001
1.40001
1.40001
1.40001
1.40001
1.40001
1.40001
1.40001
1.40001
1.4
1.40001
1.4
1.40001
1.4
1.40001
1.40001
1.40001
1.40001
1.40001
1.4
1.40001
1.40001
1.40001
1.4
1.40001
1.4
1.4
1.4
1.4
1.4
1.4
1.4
1.39999
1.39999
1.39998
1.39998
1.39998
1.39999
1.40002
1.40006
1.40014
1.40024
1.40039
1.40056
1.40077
1.401
1.40123
1.40143
1.40159
1.40167
1.40166
1.40156
1.40137
1.40111
1.4008
1.40048
1.40017
1.39992
1.39974
1.39963
1.39959
1.39961
1.39967
1.39974
1.39982
1.39989
1.39994
1.39998
1.40001
1.40002
1.40002
1.40002
1.40002
1.40002
1.40001
1.40001
1.40001
1.40001
1.40001
1.40001
1.40001
1.40001
1.40001
1.40001
1.40001
1.40001
1.40001
1.40001
1.40001
1.40001
1.40001
1.40001
1.40001
1.40001
1.40001
1.40001
1.40001
1.40001
1.40001
1.40001
1.40001
1.40001
1.40001
1.40001
1.40001
1.40001
1.40001
1.40001
1.40001
1.40001
1.4
1.40001
1.4
1.40001
1.4
1.40001
1.4
1.40001
1.4
1.40001
1.4
1.40001
1.4
1.40001
1.4
1.40001
1.4
1.40001
1.4
1.4
1.4
1.4
1.4
1.4
1.39999
1.39999
1.39999
1.4
1.40002
1.40006
1.40011
1.40019
1.40029
1.40042
1.40056
1.40071
1.40085
1.40096
1.40104
1.40107
1.40102
1.40092
1.40075
1.40054
1.40032
1.40009
1.39989
1.39974
1.39964
1.3996
1.3996
1.39964
1.3997
1.39977
1.39984
1.3999
1.39994
1.39998
1.4
1.40001
1.40001
1.40001
1.40001
1.40001
1.40001
1.40001
1.40001
1.40001
1.40001
1.40001
1.40001
1.40001
1.40001
1.40001
1.40001
1.40001
1.40001
1.40001
1.40001
1.40001
1.40001
1.40001
1.40001
1.40001
1.40001
1.40001
1.40001
1.40001
1.40001
1.40001
1.40001
1.40001
1.40001
1.40001
1.40001
1.40001
1.40001
1.40001
1.40001
1.4
1.40001
1.4
1.40001
1.40001
1.40001
1.40001
1.40001
1.4
1.40001
1.40001
1.40001
1.4
1.40001
1.40001
1.40001
1.4
1.40001
1.4
1.40001
1.4
1.4
1.4
1.4
1.4
1.4
1.4
1.4
1.40001
1.40002
1.40005
1.40009
1.40015
1.40022
1.40031
1.40041
1.40051
1.4006
1.40067
1.4007
1.40069
1.40064
1.40054
1.40041
1.40025
1.40008
1.39993
1.39979
1.3997
1.39965
1.39963
1.39965
1.39969
1.39975
1.39981
1.39987
1.39991
1.39995
1.39998
1.39999
1.4
1.40001
1.40001
1.40001
1.40001
1.40001
1.40001
1.40001
1.40001
1.40001
1.40001
1.40001
1.40001
1.40001
1.40001
1.40001
1.40001
1.40001
1.40001
1.40001
1.40001
1.40001
1.40001
1.40001
1.40001
1.40001
1.40001
1.40001
1.40001
1.40001
1.40001
1.40001
1.40001
1.40001
1.40001
1.40001
1.40001
1.40001
1.40001
1.40001
1.40001
1.4
1.40001
1.4
1.40001
1.40001
1.40001
1.4
1.40001
1.4
1.40001
1.40001
1.40001
1.4
1.40001
1.4
1.40001
1.4
1.4
1.4
1.4
1.4
1.4
1.4
1.4
1.4
1.4
1.4
1.40001
1.40002
1.40004
1.40007
1.40011
1.40016
1.40023
1.40029
1.40036
1.40042
1.40046
1.40047
1.40046
1.40041
1.40032
1.40022
1.4001
1.39998
1.39987
1.39979
1.39973
1.3997
1.3997
1.39972
1.39976
1.3998
1.39985
1.3999
1.39993
1.39996
1.39998
1.39999
1.4
1.40001
1.40001
1.40001
1.40001
1.40001
1.40001
1.40001
1.40001
1.40001
1.40001
1.40001
1.40001
1.40001
1.40001
1.40001
1.40001
1.40001
1.40001
1.40001
1.40001
1.40001
1.40001
1.40001
1.40001
1.40001
1.40001
1.40001
1.40001
1.40001
1.40001
1.40001
1.40001
1.40001
1.40001
1.40001
1.40001
1.40001
1.40001
1.40001
1.40001
1.40001
1.4
1.40001
1.40001
1.4
1.40001
1.40001
1.4
1.40001
1.4
1.40001
1.40001
1.40001
1.40001
1.40001
1.4
1.40001
1.4
1.40001
1.4
1.4
1.4
1.4
1.4
1.4
1.4
1.40001
1.40001
1.40002
1.40004
1.40005
1.40008
1.40012
1.40016
1.40021
1.40026
1.40029
1.40032
1.40032
1.4003
1.40026
1.4002
1.40012
1.40003
1.39995
1.39987
1.39981
1.39978
1.39976
1.39977
1.39979
1.39982
1.39985
1.39989
1.39992
1.39995
1.39997
1.39998
1.39999
1.4
1.4
1.40001
1.40001
1.40001
1.40001
1.40001
1.40001
1.40001
1.40001
1.40001
1.40001
1.40001
1.40001
1.40001
1.40001
1.40001
1.40001
1.40001
1.40001
1.40001
1.40001
1.40001
1.40001
1.40001
1.40001
1.40001
1.40001
1.40001
1.40001
1.40001
1.40001
1.40001
1.40001
1.40001
1.40001
1.40001
1.40001
1.40001
1.40001
1.40001
1.40001
1.40001
1.40001
1.4
1.40001
1.40001
1.4
1.40001
1.4
1.40001
1.40001
1.4
1.4
1.40001
1.40001
1.4
1.4
1.40001
1.4
1.40001
1.4
1.4
1.4
1.4
1.4
1.4
1.40001
1.40001
1.40002
1.40003
1.40004
1.40006
1.40009
1.40012
1.40015
1.40018
1.4002
1.40022
1.40022
1.4002
1.40017
1.40013
1.40007
1.40001
1.39995
1.3999
1.39986
1.39983
1.39983
1.39983
1.39985
1.39987
1.3999
1.39992
1.39995
1.39996
1.39998
1.39999
1.4
1.4
1.4
1.4
1.40001
1.40001
1.40001
1.40001
1.40001
1.40001
1.40001
1.40001
1.40001
1.40001
1.40001
1.40001
1.40001
1.40001
1.40001
1.40001
1.40001
1.40001
1.40001
1.40001
1.40001
1.40001
1.40001
1.40001
1.40001
1.40001
1.40001
1.40001
1.40001
1.40001
1.40001
1.40001
1.40001
1.40001
1.40001
1.40001
1.40001
1.40001
1.40001
1.40001
1.40001
1.40001
1.40001
1.40001
1.40001
1.4
1.40001
1.4
1.4
1.40001
1.40001
1.4
1.40001
1.40001
1.4
1.4
1.40001
1.4
1.40001
1.4
1.4
1.4
1.4
1.40001
1.40001
1.40001
1.40001
1.40002
1.40003
1.40004
1.40006
1.40008
1.4001
1.40012
1.40014
1.40015
1.40015
1.40014
1.40011
1.40008
1.40004
1.4
1.39996
1.39992
1.3999
1.39988
1.39988
1.39988
1.39989
1.39991
1.39993
1.39995
1.39996
1.39998
1.39999
1.39999
1.4
1.4
1.4
1.4
1.40001
1.40001
1.40001
1.40001
1.40001
1.40001
1.40001
1.40001
1.40001
1.40001
1.40001
1.40001
1.40001
1.40001
1.40001
1.40001
1.40001
1.40001
1.40001
1.40001
1.40001
1.40001
1.40001
1.40001
1.40001
1.40001
1.40001
1.40001
1.40001
1.40001
1.40001
1.40001
1.40001
1.40001
1.40001
1.40001
1.40001
1.40001
1.40001
1.4
1.40001
1.4
1.40001
1.4
1.40001
1.40001
1.4
1.40001
1.40001
1.4
1.40001
1.4
1.40001
1.40001
1.40001
1.40001
1.40001
1.4
1.4
1.40001
1.40001
1.4
1.4
1.40001
1.40001
1.40001
1.40001
1.40002
1.40002
1.40003
1.40004
1.40006
1.40007
1.40008
1.40009
1.4001
1.4001
1.40009
1.40007
1.40005
1.40003
1.4
1.39997
1.39995
1.39993
1.39992
1.39992
1.39992
1.39993
1.39994
1.39995
1.39997
1.39998
1.39998
1.39999
1.4
1.4
1.4
1.4
1.4
1.4
1.4
1.40001
1.40001
1.4
1.4
1.4
1.40001
1.40001
1.40001
1.40001
1.40001
1.40001
1.40001
1.40001
1.40001
1.40001
1.40001
1.40001
1.40001
1.40001
1.40001
1.40001
1.40001
1.40001
1.40001
1.40001
1.40001
1.40001
1.40001
1.40001
1.40001
1.40001
1.40001
1.40001
1.40001
1.40001
1.40001
1.40001
1.40001
1.40001
1.40001
1.40001
1.40001
1.4
1.40001
1.40001
1.4
1.40001
1.4
1.4
1.40001
1.4
1.4
1.40001
1.4
1.4
1.4
1.40001
1.4
1.4
1.4
1.4
1.4
1.40001
1.40001
1.40001
1.40001
1.40002
1.40002
1.40003
1.40004
1.40005
1.40006
1.40006
1.40007
1.40007
1.40006
1.40005
1.40003
1.40002
1.4
1.39998
1.39996
1.39995
1.39995
1.39995
1.39995
1.39995
1.39996
1.39997
1.39998
1.39999
1.39999
1.4
1.4
1.4
1.4
1.4
1.4
1.40001
1.40001
1.40001
1.40001
1.40001
1.40001
1.40001
1.40001
1.40001
1.40001
1.40001
1.40001
1.40001
1.40001
1.40001
1.40001
1.40001
1.40001
1.40001
1.40001
1.40001
1.40001
1.40001
1.40001
1.40001
1.40001
1.40001
1.40001
1.40001
1.40001
1.40001
1.40001
1.40001
1.40001
1.40001
1.40001
1.40001
1.40001
1.40001
1.40001
1.40001
1.40001
1.40001
1.4
1.40001
1.4
1.40001
1.40001
1.4
1.40001
1.40001
1.4
1.40001
1.40001
1.4
1.40001
1.4
1.40001
1.4
1.4
1.4
1.40001
1.40001
1.40001
1.40001
1.40001
1.40001
1.40001
1.40001
1.40002
1.40002
1.40003
1.40003
1.40004
1.40004
1.40004
1.40004
1.40004
1.40003
1.40002
1.40001
1.4
1.39999
1.39998
1.39997
1.39997
1.39997
1.39997
1.39997
1.39998
1.39998
1.39999
1.39999
1.4
1.4
1.4
1.4
1.4
1.4
1.4
1.4
1.40001
1.40001
1.40001
1.40001
1.40001
1.40001
1.40001
1.40001
1.40001
1.40001
1.40001
1.40001
1.40001
1.40001
1.40001
1.40001
1.40001
1.40001
1.40001
1.40001
1.40001
1.40001
1.40001
1.40001
1.40001
1.40001
1.40001
1.40001
1.40001
1.40001
1.40001
1.40001
1.40001
1.40001
1.40001
1.40001
1.40001
1.40001
1.40001
1.40001
1.4
1.40001
1.4
1.40001
1.40001
1.40001
1.40001
1.40001
1.4
1.40001
1.40001
1.4
1.40001
1.40001
1.4
1.40001
1.4
1.40001
1.40001
1.4
1.4
1.40001
1.40001
1.40001
1.40001
1.40001
1.40001
1.40001
1.40001
1.40002
1.40002
1.40002
1.40003
1.40003
1.40003
1.40003
1.40003
1.40002
1.40002
1.40001
1.4
1.39999
1.39999
1.39998
1.39998
1.39998
1.39998
1.39998
1.39999
1.39999
1.39999
1.4
1.4
1.4
1.4
1.4
1.4
1.4
1.40001
1.4
1.4
1.4
1.4
1.40001
1.40001
1.40001
1.40001
1.40001
1.40001
1.40001
1.40001
1.40001
1.40001
1.40001
1.40001
1.40001
1.40001
1.40001
1.40001
1.40001
1.40001
1.40001
1.40001
1.40001
1.40001
1.40001
1.40001
1.40001
1.40001
1.40001
1.40001
1.40001
1.40001
1.40001
1.40001
1.40001
1.40001
1.40001
1.40001
1.4
1.40001
1.4
1.40001
1.4
1.40001
1.40001
1.4
1.40001
1.4
1.40001
1.4
1.40001
1.40001
1.40001
1.40001
1.40001
1.4
1.40001
1.40001
1.40001
1.4
1.4
1.40001
1.40001
1.40001
1.40001
1.40001
1.40001
1.40001
1.40001
1.40001
1.40002
1.40002
1.40002
1.40002
1.40002
1.40002
1.40002
1.40001
1.40001
1.4
1.4
1.39999
1.39999
1.39999
1.39999
1.39999
1.39999
1.39999
1.4
1.4
1.4
1.4
1.4
1.4
1.4
1.4
1.4
1.4
1.4
1.40001
1.40001
1.40001
1.4
1.4
1.40001
1.40001
1.40001
1.40001
1.40001
1.40001
1.40001
1.40001
1.40001
1.40001
1.40001
1.40001
1.40001
1.40001
1.40001
1.40001
1.40001
1.40001
1.40001
1.40001
1.40001
1.40001
1.40001
1.40001
1.40001
1.40001
1.40001
1.40001
1.40001
1.40001
1.40001
1.40001
1.40001
1.40001
1.40001
1.4
1.40001
1.4
1.40001
1.4
1.40001
1.4
1.40001
1.4
1.40001
1.40001
1.40001
1.4
1.40001
1.40001
1.4
1.40001
1.4
1.40001
1.4
1.40001
1.4
1.4
1.40001
1.40001
1.40001
1.40001
1.40001
1.40001
1.40001
1.40001
1.40001
1.40001
1.40001
1.40002
1.40001
1.40001
1.40001
1.40001
1.40001
1.4
1.4
1.4
1.4
1.4
1.4
1.4
1.4
1.4
1.4
1.4
1.4
1.4
1.4
1.4
1.4
1.4
1.4
1.40001
1.4
1.4
1.40001
1.40001
1.40001
1.40001
1.40001
1.40001
1.40001
1.40001
1.40001
1.40001
1.40001
1.40001
1.40001
1.40001
1.40001
1.40001
1.40001
1.40001
1.40001
1.40001
1.40001
1.40001
1.40001
1.40001
1.40001
1.40001
1.40001
1.40001
1.40001
1.40001
1.40001
1.40001
1.40001
1.40001
1.40001
1.40001
1.40001
1.40001
1.40001
1.40001
1.4
1.40001
1.4
1.40001
1.4
1.40001
1.4
1.40001
1.40001
1.4
1.40001
1.4
1.40001
1.4
1.40001
1.4
1.40001
1.4
1.40001
1.40001
1.40001
1.4
1.40001
1.40001
1.40001
1.40001
1.40001
1.40001
1.40001
1.40001
1.40001
1.40001
1.40001
1.40001
1.40001
1.40001
1.40001
1.40001
1.40001
1.4
1.4
1.4
1.4
1.4
1.4
1.4
1.4
1.4
1.4
1.4
1.4
1.4
1.4
1.4
1.4
1.4
1.4
1.4
1.4
1.40001
1.40001
1.40001
1.40001
1.40001
1.40001
1.40001
1.40001
1.40001
1.40001
1.40001
1.40001
1.40001
1.40001
1.40001
1.40001
1.40001
1.40001
1.40001
1.40001
1.40001
1.40001
1.40001
1.40001
1.40001
1.40001
1.40001
1.40001
1.40001
1.40001
1.40001
1.40001
1.40001
1.40001
1.40001
1.40001
1.40001
1.40001
1.40001
1.40001
1.40001
1.40001
1.4
1.40001
1.40001
1.40001
1.40001
1.40001
1.40001
1.40001
1.4
1.40001
1.40001
1.4
1.40001
1.40001
1.4
1.40001
1.40001
1.40001
1.4
1.40001
1.40001
1.4
1.40001
1.40001
1.40001
1.40001
1.40001
1.40001
1.40001
1.40001
1.40001
1.40001
1.40001
1.40001
1.40001
1.40001
1.40001
1.40001
1.4
1.4
1.4
1.4
1.4
1.4
1.4
1.4
1.4
1.4
1.4
1.4
1.4
1.4
1.4
1.4
1.4
1.40001
1.40001
1.4
1.4
1.4
1.40001
1.40001
1.40001
1.40001
1.40001
1.40001
1.40001
1.40001
1.40001
1.40001
1.40001
1.40001
1.40001
1.40001
1.40001
1.40001
1.40001
1.40001
1.40001
1.40001
1.40001
1.40001
1.40001
1.40001
1.40001
1.40001
1.40001
1.40001
1.40001
1.40001
1.40001
1.40001
1.40001
1.40001
1.40001
1.40001
1.40001
1.40001
1.40001
1.40001
1.40001
1.4
1.40001
1.40001
1.4
1.40001
1.40001
1.4
1.40001
1.4
1.40001
1.40001
1.40001
1.4
1.4
1.40001
1.4
1.4
1.40001
1.4
1.4
1.40001
1.40001
1.4
1.40001
1.40001
1.40001
1.40001
1.40001
1.40001
1.40001
1.40001
1.40001
1.40001
1.40001
1.40001
1.40001
1.4
1.40001
1.4
1.4
1.4
1.4
1.4
1.4
1.4
1.4
1.4
1.4
1.4
1.4
1.4
1.4
1.4
1.4
1.4
1.40001
1.40001
1.40001
1.40001
1.40001
1.40001
1.40001
1.40001
1.40001
1.40001
1.40001
1.40001
1.40001
1.40001
1.40001
1.40001
1.40001
1.40001
1.40001
1.40001
1.40001
1.40001
1.40001
1.40001
1.40001
1.40001
1.40001
1.40001
1.40001
1.40001
1.40001
1.40001
1.40001
1.40001
1.40001
1.40001
1.40001
1.40001
1.40001
1.40001
1.40001
1.40001
1.40001
1.40001
1.4
1.40001
1.4
1.40001
1.40001
1.40001
1.40001
1.40001
1.4
1.40001
1.4
1.40001
1.4
1.40001
1.4
1.40001
1.40001
1.40001
1.4
1.4
1.40001
1.4
1.4
1.40001
1.40001
1.40001
1.40001
1.40001
1.40001
1.40001
1.40001
1.40001
1.40001
1.40001
1.40001
1.40001
1.40001
1.40001
1.4
1.40001
1.4
1.4
1.4
1.4
1.4
1.4
1.4
1.4
1.4
1.4
1.4
1.4
1.4
1.40001
1.40001
1.40001
1.40001
1.4
1.4
1.4
1.40001
1.40001
1.40001
1.40001
1.40001
1.40001
1.40001
1.40001
1.40001
1.40001
1.40001
1.40001
1.40001
1.40001
1.40001
1.40001
1.40001
1.40001
1.40001
1.40001
1.40001
1.40001
1.40001
1.40001
1.40001
1.40001
1.40001
1.40001
1.40001
1.40001
1.40001
1.40001
1.40001
1.40001
1.40001
1.40001
1.40001
1.40001
1.40001
1.40001
1.40001
1.4
1.40001
1.4
1.40001
1.40001
1.40001
1.4
1.40001
1.4
1.40001
1.40001
1.40001
1.40001
1.4
1.40001
1.4
1.40001
1.40001
1.40001
1.40001
1.4
1.4
1.4
1.40001
1.4
1.40001
1.40001
1.40001
1.40001
1.40001
1.40001
1.40001
1.40001
1.40001
1.40001
1.40001
1.4
1.40001
1.4
1.4
1.4
1.4
1.4
1.4
1.4
1.4
1.4
1.4
1.4
1.40001
1.40001
1.40001
1.40001
1.40001
1.40001
1.40001
1.40001
1.40001
1.40001
1.40001
1.40001
1.40001
1.40001
1.40001
1.40001
1.40001
1.40001
1.40001
1.40001
1.40001
1.40001
1.40001
1.40001
1.40001
1.40001
1.40001
1.40001
1.40001
1.40001
1.40001
1.40001
1.40001
1.40001
1.40001
1.40001
1.40001
1.40001
1.40001
1.40001
1.40001
1.40001
1.40001
1.40001
1.40001
1.40001
1.40001
1.40001
1.40001
1.40001
1.4
1.40001
1.4
1.40001
1.4
1.40001
1.40001
1.40001
1.40001
1.40001
1.4
1.40001
1.4
1.40001
1.40001
1.4
1.40001
1.4
1.4
1.40001
1.4
1.4
1.4
1.4
1.4
1.4
1.4
1.40001
1.40001
1.40001
1.40001
1.40001
1.40001
1.40001
1.40001
1.40001
1.40001
1.40001
1.4
1.4
1.4
1.4
1.4
1.4
1.4
1.4
1.4
1.40001
1.40001
1.40001
1.40001
1.40001
1.40001
1.40001
1.40001
1.40001
1.40001
1.40001
1.40001
1.40001
1.40001
1.40001
1.40001
1.40001
1.40001
1.40001
1.40001
1.40001
1.40001
1.40001
1.40001
1.40001
1.40001
1.40001
1.40001
1.40001
1.40001
1.40001
1.40001
1.40001
1.40001
1.40001
1.40001
1.40001
1.40001
1.40001
1.40001
1.40001
1.40001
1.40001
1.40001
1.40001
1.40001
1.40001
1.40001
1.40001
1.40001
1.40001
1.40001
1.40001
1.40001
1.4
1.40001
1.4
1.40001
1.40001
1.4
1.40001
1.4
1.40001
1.40001
1.40001
1.4
1.40001
1.4
1.40001
1.4
1.40001
1.40001
1.4
1.40001
1.40001
1.40001
1.40001
1.4
1.40001
1.40001
1.4
1.40001
1.40001
1.40001
1.40001
1.4
1.40001
1.40001
1.40001
1.4
1.40001
1.40001
1.40001
1.4
1.4
1.4
1.40001
1.4
1.4
1.4
1.4
1.40001
1.4
1.4
1.4
1.4
1.4
1.4
1.40001
1.40001
1.40001
1.40001
1.40001
1.40001
1.40001
1.40001
1.40001
1.40001
1.40001
1.40001
1.40001
1.40001
1.40001
1.40001
1.40001
1.40001
1.40001
1.40001
1.40001
1.40001
1.40001
1.40001
1.40001
1.40001
1.40001
1.40001
1.40001
1.40001
1.40001
1.40001
1.40001
1.40001
1.40001
1.40001
1.40001
1.40001
1.40001
1.40001
1.40001
1.40001
1.40001
1.40001
1.40001
1.40001
1.40001
1.4
1.40001
1.4
1.40001
1.40001
1.4
1.40001
1.4
1.40001
1.4
1.40001
1.4
1.40001
1.40001
1.4
1.4
1.40001
1.40001
1.4
1.40001
1.4
1.4
1.40001
1.4
1.4
1.4
1.4
1.40001
1.40001
1.4
1.40001
1.40001
1.40001
1.40001
1.40001
1.4
1.40001
1.4
1.40001
1.4
1.4
1.4
1.4
1.40001
1.40001
1.40001
1.40001
1.40001
1.40001
1.40001
1.40001
1.40001
1.40001
1.40001
1.40001
1.40001
1.40001
1.40001
1.40001
1.40001
1.40001
1.40001
1.40001
1.40001
1.40001
1.40001
1.40001
1.40001
1.40001
1.40001
1.40001
1.40001
1.40001
1.40001
1.40001
1.40001
1.40001
1.40001
1.40001
1.40001
1.40001
1.40001
1.40001
1.40001
1.40001
1.40001
1.40001
1.40001
1.40001
1.40001
1.40001
1.40001
1.40001
1.40001
1.40001
1.40001
1.40001
1.40001
1.40001
1.40001
1.40001
1.4
1.40001
1.40001
1.4
1.40001
1.4
1.40001
1.4
1.40001
1.4
1.40001
1.4
1.4
1.40001
1.40001
1.4
1.40001
1.40001
1.40001
1.4
1.40001
1.4
1.40001
1.4
1.40001
1.4
1.4
1.40001
1.40001
1.4
1.40001
1.40001
1.4
1.4
1.40001
1.4
1.40001
1.40001
1.40001
1.4
1.40001
1.40001
1.4
1.40001
1.40001
1.40001
1.40001
1.4
1.4
1.4
1.40001
1.40001
1.40001
1.40001
1.40001
1.40001
1.40001
1.40001
1.40001
1.40001
1.40001
1.40001
1.40001
1.40001
1.40001
1.40001
1.40001
1.40001
1.40001
1.40001
1.40001
1.40001
1.40001
1.40001
1.40001
1.40001
1.40001
1.40001
1.40001
1.40001
1.40001
1.40001
1.40001
1.40001
1.40001
1.40001
1.40001
1.40001
1.40001
1.40001
1.40001
1.40001
1.40001
1.40001
1.40001
1.40001
1.40001
1.40001
1.40001
1.40001
1.40001
1.40001
1.40001
1.40001
1.4
1.40001
1.4
1.40001
1.4
1.40001
1.4
1.40001
1.40001
1.4
1.40001
1.40001
1.4
1.40001
1.40001
1.40001
1.4
1.40001
1.4
1.40001
1.40001
1.40001
1.4
1.4
1.4
1.40001
1.4
1.40001
1.40001
1.40001
1.4
1.40001
1.4
1.4
1.40001
1.40001
1.40001
1.4
1.40001
1.40001
1.40001
1.40001
1.40001
1.40001
1.40001
1.40001
1.40001
1.40001
1.40001
1.40001
1.40001
1.40001
1.40001
1.40001
1.40001
1.40001
1.40001
1.40001
1.40001
1.40001
1.40001
1.40001
1.40001
1.40001
1.40001
1.40001
1.40001
1.40001
1.40001
1.40001
1.40001
1.40001
1.40001
1.40001
1.40001
1.40001
1.40001
1.40001
1.40001
1.40001
1.40001
1.40001
1.40001
1.40001
1.40001
1.40001
1.40001
1.40001
1.40001
1.40001
1.40001
1.40001
1.40001
1.40001
1.40001
1.40001
1.40001
1.40001
1.40001
1.40001
1.40001
1.4
1.40001
1.4
1.40001
1.4
1.40001
1.4
1.40001
1.4
1.40001
1.4
1.40001
1.40001
1.40001
1.4
1.40001
1.40001
1.40001
1.4
1.40001
1.4
1.40001
1.40001
1.40001
1.4
1.40001
1.4
1.40001
1.4
1.4
1.4
1.40001
1.40001
1.40001
1.4
1.40001
1.40001
1.40001
1.40001
1.40001
1.40001
1.40001
1.40001
1.40001
1.40001
1.40001
1.40001
1.40001
1.40001
1.40001
1.40001
1.40001
1.40001
1.40001
1.40001
1.40001
1.40001
1.40001
1.40001
1.40001
1.40001
1.40001
1.40001
1.40001
1.40001
1.40001
1.40001
1.40001
1.40001
1.40001
1.40001
1.40001
1.40001
1.40001
1.40001
1.40001
1.40001
1.40001
1.40001
1.40001
1.40001
1.40001
1.40001
1.40001
1.40001
1.40001
1.40001
1.40001
1.40001
1.40001
1.40001
1.40001
1.40001
1.40001
1.40001
1.40001
1.40001
1.40001
1.40001
1.40001
1.40001
1.40001
1.40001
1.40001
1.40001
1.4
1.40001
1.4
1.40001
1.40001
1.40001
1.40001
1.40001
1.4
1.40001
1.40001
1.4
1.4
1.40001
1.4
1.40001
1.4
1.40001
1.40001
1.40001
1.40001
1.40001
1.4
1.40001
1.40001
1.40001
1.4
1.4
1.4
1.4
1.4
1.4
1.4
1.40001
1.40001
1.40001
1.40001
1.40001
1.40001
1.40001
1.40001
1.40001
1.40001
1.40001
1.40001
1.40001
1.40001
1.40001
1.40001
1.40001
1.40001
1.40001
1.40001
1.40001
1.40001
1.40001
1.40001
1.40001
1.40001
1.40001
1.40001
1.40001
1.40001
1.40001
1.40001
1.40001
1.40001
1.40001
1.40001
1.40001
1.40001
1.40001
1.40001
1.40001
1.40001
1.40001
1.40001
1.40001
1.40001
1.40001
1.40001
1.40001
1.40001
1.40001
1.40001
1.40001
1.40001
1.40001
1.40001
1.40001
1.40001
1.40001
1.40001
1.40001
1.40001
1.40001
1.40001
1.40001
1.40001
1.40001
1.40001
1.4
1.40001
1.4
1.40001
1.40001
1.4
1.40001
1.40001
1.4
1.4
1.40001
1.40001
1.40001
1.40001
1.40001
1.40001
1.4
1.4
1.4
1.40001
1.4
1.40001
1.40001
1.4
1.40001
1.40001
1.40001
1.40001
1.40001
1.40001
1.40001
1.40001
1.4
1.4
1.4
1.40001
1.40001
1.40001
1.40001
1.40001
1.40001
1.40001
1.40001
1.40001
1.40001
1.40001
1.40001
1.40001
1.40001
1.40001
1.40001
1.40001
1.40001
1.40001
1.40001
1.40001
1.40001
1.40001
1.40001
1.40001
1.40001
1.40001
1.40001
1.40001
1.40001
1.40001
1.40001
1.40001
1.40001
1.40001
1.40001
1.40001
1.40001
1.40001
1.40001
1.40001
1.40001
1.40001
1.40001
1.40001
1.40001
1.40001
1.40001
1.40001
1.40001
1.40001
1.40001
1.40001
1.40001
1.40001
1.40001
1.40001
1.40001
1.40001
1.40001
1.40001
1.40001
1.40001
1.40001
1.40001
1.40001
1.4
1.40001
1.40001
1.4
1.40001
1.40001
1.40001
1.40001
1.40001
1.40001
1.40001
1.4
1.4
1.4
1.40001
1.40001
1.40001
1.40001
1.4
1.40001
1.4
1.4
1.40001
1.40001
1.40001
1.40001
1.4
1.4
1.4
1.40001
1.40001
1.40001
1.40001
1.40001
1.40001
1.40001
1.40001
1.40001
1.40001
1.40001
1.40001
1.40001
1.40001
1.40001
1.40001
1.40001
1.40001
1.40001
1.40001
1.40001
1.40001
1.40001
1.40001
1.40001
1.40001
1.40001
1.40001
1.40001
1.40001
1.40001
1.40001
1.40001
1.40001
1.40001
1.40001
1.40001
1.40001
1.40001
1.40001
1.40001
1.40001
1.40001
1.40001
1.40001
1.40001
1.40001
1.40001
1.40001
1.40001
1.40001
1.40001
1.40001
1.40001
1.40001
1.40001
1.40001
1.40001
1.40001
1.40001
1.40001
1.40001
1.40001
1.40001
1.40001
1.40001
1.40001
1.40001
1.40001
1.40001
1.40001
1.40001
1.4
1.40001
1.40001
1.40001
1.40001
1.40001
1.40001
1.40001
1.4
1.4
1.40001
1.40001
1.40001
1.40001
1.40001
1.4
1.40001
1.40001
1.40001
1.40001
1.40001
1.40001
1.40001
1.4
1.4
1.40001
1.40001
1.40001
1.4
1.4
1.4
1.4
1.40001
1.40001
1.40001
1.40001
1.40001
1.40001
1.40001
1.40001
1.40001
1.40001
1.40001
1.40001
1.40001
1.40001
1.40001
1.40001
1.40001
1.40001
1.40001
1.40001
1.40001
1.40001
1.40001
1.40001
1.40001
1.40001
1.40001
1.40001
1.40001
1.40001
1.40001
1.40001
1.40001
1.40001
1.40001
1.40001
1.40001
1.40001
1.40001
1.40001
1.40001
1.40001
1.40001
1.40001
1.40001
1.40001
1.40001
1.40001
1.40001
1.40001
1.40001
1.40001
1.40001
1.40001
1.40001
1.40001
1.40001
1.40001
1.40001
1.40001
1.40001
1.40001
1.40001
1.40001
1.40001
1.40001
1.40001
1.40001
1.40001
1.40001
1.40001
1.40001
1.40001
1.40001
1.40001
1.40001
1.40001
1.40001
1.40001
1.4
1.4
1.40001
1.40001
1.40001
1.4
1.4
1.4
1.4
1.4
1.40001
1.40001
1.40001
1.40001
1.40001
1.40001
1.40001
1.40001
1.40001
1.40001
1.40001
1.40001
1.40001
1.40001
1.40001
1.40001
1.40001
1.40001
1.40001
1.40001
1.40001
1.40001
1.40001
1.40001
1.40001
1.40001
1.40001
1.40001
1.40001
1.40001
1.40001
1.40001
1.40001
1.40001
1.40001
1.40001
1.40001
1.40001
1.40001
1.40001
1.40001
1.40001
1.40001
1.40001
1.40001
1.40001
1.40001
1.40001
1.40001
1.40001
1.40001
1.40001
1.40001
1.40001
1.40001
1.40001
1.40001
1.40001
1.40001
1.40001
1.40001
1.40001
1.40001
1.40001
1.40001
1.40001
1.40001
1.40001
1.40001
1.40001
1.40001
1.40001
1.40001
1.40001
1.40001
1.40001
1.40001
1.40001
1.40001
1.40001
1.40001
1.40001
1.40001
1.40001
1.40001
1.40001
1.40001
1.40001
1.40001
1.40001
1.40001
1.40001
1.40001
1.40001
1.40001
1.40001
1.40001
1.40001
1.40001
1.40001
1.40001
1.40001
1.4
1.4
1.4
1.4
1.4
1.4
1.4
1.4
1.40001
1.40001
1.40001
1.40001
1.40001
1.40001
1.40001
1.40001
1.40001
1.40001
1.40001
1.40001
1.40001
1.40001
1.40001
1.40001
1.40001
1.40001
1.40001
1.40001
1.40001
1.40001
1.40001
1.40001
1.40001
1.40001
1.40001
1.40001
1.40001
1.40001
1.40001
1.40001
1.40001
1.40001
1.40001
1.40001
1.40001
1.40001
1.40001
1.40001
1.40001
1.40001
1.40001
1.40001
1.40001
1.40001
1.40001
1.40001
1.40001
1.40001
1.40001
1.40001
1.40001
1.40001
1.40001
1.40001
1.40001
1.40001
1.40001
1.40001
1.40001
1.40001
1.40001
1.40001
1.40001
1.40001
1.40001
1.40001
1.40001
1.40001
1.40001
1.40001
1.40001
1.40001
1.40001
1.40001
1.40001
1.40001
1.40001
1.40001
1.40001
1.40001
1.40001
1.4
1.4
1.4
1.4
1.4
1.4
1.4
1.40001
1.40001
1.40001
1.40001
1.40001
1.40001
1.40001
1.40001
1.40001
1.40001
1.40001
1.40001
1.40001
1.40001
1.40001
1.40001
1.40001
1.40001
1.40001
1.40001
1.40001
1.40001
1.40001
1.40001
1.40001
1.40001
1.40001
1.40001
1.40001
1.40001
1.40001
1.40001
1.40001
1.40001
1.40001
1.40001
1.40001
1.40001
1.40001
1.40001
1.40001
1.40001
1.40001
1.40001
)
;

boundaryField
{
    emptyPatches_empt
    {
        type            empty;
    }
    top_cyc
    {
        type            cyclic;
    }
    bottom_cyc
    {
        type            cyclic;
    }
    inlet_cyc
    {
        type            cyclic;
    }
    outlet_cyc
    {
        type            cyclic;
    }
}


// ************************************************************************* //
