/*--------------------------------*- C++ -*----------------------------------*\
  =========                 |
  \\      /  F ield         | OpenFOAM: The Open Source CFD Toolbox
   \\    /   O peration     | Website:  https://openfoam.org
    \\  /    A nd           | Version:  6
     \\/     M anipulation  |
\*---------------------------------------------------------------------------*/
FoamFile
{
    version     2.0;
    format      ascii;
    class       volScalarField;
    location    "4.81";
    object      rho;
}
// * * * * * * * * * * * * * * * * * * * * * * * * * * * * * * * * * * * * * //

dimensions      [1 -3 0 0 0 0 0];

internalField   nonuniform List<scalar> 
10000
(
1.39999
1.39999
1.39999
1.4
1.4
1.4
1.4
1.4
1.4
1.4
1.4
1.40001
1.4
1.40001
1.4
1.40001
1.4
1.40001
1.4
1.40001
1.4
1.40001
1.4
1.4
1.40001
1.4
1.4
1.40001
1.4
1.4
1.40001
1.4
1.40001
1.40001
1.40001
1.40001
1.40001
1.40001
1.40001
1.40001
1.40002
1.40003
1.40003
1.40004
1.40005
1.40006
1.40007
1.40007
1.40008
1.4001
1.40014
1.40023
1.40041
1.40072
1.40121
1.40193
1.40291
1.40418
1.40573
1.40754
1.40954
1.41168
1.41387
1.41602
1.41806
1.41991
1.42152
1.42285
1.42388
1.4246
1.42499
1.42507
1.42482
1.42426
1.4234
1.42223
1.42077
1.41907
1.41716
1.41512
1.41302
1.41096
1.409
1.40722
1.40565
1.40431
1.40321
1.40233
1.40164
1.40112
1.40074
1.40046
1.40027
1.40015
1.40007
1.40002
1.4
1.39998
1.39998
1.39998
1.39998
1.39998
1.39999
1.39999
1.4
1.4
1.4
1.4
1.4
1.4
1.4
1.4
1.40001
1.4
1.40001
1.40001
1.40001
1.40001
1.4
1.40001
1.4
1.40001
1.4
1.40001
1.4
1.40001
1.4
1.40001
1.4
1.40001
1.4
1.40001
1.4
1.40001
1.40001
1.40001
1.40001
1.40001
1.40001
1.40002
1.40002
1.40003
1.40004
1.40006
1.40007
1.40008
1.4001
1.40011
1.40013
1.40017
1.40026
1.40044
1.40075
1.40127
1.40205
1.40316
1.40463
1.40646
1.40865
1.41112
1.41379
1.41655
1.41929
1.4219
1.4243
1.42642
1.42821
1.42965
1.43073
1.43146
1.43185
1.43191
1.43164
1.43104
1.43012
1.42885
1.42724
1.42529
1.42304
1.42056
1.41792
1.41525
1.41266
1.41024
1.40807
1.4062
1.40463
1.40337
1.40238
1.40163
1.40108
1.40068
1.40041
1.40022
1.40011
1.40003
1.4
1.39998
1.39997
1.39997
1.39997
1.39998
1.39998
1.39999
1.39999
1.4
1.4
1.4
1.4
1.4
1.4
1.4
1.4
1.40001
1.4
1.40001
1.40001
1.40001
1.40001
1.40001
1.4
1.40001
1.4
1.40001
1.40001
1.4
1.40001
1.4
1.40001
1.4
1.40001
1.40001
1.40001
1.40001
1.40001
1.40001
1.40001
1.40001
1.40002
1.40002
1.40003
1.40004
1.40006
1.40008
1.40009
1.40011
1.40013
1.40016
1.4002
1.40028
1.40045
1.40076
1.40128
1.4021
1.4033
1.40495
1.40706
1.40962
1.41257
1.41579
1.41916
1.42253
1.42574
1.42869
1.43129
1.43349
1.43526
1.43662
1.4376
1.43823
1.43854
1.43856
1.43829
1.43774
1.43689
1.4357
1.43413
1.43215
1.42975
1.42697
1.42389
1.42063
1.41736
1.41421
1.41132
1.40878
1.40662
1.40485
1.40345
1.40237
1.40158
1.401
1.4006
1.40034
1.40017
1.40006
1.4
1.39997
1.39996
1.39996
1.39996
1.39997
1.39998
1.39998
1.39999
1.39999
1.4
1.4
1.4
1.4
1.4
1.4
1.40001
1.4
1.40001
1.4
1.40001
1.4
1.40001
1.40001
1.4
1.40001
1.40001
1.4
1.40001
1.40001
1.4
1.40001
1.40001
1.4
1.4
1.40001
1.40001
1.40001
1.40001
1.40001
1.40001
1.40001
1.40002
1.40003
1.40004
1.40006
1.40008
1.4001
1.40012
1.40015
1.40018
1.40022
1.4003
1.40046
1.40075
1.40125
1.40208
1.40333
1.40511
1.40745
1.41037
1.4138
1.4176
1.42159
1.42559
1.4294
1.43287
1.43587
1.43835
1.44031
1.44176
1.44278
1.44344
1.4438
1.44393
1.44387
1.44364
1.44324
1.44264
1.44177
1.44055
1.43887
1.43667
1.43391
1.43064
1.42698
1.4231
1.41922
1.41553
1.41219
1.40929
1.40687
1.40493
1.40342
1.4023
1.40148
1.4009
1.40051
1.40026
1.40011
1.40002
1.39997
1.39996
1.39995
1.39995
1.39996
1.39997
1.39998
1.39998
1.39999
1.4
1.4
1.4
1.4
1.4
1.4
1.4
1.4
1.4
1.40001
1.40001
1.4
1.40001
1.4
1.40001
1.40001
1.40001
1.4
1.40001
1.40001
1.40001
1.4
1.40001
1.4
1.4
1.40001
1.40001
1.40001
1.40001
1.40001
1.40001
1.40002
1.40002
1.40004
1.40005
1.40007
1.4001
1.40013
1.40016
1.4002
1.40025
1.40032
1.40046
1.40072
1.40119
1.40199
1.40324
1.40509
1.40762
1.41085
1.41472
1.41909
1.42371
1.42834
1.43272
1.43663
1.43992
1.44253
1.44445
1.44574
1.4465
1.44686
1.44693
1.44684
1.44668
1.4465
1.44634
1.4462
1.44603
1.44575
1.44523
1.4443
1.44279
1.44056
1.43757
1.43388
1.42967
1.42519
1.42073
1.41653
1.41277
1.40956
1.40694
1.40487
1.4033
1.40215
1.40133
1.40078
1.40041
1.40018
1.40005
1.39998
1.39995
1.39994
1.39993
1.39994
1.39996
1.39997
1.39998
1.39999
1.39999
1.4
1.4
1.4
1.4
1.4
1.4
1.4
1.4
1.4
1.40001
1.4
1.40001
1.40001
1.4
1.40001
1.40001
1.4
1.40001
1.40001
1.4
1.40001
1.40001
1.4
1.40001
1.40001
1.40001
1.40001
1.40001
1.40001
1.40001
1.40002
1.40003
1.40005
1.40007
1.40009
1.40013
1.40016
1.40021
1.40026
1.40033
1.40046
1.40068
1.4011
1.40184
1.40305
1.4049
1.40753
1.411
1.41527
1.42016
1.42541
1.43066
1.43558
1.43986
1.44332
1.44586
1.4475
1.44832
1.44849
1.44818
1.44758
1.44685
1.44615
1.4456
1.44526
1.44518
1.44537
1.44577
1.44629
1.44679
1.44705
1.44678
1.44573
1.44368
1.44058
1.43655
1.43183
1.42679
1.42179
1.41713
1.41303
1.40958
1.40682
1.40468
1.40309
1.40195
1.40116
1.40064
1.40031
1.40011
1.4
1.39995
1.39993
1.39992
1.39993
1.39994
1.39996
1.39997
1.39998
1.39999
1.39999
1.4
1.4
1.4
1.4
1.4
1.4
1.4
1.4
1.40001
1.4
1.4
1.40001
1.4
1.40001
1.40001
1.4
1.4
1.40001
1.40001
1.4
1.40001
1.4
1.40001
1.40001
1.40001
1.40001
1.40001
1.40001
1.40002
1.40003
1.40004
1.40006
1.40009
1.40012
1.40016
1.40021
1.40027
1.40034
1.40045
1.40064
1.40101
1.40166
1.40277
1.40455
1.40718
1.4108
1.41538
1.42076
1.42659
1.43246
1.43789
1.4425
1.44601
1.44832
1.44944
1.44953
1.44879
1.44747
1.44582
1.44407
1.44242
1.44103
1.44003
1.43951
1.4395
1.44002
1.44102
1.44245
1.44415
1.44589
1.44734
1.44808
1.44772
1.44601
1.44289
1.43856
1.43337
1.42782
1.42234
1.41731
1.41294
1.40934
1.40651
1.40436
1.4028
1.4017
1.40097
1.40049
1.40021
1.40004
1.39996
1.39993
1.39991
1.39992
1.39993
1.39995
1.39996
1.39997
1.39998
1.39999
1.4
1.4
1.4
1.4
1.4
1.4
1.4
1.40001
1.4
1.40001
1.4
1.40001
1.4
1.40001
1.4
1.40001
1.4
1.4
1.40001
1.40001
1.40001
1.4
1.40001
1.40001
1.40001
1.40001
1.40001
1.40001
1.40002
1.40003
1.40005
1.40008
1.40011
1.40015
1.4002
1.40026
1.40034
1.40044
1.40061
1.40091
1.40147
1.40245
1.40408
1.40662
1.41025
1.41503
1.4208
1.42719
1.43366
1.43961
1.44451
1.44802
1.44997
1.45042
1.44955
1.44766
1.44507
1.4421
1.43905
1.43615
1.4336
1.43156
1.43014
1.42943
1.42946
1.43025
1.43179
1.43403
1.43689
1.44016
1.44351
1.44645
1.44843
1.44892
1.44761
1.44449
1.43986
1.43424
1.42822
1.42236
1.41705
1.41252
1.40886
1.40604
1.40394
1.40245
1.40143
1.40077
1.40036
1.40011
1.39999
1.39993
1.39991
1.3999
1.39992
1.39993
1.39995
1.39997
1.39998
1.39999
1.39999
1.4
1.4
1.4
1.4
1.4
1.4
1.4
1.4
1.40001
1.4
1.40001
1.4
1.4
1.40001
1.40001
1.4
1.40001
1.40001
1.4
1.40001
1.4
1.40001
1.40001
1.40001
1.40001
1.40001
1.40002
1.40003
1.40004
1.40006
1.40009
1.40014
1.40019
1.40025
1.40033
1.40042
1.40057
1.40082
1.40128
1.40211
1.40354
1.40588
1.40938
1.41421
1.42026
1.42714
1.4342
1.4407
1.44594
1.44944
1.45099
1.45067
1.44873
1.44555
1.44155
1.43712
1.43263
1.42834
1.42449
1.42123
1.41868
1.41694
1.41607
1.4161
1.41706
1.41895
1.42177
1.42551
1.43005
1.43514
1.44032
1.44493
1.44822
1.44955
1.44859
1.4454
1.44045
1.4344
1.42799
1.42184
1.41637
1.4118
1.40817
1.40543
1.40345
1.40207
1.40115
1.40057
1.40023
1.40004
1.39994
1.39991
1.3999
1.3999
1.39992
1.39994
1.39996
1.39997
1.39998
1.39999
1.4
1.4
1.4
1.4
1.4
1.4
1.40001
1.4
1.40001
1.40001
1.4
1.40001
1.4
1.4
1.40001
1.4
1.4
1.40001
1.40001
1.4
1.40001
1.40001
1.40001
1.40001
1.40001
1.40001
1.40002
1.40003
1.40005
1.40008
1.40012
1.40017
1.40023
1.40031
1.4004
1.40053
1.40074
1.40111
1.40178
1.40299
1.40504
1.40828
1.41297
1.41913
1.4264
1.43405
1.44114
1.44679
1.45036
1.45157
1.45049
1.44746
1.44296
1.43753
1.43163
1.4257
1.42005
1.41492
1.41047
1.4068
1.40397
1.40205
1.40107
1.40106
1.40206
1.40408
1.40715
1.41133
1.41665
1.42298
1.43
1.43708
1.44333
1.44782
1.44983
1.44905
1.44566
1.44032
1.43386
1.42714
1.42082
1.41532
1.41081
1.40732
1.40474
1.40292
1.40168
1.40088
1.4004
1.40012
1.39997
1.39993
1.39989
1.39989
1.39991
1.39993
1.39995
1.39996
1.39998
1.39999
1.39999
1.4
1.4
1.4
1.4
1.4
1.4
1.40001
1.4
1.40001
1.40001
1.40001
1.4
1.40001
1.40001
1.40001
1.4
1.40001
1.4
1.40001
1.40001
1.40001
1.40001
1.40001
1.40001
1.40002
1.40003
1.40004
1.40006
1.4001
1.40014
1.4002
1.40028
1.40037
1.40049
1.40067
1.40096
1.40149
1.40247
1.40419
1.40704
1.4114
1.41746
1.42496
1.43314
1.44089
1.44709
1.45088
1.45188
1.45016
1.44613
1.44039
1.43359
1.42631
1.41904
1.41214
1.40587
1.40039
1.39577
1.39204
1.38921
1.38727
1.38624
1.38617
1.38706
1.38898
1.39196
1.39614
1.40163
1.40851
1.41665
1.42556
1.43443
1.44212
1.44756
1.44994
1.44905
1.44529
1.43948
1.43266
1.42573
1.41937
1.41396
1.40964
1.40637
1.40401
1.40238
1.40131
1.40063
1.40024
1.40003
1.39996
1.3999
1.39989
1.3999
1.39992
1.39994
1.39996
1.39997
1.39998
1.39999
1.4
1.4
1.4
1.4
1.4
1.4
1.40001
1.4
1.4
1.40001
1.4
1.4
1.40001
1.4
1.40001
1.4
1.40001
1.4
1.40001
1.40001
1.40001
1.40001
1.40001
1.40001
1.40002
1.40003
1.40005
1.40008
1.40012
1.40017
1.40024
1.40033
1.40045
1.4006
1.40083
1.40125
1.402
1.40338
1.40577
1.40963
1.41533
1.42282
1.43142
1.43988
1.4468
1.45106
1.45209
1.44993
1.44508
1.43824
1.43021
1.42168
1.41322
1.40525
1.39803
1.39174
1.38641
1.38206
1.37862
1.37602
1.37422
1.37322
1.37303
1.37369
1.37529
1.37789
1.38165
1.38677
1.39349
1.40189
1.41176
1.42244
1.43285
1.44164
1.44758
1.44991
1.4486
1.44427
1.43797
1.43084
1.42382
1.41756
1.41238
1.40835
1.40537
1.40327
1.40186
1.40096
1.40042
1.40011
1.40002
1.39992
1.39988
1.39989
1.39991
1.39993
1.39995
1.39997
1.39998
1.39999
1.39999
1.4
1.4
1.4
1.4
1.4
1.4
1.4
1.4
1.40001
1.40001
1.4
1.40001
1.4
1.40001
1.4
1.40001
1.40001
1.40001
1.40001
1.40001
1.40001
1.40001
1.40001
1.40002
1.40004
1.40006
1.40009
1.40014
1.40021
1.40029
1.40039
1.40053
1.40072
1.40104
1.40162
1.40268
1.40459
1.40784
1.41293
1.4201
1.4289
1.43804
1.44585
1.45086
1.45225
1.44996
1.44454
1.43683
1.42774
1.41812
1.40861
1.39972
1.39175
1.38485
1.37908
1.37439
1.37069
1.36783
1.36568
1.36415
1.36319
1.36284
1.36315
1.36422
1.36617
1.36918
1.37351
1.37948
1.38737
1.39725
1.40877
1.42101
1.43259
1.44198
1.44789
1.44971
1.44765
1.44261
1.43582
1.42848
1.42153
1.41552
1.41068
1.40702
1.40438
1.40257
1.40139
1.40066
1.40024
1.4001
1.39995
1.39989
1.39988
1.3999
1.39992
1.39994
1.39996
1.39997
1.39998
1.39999
1.4
1.4
1.4
1.4
1.4
1.4
1.40001
1.4
1.40001
1.40001
1.4
1.40001
1.4
1.40001
1.40001
1.4
1.40001
1.40001
1.40001
1.40001
1.40001
1.40001
1.40002
1.40003
1.40004
1.40007
1.40011
1.40017
1.40024
1.40034
1.40046
1.40063
1.40088
1.40131
1.4021
1.40357
1.40616
1.41046
1.41697
1.42561
1.43529
1.44411
1.45018
1.45232
1.4503
1.44465
1.43633
1.42641
1.41585
1.40543
1.39572
1.3871
1.37976
1.37375
1.36899
1.36534
1.3626
1.36055
1.359
1.35781
1.35693
1.35635
1.35617
1.35652
1.35757
1.35955
1.36275
1.36755
1.37436
1.38348
1.39486
1.4079
1.42138
1.43365
1.44304
1.44833
1.44918
1.44612
1.4403
1.4331
1.42571
1.41898
1.41335
1.40895
1.40571
1.40344
1.40193
1.40098
1.40041
1.40022
1.40001
1.39991
1.39988
1.39989
1.39991
1.39993
1.39995
1.39997
1.39998
1.39999
1.4
1.4
1.4
1.4
1.4
1.4
1.40001
1.4
1.4
1.40001
1.4
1.40001
1.4
1.40001
1.4
1.40001
1.40001
1.40001
1.40001
1.40001
1.40001
1.40001
1.40002
1.40003
1.40005
1.40008
1.40013
1.4002
1.40028
1.40039
1.40054
1.40074
1.40106
1.40164
1.40272
1.4047
1.40814
1.41371
1.42174
1.4316
1.44141
1.44884
1.45218
1.45089
1.44543
1.43683
1.42631
1.41497
1.40374
1.39329
1.38406
1.37634
1.37019
1.36553
1.36219
1.35989
1.35835
1.35727
1.35641
1.35561
1.35477
1.35391
1.35312
1.35256
1.35247
1.35314
1.35493
1.35825
1.36359
1.37139
1.38187
1.39477
1.40915
1.42346
1.43582
1.44454
1.44864
1.44814
1.44392
1.43737
1.4299
1.42264
1.41629
1.41116
1.40728
1.40449
1.40261
1.40139
1.40064
1.40038
1.40008
1.39994
1.39989
1.39989
1.3999
1.39992
1.39995
1.39996
1.39998
1.39999
1.39999
1.4
1.4
1.4
1.4
1.4
1.4
1.40001
1.4
1.40001
1.4
1.40001
1.4
1.40001
1.4
1.40001
1.40001
1.4
1.40001
1.40001
1.40001
1.40001
1.40002
1.40004
1.40006
1.4001
1.40015
1.40022
1.40032
1.40045
1.40062
1.40087
1.40129
1.40206
1.40351
1.40613
1.4106
1.4176
1.4271
1.43762
1.44657
1.45156
1.45154
1.44677
1.4383
1.42747
1.41553
1.40357
1.39238
1.38253
1.37438
1.36807
1.36358
1.36069
1.35908
1.35836
1.35816
1.35812
1.35798
1.35754
1.35675
1.35558
1.35411
1.35251
1.35105
1.35014
1.35021
1.35177
1.35534
1.36145
1.37051
1.38253
1.39692
1.41234
1.42694
1.43869
1.44608
1.4485
1.44641
1.44104
1.4339
1.42637
1.41942
1.4136
1.40905
1.40572
1.40341
1.40189
1.40094
1.40059
1.40019
1.39999
1.39991
1.39989
1.3999
1.39992
1.39994
1.39996
1.39997
1.39998
1.39999
1.4
1.4
1.4
1.4
1.4
1.4
1.4
1.4
1.4
1.40001
1.40001
1.4
1.40001
1.4
1.40001
1.40001
1.4
1.40001
1.40001
1.40001
1.40002
1.40003
1.40004
1.40007
1.40011
1.40017
1.40025
1.40037
1.40051
1.4007
1.40102
1.40157
1.40258
1.40449
1.40789
1.41358
1.42209
1.43274
1.44309
1.45011
1.45194
1.44843
1.44059
1.42981
1.4175
1.40489
1.39295
1.38239
1.3737
1.36712
1.36271
1.36028
1.35947
1.35979
1.36076
1.36192
1.36288
1.36338
1.36327
1.36252
1.36109
1.35901
1.35637
1.35344
1.3507
1.34874
1.34819
1.34968
1.35381
1.36109
1.37172
1.38541
1.40113
1.41714
1.43133
1.44174
1.4472
1.44761
1.44388
1.4375
1.43001
1.42265
1.41621
1.41102
1.40712
1.40434
1.40248
1.4013
1.40084
1.40033
1.40006
1.39994
1.3999
1.3999
1.39991
1.39994
1.39995
1.39997
1.39998
1.39999
1.4
1.4
1.4
1.4
1.4
1.4
1.4
1.40001
1.4
1.4
1.40001
1.4
1.40001
1.4
1.4
1.40001
1.4
1.40001
1.40001
1.40001
1.40002
1.40003
1.40005
1.40008
1.40013
1.40019
1.40028
1.40041
1.40057
1.4008
1.4012
1.40191
1.40323
1.40569
1.41003
1.41708
1.42702
1.43823
1.44742
1.45168
1.45009
1.44342
1.43314
1.42077
1.40766
1.39497
1.38359
1.37417
1.36711
1.36258
1.36046
1.36041
1.36185
1.36416
1.36673
1.36906
1.37082
1.37179
1.37191
1.37122
1.36969
1.36725
1.36385
1.35961
1.355
1.35075
1.34772
1.34674
1.34854
1.3537
1.36257
1.37505
1.39039
1.40708
1.42303
1.43604
1.44441
1.4475
1.44577
1.44053
1.43341
1.42587
1.41893
1.41314
1.40866
1.40541
1.40317
1.40173
1.40114
1.4005
1.40015
1.39998
1.39991
1.3999
1.39991
1.39993
1.39995
1.39997
1.39998
1.39999
1.4
1.4
1.4
1.4
1.4
1.4
1.4
1.40001
1.4
1.4
1.40001
1.4
1.40001
1.40001
1.4
1.40001
1.4
1.4
1.40001
1.40001
1.40002
1.40004
1.40005
1.40008
1.40015
1.40021
1.40031
1.40046
1.40064
1.40091
1.40141
1.40232
1.40401
1.40714
1.41256
1.42104
1.43213
1.44308
1.45017
1.45124
1.44644
1.4372
1.42515
1.4118
1.39843
1.38614
1.37578
1.36795
1.36298
1.36089
1.36138
1.36387
1.36755
1.37162
1.37542
1.3785
1.38061
1.38168
1.38182
1.38118
1.37979
1.37749
1.37396
1.36902
1.36292
1.35643
1.35068
1.34681
1.34583
1.34848
1.3552
1.36606
1.3805
1.39724
1.41431
1.42938
1.44039
1.44616
1.44665
1.44289
1.43645
1.42896
1.42167
1.41535
1.41032
1.40658
1.40396
1.40222
1.40148
1.4007
1.40026
1.40004
1.39994
1.39991
1.39991
1.39993
1.39995
1.39996
1.39998
1.39999
1.39999
1.4
1.4
1.4
1.4
1.4
1.4
1.4
1.40001
1.4
1.40001
1.4
1.4
1.40001
1.4
1.40001
1.40001
1.4
1.40001
1.40001
1.40002
1.40004
1.40006
1.40009
1.40016
1.40024
1.40033
1.4005
1.40072
1.40103
1.40164
1.40281
1.40495
1.40884
1.41546
1.42536
1.43705
1.44684
1.45123
1.44913
1.4416
1.43038
1.41713
1.40328
1.39008
1.3786
1.36968
1.36387
1.36139
1.36206
1.36532
1.37026
1.37584
1.3811
1.3854
1.38842
1.39012
1.39069
1.39045
1.38975
1.38876
1.38724
1.38459
1.38011
1.37356
1.3655
1.35719
1.35021
1.34601
1.34566
1.34979
1.3586
1.37168
1.38794
1.40555
1.42215
1.43544
1.44375
1.44656
1.44451
1.43904
1.43184
1.42437
1.41762
1.41207
1.40785
1.40482
1.40278
1.40187
1.40093
1.40039
1.40011
1.39997
1.39992
1.39992
1.39993
1.39995
1.39996
1.39998
1.39999
1.39999
1.4
1.4
1.4
1.4
1.4
1.4
1.4
1.40001
1.4
1.40001
1.40001
1.4
1.40001
1.4
1.40001
1.40001
1.4
1.40001
1.40002
1.40001
1.40005
1.40007
1.40009
1.40018
1.40027
1.40035
1.40054
1.40081
1.40118
1.40192
1.40339
1.40606
1.4108
1.41871
1.4298
1.4414
1.44928
1.45074
1.44583
1.4361
1.4234
1.40938
1.39543
1.38277
1.37248
1.36539
1.36199
1.36231
1.3659
1.37182
1.3788
1.38551
1.39092
1.39453
1.3963
1.39654
1.39574
1.39453
1.39354
1.3931
1.39301
1.3924
1.39
1.38477
1.37664
1.36672
1.35692
1.34931
1.34553
1.34659
1.35288
1.36415
1.37945
1.39707
1.4147
1.42985
1.44048
1.44558
1.44539
1.44111
1.43443
1.42695
1.41988
1.41387
1.40918
1.40576
1.4034
1.4023
1.40119
1.40054
1.40019
1.40001
1.39994
1.39992
1.39993
1.39995
1.39996
1.39998
1.39998
1.39999
1.4
1.4
1.4
1.4
1.4
1.4
1.4
1.40001
1.4
1.40001
1.40001
1.4
1.40001
1.4
1.40001
1.40001
1.4
1.40001
1.40002
1.40001
1.40005
1.40009
1.40009
1.40018
1.4003
1.40038
1.40056
1.4009
1.40135
1.40223
1.40405
1.40734
1.41301
1.42218
1.43409
1.4449
1.4504
1.44906
1.44179
1.43034
1.41655
1.40209
1.38838
1.3766
1.36785
1.36295
1.36226
1.36556
1.37199
1.38011
1.38822
1.39479
1.39886
1.40024
1.39932
1.39685
1.39373
1.39093
1.38933
1.38948
1.39126
1.3937
1.39504
1.39331
1.38739
1.37772
1.36624
1.3556
1.34824
1.34581
1.34911
1.3581
1.37197
1.38913
1.4073
1.42389
1.43655
1.44385
1.44556
1.44264
1.43667
1.42936
1.42208
1.41569
1.41056
1.40674
1.40407
1.40276
1.40148
1.40072
1.40029
1.40007
1.39997
1.39994
1.39993
1.39995
1.39996
1.39997
1.39998
1.39999
1.4
1.4
1.4
1.4
1.4
1.4
1.4
1.40001
1.4
1.4
1.40001
1.4
1.40001
1.4
1.4
1.40002
1.4
1.40001
1.40004
1.40001
1.40004
1.40011
1.4001
1.40017
1.40034
1.40041
1.40058
1.40099
1.40155
1.40257
1.40479
1.40879
1.41545
1.42574
1.43799
1.44744
1.4504
1.44655
1.43736
1.42456
1.40998
1.39539
1.38222
1.37164
1.36474
1.36231
1.36452
1.37076
1.37959
1.38899
1.39687
1.40162
1.40257
1.40004
1.39501
1.38875
1.38253
1.37765
1.37522
1.37597
1.37989
1.38599
1.39225
1.39594
1.39472
1.3878
1.37661
1.36409
1.35353
1.3475
1.34744
1.35371
1.36569
1.38193
1.40019
1.41779
1.43218
1.44149
1.44511
1.44364
1.43853
1.43154
1.42417
1.41747
1.41196
1.40777
1.40477
1.40325
1.40179
1.40091
1.4004
1.40013
1.4
1.39995
1.39994
1.39995
1.39996
1.39997
1.39998
1.39999
1.4
1.4
1.4
1.4
1.4
1.4
1.4
1.40001
1.4
1.4
1.40001
1.4
1.40001
1.40001
1.39999
1.40002
1.4
1.39999
1.40005
1.40002
1.40002
1.40012
1.40012
1.40015
1.40036
1.40045
1.40058
1.40108
1.4018
1.40297
1.4056
1.41038
1.41807
1.42921
1.44128
1.44908
1.44958
1.44351
1.43277
1.41895
1.40382
1.38935
1.37702
1.36791
1.36309
1.36331
1.36844
1.37728
1.38768
1.397
1.40292
1.40401
1.40015
1.3923
1.38212
1.37132
1.36153
1.3543
1.35098
1.35247
1.35876
1.36883
1.38057
1.39084
1.39624
1.39457
1.38608
1.37349
1.36072
1.35137
1.34783
1.35105
1.36076
1.37565
1.39357
1.41179
1.42755
1.43868
1.44412
1.44414
1.44001
1.43346
1.42613
1.4192
1.41335
1.4088
1.4055
1.40375
1.40212
1.40111
1.40052
1.4002
1.40004
1.39997
1.39995
1.39995
1.39996
1.39997
1.39998
1.39999
1.4
1.4
1.4
1.4
1.4
1.4
1.4
1.40001
1.40001
1.4
1.40001
1.4
1.40001
1.40002
1.39999
1.40002
1.40001
1.39998
1.40005
1.40004
1.4
1.40013
1.40015
1.40012
1.40036
1.40052
1.40058
1.40114
1.40208
1.40343
1.40644
1.41209
1.4208
1.43244
1.44388
1.44995
1.4482
1.44016
1.42816
1.41362
1.39818
1.38402
1.37276
1.36535
1.36277
1.36568
1.37353
1.38432
1.39505
1.40265
1.40484
1.40072
1.39079
1.37672
1.36068
1.34481
1.33101
1.32111
1.31684
1.31933
1.32854
1.34313
1.36075
1.37809
1.39116
1.39653
1.39297
1.38237
1.36882
1.35689
1.35003
1.35006
1.3572
1.3704
1.38759
1.40606
1.42287
1.43555
1.44269
1.44419
1.44111
1.43511
1.42791
1.42083
1.41469
1.40983
1.40624
1.40426
1.40245
1.40132
1.40065
1.40027
1.40008
1.4
1.39996
1.39996
1.39997
1.39998
1.39998
1.39999
1.4
1.4
1.4
1.4
1.4
1.4
1.4
1.40001
1.40001
1.4
1.40001
1.4
1.4
1.40002
1.39999
1.40001
1.40003
1.39997
1.40004
1.40007
1.39998
1.40012
1.4002
1.40009
1.40033
1.4006
1.40061
1.40116
1.40238
1.40397
1.4073
1.41383
1.42356
1.43532
1.4458
1.45022
1.44649
1.43665
1.42361
1.40869
1.39315
1.37942
1.36942
1.36388
1.36358
1.36905
1.37918
1.39094
1.40054
1.40478
1.40191
1.39162
1.37494
1.35394
1.33124
1.30934
1.29053
1.27711
1.2715
1.27537
1.2886
1.30913
1.33373
1.35873
1.38
1.3934
1.39641
1.38965
1.37692
1.3634
1.35367
1.35056
1.35497
1.3662
1.38236
1.40073
1.41827
1.43226
1.44094
1.44388
1.44186
1.43649
1.4295
1.42235
1.41598
1.41083
1.40697
1.40476
1.40279
1.40154
1.40078
1.40036
1.40013
1.40002
1.39998
1.39997
1.39997
1.39998
1.39999
1.39999
1.4
1.4
1.4
1.4
1.4
1.4
1.4
1.4
1.40001
1.4
1.40001
1.40001
1.39999
1.40003
1.39999
1.4
1.40005
1.39997
1.40001
1.4001
1.39997
1.40008
1.40025
1.40009
1.40026
1.40068
1.40068
1.40115
1.40266
1.4046
1.4082
1.41554
1.42623
1.43787
1.4471
1.45001
1.44464
1.43316
1.41921
1.40421
1.38879
1.37553
1.36688
1.36336
1.36527
1.37297
1.38471
1.39631
1.40332
1.40299
1.39439
1.37759
1.3536
1.32456
1.29349
1.2636
1.23786
1.21939
1.21163
1.21726
1.23627
1.26529
1.29927
1.33347
1.36364
1.38564
1.3962
1.39475
1.3843
1.3703
1.35832
1.35229
1.35392
1.36302
1.3779
1.39589
1.41389
1.42894
1.43898
1.44325
1.4423
1.43759
1.43089
1.42373
1.41718
1.41179
1.40768
1.40524
1.40312
1.40176
1.40092
1.40044
1.40018
1.40005
1.4
1.39998
1.39998
1.39998
1.39999
1.39999
1.4
1.4
1.4
1.4
1.4
1.4
1.4
1.4
1.40001
1.4
1.40001
1.40001
1.39999
1.40002
1.4
1.39998
1.40006
1.39998
1.39998
1.40013
1.39999
1.40001
1.40029
1.40013
1.40015
1.40072
1.40081
1.40112
1.40288
1.40531
1.40914
1.41712
1.42872
1.44012
1.4479
1.44938
1.44279
1.42986
1.41499
1.40017
1.38516
1.37232
1.365
1.36358
1.36752
1.37693
1.38949
1.3998
1.40313
1.39768
1.38333
1.35988
1.32752
1.28822
1.24589
1.20511
1.17005
1.14479
1.13402
1.14188
1.16873
1.20952
1.25638
1.30236
1.34276
1.3739
1.39257
1.39739
1.39046
1.37709
1.36358
1.35496
1.3539
1.36078
1.37421
1.39161
1.40981
1.42569
1.43691
1.4424
1.44247
1.43844
1.43207
1.42496
1.41829
1.41269
1.40836
1.4057
1.40344
1.40197
1.40106
1.40053
1.40024
1.40009
1.40002
1.39999
1.39998
1.39998
1.39999
1.39999
1.4
1.4
1.4
1.4
1.4
1.40001
1.4
1.40001
1.40001
1.4
1.4
1.40002
1.39999
1.40001
1.40002
1.39996
1.40005
1.40002
1.39994
1.40013
1.40004
1.39994
1.40029
1.40021
1.40005
1.40068
1.40099
1.40114
1.403
1.40603
1.41017
1.41852
1.4309
1.44213
1.44834
1.44838
1.441
1.42694
1.41102
1.39648
1.38226
1.36979
1.3636
1.36432
1.37007
1.38049
1.39304
1.40128
1.40036
1.38978
1.36994
1.3394
1.29675
1.24397
1.18688
1.1324
1.08622
1.05318
1.03909
1.0498
1.08626
1.14173
1.20488
1.26564
1.31805
1.35899
1.386
1.39759
1.39507
1.38332
1.36905
1.35828
1.3547
1.35937
1.37125
1.3879
1.4061
1.4226
1.43481
1.4414
1.44243
1.43907
1.43305
1.42603
1.41928
1.41351
1.40899
1.40613
1.40374
1.40217
1.4012
1.40062
1.40029
1.40012
1.40004
1.4
1.39999
1.39999
1.39999
1.4
1.4
1.4
1.4
1.4
1.4
1.40001
1.4
1.40001
1.40001
1.4
1.4
1.40002
1.39999
1.4
1.40003
1.39996
1.40003
1.40005
1.39992
1.40009
1.40011
1.39989
1.40023
1.40032
1.39999
1.40056
1.40117
1.40124
1.40303
1.40668
1.4113
1.41977
1.43268
1.44391
1.44863
1.44709
1.43924
1.42457
1.40743
1.39301
1.38003
1.36798
1.36249
1.3653
1.37267
1.38332
1.39513
1.40101
1.39581
1.38028
1.35509
1.31665
1.26137
1.19186
1.11711
1.04733
0.989717
0.949339
0.932766
0.94726
0.994233
1.06551
1.14675
1.22442
1.2905
1.3419
1.37728
1.39568
1.39802
1.38863
1.37434
1.36195
1.35611
1.35865
1.36896
1.38475
1.4028
1.41974
1.43277
1.44032
1.44221
1.43949
1.43383
1.42694
1.42014
1.41424
1.40957
1.40651
1.40402
1.40236
1.40132
1.4007
1.40035
1.40015
1.40006
1.40002
1.4
1.39999
1.4
1.4
1.4
1.4
1.4
1.4
1.4
1.40001
1.4
1.4
1.40001
1.40001
1.4
1.40001
1.4
1.39999
1.40004
1.39998
1.4
1.40008
1.39993
1.40003
1.40017
1.39989
1.40011
1.4004
1.40001
1.40037
1.40128
1.40146
1.40301
1.40715
1.41247
1.42094
1.43399
1.44539
1.44897
1.44569
1.43739
1.42277
1.40447
1.38965
1.37827
1.36697
1.36154
1.36617
1.37516
1.38529
1.39576
1.39951
1.39038
1.36995
1.33927
1.2922
1.22263
1.13439
1.0407
0.955614
0.887761
0.842073
0.825344
0.845052
0.902199
0.987943
1.08635
1.18106
1.26145
1.32369
1.36729
1.39223
1.39947
1.39287
1.37914
1.36564
1.35789
1.35847
1.36725
1.38213
1.39992
1.41715
1.43085
1.43921
1.44188
1.43975
1.43444
1.42769
1.42088
1.41488
1.41008
1.40684
1.40426
1.40254
1.40144
1.40078
1.4004
1.40019
1.40008
1.40003
1.40001
1.4
1.4
1.4
1.4
1.4
1.4
1.4
1.4
1.40001
1.4
1.40001
1.4
1.40001
1.4
1.40001
1.40001
1.39999
1.40003
1.4
1.39998
1.40008
1.39997
1.39997
1.40018
1.39995
1.39999
1.4004
1.40012
1.4002
1.40125
1.40176
1.40306
1.40739
1.41354
1.42214
1.43489
1.44644
1.44946
1.44446
1.43538
1.42139
1.40242
1.38645
1.3766
1.36677
1.36083
1.36658
1.37741
1.38655
1.39506
1.39727
1.38487
1.35934
1.32282
1.26719
1.18358
1.07684
0.964689
0.865438
0.789383
0.741659
0.728377
0.754802
0.820497
0.917243
1.02941
1.13897
1.23273
1.3054
1.3568
1.38779
1.39968
1.396
1.38325
1.3691
1.3598
1.35866
1.36602
1.38001
1.39748
1.41488
1.4291
1.43814
1.44147
1.43986
1.43488
1.42827
1.42148
1.41542
1.41051
1.40712
1.40447
1.40269
1.40155
1.40085
1.40045
1.40022
1.4001
1.40004
1.40002
1.40001
1.4
1.4
1.4
1.4
1.4
1.4
1.4
1.40001
1.4
1.40001
1.40001
1.40001
1.4
1.40001
1.40001
1.39999
1.40002
1.40001
1.39997
1.40005
1.40001
1.39994
1.40014
1.40003
1.39992
1.40032
1.40024
1.40012
1.40109
1.40202
1.40325
1.40744
1.41436
1.42336
1.43556
1.44697
1.45001
1.44373
1.43331
1.42005
1.40143
1.38376
1.37461
1.36719
1.36062
1.36624
1.37918
1.3875
1.3933
1.39449
1.37998
1.34913
1.3062
1.24314
1.14828
1.026
0.89769
0.785991
0.703913
0.657832
0.651546
0.685161
0.756506
0.859622
0.980896
1.10172
1.20657
1.28832
1.34656
1.38286
1.39892
1.39808
1.38654
1.37212
1.36164
1.35906
1.36517
1.37833
1.39546
1.41295
1.42756
1.43715
1.44102
1.43986
1.43517
1.42871
1.42194
1.41584
1.41087
1.40734
1.40463
1.40281
1.40164
1.40092
1.4005
1.40026
1.40013
1.40006
1.40003
1.40001
1.40001
1.4
1.4
1.4
1.4
1.4
1.4
1.40001
1.4
1.4
1.40001
1.4
1.40001
1.4
1.40001
1.4
1.40001
1.40002
1.39998
1.40002
1.40003
1.39995
1.40007
1.40008
1.39992
1.40018
1.4003
1.40016
1.40087
1.40212
1.40356
1.40745
1.41478
1.42448
1.43622
1.44703
1.45037
1.44364
1.43156
1.41843
1.40124
1.38214
1.37217
1.36764
1.3613
1.36522
1.37999
1.38856
1.39099
1.39106
1.37614
1.34045
1.29029
1.22121
1.1199
0.988016
0.848077
0.726442
0.640286
0.598344
0.600342
0.639736
0.7131
0.817863
0.943505
1.07164
1.18477
1.27371
1.33741
1.37795
1.39748
1.39919
1.38894
1.37456
1.36325
1.35952
1.36459
1.37704
1.39385
1.41137
1.42627
1.43627
1.44058
1.43977
1.43533
1.429
1.42227
1.41615
1.41114
1.40749
1.40476
1.40291
1.40172
1.40098
1.40054
1.40028
1.40015
1.40007
1.40004
1.40002
1.40001
1.40001
1.4
1.4
1.4
1.40001
1.4
1.40001
1.40001
1.4
1.40001
1.4
1.4
1.40001
1.4
1.40001
1.40001
1.40001
1.4
1.40001
1.40002
1.39999
1.40001
1.40007
1.39998
1.40006
1.40026
1.40027
1.40071
1.40203
1.40387
1.40754
1.41485
1.42526
1.43696
1.44691
1.45031
1.44402
1.43067
1.41656
1.40117
1.38202
1.36971
1.36729
1.36295
1.36415
1.37927
1.38977
1.38904
1.38678
1.37314
1.33471
1.27682
1.20193
1.09883
0.965229
0.820827
0.693462
0.604961
0.566773
0.574712
0.617043
0.689468
0.792359
0.91838
1.05003
1.16841
1.26239
1.32999
1.37355
1.39565
1.39944
1.39043
1.3763
1.36449
1.35993
1.36421
1.3761
1.39264
1.41015
1.42524
1.43554
1.44016
1.43962
1.43537
1.42915
1.42247
1.41636
1.41132
1.40758
1.40484
1.40298
1.40177
1.40102
1.40057
1.40031
1.40017
1.40009
1.40005
1.40002
1.40001
1.40001
1.40001
1.40001
1.40001
1.40001
1.4
1.4
1.40001
1.4
1.40001
1.40001
1.4
1.40001
1.4
1.4
1.40001
1.39999
1.40001
1.40001
1.39999
1.40002
1.40001
1.40001
1.40003
1.40002
1.40013
1.40033
1.40069
1.40182
1.40402
1.40775
1.41473
1.42554
1.43766
1.44692
1.44989
1.4444
1.43086
1.41503
1.40054
1.3831
1.36828
1.36563
1.36481
1.36409
1.37694
1.39038
1.38854
1.38219
1.36994
1.33263
1.26862
1.18673
1.0831
0.953882
0.813153
0.686439
0.598113
0.561276
0.570514
0.612784
0.683098
0.782734
0.906474
1.03818
1.15855
1.25504
1.32476
1.37002
1.39373
1.399
1.39104
1.37728
1.36527
1.36021
1.36396
1.37547
1.39181
1.40931
1.4245
1.43498
1.43979
1.43942
1.4353
1.42917
1.42254
1.41644
1.41142
1.40761
1.40488
1.40302
1.40181
1.40106
1.4006
1.40033
1.40018
1.4001
1.40005
1.40003
1.40002
1.40001
1.40001
1.40001
1.40001
1.40001
1.40001
1.40001
1.40001
1.4
1.40001
1.40001
1.4
1.40001
1.4
1.4
1.40002
1.39999
1.4
1.40003
1.39997
1.40001
1.40003
1.39995
1.40002
1.40005
1.40002
1.40029
1.40074
1.40163
1.40392
1.40793
1.41461
1.42534
1.43802
1.44721
1.44948
1.44442
1.43178
1.41466
1.39935
1.38425
1.3687
1.36332
1.36546
1.36559
1.37413
1.38905
1.38961
1.37906
1.36573
1.33275
1.26799
1.17964
1.07301
0.948365
0.816032
0.696995
0.613519
0.577204
0.584163
0.624259
0.692455
0.788772
0.908561
1.0373
1.15631
1.25246
1.32216
1.36764
1.39192
1.39804
1.39084
1.37751
1.36555
1.3603
1.36381
1.37513
1.39137
1.40884
1.42407
1.4346
1.43948
1.43919
1.43513
1.42905
1.42247
1.41642
1.41142
1.40757
1.40487
1.40303
1.40183
1.40108
1.40062
1.40035
1.4002
1.40011
1.40006
1.40004
1.40002
1.40001
1.40001
1.40001
1.40001
1.40001
1.4
1.40001
1.40001
1.4
1.40001
1.40001
1.4
1.40001
1.40001
1.4
1.40002
1.4
1.39999
1.40004
1.39998
1.39998
1.40005
1.39995
1.39996
1.40007
1.39997
1.40016
1.40075
1.40156
1.40368
1.4079
1.41454
1.42488
1.43784
1.44756
1.44948
1.44419
1.43268
1.41572
1.39858
1.38442
1.37051
1.36202
1.36406
1.36755
1.37281
1.38553
1.39045
1.37926
1.36201
1.33232
1.27333
1.18454
1.07446
0.950929
0.8266
0.719872
0.646225
0.611807
0.615376
0.652178
0.717889
0.810305
0.924402
1.04738
1.16193
1.25498
1.32254
1.36666
1.39042
1.39667
1.38993
1.37703
1.36533
1.3602
1.36374
1.37507
1.39131
1.40876
1.42394
1.43442
1.43925
1.43892
1.43487
1.42882
1.42229
1.41629
1.41134
1.40747
1.40481
1.40301
1.40183
1.40109
1.40064
1.40037
1.40021
1.40012
1.40007
1.40004
1.40002
1.40002
1.40001
1.40001
1.40001
1.40001
1.4
1.40001
1.40001
1.4
1.40001
1.40001
1.4
1.4
1.40001
1.4
1.40001
1.40001
1.39999
1.40002
1.4
1.39996
1.40003
1.39997
1.3999
1.40003
1.39999
1.40005
1.40065
1.40153
1.40343
1.40759
1.41434
1.42437
1.43722
1.44761
1.44994
1.44425
1.43316
1.41751
1.39937
1.38389
1.372
1.36281
1.36178
1.36779
1.37367
1.38193
1.38872
1.3818
1.36215
1.33154
1.27967
1.19874
1.09199
0.971131
0.855181
0.762283
0.698872
0.665619
0.665027
0.697587
0.759426
0.846171
0.952425
1.06711
1.17455
1.26216
1.32573
1.36712
1.38932
1.39503
1.38839
1.37589
1.36465
1.35992
1.36378
1.37531
1.39165
1.40907
1.42413
1.43443
1.43909
1.43863
1.43451
1.42847
1.42198
1.41605
1.41117
1.4073
1.40472
1.40296
1.40181
1.40109
1.40064
1.40038
1.40022
1.40013
1.40008
1.40005
1.40003
1.40002
1.40001
1.40001
1.40001
1.40001
1.40001
1.40001
1.4
1.40001
1.40001
1.4
1.40001
1.40001
1.40001
1.4
1.4
1.40001
1.4
1.4
1.40001
1.39997
1.39999
1.39999
1.3999
1.39995
1.4
1.40001
1.40049
1.40145
1.40325
1.40714
1.41386
1.42379
1.43638
1.44721
1.45048
1.44498
1.43359
1.41903
1.40168
1.38423
1.37211
1.36461
1.36099
1.36566
1.3745
1.38091
1.38516
1.38277
1.36654
1.33479
1.28597
1.21488
1.12008
1.01143
0.910417
0.83097
0.772885
0.737516
0.732044
0.759602
0.815686
0.894427
0.990625
1.09489
1.19308
1.27329
1.33129
1.3688
1.38861
1.39317
1.38631
1.37418
1.36358
1.35953
1.36396
1.37589
1.39239
1.40978
1.42463
1.43464
1.439
1.43831
1.43407
1.428
1.42155
1.41571
1.41093
1.40709
1.40458
1.40288
1.40178
1.40107
1.40064
1.40038
1.40023
1.40013
1.40008
1.40005
1.40003
1.40002
1.40001
1.40001
1.40001
1.40001
1.40001
1.40001
1.40001
1.4
1.40001
1.4
1.4
1.40001
1.40001
1.4
1.40001
1.4
1.4
1.4
1.4
1.39999
1.39997
1.39997
1.39992
1.3999
1.39994
1.4
1.40035
1.40125
1.40305
1.40668
1.41311
1.42294
1.43546
1.44653
1.45075
1.44618
1.43469
1.42017
1.40429
1.38652
1.37197
1.36524
1.36216
1.36351
1.37273
1.38156
1.38348
1.381
1.37038
1.34329
1.2969
1.2325
1.15186
1.06374
0.982751
0.913707
0.857276
0.820433
0.812299
0.835326
0.884238
0.952969
1.0372
1.12923
1.21643
1.28763
1.33879
1.37146
1.38817
1.3911
1.38379
1.37202
1.36223
1.35912
1.36436
1.37684
1.39358
1.41089
1.42544
1.43502
1.43896
1.43795
1.43353
1.42741
1.42101
1.41527
1.4106
1.40682
1.40441
1.40278
1.40172
1.40105
1.40064
1.40038
1.40023
1.40014
1.40008
1.40005
1.40003
1.40002
1.40001
1.40001
1.40001
1.40001
1.40001
1.40001
1.40001
1.4
1.40001
1.40001
1.4
1.4
1.40001
1.4
1.40001
1.4
1.4
1.4
1.39999
1.39999
1.39997
1.39994
1.39992
1.39989
1.39987
1.39995
1.40029
1.40104
1.40273
1.40622
1.41226
1.42174
1.43429
1.44577
1.45078
1.44733
1.43653
1.42174
1.4064
1.38986
1.37359
1.36467
1.36297
1.3634
1.36959
1.38026
1.38445
1.38047
1.37143
1.35145
1.31289
1.2576
1.19171
1.12285
1.05549
0.992118
0.939949
0.90752
0.900612
0.919967
0.960908
1.01843
1.0895
1.16809
1.24304
1.30411
1.34754
1.37471
1.38784
1.38879
1.38087
1.36952
1.36073
1.35879
1.36506
1.37822
1.39523
1.41241
1.42653
1.43556
1.43895
1.43754
1.43288
1.4267
1.42036
1.41474
1.41021
1.4065
1.40421
1.40266
1.40166
1.40102
1.40062
1.40038
1.40023
1.40014
1.40009
1.40005
1.40003
1.40002
1.40002
1.40001
1.40001
1.40001
1.40001
1.40001
1.40001
1.4
1.4
1.40001
1.4
1.40001
1.40001
1.4
1.40001
1.4
1.4
1.40001
1.39999
1.39997
1.39998
1.39993
1.39989
1.39989
1.39985
1.39985
1.40021
1.4009
1.40233
1.40564
1.4114
1.42032
1.43269
1.44481
1.45081
1.44832
1.43853
1.42425
1.4086
1.39282
1.37698
1.36527
1.36204
1.36369
1.36805
1.37689
1.38436
1.38298
1.37393
1.35706
1.32859
1.28916
1.24114
1.18501
1.12298
1.06533
1.02264
0.998053
0.992884
1.00801
1.04042
1.08637
1.14401
1.20881
1.27102
1.32141
1.35667
1.37804
1.38734
1.38618
1.37763
1.3668
1.35923
1.3587
1.36616
1.38009
1.39736
1.41433
1.4279
1.43622
1.43895
1.43704
1.43212
1.42587
1.41961
1.41413
1.40975
1.40615
1.40398
1.40253
1.40158
1.40098
1.4006
1.40037
1.40023
1.40014
1.40009
1.40006
1.40003
1.40002
1.40002
1.40001
1.40001
1.40001
1.40001
1.40001
1.4
1.40001
1.40001
1.40001
1.40001
1.4
1.40001
1.4
1.40001
1.40001
1.39999
1.4
1.4
1.39997
1.39997
1.39995
1.39986
1.39985
1.39987
1.39978
1.40005
1.40079
1.40198
1.40489
1.41043
1.41888
1.43073
1.44335
1.4508
1.44941
1.4404
1.42717
1.41175
1.39556
1.38043
1.36806
1.36147
1.36215
1.36728
1.37473
1.38229
1.38491
1.37921
1.36468
1.34398
1.319
1.28525
1.23816
1.18443
1.13879
1.10751
1.08853
1.08288
1.09307
1.11731
1.15253
1.19761
1.24913
1.29877
1.33846
1.36547
1.38098
1.38644
1.38319
1.37412
1.36402
1.3579
1.35897
1.36777
1.38252
1.39999
1.41662
1.42949
1.43696
1.43892
1.43645
1.43124
1.42493
1.41875
1.41343
1.40924
1.40576
1.40373
1.40237
1.40149
1.40093
1.40058
1.40036
1.40022
1.40014
1.40009
1.40006
1.40004
1.40002
1.40002
1.40001
1.40001
1.40001
1.40001
1.40001
1.40001
1.40001
1.4
1.40001
1.4
1.40001
1.40001
1.4
1.4
1.40001
1.4
1.39999
1.4
1.39998
1.39995
1.39996
1.39988
1.3998
1.39986
1.39978
1.39988
1.4006
1.40173
1.40414
1.40924
1.41736
1.42862
1.44136
1.45036
1.45064
1.44248
1.42999
1.41547
1.39918
1.38361
1.37147
1.36316
1.36036
1.36476
1.37346
1.38112
1.38497
1.38314
1.37393
1.35984
1.34166
1.31482
1.27756
1.23825
1.207
1.18458
1.16889
1.16272
1.16912
1.18667
1.213
1.24744
1.28709
1.32488
1.35424
1.37328
1.38315
1.38495
1.3798
1.37045
1.36134
1.35691
1.35977
1.36999
1.38554
1.40312
1.41926
1.43125
1.43772
1.43881
1.43574
1.43022
1.42386
1.4178
1.41267
1.40868
1.40535
1.40346
1.40221
1.40139
1.40087
1.40055
1.40034
1.40022
1.40014
1.40009
1.40005
1.40004
1.40002
1.40002
1.40001
1.40001
1.40001
1.40001
1.40001
1.40001
1.40001
1.4
1.40001
1.4
1.40001
1.40001
1.4
1.40001
1.4
1.4
1.4
1.39999
1.39999
1.39995
1.39993
1.3999
1.39979
1.3998
1.3998
1.3998
1.40034
1.40146
1.40352
1.40794
1.4156
1.42642
1.43906
1.44924
1.45158
1.44499
1.43304
1.41903
1.40353
1.38768
1.37475
1.36589
1.36059
1.36186
1.37039
1.37976
1.385
1.38497
1.37985
1.37094
1.35816
1.33917
1.31329
1.2862
1.26421
1.24765
1.23537
1.22997
1.23406
1.24642
1.26552
1.29122
1.32075
1.34787
1.36765
1.37933
1.38408
1.38267
1.37602
1.36676
1.35897
1.35647
1.36125
1.37292
1.38919
1.40673
1.4222
1.43312
1.43845
1.43858
1.43487
1.42906
1.42267
1.41676
1.41185
1.40807
1.40492
1.40318
1.40203
1.40129
1.40082
1.40052
1.40033
1.40021
1.40013
1.40008
1.40005
1.40003
1.40002
1.40002
1.40001
1.40001
1.40001
1.40001
1.40001
1.40001
1.40001
1.4
1.40001
1.4
1.40001
1.40001
1.4
1.40001
1.4
1.4
1.4
1.39999
1.39998
1.39996
1.39992
1.39989
1.39982
1.39975
1.39976
1.39979
1.40012
1.4011
1.40299
1.40673
1.4136
1.42398
1.43659
1.44757
1.45185
1.44751
1.43668
1.42274
1.40778
1.39262
1.37904
1.36871
1.36205
1.361
1.36647
1.3755
1.38338
1.38626
1.3841
1.37968
1.37406
1.36352
1.34556
1.32579
1.3108
1.29971
1.29024
1.28543
1.28798
1.29633
1.30942
1.32773
1.34857
1.36638
1.37775
1.38302
1.38346
1.3795
1.37194
1.36324
1.35712
1.35677
1.36355
1.37663
1.39349
1.41078
1.42535
1.43502
1.43907
1.43817
1.43382
1.42774
1.42138
1.41564
1.41098
1.40744
1.40448
1.4029
1.40186
1.40119
1.40076
1.40048
1.40031
1.4002
1.40013
1.40008
1.40005
1.40003
1.40002
1.40002
1.40001
1.40001
1.40001
1.40001
1.40001
1.40001
1.40001
1.40001
1.4
1.4
1.40001
1.40001
1.4
1.40001
1.40001
1.4
1.4
1.39999
1.39997
1.39997
1.39994
1.39987
1.39984
1.39976
1.39968
1.39977
1.40001
1.40071
1.40242
1.40568
1.41159
1.42119
1.43379
1.44553
1.45151
1.4495
1.44049
1.42721
1.41216
1.39745
1.38433
1.3726
1.36412
1.36142
1.36382
1.3702
1.37896
1.38641
1.39004
1.39076
1.38852
1.37995
1.36601
1.35426
1.34725
1.34008
1.33208
1.32847
1.33068
1.33601
1.34419
1.35625
1.36952
1.37932
1.38377
1.38402
1.38123
1.37558
1.36777
1.36016
1.35605
1.35801
1.3668
1.38117
1.39841
1.4152
1.42862
1.43683
1.4395
1.43754
1.43257
1.42627
1.41998
1.41447
1.41007
1.40679
1.40403
1.40261
1.40168
1.40108
1.40069
1.40045
1.40029
1.40019
1.40012
1.40008
1.40005
1.40003
1.40002
1.40002
1.40001
1.40001
1.40001
1.40001
1.40001
1.40001
1.4
1.40001
1.40001
1.4
1.4
1.40001
1.4
1.4
1.40001
1.4
1.4
1.4
1.39998
1.39996
1.39995
1.39987
1.39982
1.39979
1.39965
1.3997
1.39994
1.40042
1.40179
1.40468
1.40973
1.41827
1.43049
1.44298
1.45074
1.45085
1.44391
1.43214
1.41732
1.40246
1.38953
1.37759
1.36776
1.36264
1.36236
1.36638
1.37465
1.38468
1.39226
1.39561
1.3942
1.38811
1.3814
1.37779
1.37437
1.36797
1.36234
1.36149
1.3634
1.36561
1.36968
1.37661
1.38336
1.38644
1.38557
1.38235
1.3776
1.3712
1.36385
1.35783
1.35602
1.36037
1.37109
1.38655
1.40389
1.41988
1.43188
1.43845
1.43965
1.43663
1.43109
1.42465
1.41848
1.41324
1.40914
1.40614
1.4036
1.40234
1.40151
1.40097
1.40063
1.40041
1.40026
1.40017
1.40011
1.40007
1.40005
1.40003
1.40002
1.40001
1.40001
1.40001
1.40001
1.40001
1.40001
1.4
1.40001
1.40001
1.4
1.4
1.40001
1.40001
1.4
1.40001
1.4
1.4
1.4
1.4
1.39998
1.39996
1.39995
1.39989
1.39982
1.39979
1.39967
1.39964
1.39984
1.40021
1.40126
1.40368
1.40801
1.41547
1.42677
1.43974
1.44937
1.45163
1.44689
1.43683
1.42298
1.40841
1.39496
1.38266
1.3725
1.36565
1.36251
1.36425
1.37112
1.37969
1.38652
1.39161
1.39527
1.39689
1.39708
1.396
1.39253
1.38818
1.38634
1.38669
1.38616
1.38499
1.38599
1.38893
1.39037
1.38829
1.38382
1.37867
1.37313
1.36685
1.36061
1.35659
1.35725
1.36399
1.37647
1.39273
1.40983
1.42468
1.43498
1.43976
1.43944
1.43541
1.42939
1.42289
1.41692
1.41198
1.40821
1.40548
1.40318
1.40207
1.40134
1.40087
1.40057
1.40037
1.40024
1.40016
1.4001
1.40007
1.40004
1.40003
1.40002
1.40001
1.40001
1.40001
1.40001
1.40001
1.40001
1.40001
1.40001
1.4
1.40001
1.4
1.4
1.40001
1.4
1.40001
1.4
1.4
1.4
1.4
1.39998
1.39997
1.39995
1.3999
1.39984
1.39978
1.39968
1.39964
1.39974
1.40002
1.40088
1.40274
1.40637
1.41282
1.4229
1.43587
1.44703
1.45175
1.4495
1.44109
1.4286
1.41502
1.40132
1.38815
1.37752
1.36986
1.36488
1.36401
1.36736
1.3727
1.37959
1.38858
1.39693
1.40138
1.40261
1.40276
1.40233
1.40182
1.4016
1.4003
1.39716
1.3944
1.39384
1.3937
1.39107
1.38568
1.37952
1.3739
1.36856
1.36311
1.35847
1.35673
1.35994
1.36895
1.38292
1.39962
1.41607
1.42941
1.43777
1.44063
1.43881
1.43386
1.42747
1.421
1.4153
1.41072
1.40729
1.40485
1.40277
1.40181
1.40118
1.40077
1.40051
1.40033
1.40022
1.40014
1.40009
1.40006
1.40004
1.40003
1.40002
1.40001
1.40001
1.40001
1.40001
1.40001
1.40001
1.4
1.40001
1.4
1.40001
1.4
1.40001
1.40001
1.4
1.40001
1.40001
1.4
1.4
1.4
1.39998
1.39998
1.39996
1.39989
1.39987
1.3998
1.39966
1.39967
1.39967
1.39984
1.40057
1.40196
1.40489
1.41027
1.41912
1.43151
1.44362
1.45094
1.45143
1.44497
1.43412
1.42163
1.40817
1.3948
1.38341
1.37461
1.36852
1.36551
1.36537
1.36847
1.37581
1.38504
1.39156
1.39501
1.39863
1.40277
1.40512
1.40543
1.40459
1.40231
1.39902
1.39656
1.39511
1.3924
1.38701
1.3802
1.37402
1.36906
1.36464
1.36051
1.35781
1.35851
1.36423
1.37527
1.39037
1.40706
1.4224
1.43386
1.44005
1.44095
1.43769
1.43195
1.42533
1.41902
1.41366
1.40947
1.40639
1.40423
1.4024
1.40157
1.40103
1.40068
1.40045
1.4003
1.4002
1.40013
1.40009
1.40006
1.40004
1.40002
1.40002
1.40001
1.40001
1.40001
1.40001
1.40001
1.40001
1.4
1.40001
1.40001
1.40001
1.4
1.40001
1.4
1.40001
1.4
1.40001
1.4
1.4
1.4
1.39998
1.39998
1.39997
1.39989
1.39988
1.39981
1.39967
1.39968
1.39964
1.39973
1.40027
1.40136
1.40364
1.40793
1.41552
1.42683
1.43932
1.44899
1.45226
1.4483
1.4395
1.42809
1.41516
1.40218
1.39046
1.38055
1.37304
1.36815
1.36598
1.36748
1.37225
1.37742
1.38184
1.38756
1.39454
1.39933
1.40074
1.40089
1.40064
1.39902
1.39645
1.39418
1.39157
1.38693
1.38038
1.37384
1.36882
1.36514
1.36202
1.3595
1.35892
1.36209
1.37016
1.3829
1.39866
1.41482
1.42857
1.43779
1.44165
1.4406
1.43606
1.42971
1.42303
1.41698
1.41202
1.40825
1.40553
1.40365
1.40205
1.40135
1.40089
1.40059
1.40039
1.40026
1.40017
1.40012
1.40008
1.40005
1.40003
1.40002
1.40002
1.40001
1.40001
1.40001
1.40001
1.40001
1.40001
1.4
1.40001
1.4
1.40001
1.4
1.4
1.40001
1.4
1.40001
1.4
1.4
1.4
1.4
1.39999
1.39999
1.39996
1.39991
1.3999
1.39981
1.39972
1.39968
1.39961
1.39967
1.40003
1.40088
1.40259
1.40593
1.41219
1.42202
1.43436
1.44577
1.45174
1.4507
1.44433
1.43444
1.42239
1.40984
1.39809
1.38764
1.37883
1.37214
1.36844
1.36809
1.3697
1.37216
1.37649
1.38279
1.38815
1.3907
1.39214
1.39385
1.39449
1.39304
1.3907
1.38829
1.38481
1.37944
1.3733
1.36825
1.36498
1.36284
1.36116
1.36038
1.362
1.36755
1.37769
1.39169
1.40755
1.42258
1.43425
1.44095
1.4424
1.43952
1.4339
1.42717
1.4206
1.41492
1.41042
1.40709
1.40473
1.40312
1.40173
1.40114
1.40076
1.40051
1.40034
1.40023
1.40015
1.4001
1.40007
1.40004
1.40003
1.40002
1.40001
1.40001
1.40001
1.40001
1.40001
1.40001
1.40001
1.4
1.40001
1.40001
1.40001
1.4
1.40001
1.40001
1.4
1.40001
1.4
1.4
1.40001
1.4
1.39999
1.4
1.39996
1.39993
1.39992
1.39981
1.39976
1.39971
1.3996
1.39962
1.39987
1.40051
1.40174
1.40432
1.40923
1.41733
1.42895
1.44136
1.44974
1.45179
1.44826
1.4404
1.42961
1.41772
1.40612
1.39539
1.38582
1.37812
1.37316
1.3706
1.36949
1.37016
1.3732
1.37711
1.37986
1.38189
1.38444
1.38658
1.38664
1.38501
1.3831
1.38086
1.37724
1.37234
1.36771
1.36469
1.36324
1.36254
1.36229
1.36332
1.36711
1.37486
1.38669
1.40138
1.41669
1.42998
1.43912
1.44309
1.44219
1.4377
1.43127
1.4244
1.4181
1.41289
1.4089
1.406
1.40398
1.40263
1.40145
1.40096
1.40065
1.40044
1.40029
1.4002
1.40013
1.40009
1.40006
1.40004
1.40003
1.40002
1.40001
1.40001
1.40001
1.40001
1.4
1.40001
1.40001
1.4
1.40001
1.40001
1.4
1.4
1.4
1.40001
1.4
1.4
1.40001
1.4
1.40001
1.4
1.39999
1.4
1.39996
1.39994
1.39993
1.39983
1.39979
1.39972
1.39963
1.39961
1.39976
1.4002
1.4011
1.40308
1.40674
1.41309
1.42337
1.43586
1.44618
1.45139
1.45094
1.44542
1.43634
1.42568
1.4147
1.40386
1.39382
1.38559
1.37939
1.37454
1.37117
1.37033
1.37169
1.37341
1.37477
1.37661
1.37879
1.37978
1.37906
1.37775
1.37646
1.37448
1.37122
1.36753
1.36485
1.36381
1.3639
1.36443
1.36556
1.36837
1.37423
1.38388
1.39689
1.4116
1.42563
1.43657
1.44281
1.444
1.44094
1.43515
1.42824
1.42147
1.41561
1.41094
1.40747
1.405
1.40331
1.40219
1.4012
1.4008
1.40054
1.40037
1.40025
1.40017
1.40012
1.40008
1.40005
1.40003
1.40002
1.40002
1.40001
1.40001
1.40001
1.40001
1.40001
1.40001
1.4
1.40001
1.40001
1.4
1.40001
1.4
1.40001
1.4
1.4
1.40001
1.4
1.40001
1.4
1.4
1.4
1.4
1.39997
1.39996
1.39993
1.39986
1.39982
1.39974
1.39965
1.39962
1.39969
1.39994
1.40063
1.40214
1.40476
1.40953
1.41798
1.42958
1.44117
1.44929
1.45195
1.4491
1.44232
1.43345
1.42335
1.41265
1.40254
1.39392
1.38659
1.38035
1.37606
1.37413
1.37338
1.37275
1.37274
1.37378
1.3748
1.37472
1.37387
1.3731
1.37224
1.37051
1.36801
1.36587
1.36509
1.36565
1.36689
1.36848
1.37096
1.37553
1.38327
1.39439
1.4079
1.42185
1.43385
1.44189
1.44503
1.44354
1.43866
1.43197
1.42492
1.41849
1.41319
1.40912
1.40616
1.4041
1.40272
1.4018
1.40098
1.40066
1.40045
1.40031
1.40021
1.40015
1.4001
1.40007
1.40004
1.40003
1.40002
1.40001
1.40001
1.40001
1.40001
1.40001
1.40001
1.40001
1.40001
1.4
1.4
1.40001
1.4
1.40001
1.40001
1.4
1.40001
1.40001
1.4
1.40001
1.4
1.4
1.4
1.39999
1.39997
1.39998
1.39994
1.39988
1.39985
1.39977
1.39967
1.39965
1.39966
1.39978
1.40029
1.40139
1.40329
1.40679
1.41319
1.42307
1.43489
1.44524
1.45096
1.45127
1.44731
1.44035
1.4313
1.4214
1.41198
1.40332
1.39522
1.38826
1.38324
1.37974
1.37682
1.37461
1.37376
1.37381
1.3736
1.37281
1.37207
1.37166
1.37098
1.36964
1.36818
1.3676
1.36833
1.36998
1.37203
1.37457
1.37841
1.38467
1.39397
1.40596
1.41918
1.43149
1.44073
1.44549
1.44554
1.4417
1.43545
1.42831
1.42145
1.41556
1.41091
1.40745
1.40499
1.40332
1.4022
1.40146
1.4008
1.40054
1.40038
1.40026
1.40018
1.40012
1.40008
1.40006
1.40004
1.40003
1.40002
1.40001
1.40001
1.40001
1.40001
1.40001
1.4
1.40001
1.4
1.4
1.40001
1.4
1.40001
1.40001
1.4
1.40001
1.4
1.40001
1.4
1.40001
1.40001
1.4
1.40001
1.4
1.39998
1.39998
1.39995
1.3999
1.39987
1.3998
1.39971
1.39968
1.39965
1.39971
1.40005
1.4008
1.40219
1.40477
1.40935
1.41704
1.42785
1.43926
1.44777
1.45154
1.45062
1.44584
1.43853
1.43022
1.42168
1.41292
1.40444
1.39723
1.39157
1.38681
1.38272
1.37986
1.3783
1.37719
1.37589
1.37469
1.37403
1.37367
1.37304
1.37216
1.37174
1.37241
1.37413
1.37646
1.37915
1.38263
1.38783
1.39557
1.40593
1.418
1.42997
1.43976
1.44567
1.44703
1.44424
1.43857
1.43151
1.42436
1.41799
1.41279
1.40883
1.40596
1.40398
1.40264
1.40176
1.40118
1.40064
1.40044
1.40031
1.40021
1.40015
1.4001
1.40007
1.40005
1.40003
1.40002
1.40002
1.40001
1.40001
1.40001
1.4
1.40001
1.4
1.40001
1.4
1.40001
1.40001
1.4
1.40001
1.4
1.40001
1.4
1.40001
1.4
1.4
1.40001
1.4
1.4
1.4
1.39999
1.39999
1.39998
1.39995
1.39993
1.39989
1.39982
1.39976
1.39971
1.39965
1.39969
1.3999
1.40037
1.40137
1.40328
1.4065
1.41208
1.4209
1.43192
1.44228
1.44925
1.45163
1.44979
1.44499
1.43837
1.43049
1.42206
1.41416
1.40736
1.4013
1.39568
1.39095
1.38758
1.38517
1.38301
1.38106
1.37973
1.37908
1.37862
1.37804
1.37768
1.37814
1.37966
1.38198
1.38475
1.38807
1.39256
1.39903
1.40784
1.41851
1.42964
1.43936
1.44587
1.44817
1.44631
1.44126
1.4344
1.42711
1.42035
1.41468
1.41025
1.40699
1.40468
1.40311
1.40207
1.40138
1.40094
1.40051
1.40036
1.40025
1.40017
1.40012
1.40008
1.40006
1.40004
1.40003
1.40002
1.40001
1.40001
1.40001
1.40001
1.40001
1.4
1.40001
1.40001
1.4
1.40001
1.4
1.4
1.40001
1.4
1.40001
1.4
1.40001
1.4
1.4
1.40001
1.4
1.40001
1.4
1.39999
1.4
1.39999
1.39996
1.39995
1.39991
1.39985
1.3998
1.39975
1.39968
1.39969
1.39981
1.4001
1.40079
1.40215
1.40444
1.40837
1.41493
1.42429
1.43492
1.44416
1.4499
1.45154
1.4496
1.4449
1.43845
1.43139
1.4245
1.41783
1.41128
1.4053
1.4005
1.3968
1.39365
1.39082
1.38862
1.38728
1.38652
1.38591
1.38548
1.38565
1.38679
1.38884
1.39149
1.39465
1.39866
1.40414
1.41156
1.42075
1.4307
1.4398
1.44634
1.44914
1.44795
1.44345
1.43687
1.42955
1.42254
1.41649
1.41166
1.40802
1.40541
1.40361
1.4024
1.4016
1.40108
1.40074
1.4004
1.40028
1.4002
1.40014
1.4001
1.40007
1.40005
1.40003
1.40002
1.40002
1.40001
1.40001
1.40001
1.40001
1.40001
1.40001
1.40001
1.4
1.40001
1.40001
1.4
1.40001
1.4
1.40001
1.40001
1.4
1.40001
1.4
1.4
1.40001
1.4
1.4
1.4
1.4
1.4
1.39999
1.39997
1.39996
1.39992
1.39988
1.39984
1.39978
1.39972
1.39971
1.39976
1.39993
1.4004
1.40133
1.40295
1.4057
1.41033
1.4175
1.42689
1.43682
1.44507
1.45006
1.45139
1.44954
1.44547
1.44012
1.43404
1.4276
1.42133
1.41581
1.41118
1.40713
1.40348
1.40043
1.39825
1.39685
1.39588
1.39518
1.39499
1.39564
1.39723
1.39957
1.40246
1.40604
1.4107
1.41689
1.42459
1.43312
1.44118
1.44723
1.45005
1.4492
1.44511
1.43882
1.43157
1.42443
1.41812
1.41296
1.409
1.40612
1.40409
1.40272
1.40181
1.40122
1.40083
1.40058
1.40032
1.40022
1.40016
1.40011
1.40008
1.40006
1.40004
1.40003
1.40002
1.40001
1.40001
1.40001
1.40001
1.40001
1.40001
1.40001
1.4
1.40001
1.4
1.40001
1.40001
1.4
1.40001
1.40001
1.4
1.40001
1.40001
1.4
1.40001
1.4
1.4
1.40001
1.4
1.4
1.4
1.39999
1.39998
1.39997
1.39994
1.39991
1.39987
1.39981
1.39977
1.39974
1.39975
1.39985
1.40015
1.40077
1.40188
1.4038
1.40701
1.41214
1.41952
1.42855
1.43769
1.44518
1.44979
1.45124
1.44997
1.44672
1.44217
1.43698
1.43173
1.42679
1.42222
1.41801
1.41431
1.41136
1.40924
1.40772
1.40661
1.40599
1.4061
1.40712
1.40896
1.41145
1.41455
1.41847
1.42352
1.42976
1.43673
1.44342
1.44853
1.45092
1.45006
1.44619
1.44015
1.43305
1.42591
1.41945
1.41408
1.40988
1.40676
1.40455
1.40303
1.40202
1.40135
1.40092
1.40063
1.40044
1.40024
1.40018
1.40013
1.40009
1.40006
1.40004
1.40003
1.40002
1.40002
1.40001
1.40001
1.40001
1.40001
1.40001
1.40001
1.4
1.40001
1.4
1.40001
1.40001
1.4
1.40001
1.4
1.40001
1.40001
1.4
1.40001
1.40001
1.40001
1.40001
1.4
1.40001
1.4
1.4
1.4
1.39999
1.39999
1.39998
1.39995
1.39993
1.3999
1.39985
1.39981
1.39977
1.39976
1.39982
1.4
1.40039
1.40115
1.40247
1.40467
1.4082
1.41356
1.42083
1.42933
1.4377
1.44453
1.44895
1.45083
1.45046
1.4483
1.44495
1.44099
1.43686
1.43277
1.42894
1.4256
1.42293
1.42089
1.41933
1.41826
1.41785
1.41826
1.41949
1.4214
1.42388
1.42701
1.43095
1.43575
1.44108
1.44619
1.45002
1.45162
1.45044
1.44661
1.44076
1.43387
1.42684
1.42039
1.41492
1.41058
1.40731
1.40494
1.4033
1.4022
1.40147
1.40099
1.40068
1.40048
1.40034
1.40019
1.40014
1.4001
1.40007
1.40005
1.40004
1.40002
1.40002
1.40001
1.40001
1.40001
1.40001
1.40001
1.40001
1.40001
1.40001
1.4
1.40001
1.4
1.40001
1.40001
1.40001
1.4
1.40001
1.4
1.40001
1.4
1.4
1.40001
1.4
1.40001
1.4
1.4
1.4
1.4
1.4
1.39999
1.39998
1.39997
1.39995
1.39992
1.39988
1.39985
1.39981
1.39979
1.39981
1.39992
1.40016
1.40066
1.40156
1.40304
1.40544
1.40916
1.41454
1.42143
1.42916
1.43672
1.44315
1.44775
1.4502
1.45066
1.44961
1.44758
1.44493
1.44198
1.43904
1.43639
1.43415
1.43233
1.43094
1.43008
1.42992
1.43048
1.43169
1.43344
1.43569
1.43849
1.44184
1.44551
1.44893
1.45131
1.45187
1.45017
1.44623
1.44056
1.43393
1.42714
1.42084
1.41542
1.41105
1.4077
1.40524
1.40352
1.40234
1.40156
1.40105
1.40072
1.4005
1.40036
1.40026
1.40014
1.4001
1.40008
1.40005
1.40004
1.40003
1.40002
1.40001
1.40001
1.40001
1.40001
1.40001
1.40001
1.40001
1.40001
1.4
1.40001
1.4
1.40001
1.40001
1.4
1.40001
1.40001
1.4
1.4
1.40001
1.4
1.4
1.40001
1.4
1.40001
1.4
1.4
1.40001
1.4
1.4
1.4
1.39999
1.39998
1.39996
1.39994
1.39991
1.39988
1.39985
1.39982
1.39983
1.39988
1.40004
1.40035
1.40094
1.40194
1.40355
1.40607
1.40981
1.41492
1.42124
1.42825
1.43513
1.4411
1.44563
1.44859
1.4501
1.45036
1.44963
1.44827
1.44662
1.44495
1.44341
1.44209
1.44109
1.44055
1.44057
1.4411
1.44208
1.44342
1.44509
1.44705
1.44912
1.4509
1.45182
1.45132
1.44902
1.44494
1.43945
1.43316
1.42674
1.42073
1.4155
1.41122
1.40789
1.40542
1.40365
1.40243
1.40162
1.40108
1.40074
1.40051
1.40036
1.40026
1.40019
1.40011
1.40008
1.40006
1.40004
1.40003
1.40002
1.40002
1.40001
1.40001
1.40001
1.40001
1.40001
1.40001
1.40001
1.4
1.40001
1.4
1.40001
1.40001
1.4
1.40001
1.4
1.4
1.40001
1.4
1.4
1.40001
1.40001
1.4
1.40001
1.4
1.40001
1.4
1.40001
1.4
1.4
1.4
1.39999
1.39998
1.39997
1.39996
1.39993
1.39991
1.39988
1.39986
1.39985
1.39988
1.39997
1.40017
1.40055
1.4012
1.40227
1.40395
1.40648
1.41007
1.41478
1.42043
1.42658
1.43269
1.43824
1.44284
1.44627
1.44849
1.44969
1.4501
1.45
1.44958
1.449
1.44841
1.44796
1.44778
1.44789
1.44825
1.4488
1.44949
1.45026
1.45096
1.45133
1.45099
1.44955
1.44676
1.44261
1.43739
1.43155
1.42562
1.42005
1.41515
1.41108
1.40787
1.40544
1.40369
1.40246
1.40163
1.40109
1.40073
1.40051
1.40036
1.40026
1.40019
1.40014
1.40008
1.40006
1.40004
1.40003
1.40002
1.40002
1.40001
1.40001
1.40001
1.40001
1.40001
1.40001
1.40001
1.4
1.40001
1.4
1.40001
1.40001
1.4
1.40001
1.4
1.40001
1.4
1.40001
1.4
1.40001
1.4
1.40001
1.4
1.4
1.40001
1.4
1.40001
1.4
1.4
1.4
1.4
1.39999
1.39999
1.39998
1.39997
1.39995
1.39993
1.39991
1.39989
1.39988
1.39989
1.39994
1.40007
1.40031
1.40073
1.40143
1.40254
1.40422
1.40663
1.40992
1.41411
1.41905
1.4244
1.42977
1.43475
1.43909
1.44263
1.44533
1.44728
1.44858
1.44938
1.44981
1.45003
1.45016
1.45027
1.4504
1.45051
1.45055
1.45049
1.45023
1.4496
1.44837
1.44631
1.44326
1.43922
1.4344
1.42914
1.42382
1.4188
1.41435
1.41061
1.40761
1.40531
1.40362
1.40242
1.4016
1.40106
1.40071
1.40048
1.40034
1.40025
1.40018
1.40014
1.4001
1.40006
1.40004
1.40003
1.40002
1.40002
1.40001
1.40001
1.40001
1.40001
1.40001
1.40001
1.40001
1.40001
1.4
1.40001
1.40001
1.4
1.4
1.40001
1.4
1.40001
1.40001
1.4
1.40001
1.4
1.4
1.40001
1.4
1.40001
1.4
1.40001
1.40001
1.4
1.40001
1.40001
1.4
1.4
1.4
1.39999
1.39999
1.39998
1.39996
1.39995
1.39993
1.39992
1.3999
1.39991
1.39994
1.40002
1.40017
1.40045
1.4009
1.40161
1.4027
1.4043
1.40653
1.40947
1.41308
1.41723
1.42171
1.42627
1.43064
1.4346
1.43802
1.44083
1.44305
1.44473
1.44596
1.44683
1.44741
1.44775
1.44786
1.44772
1.44732
1.4466
1.44549
1.44385
1.44157
1.43857
1.43487
1.43061
1.42604
1.42144
1.41708
1.41317
1.40984
1.40713
1.40502
1.40344
1.40231
1.40153
1.401
1.40066
1.40045
1.40031
1.40022
1.40017
1.40013
1.4001
1.40008
1.40004
1.40003
1.40003
1.40002
1.40001
1.40001
1.40001
1.40001
1.40001
1.40001
1.40001
1.40001
1.40001
1.4
1.40001
1.4
1.40001
1.4
1.4
1.40001
1.4
1.4
1.40001
1.4
1.4
1.40001
1.4
1.40001
1.4
1.40001
1.4
1.40001
1.40001
1.4
1.4
1.40001
1.4
1.4
1.4
1.39999
1.39999
1.39998
1.39996
1.39995
1.39994
1.39993
1.39993
1.39995
1.4
1.4001
1.40027
1.40056
1.40103
1.40173
1.40277
1.40423
1.40619
1.40867
1.41169
1.41513
1.41882
1.42257
1.42619
1.42955
1.43254
1.43509
1.43718
1.43883
1.44006
1.44089
1.44135
1.44143
1.44113
1.44044
1.43933
1.43774
1.43563
1.43298
1.42981
1.42625
1.42245
1.41863
1.41498
1.41167
1.40882
1.40645
1.40459
1.40317
1.40213
1.40141
1.40092
1.4006
1.40039
1.40027
1.40019
1.40014
1.40011
1.40009
1.40007
1.40005
1.40003
1.40002
1.40002
1.40001
1.40001
1.40001
1.40001
1.40001
1.40001
1.40001
1.40001
1.4
1.40001
1.40001
1.4
1.40001
1.4
1.40001
1.40001
1.4
1.40001
1.4
1.4
1.40001
1.4
1.40001
1.4
1.40001
1.4
1.4
1.40001
1.4
1.40001
1.40001
1.4
1.4
1.40001
1.4
1.4
1.4
1.39999
1.39999
1.39998
1.39997
1.39995
1.39995
1.39995
1.39996
1.39999
1.40006
1.40017
1.40036
1.40066
1.40112
1.40177
1.40271
1.40399
1.40567
1.40774
1.41017
1.41288
1.41577
1.41871
1.42158
1.42426
1.42666
1.42871
1.43039
1.43168
1.43256
1.43303
1.43308
1.43271
1.43192
1.43069
1.42902
1.42692
1.42443
1.42162
1.41863
1.41559
1.41267
1.40998
1.40762
1.40564
1.40404
1.40281
1.40189
1.40124
1.4008
1.40051
1.40033
1.40022
1.40015
1.40011
1.40009
1.40007
1.40006
1.40005
1.40004
1.40002
1.40002
1.40001
1.40001
1.40001
1.40001
1.40001
1.40001
1.40001
1.40001
1.4
1.40001
1.4
1.40001
1.40001
1.4
1.40001
1.4
1.40001
1.40001
1.4
1.40001
1.40001
1.4
1.40001
1.4
1.40001
1.4
1.40001
1.4
1.4
1.40001
1.4
1.40001
1.40001
1.4
1.4
1.4
1.4
1.4
1.4
1.39999
1.39998
1.39998
1.39997
1.39997
1.39996
1.39997
1.39999
1.40004
1.40012
1.40024
1.40043
1.40072
1.40115
1.40175
1.40258
1.40365
1.40501
1.40664
1.40854
1.41062
1.41281
1.41502
1.41715
1.41911
1.42085
1.42231
1.42344
1.42422
1.42462
1.42465
1.42428
1.42354
1.42241
1.42093
1.41912
1.41706
1.41484
1.41255
1.41031
1.40821
1.40634
1.40474
1.40342
1.40239
1.40161
1.40105
1.40067
1.40042
1.40026
1.40016
1.40011
1.40008
1.40006
1.40005
1.40005
1.40004
1.40003
1.40003
1.40002
1.40001
1.40001
1.40001
1.40001
1.40001
1.40001
1.40001
1.40001
1.40001
1.40001
1.40001
1.4
1.40001
1.4
1.40001
1.4
1.40001
1.4
1.4
1.40001
1.4
1.40001
1.4
1.40001
1.40001
1.4
1.40001
1.4
1.40001
1.4
1.4
1.40001
1.4
1.40001
1.40001
1.4
1.4
1.4
1.4
1.4
1.4
1.39999
1.39999
1.39998
1.39998
1.39998
1.39998
1.4
1.40003
1.40008
1.40017
1.4003
1.40049
1.40076
1.40114
1.40166
1.40234
1.40322
1.4043
1.40556
1.40696
1.40848
1.41004
1.4116
1.41307
1.4144
1.41552
1.41641
1.41702
1.41733
1.41733
1.41701
1.41638
1.41546
1.41428
1.41288
1.41132
1.40968
1.40805
1.40649
1.40506
1.40382
1.40278
1.40195
1.40131
1.40085
1.40052
1.40031
1.40018
1.4001
1.40006
1.40004
1.40004
1.40003
1.40003
1.40003
1.40003
1.40002
1.40002
1.40001
1.40001
1.40001
1.40001
1.40001
1.40001
1.40001
1.40001
1.40001
1.40001
1.4
1.40001
1.4
1.40001
1.40001
1.4
1.40001
1.4
1.4
1.40001
1.4
1.40001
1.40001
1.40001
1.4
1.40001
1.4
1.4
1.40001
1.4
1.40001
1.4
1.40001
1.4
1.4
1.40001
1.40001
1.4
1.4
1.4
1.4
1.4
1.4
1.39999
1.39999
1.39999
1.39999
1.39999
1.4
1.40003
1.40006
1.40012
1.40021
1.40034
1.40051
1.40076
1.40109
1.40153
1.40208
1.40275
1.40355
1.40447
1.40548
1.40653
1.4076
1.40862
1.40956
1.41036
1.41099
1.41142
1.41163
1.41161
1.41135
1.41086
1.41016
1.40928
1.40826
1.40716
1.40602
1.40491
1.40387
1.40295
1.40216
1.40151
1.40101
1.40064
1.40038
1.40021
1.4001
1.40004
1.40001
1.40001
1.40001
1.40001
1.40001
1.40002
1.40002
1.40002
1.40002
1.40001
1.40001
1.40001
1.40001
1.40001
1.40001
1.40001
1.40001
1.40001
1.40001
1.4
1.40001
1.4
1.40001
1.40001
1.4
1.40001
1.4
1.40001
1.40001
1.4
1.40001
1.4
1.4
1.4
1.40001
1.4
1.40001
1.4
1.40001
1.4
1.4
1.40001
1.4
1.40001
1.40001
1.4
1.4
1.40001
1.4
1.4
1.4
1.4
1.4
1.4
1.4
1.39999
1.39999
1.4
1.4
1.40002
1.40005
1.40009
1.40015
1.40024
1.40036
1.40052
1.40073
1.401
1.40134
1.40177
1.40228
1.40286
1.4035
1.40418
1.40486
1.40553
1.40615
1.40668
1.4071
1.40737
1.4075
1.40746
1.40725
1.40689
1.40638
1.40576
1.40505
1.4043
1.40355
1.40283
1.40217
1.40159
1.40111
1.40073
1.40045
1.40024
1.40011
1.40003
1.39999
1.39997
1.39997
1.39998
1.39999
1.4
1.4
1.40001
1.40001
1.40001
1.40001
1.40001
1.40001
1.40001
1.40001
1.40001
1.40001
1.40001
1.40001
1.40001
1.40001
1.40001
1.4
1.40001
1.4
1.40001
1.40001
1.4
1.40001
1.4
1.4
1.40001
1.4
1.40001
1.40001
1.4
1.4
1.40001
1.4
1.40001
1.4
1.40001
1.4
1.4
1.40001
1.4
1.40001
1.40001
1.4
1.4
1.40001
1.4
1.4
1.4
1.4
1.4
1.4
1.4
1.4
1.4
1.40001
1.40002
1.40004
1.40007
1.40012
1.40018
1.40026
1.40037
1.4005
1.40068
1.4009
1.40116
1.40147
1.40182
1.40222
1.40264
1.40306
1.40348
1.40386
1.40419
1.40444
1.4046
1.40466
1.40461
1.40445
1.40418
1.40383
1.40341
1.40294
1.40245
1.40197
1.40151
1.40111
1.40076
1.40049
1.40028
1.40012
1.40003
1.39997
1.39994
1.39993
1.39994
1.39995
1.39997
1.39998
1.39999
1.4
1.4
1.40001
1.40001
1.40001
1.40001
1.40001
1.40001
1.40001
1.40001
1.40001
1.40001
1.4
1.40001
1.4
1.40001
1.40001
1.4
1.40001
1.40001
1.4
1.40001
1.4
1.40001
1.4
1.40001
1.40001
1.40001
1.4
1.40001
1.4
1.40001
1.40001
1.4
1.40001
1.4
1.40001
1.4
1.4
1.40001
1.4
1.4
1.40001
1.4
1.4
1.40001
1.4
1.4
1.4
1.4
1.4
1.4
1.4
1.40001
1.40001
1.40002
1.40004
1.40006
1.40009
1.40013
1.40019
1.40027
1.40036
1.40047
1.40061
1.40077
1.40096
1.40118
1.40141
1.40166
1.40192
1.40217
1.40239
1.40258
1.40272
1.4028
1.40281
1.40276
1.40263
1.40244
1.40219
1.40191
1.40161
1.4013
1.401
1.40072
1.40048
1.40029
1.40014
1.40003
1.39996
1.39992
1.3999
1.3999
1.39992
1.39993
1.39995
1.39997
1.39998
1.39999
1.4
1.4
1.4
1.40001
1.40001
1.40001
1.40001
1.40001
1.40001
1.40001
1.40001
1.4
1.40001
1.4
1.40001
1.40001
1.4
1.40001
1.4
1.40001
1.40001
1.4
1.40001
1.4
1.40001
1.40001
1.4
1.40001
1.4
1.40001
1.40001
1.4
1.40001
1.4
1.40001
1.40001
1.4
1.40001
1.4
1.4
1.40001
1.40001
1.4
1.40001
1.4
1.4
1.4
1.40001
1.4
1.4
1.4
1.4
1.4
1.40001
1.40001
1.40002
1.40003
1.40005
1.40007
1.4001
1.40015
1.4002
1.40026
1.40034
1.40043
1.40053
1.40064
1.40078
1.40092
1.40106
1.40121
1.40134
1.40147
1.40157
1.40163
1.40166
1.40165
1.40159
1.40149
1.40136
1.40119
1.401
1.40081
1.40062
1.40044
1.40027
1.40014
1.40004
1.39996
1.39991
1.39989
1.39988
1.39989
1.3999
1.39992
1.39994
1.39995
1.39997
1.39998
1.39999
1.4
1.4
1.4
1.4
1.40001
1.40001
1.40001
1.40001
1.40001
1.40001
1.40001
1.40001
1.40001
1.40001
1.4
1.40001
1.40001
1.4
1.40001
1.4
1.4
1.40001
1.4
1.40001
1.4
1.4
1.40001
1.4
1.40001
1.4
1.40001
1.40001
1.4
1.40001
1.4
1.4
1.40001
1.4
1.40001
1.40001
1.4
1.40001
1.40001
1.4
1.40001
1.40001
1.4
1.4
1.40001
1.4
1.4
1.4
1.4
1.4
1.40001
1.40002
1.40002
1.40004
1.40005
1.40008
1.40011
1.40015
1.40019
1.40024
1.4003
1.40037
1.40044
1.40052
1.4006
1.40069
1.40077
1.40084
1.4009
1.40094
1.40097
1.40097
1.40094
1.40089
1.40081
1.40071
1.4006
1.40048
1.40036
1.40024
1.40013
1.40004
1.39997
1.39992
1.39989
1.39987
1.39987
1.39988
1.39989
1.39991
1.39993
1.39995
1.39996
1.39997
1.39998
1.39999
1.4
1.4
1.4
1.4
1.4
1.40001
1.40001
1.40001
1.40001
1.40001
1.4
1.40001
1.4
1.40001
1.40001
1.40001
1.4
1.40001
1.4
1.40001
1.40001
1.4
1.40001
1.4
1.40001
1.40001
1.4
1.40001
1.4
1.40001
1.40001
1.4
1.40001
1.4
1.40001
1.4
1.4
1.40001
1.4
1.40001
1.40001
1.4
1.40001
1.4
1.40001
1.4
1.40001
1.4
1.4
1.40001
1.4
1.4
1.40001
1.40001
1.40001
1.40001
1.40002
1.40003
1.40004
1.40006
1.40008
1.40011
1.40014
1.40018
1.40022
1.40026
1.40031
1.40036
1.40041
1.40045
1.40049
1.40053
1.40056
1.40057
1.40057
1.40056
1.40053
1.40048
1.40042
1.40035
1.40027
1.40019
1.40012
1.40005
1.39999
1.39994
1.3999
1.39988
1.39987
1.39987
1.39988
1.39989
1.39991
1.39993
1.39994
1.39996
1.39997
1.39998
1.39999
1.39999
1.4
1.4
1.4
1.4
1.4
1.40001
1.40001
1.40001
1.40001
1.40001
1.40001
1.40001
1.40001
1.4
1.40001
1.40001
1.4
1.4
1.40001
1.4
1.40001
1.40001
1.4
1.40001
1.4
1.4
1.40001
1.4
1.40001
1.4
1.4
1.40001
1.4
1.40001
1.4
1.40001
1.4
1.4
1.40001
1.4
1.40001
1.4
1.4
1.40001
1.4
1.40001
1.4
1.40001
1.4
1.4
1.40001
1.4
1.4
1.40001
1.40001
1.40001
1.40001
1.40002
1.40003
1.40004
1.40006
1.40008
1.4001
1.40013
1.40016
1.40019
1.40022
1.40025
1.40028
1.4003
1.40032
1.40034
1.40035
1.40035
1.40034
1.40032
1.40029
1.40025
1.40021
1.40016
1.40011
1.40005
1.4
1.39996
1.39993
1.3999
1.39989
1.39988
1.39988
1.39989
1.3999
1.39991
1.39993
1.39994
1.39996
1.39997
1.39998
1.39999
1.39999
1.4
1.4
1.4
1.4
1.4
1.4
1.4
1.4
1.40001
1.4
1.4
1.40001
1.40001
1.4
1.40001
1.4
1.40001
1.4
1.40001
1.4
1.40001
1.4
1.40001
1.40001
1.4
1.40001
1.4
1.4
1.40001
1.4
1.40001
1.40001
1.4
1.40001
1.40001
1.40001
1.4
1.40001
1.40001
1.4
1.40001
1.40001
1.4
1.40001
1.4
1.40001
1.4
1.4
1.4
1.40001
1.4
1.4
1.40001
1.40001
1.4
1.40001
1.40001
1.40001
1.40002
1.40002
1.40003
1.40004
1.40006
1.40007
1.40009
1.40011
1.40013
1.40015
1.40017
1.40019
1.4002
1.40021
1.40022
1.40022
1.40021
1.4002
1.40019
1.40016
1.40013
1.4001
1.40006
1.40002
1.39999
1.39996
1.39994
1.39992
1.3999
1.3999
1.3999
1.3999
1.39991
1.39992
1.39994
1.39995
1.39996
1.39997
1.39998
1.39999
1.39999
1.4
1.4
1.4
1.4
1.4
1.4
1.4
1.40001
1.40001
1.4
1.40001
1.40001
1.4
1.40001
1.4
1.40001
1.40001
1.4
1.40001
1.4
1.40001
1.4
1.40001
1.40001
1.4
1.40001
1.4
1.40001
1.40001
1.4
1.40001
1.4
1.40001
1.4
1.4
1.40001
1.40001
1.40001
1.4
1.40001
1.4
1.40001
1.40001
1.4
1.40001
1.4
1.4
1.40001
1.40001
1.4
1.4
1.40001
1.40001
1.4
1.40001
1.40001
1.4
1.40001
1.40001
1.40001
1.40002
1.40002
1.40003
1.40004
1.40005
1.40006
1.40008
1.40009
1.4001
1.40012
1.40013
1.40014
1.40014
1.40014
1.40014
1.40013
1.40012
1.40011
1.40009
1.40007
1.40004
1.40002
1.4
1.39997
1.39995
1.39994
1.39993
1.39993
1.39992
1.39993
1.39993
1.39994
1.39995
1.39995
1.39996
1.39997
1.39998
1.39999
1.39999
1.4
1.4
1.4
1.4
1.4
1.4
1.4
1.4
1.4
1.4
1.40001
1.4
1.40001
1.40001
1.40001
1.40001
1.40001
1.4
1.40001
1.4
1.40001
1.4
1.40001
1.4
1.40001
1.40001
1.4
1.40001
1.4
1.40001
1.4
1.4
1.40001
1.4
1.40001
1.40001
1.4
1.4
1.40001
1.4
1.4
1.40001
1.4
1.40001
1.40001
1.4
1.40001
1.40001
1.4
1.40001
1.40001
1.4
1.40001
1.4
1.40001
1.40001
1.4
1.40001
1.40001
1.40001
1.40001
1.40001
1.40002
1.40002
1.40003
1.40003
1.40004
1.40005
1.40006
1.40007
1.40007
1.40008
1.40008
1.40009
1.40009
1.40009
1.40008
1.40007
1.40006
1.40005
1.40004
1.40002
1.40001
1.39999
1.39998
1.39997
1.39996
1.39995
1.39995
1.39995
1.39995
1.39996
1.39996
1.39997
1.39997
1.39998
1.39999
1.39999
1.39999
1.4
1.4
1.4
1.4
1.4
1.4
1.4
1.4
1.4
1.4
1.40001
1.4
1.40001
1.4
1.40001
1.4
1.40001
1.4
1.4
1.40001
1.4
1.4
1.40001
1.4
1.40001
1.4
1.40001
1.40001
1.4
1.40001
1.4
1.40001
1.4
1.4
1.40001
1.4
1.40001
1.40001
1.40001
1.4
1.40001
1.40001
1.4
1.40001
1.4
1.40001
1.40001
1.4
1.4
1.40001
1.4
1.4
1.40001
1.4
1.40001
1.4
1.4
1.40001
1.4
1.40001
1.40001
1.40001
1.40001
1.40001
1.40001
1.40002
1.40002
1.40002
1.40003
1.40003
1.40003
1.40004
1.40004
1.40005
1.40005
1.40005
1.40005
1.40005
1.40005
1.40004
1.40003
1.40003
1.40002
1.40001
1.4
1.39999
1.39999
1.39999
1.39998
1.39998
1.39998
1.39998
1.39998
1.39998
1.39999
1.39999
1.39999
1.4
1.4
1.4
1.4
1.4
1.4
1.4
1.4
1.4
1.4
1.40001
1.4
1.4
1.40001
1.40001
1.40001
1.40001
1.40001
1.40001
1.40001
1.40001
1.4
1.40001
1.4
1.40001
1.4
1.40001
1.4
1.40001
1.4
1.40001
1.40001
1.4
1.40001
1.4
1.40001
1.40001
1.4
1.40001
1.4
1.40001
1.40001
1.40001
1.4
1.40001
1.4
1.4
1.40001
1.4
1.4
1.40001
1.4
1.4
1.40001
1.40001
1.4
1.40001
1.40001
1.40001
1.4
1.4
1.40001
1.40001
1.4
1.40001
1.40001
1.4
1.4
1.4
1.40001
1.40001
1.40001
1.40001
1.40001
1.40001
1.40001
1.40002
1.40002
1.40002
1.40002
1.40002
1.40003
1.40003
1.40003
1.40003
1.40003
1.40002
1.40002
1.40002
1.40002
1.40001
1.40001
1.40001
1.40001
1.40001
1.40001
1.40001
1.40001
1.40001
1.4
1.4
1.4
1.4
1.4
1.4
1.4
1.4
1.4
1.4
1.40001
1.4
1.40001
1.40001
1.4
1.4
1.40001
1.40001
1.40001
1.40001
1.40001
1.4
1.40001
1.4
1.40001
1.4
1.40001
1.4
1.40001
1.4
1.40001
1.4
1.40001
1.40001
1.4
1.40001
1.4
1.40001
1.40001
1.4
1.40001
1.40001
1.4
1.40001
1.40001
1.4
1.40001
1.40001
1.4
1.40001
1.40001
1.4
1.40001
1.40001
1.4
1.4
1.40001
1.4
1.4
1.40001
1.40001
1.40001
1.4
1.4
1.4
1.4
1.4
1.4
1.4
1.4
1.39999
1.39999
1.39999
1.39999
1.39999
1.39999
1.39999
1.39999
1.4
1.4
1.40001
1.40002
1.40002
1.40003
1.40004
1.40004
1.40005
1.40005
1.40005
1.40005
1.40005
1.40005
1.40005
1.40005
1.40004
1.40004
1.40003
1.40003
1.40002
1.40002
1.40002
1.40002
1.40001
1.40001
1.40001
1.40001
1.40001
1.40001
1.40001
1.40001
1.40001
1.40001
1.4
1.40001
1.40001
1.40001
1.40001
1.4
1.40001
1.4
1.40001
1.40001
1.40001
1.40001
1.40001
1.4
1.40001
1.4
1.40001
1.40001
1.4
1.40001
1.4
1.4
1.40001
1.4
1.40001
1.4
1.4
1.40001
1.4
1.40001
1.40001
1.4
1.40001
1.40001
1.4
1.40001
1.4
1.4
1.40001
1.40001
1.4
1.4
1.40001
1.40001
1.4
1.40001
1.40001
1.4
1.40001
1.4
1.4
1.4
1.4
1.4
1.4
1.39999
1.39999
1.39998
1.39998
1.39998
1.39997
1.39997
1.39996
1.39996
1.39997
1.39997
1.39998
1.39999
1.4
1.40001
1.40003
1.40004
1.40006
1.40007
1.40008
1.40009
1.40009
1.4001
1.4001
1.40009
1.40009
1.40008
1.40008
1.40007
1.40006
1.40005
1.40005
1.40004
1.40003
1.40002
1.40002
1.40002
1.40001
1.40001
1.40001
1.40001
1.40001
1.40001
1.40001
1.40001
1.40001
1.40001
1.4
1.40001
1.4
1.40001
1.4
1.40001
1.40001
1.4
1.40001
1.4
1.40001
1.4
1.40001
1.4
1.40001
1.40001
1.40001
1.4
1.40001
1.4
1.4
1.40001
1.4
1.40001
1.4
1.4
1.40001
1.4
1.4
1.40001
1.4
1.40001
1.40001
1.4
1.40001
1.40001
1.4
1.4
1.40001
1.4
1.4
1.40001
1.40001
1.4
1.4
1.40001
1.4
1.4
1.4
1.4
1.4
1.4
1.39999
1.39999
1.39998
1.39997
1.39997
1.39996
1.39995
1.39995
1.39995
1.39995
1.39995
1.39996
1.39998
1.39999
1.40001
1.40003
1.40006
1.40008
1.4001
1.40012
1.40013
1.40015
1.40015
1.40016
1.40016
1.40015
1.40015
1.40014
1.40012
1.40011
1.4001
1.40008
1.40007
1.40006
1.40005
1.40004
1.40003
1.40002
1.40002
1.40001
1.40001
1.40001
1.40001
1.40001
1.40001
1.40001
1.40001
1.40001
1.40001
1.4
1.40001
1.4
1.40001
1.4
1.40001
1.40001
1.4
1.40001
1.4
1.40001
1.4
1.40001
1.40001
1.4
1.40001
1.4
1.4
1.40001
1.4
1.4
1.40001
1.4
1.40001
1.40001
1.4
1.40001
1.40001
1.4
1.40001
1.4
1.40001
1.40001
1.4
1.40001
1.40001
1.4
1.4
1.40001
1.40001
1.4
1.40001
1.40001
1.40001
1.4
1.40001
1.40001
1.4
1.4
1.4
1.39999
1.39999
1.39998
1.39997
1.39996
1.39995
1.39994
1.39993
1.39993
1.39993
1.39994
1.39995
1.39997
1.39999
1.40002
1.40005
1.40008
1.40012
1.40015
1.40018
1.40021
1.40023
1.40024
1.40025
1.40025
1.40025
1.40024
1.40022
1.40021
1.40019
1.40017
1.40015
1.40012
1.4001
1.40008
1.40007
1.40005
1.40004
1.40003
1.40002
1.40002
1.40001
1.40001
1.40001
1.40001
1.40001
1.40001
1.40001
1.40001
1.4
1.4
1.4
1.40001
1.4
1.40001
1.4
1.4
1.40001
1.4
1.40001
1.4
1.40001
1.4
1.40001
1.4
1.40001
1.40001
1.40001
1.4
1.40001
1.40001
1.4
1.40001
1.4
1.40001
1.40001
1.4
1.40001
1.40001
1.4
1.40001
1.4
1.4
1.40001
1.4
1.4
1.40001
1.40001
1.4
1.40001
1.40001
1.40001
1.4
1.40001
1.40001
1.40001
1.4
1.4
1.4
1.4
1.39999
1.39998
1.39997
1.39996
1.39995
1.39994
1.39993
1.39992
1.39992
1.39993
1.39994
1.39996
1.4
1.40004
1.40008
1.40013
1.40019
1.40024
1.40029
1.40033
1.40036
1.40038
1.4004
1.4004
1.4004
1.40038
1.40036
1.40034
1.40031
1.40028
1.40024
1.40021
1.40018
1.40015
1.40012
1.4001
1.40007
1.40006
1.40004
1.40003
1.40002
1.40002
1.40001
1.40001
1.40001
1.40001
1.40001
1.40001
1.4
1.4
1.4
1.4
1.4
1.40001
1.4
1.40001
1.4
1.4
1.40001
1.4
1.40001
1.4
1.40001
1.4
1.40001
1.4
1.40001
1.40001
1.4
1.40001
1.4
1.40001
1.4
1.40001
1.4
1.4
1.40001
1.4
1.40001
1.4
1.4
1.40001
1.4
1.4
1.40001
1.40001
1.4
1.40001
1.40001
1.4
1.40001
1.40001
1.40001
1.40001
1.40001
1.40001
1.40001
1.4
1.4
1.39999
1.39998
1.39997
1.39996
1.39995
1.39993
1.39992
1.39991
1.39991
1.39992
1.39994
1.39997
1.40002
1.40008
1.40014
1.40022
1.4003
1.40038
1.40045
1.40052
1.40057
1.40061
1.40064
1.40065
1.40064
1.40062
1.40059
1.40055
1.40051
1.40046
1.40041
1.40035
1.4003
1.40025
1.40021
1.40017
1.40013
1.4001
1.40008
1.40006
1.40004
1.40003
1.40002
1.40001
1.40001
1.40001
1.40001
1.40001
1.40001
1.40001
1.4
1.4
1.4
1.4
1.4
1.40001
1.4
1.40001
1.40001
1.4
1.40001
1.4
1.40001
1.4
1.40001
1.4
1.40001
1.4
1.40001
1.40001
1.40001
1.40001
1.4
1.40001
1.4
1.40001
1.4
1.4
1.40001
1.4
1.40001
1.40001
1.4
1.40001
1.40001
1.4
1.40001
1.40001
1.40001
1.4
1.40001
1.40001
1.40001
1.40001
1.40001
1.40001
1.40001
1.4
1.4
1.4
1.39999
1.39998
1.39997
1.39995
1.39994
1.39992
1.39991
1.39991
1.39993
1.39995
1.4
1.40006
1.40014
1.40024
1.40035
1.40047
1.40059
1.40071
1.40081
1.4009
1.40097
1.40102
1.40105
1.40105
1.40102
1.40098
1.40092
1.40085
1.40077
1.40068
1.4006
1.40051
1.40043
1.40036
1.40029
1.40023
1.40018
1.40014
1.4001
1.40008
1.40005
1.40004
1.40003
1.40002
1.40001
1.40001
1.40001
1.40001
1.4
1.4
1.4
1.4
1.4
1.4
1.4
1.4
1.40001
1.4
1.40001
1.40001
1.4
1.40001
1.4
1.4
1.4
1.40001
1.4
1.40001
1.4
1.40001
1.4
1.40001
1.4
1.4
1.40001
1.4
1.40001
1.40001
1.4
1.40001
1.4
1.4
1.40001
1.4
1.4
1.40001
1.40001
1.4
1.40001
1.40001
1.40001
1.40001
1.40001
1.40001
1.40001
1.40001
1.40001
1.40001
1.4
1.4
1.39999
1.39997
1.39996
1.39994
1.39993
1.39992
1.39992
1.39994
1.39997
1.40003
1.40012
1.40023
1.40037
1.40053
1.40071
1.4009
1.40108
1.40125
1.4014
1.40153
1.40162
1.40168
1.40169
1.40167
1.40162
1.40153
1.40142
1.4013
1.40116
1.40102
1.40088
1.40075
1.40063
1.40051
1.40041
1.40033
1.40025
1.40019
1.40014
1.4001
1.40007
1.40005
1.40003
1.40002
1.40001
1.40001
1.40001
1.40001
1.4
1.4
1.4
1.4
1.4
1.4
1.4
1.4
1.4
1.40001
1.4
1.40001
1.40001
1.4
1.40001
1.40001
1.40001
1.4
1.40001
1.4
1.40001
1.4
1.40001
1.4
1.40001
1.40001
1.4
1.40001
1.4
1.40001
1.4
1.40001
1.4
1.40001
1.4
1.40001
1.40001
1.4
1.40001
1.40001
1.40001
1.40001
1.40001
1.40001
1.40001
1.40001
1.40001
1.40001
1.40001
1.40001
1.4
1.4
1.39998
1.39997
1.39995
1.39994
1.39993
1.39993
1.39996
1.4
1.40008
1.4002
1.40035
1.40055
1.40078
1.40104
1.40131
1.40159
1.40187
1.40212
1.40233
1.4025
1.40262
1.40269
1.40269
1.40264
1.40253
1.40238
1.4022
1.40199
1.40176
1.40154
1.40132
1.40111
1.40092
1.40074
1.40059
1.40046
1.40036
1.40027
1.4002
1.40014
1.4001
1.40007
1.40004
1.40003
1.40002
1.40001
1.40001
1.4
1.4
1.4
1.4
1.4
1.4
1.4
1.4
1.4
1.4
1.4
1.40001
1.4
1.40001
1.40001
1.40001
1.4
1.40001
1.4
1.40001
1.40001
1.4
1.40001
1.4
1.40001
1.4
1.4
1.40001
1.4
1.40001
1.4
1.40001
1.4
1.40001
1.4
1.40001
1.40001
1.4
1.40001
1.40001
1.40001
1.40001
1.40001
1.40001
1.40001
1.40001
1.40001
1.40001
1.40001
1.40001
1.40001
1.4
1.4
1.39998
1.39997
1.39996
1.39995
1.39995
1.39998
1.40004
1.40014
1.40029
1.4005
1.40076
1.40108
1.40145
1.40185
1.40227
1.40269
1.40308
1.40344
1.40375
1.40398
1.40413
1.4042
1.40418
1.40408
1.4039
1.40365
1.40335
1.40302
1.40267
1.40231
1.40197
1.40164
1.40135
1.40108
1.40085
1.40066
1.4005
1.40037
1.40027
1.40019
1.40013
1.40009
1.40005
1.40003
1.40002
1.40001
1.40001
1.4
1.4
1.4
1.4
1.4
1.4
1.4
1.4
1.4
1.4
1.4
1.4
1.40001
1.4
1.4
1.40001
1.4
1.40001
1.40001
1.40001
1.4
1.40001
1.4
1.40001
1.4
1.40001
1.4
1.40001
1.40001
1.4
1.40001
1.4
1.40001
1.40001
1.40001
1.40001
1.4
1.40001
1.4
1.40001
1.40001
1.40001
1.40001
1.40001
1.40001
1.40001
1.40001
1.40002
1.40002
1.40002
1.40002
1.40001
1.4
1.39999
1.39998
1.39997
1.39998
1.40001
1.40008
1.4002
1.40039
1.40065
1.401
1.40143
1.40194
1.4025
1.4031
1.40372
1.40433
1.4049
1.4054
1.40582
1.40613
1.40633
1.4064
1.40635
1.40617
1.40589
1.40551
1.40505
1.40454
1.40401
1.40346
1.40293
1.40244
1.40199
1.40159
1.40124
1.40096
1.40072
1.40053
1.40038
1.40026
1.40018
1.40012
1.40007
1.40004
1.40002
1.40001
1.4
1.4
1.4
1.4
1.4
1.4
1.4
1.4
1.4
1.4
1.4
1.4
1.40001
1.4
1.40001
1.4
1.40001
1.4
1.40001
1.40001
1.4
1.40001
1.4
1.40001
1.4
1.40001
1.4
1.40001
1.4
1.40001
1.40001
1.4
1.40001
1.4
1.40001
1.4
1.40001
1.40001
1.4
1.40001
1.40001
1.40001
1.40001
1.40001
1.40001
1.40001
1.40001
1.40002
1.40002
1.40002
1.40002
1.40002
1.40002
1.40001
1.4
1.39999
1.4
1.40004
1.40012
1.40026
1.40049
1.40082
1.40126
1.40182
1.40249
1.40325
1.40409
1.40497
1.40585
1.4067
1.40749
1.40818
1.40874
1.40915
1.4094
1.40948
1.40938
1.40912
1.4087
1.40815
1.40748
1.40674
1.40594
1.40514
1.40435
1.40361
1.40293
1.40233
1.40182
1.40139
1.40104
1.40076
1.40054
1.40037
1.40025
1.40016
1.4001
1.40005
1.40003
1.40001
1.4
1.4
1.4
1.4
1.4
1.4
1.4
1.4
1.4
1.4
1.4
1.4
1.4
1.40001
1.4
1.40001
1.4
1.40001
1.4
1.40001
1.40001
1.4
1.40001
1.4
1.40001
1.4
1.40001
1.4
1.40001
1.4
1.40001
1.40001
1.4
1.40001
1.4
1.4
1.40001
1.4
1.40001
1.4
1.40001
1.40001
1.40001
1.40001
1.40001
1.40002
1.40002
1.40002
1.40003
1.40003
1.40004
1.40003
1.40003
1.40002
1.40002
1.40003
1.40007
1.40016
1.40032
1.40058
1.40097
1.40151
1.40221
1.40307
1.40407
1.40519
1.40639
1.40763
1.40885
1.41001
1.41106
1.41196
1.41269
1.41321
1.41351
1.41359
1.41345
1.41308
1.4125
1.41174
1.41083
1.40979
1.40867
1.40752
1.40638
1.4053
1.40431
1.40343
1.40267
1.40203
1.40151
1.4011
1.40078
1.40053
1.40035
1.40022
1.40013
1.40007
1.40003
1.40001
1.4
1.39999
1.39999
1.39999
1.39999
1.39999
1.4
1.4
1.4
1.4
1.4
1.4
1.4
1.4
1.40001
1.4
1.40001
1.40001
1.4
1.40001
1.4
1.40001
1.4
1.40001
1.4
1.40001
1.4
1.40001
1.4
1.40001
1.40001
1.40001
1.4
1.40001
1.40001
1.4
1.4
1.40001
1.40001
1.40001
1.40001
1.40001
1.40001
1.40001
1.40001
1.40002
1.40003
1.40003
1.40004
1.40004
1.40005
1.40005
1.40005
1.40005
1.40006
1.40011
1.4002
1.40037
1.40066
1.40111
1.40174
1.40259
1.40365
1.40491
1.40636
1.40794
1.4096
1.41127
1.41288
1.41439
1.41573
1.41686
1.41776
1.41839
1.41875
1.41883
1.41863
1.41815
1.41742
1.41644
1.41524
1.41387
1.41236
1.41079
1.40921
1.40769
1.40628
1.405
1.4039
1.40297
1.4022
1.4016
1.40112
1.40077
1.40051
1.40032
1.40019
1.4001
1.40005
1.40001
1.4
1.39999
1.39999
1.39999
)
;

boundaryField
{
    emptyPatches_empt
    {
        type            empty;
    }
    top_cyc
    {
        type            cyclic;
    }
    bottom_cyc
    {
        type            cyclic;
    }
    inlet_cyc
    {
        type            cyclic;
    }
    outlet_cyc
    {
        type            cyclic;
    }
}


// ************************************************************************* //
