/*--------------------------------*- C++ -*----------------------------------*\
  =========                 |
  \\      /  F ield         | OpenFOAM: The Open Source CFD Toolbox
   \\    /   O peration     | Website:  https://openfoam.org
    \\  /    A nd           | Version:  6
     \\/     M anipulation  |
\*---------------------------------------------------------------------------*/
FoamFile
{
    version     2.0;
    format      ascii;
    class       surfaceScalarField;
    location    "2.6";
    object      meshPhi;
}
// * * * * * * * * * * * * * * * * * * * * * * * * * * * * * * * * * * * * * //

dimensions      [0 3 -1 0 0 0 0];

internalField   nonuniform List<scalar> 
8193
(
0.00379851
-0.00136007
-0.00131936
0.00624417
-0.00252042
0.0085496
-0.00350122
0.0106143
-0.00428719
0.0123514
-0.00487443
0.0136934
-0.00526873
0.014596
-0.0054835
0.0150393
-0.0055375
0.0150281
-0.00545263
0.0145891
-0.0052519
0.0137681
-0.00495778
0.0126257
-0.0045909
0.0112324
-0.00416926
0.00966438
-0.00370773
0.00799862
-0.00321795
0.00630923
-0.00270848
0.004664
-0.00218513
0.00312174
-0.00165144
0.00173027
-0.00110913
0.000525134
-0.000558727
-0.000471137
-5.01134e-18
-0.00124921
0.000567461
-0.00181256
0.00114377
-0.00217665
0.00172822
-0.00236753
0.0023188
-0.00241992
0.00291167
-0.00237485
0.00350065
-0.00227662
0.00407673
-0.00216936
0.00462769
-0.0020932
0.00513781
-0.00208014
0.0055878
-0.00214999
0.00595505
-0.0023067
0.00621419
-0.00253529
0.00633808
-0.00280008
0.00629925
-0.00304434
0.00607173
-0.00319198
0.00563329
-0.00315128
0.00496778
-0.0028209
0.00406764
-0.00209786
0.00293611
0.00158904
-0.00088723
0.0147901
-0.00460199
-0.00712471
0.0221089
-0.00688197
0.0287938
-0.00865991
0.0345904
-0.00992184
0.0392925
-0.0106854
0.0427533
-0.0109937
0.044891
-0.0109082
0.04569
-0.0105014
0.0451973
-0.0098499
0.0435151
-0.00902824
0.0407912
-0.00810411
0.0372072
-0.00713502
0.0329663
-0.00616625
0.0282816
-0.00523011
0.0233648
-0.00434623
0.0184168
-0.00352269
0.0136193
-0.00275755
0.00912912
-0.00204078
0.00507309
-0.00135622
0.0015455
-0.000683519
-0.00139353
9.78003e-18
-0.0037182
0.00071759
-0.00543597
0.00149137
-0.00658544
0.00234065
-0.00723291
0.00328018
-0.0074678
0.00431835
-0.00739681
0.00545531
-0.00713676
0.00668116
-0.00680611
0.00797416
-0.00651558
0.00929944
-0.00635792
0.0106082
-0.0063976
0.0118377
-0.00666105
0.0129125
-0.00712834
0.0137471
-0.00772735
0.0142498
-0.00833127
0.0143281
-0.0087606
0.0138954
-0.00879
0.012879
-0.00816052
0.0112277
-0.00659703
0.00891946
0.00596852
-0.0038301
0.0323308
-0.00979758
-0.0196996
0.0439765
-0.0128577
0.0542463
-0.015011
0.0628164
-0.0162721
0.0694466
-0.0167081
0.073989
-0.0164268
0.0763915
-0.0155631
0.0766947
-0.014265
0.0750234
-0.012682
0.0715741
-0.0109536
0.0666002
-0.00920151
0.0603947
-0.00752429
0.0532734
-0.00599434
0.0455589
-0.00465735
0.0375659
-0.00353362
0.0295886
-0.00262072
0.0218906
-0.00189688
0.0146975
-0.00132498
0.00819086
-0.000856404
0.00250567
-0.00043488
-0.00227173
0
-0.00610327
0.000509464
-0.00899757
0.0011524
-0.0110068
0.0019822
-0.0122225
0.00304351
-0.012769
0.00436876
-0.0127967
0.00597456
-0.0124719
0.00785796
-0.0119666
0.00999289
-0.0114456
0.0123272
-0.0110534
0.0147804
-0.0108999
0.0172434
-0.011047
0.0195799
-0.0114967
0.0216301
-0.012181
0.0232174
-0.0129572
0.0241579
-0.0136069
0.0242724
-0.0138422
0.0234001
-0.0133177
0.0214136
-0.0116497
0.0182335
0.0138418
-0.00844175
0.0564483
-0.0165549
-0.0396076
0.0714443
-0.0198427
0.0841886
-0.0218107
0.0943713
-0.0225271
0.101792
-0.0221301
0.106363
-0.0208092
0.10811
-0.018785
0.107161
-0.0162901
0.103735
-0.0135508
0.0981259
-0.0107726
0.090684
-0.00812941
0.0817953
-0.00575636
0.0718628
-0.0037466
0.0612889
-0.00215145
0.0504595
-0.000983079
0.0397307
-0.000219128
0.0294188
0.000191661
0.0197922
0.000323309
0.0110663
0.000266528
0.00340076
0.000122981
-0.00310153
-3.44659e-22
-0.00839399
5.71456e-06
-0.012484
0.000244418
-0.0154296
0.000811961
-0.0173341
0.00179095
-0.0183402
0.0032456
-0.0186213
0.00521623
-0.0183721
0.00771353
-0.0177968
0.010713
-0.0170957
0.0141498
-0.0164509
0.0179155
-0.0160106
0.0218561
-0.0158744
0.0257733
-0.0160787
0.0294298
-0.0165854
0.0325579
-0.0172736
0.0348722
-0.0179368
0.0360869
-0.0182854
0.0359353
-0.0179563
0.0341917
-0.0165292
0.0306933
0.0253607
-0.0135494
0.0865598
-0.0240737
-0.0667318
0.1036
-0.0269425
0.117506
-0.0281379
0.128049
-0.0277982
0.135121
-0.0261427
0.138737
-0.023447
0.139022
-0.020018
0.136205
-0.0161686
0.130599
-0.012196
0.122585
-0.00836365
0.112593
-0.00488829
0.101075
-0.00193195
0.0884962
0.00040099
0.0753075
0.00206276
0.0619365
0.00305777
0.0487732
0.00343597
0.0361605
0.00328497
0.0243876
0.00272168
0.0136859
0.00188418
0.00422665
0.000924152
-0.00387906
1.04511e-14
-0.0105793
-0.000729455
-0.0158786
-0.0011109
-0.0198343
-0.00100243
-0.0225511
-0.000279741
-0.0241754
0.00115715
-0.0248866
0.00337667
-0.0248885
0.00640803
-0.0243977
0.0102336
-0.0236307
0.0147819
-0.0227905
0.0199223
-0.0220511
0.0254624
-0.021543
0.0311484
-0.0213386
0.036671
-0.0214401
0.0416752
-0.0217702
0.0457769
-0.0221671
0.048583
-0.0223841
0.049717
-0.0220956
0.0488463
-0.0209092
0.0457105
0.0401483
-0.0183829
0.121463
-0.031272
-0.100194
0.139057
-0.0331056
0.152748
-0.0330207
0.162428
-0.0312299
0.168113
-0.0280317
0.169932
-0.0237814
0.168118
-0.0188617
0.162993
-0.0136538
0.154952
-0.00851212
0.144444
-0.00374432
0.13195
0.000403073
0.117969
0.00375292
0.102992
0.00620005
0.0874964
0.00770889
0.0719227
0.00830741
0.0566704
0.00807845
0.0420877
0.00714981
0.0284667
0.00568381
0.01604
0.0038674
0.00498003
0.00190295
-0.00460075
9.89964e-15
-0.0126478
-0.00163217
-0.0191615
-0.00279156
-0.0241938
-0.00329043
-0.0278427
-0.00296263
-0.0302465
-0.00167159
-0.0315771
0.000680882
-0.0320309
0.00414524
-0.0318193
0.00871478
-0.0311573
0.0143169
-0.0302513
0.0208059
-0.0292858
0.0279595
-0.0284098
0.0354784
-0.0277241
0.0429921
-0.0272702
0.0500702
-0.0270205
0.0562407
-0.0268732
0.0610135
-0.0266498
0.0639097
-0.0260984
0.0644938
-0.0249011
0.0624069
0.0573987
-0.022686
0.159404
-0.0369595
-0.138373
0.176051
-0.0372804
0.188229
-0.0355692
0.195969
-0.0321063
0.199413
-0.0272577
0.1988
-0.021444
0.194456
-0.015107
0.186781
-0.00867844
0.176227
-0.00255318
0.163286
0.00293278
0.148467
0.00751712
0.132282
0.0110195
0.11523
0.0133432
0.0977838
0.0144719
0.0803777
0.014462
0.0634003
0.0134319
0.0471879
0.0115505
0.0320212
0.0090251
0.0181229
0.00608996
0.00565841
0.00299568
-0.00526342
1.10291e-20
-0.0145877
-0.00264062
-0.0223103
-0.00467881
-0.0284743
-0.00588404
-0.0331648
-0.00605087
-0.0365043
-0.00500799
-0.0386459
-0.00262818
-0.0397662
0.0011609
-0.0400571
0.00636583
-0.0397166
0.0129171
-0.0389384
0.0206607
-0.0379013
0.0293532
-0.036758
0.038661
-0.0356247
0.0481659
-0.034572
0.0573773
-0.0336167
0.0657517
-0.0327167
0.0727185
-0.0317692
0.0777124
-0.0306108
0.0802084
-0.0290228
0.0797594
0.0760315
-0.0267384
0.198208
-0.0400304
-0.179018
0.212565
-0.0385724
0.222148
-0.0350977
0.227116
-0.0299399
0.227718
-0.0235163
0.224284
-0.0162933
0.217211
-0.00875258
0.206947
-0.00135781
0.193976
0.00547344
0.178805
0.0113921
0.161945
0.0161329
0.143898
0.0195223
0.125148
0.0214796
0.106143
0.0220123
0.0872943
0.0212074
0.0689634
0.0192192
0.0514625
0.0162562
0.0350504
0.0125679
0.0199321
0.00843185
0.00626006
0.00414228
-0.00586426
1.10291e-20
-0.0163873
-0.00369669
-0.0253005
-0.00666033
-0.0326358
-0.00862268
-0.0384621
-0.00934359
-0.0428799
-0.00862073
-0.0460165
-0.00630054
-0.0480198
-0.00229001
-0.0490515
0.00343125
-0.0492802
0.0107995
-0.0488736
0.0196576
-0.0479902
0.0297488
-0.0467712
0.0407159
-0.0453329
0.0521065
-0.0437603
0.0633857
-0.042101
0.0739568
-0.0403618
0.0831882
-0.0385073
0.0904481
-0.0364601
0.0951416
-0.0341038
0.0967508
0.094872
-0.0312872
0.235472
-0.0396435
-0.219453
0.246506
-0.0363794
0.252731
-0.0312196
0.254406
-0.0245345
0.251862
-0.0167732
0.245487
-0.00842931
0.235716
-5.31392e-06
0.223019
0.00802065
0.207884
0.0152237
0.190808
0.021255
0.172281
0.0258564
0.152777
0.0288689
0.132743
0.0302323
0.112593
0.0299804
0.0926963
0.0282307
0.0733812
0.0251716
0.0549261
0.0210478
0.0375612
0.0161462
0.0214686
0.0107822
0.00678401
0.00528769
-0.0064009
-4.21556e-15
-0.0180354
-0.00474725
-0.0281063
-0.00863307
-0.0366341
-0.0113578
-0.0436692
-0.0126522
-0.0492875
-0.0122882
-0.0535861
-0.0100899
-0.0566784
-0.00594636
-0.0586893
0.000175564
-0.0597497
0.00821898
-0.0599911
0.0180268
-0.0595401
0.0293351
-0.0585133
0.0417721
-0.0570124
0.0548631
-0.0551205
0.0680439
-0.0528989
0.0806814
-0.0503861
0.092103
-0.047597
0.101631
-0.0445239
0.108621
-0.041139
0.112505
0.112828
-0.037397
0.268785
-0.0353606
-0.256839
0.275874
-0.030484
0.278365
-0.0239041
0.276579
-0.0160116
0.27089
-0.0072705
0.261714
0.00181545
0.249494
0.0107387
0.234694
0.0190212
0.217781
0.026243
0.199222
0.0320651
0.179469
0.0362441
0.158951
0.03864
0.138069
0.0392156
0.117189
0.0380307
0.0966355
0.0352317
0.076694
0.0310373
0.0576051
0.0257236
0.0395671
0.0196095
0.0227363
0.0130418
0.00723003
0.00638297
-0.00687145
1.82641e-17
-0.019521
-0.00574535
-0.0307015
-0.0105056
-0.040422
-0.0139564
-0.0487139
-0.015806
-0.0556277
-0.0158062
-0.0612289
-0.0137638
-0.0655943
-0.00955367
-0.0688084
-0.00313229
-0.0709598
0.00544974
-0.0721378
0.0160371
-0.0724295
0.0283628
-0.0719167
0.042047
-0.0706745
0.0566024
-0.0687698
0.0714476
-0.066261
0.0859285
-0.0631988
0.0993477
-0.0596272
0.111
-0.0555858
0.120213
-0.0511117
0.126388
0.129036
-0.0462415
0.295959
-0.0272227
-0.288469
0.298947
-0.0210929
0.297731
-0.0134868
0.29266
-0.00480197
0.284118
0.00449583
0.272516
0.013906
0.258281
0.022928
0.241846
0.0310942
0.223643
0.0379984
0.204091
0.043318
0.183592
0.0468288
0.162522
0.0484116
0.141228
0.0480524
0.120025
0.0458356
0.0991883
0.0419327
0.0789581
0.0365884
0.059536
0.030105
0.0410872
0.0228266
0.0237421
0.0151249
0.00759858
0.00738626
-0.00727448
-3.76244e-15
-0.0208342
-0.00665104
-0.0330601
-0.0121999
-0.0439504
-0.0163043
-0.0535189
-0.0186567
-0.0617911
-0.0189945
-0.0688017
-0.0171126
-0.0745912
-0.0128761
-0.0792038
-0.00623423
-0.0826846
0.00276697
-0.0850787
0.013974
-0.0864295
0.0271192
-0.0867786
0.041819
-0.0861662
0.0575805
-0.0846323
0.0738142
-0.0822185
0.0898567
-0.0789709
0.105
-0.0749424
0.118526
-0.0701963
0.129751
-0.0648082
0.138059
0.142949
-0.0588678
0.31524
-0.0157543
-0.312055
0.314421
-0.0088169
0.309905
-0.000634228
0.302033
0.00839878
0.291173
0.0178242
0.277708
0.0271536
0.262031
0.0359017
0.244529
0.0436183
0.225586
0.0499162
0.205565
0.0544931
0.184813
0.0571453
0.16365
0.0577753
0.142367
0.0563905
0.121225
0.0530969
0.100452
0.0480872
0.0802436
0.0416273
0.0607637
0.0340394
0.0421458
0.0256873
0.0244949
0.0169608
0.00789077
0.0082633
-0.00760909
-3.56413e-15
-0.0219661
-0.00743195
-0.0351571
-0.0136526
-0.0471709
-0.0183085
-0.0580049
-0.021082
-0.0676622
-0.0217022
-0.0761489
-0.0199571
-0.0834717
-0.0157069
-0.0896367
-0.00889708
-0.0946478
0.000428584
-0.0985065
0.0121174
-0.101213
0.0259015
-0.102766
0.0413965
-0.103169
0.0581079
-0.102428
0.0754451
-0.100558
0.0927433
-0.0975882
0.109294
-0.0935654
0.124378
-0.0885563
0.13731
-0.0826517
0.147475
0.154366
-0.0759674
0.325475
-0.00189353
-0.325969
0.321532
0.00540417
0.314428
0.0137319
0.304476
0.0227037
0.292011
0.0318757
0.277375
0.0407775
0.260914
0.0489441
0.242965
0.0559469
0.223856
0.0614205
0.203895
0.0650844
0.183371
0.066756
0.16255
0.0663578
0.141668
0.0639167
0.120937
0.0595566
0.10054
0.0534875
0.0806311
0.045991
0.06134
0.0374043
0.0427709
0.0281047
0.0250059
0.0184944
0.00810832
0.00898786
-0.0078749
-6.2635e-15
-0.0229093
-0.00806363
-0.0369696
-0.0148161
-0.0500366
-0.0198982
-0.0620936
-0.0229879
-0.073124
-0.0238114
-0.0831089
-0.0221549
-0.0920252
-0.0178774
-0.0998448
-0.0109247
-0.106534
-0.00134101
-0.112056
0.0107201
-0.116369
0.0249902
-0.119433
0.0410852
-0.121212
0.0585116
-0.121677
0.0766816
-0.120815
0.0949346
-0.118631
0.112568
-0.115152
0.12887
-0.110438
0.143162
-0.104577
0.154836
0.16339
-0.0976898
0.326218
0.0131354
-0.329409
0.320108
0.0204184
0.311332
0.0285399
0.300168
0.037127
0.286911
0.0457544
0.271855
0.053973
0.255298
0.0613413
0.237525
0.0674544
0.21881
0.0719703
0.19941
0.0746302
0.17956
0.0752722
0.159473
0.0738371
0.13934
0.0703682
0.119328
0.0650045
0.0995773
0.0579688
0.0802091
0.0495543
0.0613215
0.040108
0.0429937
0.0300156
0.0252881
0.0196868
0.00825348
0.00954175
-0.00807212
6.4331e-15
-0.023658
-0.0085296
-0.0384773
-0.0156581
-0.0525041
-0.0210255
-0.0657101
-0.0243104
-0.0780621
-0.0252402
-0.0895203
-0.0236037
-0.100036
-0.0192631
-0.109553
-0.0121675
-0.118005
-0.00236451
-0.12532
0.00998969
-0.131423
0.024625
-0.136237
0.0411575
-0.139692
0.0590963
-0.141726
0.0778582
-0.142296
0.0967904
-0.14138
0.1152
-0.138986
0.132387
-0.135155
0.147687
-0.129964
0.160502
0.170342
-0.123527
0.317761
0.0279894
-0.322472
0.310572
0.0350049
0.301126
0.0426889
0.289666
0.0506856
0.276443
0.0585908
0.26171
0.0659798
0.245717
0.072436
0.228704
0.0775798
0.210897
0.0810929
0.192504
0.0827382
0.173716
0.0823731
0.154702
0.0799552
0.135612
0.075542
0.116574
0.0692839
0.0976971
0.0614134
0.0790706
0.0522312
0.0607679
0.0420903
0.0428475
0.0313807
0.0253556
0.0205148
0.00832902
0.00991463
-0.00820148
0
-0.0242082
-0.00882111
-0.0396632
-0.0161618
-0.054535
-0.0216655
-0.0687858
-0.0250149
-0.0823692
-0.025943
-0.0952281
-0.0242445
-0.107294
-0.0197882
-0.118485
-0.0125294
-0.128711
-0.00252188
-0.137872
0.0100737
-0.145862
0.0249844
-0.152575
0.0418259
-0.157911
0.0601098
-0.16178
0.0792591
-0.164112
0.09863
-0.16486
0.117542
-0.164011
0.13531
-0.161585
0.151284
-0.157643
0.164882
0.175626
-0.152287
0.301079
0.0413855
-0.30612
0.293888
0.0480206
0.284742
0.0551695
0.273847
0.0624962
0.261422
0.0696204
0.247682
0.0761434
0.232838
0.0816755
0.21709
0.0858628
0.200625
0.0884111
0.183612
0.0891048
0.166204
0.0878194
0.148535
0.0845278
0.130721
0.0792995
0.112861
0.0722942
0.0950349
0.0637511
0.0773104
0.0539753
0.0597404
0.0433224
0.042367
0.0321834
0.0252236
0.0209705
0.00833816
0.0101037
-0.00826431
5.79304e-15
-0.0245582
-0.00893674
-0.0405145
-0.016325
-0.0560971
-0.0218146
-0.0712608
-0.0250958
-0.0859485
-0.02591
-0.10009
-0.0240609
-0.113599
-0.0194265
-0.126377
-0.0119712
-0.138313
-0.00175671
-0.149283
0.0110497
-0.159159
0.026171
-0.167811
0.0432216
-0.175114
0.0617153
-0.180955
0.0810809
-0.185239
0.100685
-0.1879
0.119858
-0.188901
0.137934
-0.188244
0.154276
-0.185973
0.16832
0.179602
-0.18217
0.277715
-0.282041
0.271457
0.263435
0.253832
0.242838
0.230638
0.217411
0.203327
0.188539
0.173189
0.157398
0.141273
0.124905
0.108369
0.0917251
0.0750228
0.0583001
0.0415872
0.0249082
0.0082845
-0.0082625
-0.0247084
-0.0410228
-0.0571658
-0.073086
-0.0887178
-0.10398
-0.118774
-0.132988
-0.146492
-0.159146
-0.170804
-0.181315
-0.190536
-0.198332
-0.20459
-0.20922
-0.212168
-0.213415
-0.21298
-0.210928
-0.207438
-0.192924
-0.21245
-0.168128
-0.210809
-0.142277
-0.203101
-0.117163
-0.19034
-0.0942501
-0.173791
-0.0745597
-0.154786
-0.0586038
-0.134555
-0.046392
-0.114103
-0.0374985
-0.0941535
-0.031182
-0.0751604
-0.0265413
-0.057392
-0.0226844
-0.0410583
-0.0188894
-0.0264604
-0.0147347
-0.0141276
-0.0101817
-0.00490977
-0.00559879
-0.00172279
-0.21209
-0.174852
-0.216961
-0.153724
-0.215745
-0.131594
-0.208921
-0.10988
-0.197319
-0.0897648
-0.181998
-0.072113
-0.164092
-0.057416
-0.144686
-0.0457869
-0.124704
-0.0369956
-0.104854
-0.0305433
-0.0856226
-0.0257645
-0.0673146
-0.0219439
-0.0501432
-0.0184357
-0.0343402
-0.0147688
-0.0202712
-0.0107267
-0.00853124
-0.00639211
-0.00215068
-0.213311
-0.156918
-0.218155
-0.139128
-0.217475
-0.120387
-0.211643
-0.101806
-0.201326
-0.0843344
-0.187387
-0.0686941
-0.170779
-0.0553395
-0.152434
-0.0444438
-0.133183
-0.0359159
-0.113696
-0.0294431
-0.0944642
-0.0245555
-0.0758182
-0.0207045
-0.0579809
-0.0173464
-0.0411459
-0.0140236
-0.0255678
-0.0104323
-0.0116478
-0.00647211
-0.0022701
-0.211172
-0.139324
-0.21606
-0.124525
-0.215973
-0.10883
-0.211189
-0.0931027
-0.202224
-0.0780969
-0.18977
-0.064409
-0.174606
-0.0524453
-0.157518
-0.0424075
-0.139234
-0.0342977
-0.120368
-0.0279411
-0.101395
-0.0230244
-0.0826556
-0.019146
-0.064382
-0.015873
-0.0467499
-0.0127992
-0.0299434
-0.00959886
-0.0142252
-0.00607185
-0.00217405
-0.205879
-0.122268
-0.210841
-0.110108
-0.211359
-0.0971154
-0.207626
-0.0839556
-0.200028
-0.0712207
-0.189104
-0.0593966
-0.175476
-0.0488369
-0.159794
-0.0397491
-0.142675
-0.0321933
-0.124667
-0.0260923
-0.106212
-0.0212534
-0.0876466
-0.0173984
-0.0692061
-0.0142006
-0.0510589
-0.0113245
-0.0333483
-0.00846529
-0.0162449
-0.00538534
-0.00194337
-0.197758
-0.105934
-0.202786
-0.0960689
-0.203879
-0.0854442
-0.201154
-0.0745661
-0.194888
-0.0638951
-0.185487
-0.0538213
-0.173434
-0.0446448
-0.159251
-0.036564
-0.143452
-0.0296705
-0.126506
-0.0239526
-0.108814
-0.0193064
-0.0906921
-0.0155524
-0.0723735
-0.0124581
-0.0540228
-0.00976382
-0.0357617
-0.00720993
-0.0177048
-0.00456366
-0.00164348
-0.187221
-0.0904895
-0.192279
-0.0825927
-0.193881
-0.0740157
-0.192084
-0.06514
-0.187073
-0.0563195
-0.17914
-0.0478626
-0.168651
-0.0400185
-0.156011
-0.0329666
-0.141635
-0.0268115
-0.125915
-0.0215821
-0.1092
-0.0172366
-0.0917779
-0.0136706
-0.0738705
-0.01073
-0.0556383
-0.0082267
-0.0371928
-0.00595617
-0.0186184
-0.00371588
-0.00132337
-0.174734
-0.0760798
-0.179766
-0.0698468
-0.181788
-0.0630179
-0.180809
-0.0558774
-0.176942
-0.0486934
-0.170386
-0.0417063
-0.161404
-0.0351179
-0.150303
-0.0290843
-0.137405
-0.0237101
-0.123029
-0.0190466
-0.107467
-0.0150922
-0.0909718
-0.011797
-0.0737482
-0.00906808
-0.055949
-0.00677936
-0.0376805
-0.00478147
-0.0190135
-0.00291376
-0.00101652
-0.160788
-0.0628211
-0.165723
-0.0579751
-0.16806
-0.0526196
-0.167773
-0.0469633
-0.164916
-0.0412067
-0.159614
-0.0355337
-0.152048
-0.0301047
-0.142439
-0.0250505
-0.131029
-0.0204678
-0.118066
-0.0164168
-0.10379
-0.0129202
-0.0884124
-0.00996451
-0.0721152
-0.0075022
-0.0550402
-0.00545666
-0.0372896
-0.00372768
-0.0189299
-0.00219843
-0.000743066
-0.145862
-0.0507996
-0.150623
-0.047094
-0.153165
-0.0429639
-0.153433
-0.0385605
-0.151439
-0.0340312
-0.147251
-0.0295144
-0.140983
-0.0251344
-0.132785
-0.0209976
-0.122832
-0.0171883
-0.111311
-0.0137669
-0.0984063
-0.0107682
-0.0842933
-0.0082011
-0.0691258
-0.00604915
-0.0530311
-0.0042727
-0.0361061
-0.00281143
-0.0184166
-0.00158805
-0.000512619
-0.130398
-0.0400701
-0.134912
-0.037289
-0.137547
-0.0341647
-0.138233
-0.0308047
-0.136951
-0.0273155
-0.133725
-0.023799
-0.12862
-0.0203497
-0.121729
-0.0170511
-0.11317
-0.0139734
-0.103078
-0.0111718
-0.0915903
-0.00868473
-0.078844
-0.00653288
-0.0649653
-0.0047193
-0.0500643
-0.00322968
-0.0342303
-0.0020334
-0.0175286
-0.0010852
-0.000327302
-0.114781
-0.0306579
-0.118979
-0.0286159
-0.121603
-0.0263058
-0.122576
-0.0238025
-0.121857
-0.0211813
-0.119442
-0.0185158
-0.115356
-0.0158756
-0.109651
-0.0133243
-0.1024
-0.0109182
-0.0936936
-0.00870392
-0.0836295
-0.00671815
-0.07231
-0.00498608
-0.0598346
-0.00352107
-0.0462949
-0.00232448
-0.0317702
-0.00138582
-0.0163236
-0.000683242
-0.0001845
-0.0993232
-0.0225621
-0.103145
-0.0211025
-0.105665
-0.0194419
-0.106804
-0.0176315
-0.10651
-0.015723
-0.104759
-0.0137682
-0.101549
-0.0118168
-0.0969015
-0.00991575
-0.0908566
-0.00810779
-0.0834689
-0.00643054
-0.0748041
-0.00491551
-0.0649345
-0.00358739
-0.0539351
-0.00246344
-0.0418791
-0.00155313
-0.028834
-0.000857935
-0.0148586
-0.000371359
-7.9158e-05
-0.0842581
-0.0157611
-0.0876543
-0.0147532
-0.0899892
-0.0136025
-0.0911871
-0.0123429
-0.0911922
-0.011009
-0.0899682
-0.00963559
-0.0874977
-0.00825718
-0.0837805
-0.00690684
-0.0788321
-0.00561563
-0.0726818
-0.00441194
-0.0653693
-0.00332085
-0.0569429
-0.00236356
-0.0474562
-0.00155698
-0.036965
-0.000913256
-0.0255247
-0.000439603
-0.0131875
-0.000138067
-5.48537e-06
-0.0697375
-0.010219
-0.0726684
-0.00955502
-0.0747513
-0.00879706
-0.0759171
-0.00796637
-0.0761111
-0.00708507
-0.0752928
-0.00617573
-0.0734357
-0.0052609
-0.070527
-0.00436271
-0.0665662
-0.00350243
-0.0615645
-0.00270006
-0.0555429
-0.00197399
-0.048531
-0.00134056
-0.0405648
-0.000813804
-0.031685
-0.000405146
-0.021935
-0.000123149
-0.011359
2.66615e-05
4.19343e-05
-0.0558374
-0.00589243
-0.0582731
-0.00548437
-0.0600497
-0.00502106
-0.0611077
-0.00451511
-0.0613975
-0.00397972
-0.0608796
-0.0034285
-0.0595249
-0.0028752
-0.0573142
-0.00233354
-0.0542381
-0.00181693
-0.0502966
-0.00133828
-0.0454979
-0.000909782
-0.039858
-0.000542671
-0.0333997
-0.000247058
-0.0261509
-3.17384e-05
-0.0181442
9.59737e-05
-0.00941483
0.000130383
6.75369e-05
-0.042566
-0.00273794
-0.0444843
-0.00251367
-0.0459122
-0.00226291
-0.0468014
-0.00199239
-0.0471107
-0.00170915
-0.0468056
-0.00142054
-0.0458588
-0.00113401
-0.0442502
-0.000857115
-0.041967
-0.000597305
-0.0390033
-0.000361881
-0.03536
-0.000157862
-0.0310441
8.11627e-06
-0.0260687
0.000129907
-0.0204519
0.000201946
-0.0142166
0.000219347
-0.0073894
0.000177981
7.45583e-05
-0.0298746
-0.000718365
-0.0312591
-0.000618136
-0.0323056
-0.000510214
-0.0329786
-0.000397512
-0.0332472
-0.000283105
-0.0330849
-0.000170183
-0.0324696
-6.20196e-05
-0.0313843
3.80743e-05
-0.0298168
0.000126791
-0.0277597
0.000200869
-0.0252106
0.000257136
-0.0221716
0.000292555
-0.0186492
0.000304261
-0.0146544
0.000289606
-0.0102019
0.0002462
-0.00530995
0.000171943
6.50669e-05
-0.0176701
0.000191373
-0.0185084
0.000218569
-0.019149
0.00024462
-0.0195703
0.000268757
-0.0197532
0.000290183
-0.0196808
0.000308073
-0.019339
0.000321587
-0.0187165
0.000329881
-0.0178046
0.000332113
-0.0165976
0.000327457
-0.0150928
0.000315111
-0.0132901
0.000294304
-0.0111925
0.000264314
-0.00880526
0.00022447
-0.0061367
0.000174167
-0.00319734
0.000112869
4.01274e-05
-0.0058286
1.20903e-18
-0.00611035
9.58788e-19
-0.00632721
1.0276e-18
-0.00647189
9.99954e-19
-0.00653787
7.78326e-19
-0.00651939
7.40782e-19
-0.00641155
7.04962e-19
-0.00621035
5.28374e-19
-0.00591267
3.67603e-19
-0.00551639
2.62247e-19
-0.0050203
1.48225e-19
-0.00442418
1.48986e-19
-0.00372873
1.85171e-19
-0.00293561
1.29793e-19
-0.00204737
6.62747e-20
-0.00106742
2.65662e-20
5.31615e-21
0.00579165
-0.00130283
0.00607561
-0.00128585
0.00629497
-0.00125757
0.00644238
-0.00121853
0.00651126
-0.00116933
0.0064958
-0.00111064
0.00639104
-0.00104314
0.00619291
-0.00096759
0.00589825
-0.000884765
0.00550485
-0.000795462
0.00501146
-0.000700487
0.00441779
-0.000600651
0.00372448
-0.000496753
0.00293313
-0.000389575
0.00204623
-0.00027987
0.00106712
-0.000168353
-5.56917e-05
0.0173368
-0.00374744
0.0181951
-0.00366743
0.0188583
-0.00355438
0.0193043
-0.00341075
0.0195133
-0.00323924
0.0194682
-0.00304274
0.0191542
-0.00282428
0.0185594
-0.00258701
0.0176746
-0.00233417
0.0164937
-0.002069
0.0150133
-0.00179476
0.0132327
-0.00151462
0.0111543
-0.00123168
0.00878299
-0.000948875
0.00612646
-0.000668981
0.00319469
-0.000394544
-0.00012786
0.0289444
-0.00738316
0.0303851
-0.00718866
0.0314947
-0.00692847
0.0322368
-0.00660867
0.0325788
-0.00623582
0.0324926
-0.00581683
0.031955
-0.00535895
0.0309471
-0.00486956
0.0294554
-0.00435614
0.027471
-0.00382612
0.0249897
-0.00328676
0.0220121
-0.00274512
0.0185433
-0.00220784
0.0145927
-0.00168114
0.0101736
-0.00117069
0.00530263
-0.000681518
-0.00021793
0.040731
-0.0122755
0.0427606
-0.0119059
0.0443139
-0.0114267
0.0453399
-0.0108495
0.0457945
-0.0101869
0.0456403
-0.00945237
0.044847
-0.00865932
0.0433915
-0.00782157
0.0412579
-0.00695277
0.0384372
-0.00606629
0.0349272
-0.00517497
0.0307321
-0.00429091
0.0258617
-0.00342528
0.0203315
-0.00258813
0.0141614
-0.00178822
0.00737516
-0.00103288
-0.00032788
0.0527793
-0.0185013
0.0554019
-0.0178835
0.057389
-0.0170998
0.0586765
-0.0161707
0.0592098
-0.0151178
0.0589446
-0.0139635
0.0578465
-0.0127304
0.0558914
-0.0114411
0.0530646
-0.0101176
0.049361
-0.00878103
0.0447837
-0.007451
0.0393439
-0.00614558
0.0330593
-0.00488074
0.0259533
-0.00367012
0.0180536
-0.00252479
0.00939155
-0.00145307
-0.000460307
0.0651266
-0.0261432
0.0683419
-0.0251872
0.070745
-0.0239967
0.0722596
-0.0226046
0.0728235
-0.0210453
0.0723883
-0.0193539
0.0709198
-0.0175655
0.0683972
-0.0157143
0.0648124
-0.0138328
0.0601687
-0.0119516
0.0544795
-0.0100982
0.047767
-0.00829673
0.04006
-0.00656733
0.0313925
-0.00492591
0.0218014
-0.00338377
0.0113247
-0.0019474
-0.000618443
0.0777539
-0.0352816
0.0815555
-0.0338772
0.0843469
-0.0321567
0.0860417
-0.0301707
0.0865729
-0.0279713
0.0858931
-0.0256109
0.0839735
-0.023141
0.0808026
-0.0206107
0.0763847
-0.0180656
0.0707381
-0.015547
0.0638919
-0.0130904
0.0558841
-0.0107253
0.0467585
-0.00847433
0.0365618
-0.00635281
0.025341
-0.00436858
0.0131406
-0.00252198
-0.000806031
0.0905765
-0.0459868
0.0949505
-0.0439998
0.0980917
-0.0416021
0.0999061
-0.0388687
0.100327
-0.035876
0.0993133
-0.0326994
0.0968486
-0.0294116
0.0929385
-0.0260801
0.0876073
-0.0227659
0.080895
-0.0195217
0.0728531
-0.0163905
0.0635405
-0.013405
0.0530196
-0.0105869
0.0413519
-0.00794627
0.0285947
-0.00548221
0.0147976
-0.00318299
-0.00102696
0.103438
-0.0583109
0.108362
-0.0555798
0.111803
-0.0523307
0.113663
-0.0486719
0.113882
-0.0447121
0.112433
-0.040557
0.10932
-0.036306
0.104574
-0.0320489
0.0982493
-0.0278639
0.0904155
-0.0238149
0.0811529
-0.0199503
0.0705468
-0.0163021
0.058681
-0.0128854
0.0456335
-0.00969891
0.0314713
-0.00672582
0.0162478
-0.00393528
-0.00128448
0.116108
-0.0722795
0.12155
-0.068613
0.12523
-0.064309
0.127051
-0.0595206
0.126965
-0.0543993
0.124969
-0.0490897
0.121098
-0.0437242
0.115421
-0.0384187
0.10803
-0.0332694
0.0990334
-0.02835
0.0885469
-0.02371
0.0766865
-0.0193744
0.0635603
-0.0153444
0.0492628
-0.0115986
0.0338701
-0.00809618
0.0174378
-0.00477978
-0.00158002
0.128284
-0.0878853
0.134206
-0.08306
0.138055
-0.0774668
0.139741
-0.0713183
0.13924
-0.0648216
0.136582
-0.0581701
0.131846
-0.0515365
0.12515
-0.045066
0.116633
-0.0388725
0.106454
-0.0330354
0.0947684
-0.0275987
0.0817275
-0.0225714
0.0674641
-0.0179307
0.0520888
-0.0136253
0.0356854
-0.00958159
0.0183113
-0.00570974
-0.00191129
0.139602
-0.105082
0.145961
-0.0988425
0.149902
-0.0916948
0.151354
-0.0839297
0.150325
-0.0758258
0.146892
-0.0676374
0.141192
-0.0595845
0.133402
-0.051844
0.123724
-0.0445449
0.112371
-0.0377656
0.0995473
-0.0315341
0.0854381
-0.0258319
0.0702017
-0.0205997
0.0539629
-0.0157457
0.0368124
-0.011156
0.0188115
-0.00670546
-0.00227004
0.149652
-0.123782
0.156401
-0.115841
0.160359
-0.106843
0.161479
-0.0971813
0.159813
-0.087224
0.155502
-0.0773003
0.148754
-0.0676847
0.13982
-0.0585862
0.128976
-0.0501435
0.116494
-0.042423
0.10263
-0.035423
0.0876052
-0.0290821
0.0715995
-0.0232907
0.0547497
-0.0179066
0.0371544
-0.0127712
0.0188844
-0.00772792
-0.00263923
0.157995
-0.143855
0.165094
-0.133895
0.169001
-0.122725
0.169699
-0.110865
0.167301
-0.0987978
0.162027
-0.0869422
0.154172
-0.0756338
0.144076
-0.0651117
0.132095
-0.0555141
0.11857
-0.0468801
0.103805
-0.03916
0.088054
-0.0322313
0.0715162
-0.0259201
0.0543383
-0.0200259
0.0366293
-0.0143481
0.0184819
-0.00871159
-0.00299014
0.164199
-0.165129
0.171618
-0.15281
0.175416
-0.13912
0.17562
-0.124744
0.172418
-0.110306
0.166124
-0.0963289
0.157136
-0.0832164
0.145898
-0.0712313
0.132853
-0.0604961
0.11841
-0.0510014
0.102921
-0.0426262
0.0866662
-0.0351669
0.0698578
-0.0283724
0.0526519
-0.0219825
0.0351764
-0.0157665
0.0175655
-0.00955728
-0.00327976
0.167862
-0.187393
0.175589
-0.172358
0.179245
-0.155784
0.17891
-0.138564
0.174861
-0.121492
0.167525
-0.105218
0.157421
-0.0902134
0.145104
-0.0767548
0.13111
-0.0649267
0.115916
-0.0546436
0.0999113
-0.0456855
0.0833961
-0.037747
0.0665884
-0.030491
0.0496563
-0.0236057
0.0327611
-0.016856
0.0161083
-0.0101262
-0.00344888
0.168648
-0.210406
0.176695
-0.192288
0.180206
-0.172456
0.179321
-0.152058
0.174422
-0.132097
0.166067
-0.113368
0.154909
-0.0964114
0.141623
-0.0814978
0.12684
-0.0686449
0.111095
-0.0576557
0.0948064
-0.0481805
0.07828
-0.0397922
0.0617366
-0.0320677
0.0453633
-0.0246648
0.0293781
-0.0173883
0.0140979
-0.0102362
-0.00342163
0.166318
-0.233898
0.174728
-0.212338
0.178127
-0.188872
0.176723
-0.164964
0.171018
-0.141872
0.161714
-0.120553
0.149613
-0.101612
0.135516
-0.0852883
0.120142
-0.0714937
0.104072
-0.0598774
0.087738
-0.0499263
0.0714394
-0.0410774
0.055397
-0.0328331
0.0398318
-0.0248615
0.0250522
-0.0170733
0.0115374
-0.00966252
-0.00310697
0.160755
-0.257579
0.169606
-0.232237
0.172968
-0.204771
0.171123
-0.177034
0.164703
-0.150585
0.154572
-0.126567
0.141689
-0.105638
0.12698
-0.0879712
0.111243
-0.0733217
0.0950872
-0.0611362
0.0789377
-0.0507045
0.0630748
-0.041323
0.0477234
-0.0324492
0.0331623
-0.0238263
0.019836
-0.0155611
0.00844591
-0.0081431
-0.00240258
0.151983
-0.281145
0.161387
-0.251721
0.164832
-0.219911
0.162672
-0.188042
0.15568
-0.158035
0.144893
-0.131237
0.131432
-0.108342
0.116346
-0.0894117
0.100492
-0.0739822
0.0844857
-0.0612427
0.0687216
-0.0502566
0.053452
-0.0401888
0.0389166
-0.0305064
0.0254885
-0.0211209
0.0138059
-0.0124501
0.00485814
-0.00539048
-0.00120153
-0.21025
0.107176
0.211823
-0.207275
0.117279
-0.203002
0.127352
-0.197542
0.136973
-0.191001
0.145688
-0.183482
0.153034
-0.175077
0.158575
-0.165869
0.161925
-0.155927
0.162772
-0.145311
0.1609
-0.134066
0.156202
-0.12223
0.148681
-0.109828
0.138449
-0.0968814
0.125725
-0.0834014
0.110814
-0.069396
0.0940995
-0.05487
0.0760207
-0.0398271
0.0570597
-0.0242722
0.0377236
-0.0082137
0.0185311
0.0083333
2.70874e-17
0.0253444
-0.0173642
0.0427828
-0.0330781
0.0605959
-0.0466908
0.0787128
-0.0577942
0.0970415
-0.0660342
0.115467
-0.071124
0.133851
-0.0728571
0.152031
-0.0711209
0.169823
-0.0659094
0.187024
-0.0573331
0.203416
-0.0456246
0.218773
-0.0311389
0.23287
-0.0143465
0.245488
0.00418117
0.256427
0.0237939
0.265511
0.0437912
0.272601
0.0634564
0.277596
0.0820932
0.280445
0.0990616
0.113812
-0.234115
0.096942
0.236569
-0.230069
0.107523
-0.224558
0.118192
-0.217715
0.128508
-0.209674
0.13799
-0.200563
0.146153
-0.190503
0.152535
-0.179607
0.156726
-0.167973
0.158394
-0.155687
0.157304
-0.142824
0.153333
-0.129446
0.146473
-0.115605
0.136828
-0.101341
0.124608
-0.0866862
0.110117
-0.0716661
0.093734
-0.0562993
0.0758986
-0.0406012
0.0570933
-0.0245855
0.0378273
-0.00826713
0.0186223
0.00833535
-6.0322e-15
0.0251964
-0.0175287
0.0422803
-0.0334743
0.0595382
-0.0473781
0.0769052
-0.0588231
0.0942971
-0.0674457
0.111609
-0.0729482
0.128715
-0.0751127
0.145466
-0.0738154
0.161693
-0.0690397
0.177208
-0.0608866
0.191811
-0.0495814
0.205294
-0.0354748
0.217448
-0.0190363
0.228074
-0.000840015
0.236988
0.0184567
0.244032
0.0381428
0.249084
0.0574879
0.252064
0.07578
0.252937
0.0923632
0.106673
-0.252398
0.0838513
0.254849
-0.248073
0.0948769
-0.242024
0.106121
-0.234412
0.117124
-0.225402
0.127386
-0.215156
0.1364
-0.203831
0.143679
-0.191574
0.148791
-0.178519
0.151384
-0.164791
0.151206
-0.150497
0.148116
-0.135733
0.142093
-0.120583
0.133232
-0.105117
0.121732
-0.0893908
0.107891
-0.0734534
0.0920828
-0.0573427
0.0747432
-0.0410896
0.056352
-0.0247203
0.0374167
-0.0082583
0.0184585
0.00827221
-6.16781e-15
0.0248435
-0.0174464
0.0414211
-0.033388
0.0579602
-0.0473619
0.074403
-0.0589456
0.0906755
-0.0677687
0.106686
-0.0735258
0.122322
-0.0759907
0.137454
-0.0750308
0.151931
-0.0706208
0.165585
-0.0628542
0.178239
-0.0519504
0.189705
-0.0382562
0.199797
-0.0222401
0.208334
-0.004479
0.215153
0.0143638
0.220114
0.033568
0.223113
0.0523908
0.224083
0.0701061
0.223006
0.0860436
0.0996257
-0.263499
0.0690678
0.264894
-0.259845
0.0803662
-0.254112
0.0920317
-0.246492
0.103592
-0.237184
0.114531
-0.226391
0.12432
-0.214308
0.132454
-0.201127
0.138479
-0.187025
0.142024
-0.17217
0.142819
-0.156714
0.140705
-0.140793
0.135648
-0.12453
0.127728
-0.10803
0.117133
-0.0913829
0.104151
-0.0746656
0.0891462
-0.0579402
0.0725462
-0.0412579
0.0548239
-0.0246607
0.0364808
-0.00818363
0.0180333
0.00814197
-6.69637e-15
0.0242854
-0.017109
0.040213
-0.0328025
0.0558854
-0.0466174
0.0712537
-0.0581298
0.0862565
-0.0669667
0.100818
-0.0728186
0.114847
-0.0754543
0.128233
-0.0747357
0.140851
-0.0706315
0.15256
-0.0632294
0.163208
-0.052744
0.172635
-0.0395186
0.180681
-0.0240206
0.18719
-0.00682795
0.192022
0.0113921
0.195057
0.0299125
0.196206
0.0479815
0.195418
0.0648624
0.192684
0.0798741
0.0924291
-0.266348
0.05388
0.265624
-0.264353
0.0651493
-0.259843
0.076956
-0.253041
0.0888203
-0.244183
0.100213
-0.233508
0.110592
-0.22126
0.119434
-0.207674
0.126268
-0.192979
0.130705
-0.177391
0.132455
-0.161113
0.131346
-0.14433
0.127324
-0.127209
0.120454
-0.109899
0.11091
-0.0925288
0.0989636
-0.0752089
0.084966
-0.0580314
0.0693317
-0.041072
0.0525211
-0.0243918
0.0350243
-0.00803993
0.0173475
0.00794329
6.42258e-15
0.0235235
-0.0165162
0.0386685
-0.0317162
0.0533452
-0.0451423
0.0675158
-0.0563742
0.081135
-0.0650409
0.0941471
-0.0708335
0.106484
-0.0735202
0.118064
-0.0729605
0.128792
-0.0691203
0.138559
-0.0620835
0.147246
-0.0520608
0.154724
-0.0393921
0.160866
-0.024542
0.165544
-0.00808725
0.168643
0.00930464
0.170065
0.0269044
0.169737
0.0439567
0.167618
0.0597201
0.163704
0.0735088
0.0847315
-0.260534
0.0395273
0.256786
-0.26108
0.0503745
-0.258638
0.0619458
-0.253453
0.0737607
-0.245789
0.0852853
-0.235921
0.0959678
-0.224133
0.105274
-0.210709
0.112719
-0.195927
0.1179
-0.180058
0.12051
-0.163357
0.120361
-0.146063
0.117379
-0.128394
0.111613
-0.110548
0.103217
-0.092697
0.092444
-0.0749914
0.0796254
-0.0575573
0.0651569
-0.0404988
0.0494805
-0.0238993
0.0330687
-0.00782446
0.0164106
0.0076754
1.30214e-14
0.0225617
-0.0156754
0.0368041
-0.0301436
0.0503773
-0.0429582
0.0632571
-0.0537086
0.0754172
-0.0620315
0.0868261
-0.0676239
0.0974447
-0.0702579
0.107224
-0.0697949
0.116104
-0.0662008
0.124014
-0.0595578
0.130871
-0.0500731
0.136587
-0.0380822
0.141067
-0.0240446
0.144215
-0.00853152
0.145942
0.00779489
0.146168
0.0242102
0.144832
0.0399637
0.141898
0.0543181
0.137357
0.0665918
0.0761991
-0.246358
0.0270365
0.238995
-0.250084
0.0370406
-0.250377
0.047956
-0.247483
0.0593117
-0.241676
0.0705784
-0.233255
0.0812052
-0.222536
0.0906545
-0.209844
0.0984361
-0.195502
0.104136
-0.179834
0.107436
-0.163148
0.108131
-0.145737
0.106133
-0.127875
0.101466
-0.10981
0.094264
-0.0917625
0.0847558
-0.0739251
0.0732486
-0.0564617
0.0601126
-0.0395075
0.0457645
-0.0231707
0.030652
-0.00753494
0.0152403
0.00733811
-6.56848e-15
0.0214056
-0.0146026
0.0346398
-0.0281158
0.0470247
-0.0401113
0.0585518
-0.050195
0.0692169
-0.0580175
0.0790166
-0.0632879
0.0879443
-0.065787
0.0959882
-0.0653824
0.103128
-0.0620429
0.109336
-0.0558502
0.11457
-0.0470083
0.118781
-0.0358457
0.121911
-0.0228125
0.123893
-0.00846813
0.124661
0.00653873
0.124148
0.0214988
0.122296
0.0356771
0.119059
0.0483533
0.114409
0.058863
0.066639
-0.224803
0.0170929
0.213669
-0.232
0.02588
-0.235418
0.0357405
-0.235274
0.0462263
-0.231829
0.0568267
-0.225384
0.0670045
-0.216269
0.0762311
-0.204835
0.0840203
-0.191443
0.0899565
-0.176459
0.0937162
-0.160242
0.0950818
-0.143137
0.0939478
-0.125468
0.0903194
-0.107537
0.0843052
-0.0896117
0.0761057
-0.0719296
0.0659983
-0.054693
0.0543218
-0.03807
0.0414605
-0.0221947
0.0278298
-0.00716969
0.013863
0.00693178
6.65918e-15
0.0200627
-0.0133225
0.0321986
-0.0256806
0.043334
-0.0366721
0.0534783
-0.0459262
0.0626515
-0.0531149
0.0708807
-0.0579649
0.0781952
-0.0602712
0.0846231
-0.0599115
0.0901869
-0.0568599
0.0949009
-0.0511986
0.0987674
-0.043126
0.101775
-0.0329606
0.103899
-0.0211365
0.105099
-0.0081925
0.105322
0.00524767
0.104504
0.0185031
0.102574
0.0308699
0.0994607
0.0416608
0.0950938
0.0502455
0.0560918
-0.197442
0.00996805
0.182868
-0.207983
0.017282
-0.21457
0.0257753
-0.217354
0.0350392
-0.216554
0.0445984
-0.212441
0.0539461
-0.205339
0.0625782
-0.195602
0.0700264
-0.183614
0.0758854
-0.16977
0.0798344
-0.154467
0.0816507
-0.138094
0.081216
-0.121024
0.0785158
-0.103603
0.0736331
-0.0861467
0.0667375
-0.0689344
0.0580718
-0.0522062
0.0479373
-0.0361621
0.0366793
-0.0209622
0.0246735
-0.00672759
0.0123134
0.00645732
0
0.0185418
-0.0118678
0.0295054
-0.022902
0.0393541
-0.0327341
0.0481161
-0.0410247
0.0558371
-0.0474733
0.0625758
-0.0518306
0.0683982
-0.0539108
0.0733727
-0.053605
0.0775643
-0.0508941
0.0810294
-0.0458601
0.08381
-0.0386935
0.0859298
-0.0296961
0.0873898
-0.0192777
0.0881657
-0.00794505
0.0882073
0.00371735
0.0874381
0.0150735
0.0857581
0.0254689
0.0830471
0.0342686
0.0791699
0.0408963
0.0448735
-0.166268
0.00551626
0.149063
-0.179602
0.0112685
-0.189028
0.0182209
-0.1946
0.026021
-0.196458
0.0342474
-0.194819
0.0424424
-0.189966
0.0501447
-0.182239
0.0569204
-0.172017
0.0623892
-0.159706
0.0662448
-0.145727
0.0682685
-0.130501
0.0683356
-0.114434
0.0664152
-0.0979121
0.0625655
-0.0812895
0.0569239
-0.0648822
0.0496951
-0.0489642
0.0411383
-0.0337646
0.0315537
-0.0194666
0.0212701
-0.00620818
0.0106342
0.00591613
1.35316e-14
0.0168529
-0.0102791
0.0265863
-0.019859
0.0351341
-0.0284126
0.0425432
-0.0356387
0.0488848
-0.0412712
0.0542479
-0.0450901
0.0587339
-0.0469327
0.0624491
-0.0467062
0.0654974
-0.044399
0.0679724
-0.0400907
0.0699497
-0.0339588
0.071479
-0.0262813
0.072578
-0.0174329
0.0732261
-0.00787434
0.0733611
0.00186528
0.0728776
0.0112134
0.0716274
0.0195851
0.0694233
0.0264183
0.066044
0.0312106
0.0335558
-0.133498
0.00324171
0.114855
-0.148695
0.00752552
-0.160275
0.0129275
-0.168169
0.0191654
-0.172415
0.0258884
-0.173146
0.0327064
-0.17058
0.0392192
-0.165012
0.0450453
-0.156794
0.0498455
-0.146322
0.0533422
-0.134019
0.0553318
-0.120315
0.0556916
-0.10564
0.05438
-0.0904034
0.0514333
-0.074986
0.0469571
-0.0597317
0.0411167
-0.0449403
0.0341257
-0.0308636
0.0262346
-0.0177036
0.01772
-0.00561168
0.00887492
0.00531014
0
0.015007
-0.00860414
0.0234679
-0.0166442
0.0307219
-0.0238412
0.0368334
-0.0299385
0.041896
-0.0347098
0.0460263
-0.0379688
0.049356
-0.0395791
0.0520236
-0.0394652
0.0541648
-0.0376218
0.055902
-0.0341228
0.0573344
-0.029127
0.0585269
-0.0228792
0.0595009
-0.015707
0.0602262
-0.00801074
0.0606146
-0.000247084
0.0605169
0.00709341
0.0597232
0.0135144
0.0579662
0.0185456
0.0549293
0.0217758
0.022885
-0.10134
0.00242461
0.0826915
-0.117196
0.00548771
-0.129953
0.0094853
-0.139416
0.0142126
-0.145506
0.0194006
-0.148254
0.024741
-0.147795
0.0299108
-0.144353
0.0345971
-0.138231
0.0385176
-0.129789
0.0414374
-0.119427
0.0431803
-0.107568
0.0436352
-0.0946384
0.0427576
-0.0810549
0.0405664
-0.0672097
0.0371382
-0.0534596
0.0325992
-0.0401187
0.0271165
-0.027452
0.0208881
-0.0156723
0.0141348
-0.00493904
0.00709137
0.00464174
1.36672e-14
0.0130155
-0.00689667
0.0201763
-0.0133615
0.0261628
-0.0191689
0.0310534
-0.0241113
0.0349595
-0.0280061
0.0380186
-0.0307037
0.040385
-0.0320956
0.0422199
-0.0321231
0.0436802
-0.0307853
0.0449056
-0.0281462
0.0460061
-0.0243386
0.0470491
-0.0195652
0.0480473
-0.0140948
0.0489483
-0.0082536
0.0496279
-0.00241111
0.0498855
0.00303972
0.0494449
0.00770623
0.0479598
0.0112231
0.0450245
0.0132802
0.0136499
-0.071784
0.00228649
0.0546083
-0.0869615
0.0044616
-0.0997305
0.00731126
-0.109788
0.010705
-0.116945
0.0144582
-0.121129
0.0183509
-0.122381
0.0221469
-0.120843
0.0256133
-0.116745
0.0285368
-0.11039
0.0307371
-0.102134
0.0320766
-0.092363
0.0324655
-0.0814809
0.0318641
-0.0698873
0.0302802
-0.0579642
0.0277659
-0.0460635
0.0244112
-0.034497
0.0203375
-0.0235297
0.0156908
-0.0133748
0.0106346
-0.00419197
0.00534394
0.00391374
0
0.0108903
-0.00521524
0.0167365
-0.0101236
0.0214977
-0.0145555
0.0252608
-0.0183549
0.0281476
-0.0213847
0.0303068
-0.0235327
0.0319038
-0.0247181
0.03311
-0.0248977
0.0340895
-0.0240721
0.0349853
-0.0222904
0.0359047
-0.0196536
0.036905
-0.0163143
0.0379797
-0.0124736
0.0390481
-0.00837406
0.0399471
-0.00428786
0.040428
-0.00050148
0.0401591
0.00270316
0.0387337
0.00506974
0.0356849
0.00638905
0.00651931
-0.0464147
0.00216649
0.032036
-0.0596105
0.0037704
-0.0711677
0.00576132
-0.0807186
0.00806938
-0.0879974
0.0105858
-0.0928477
0.0131751
-0.0952226
0.015688
-0.0951792
0.0179745
-0.0928673
0.0198954
-0.0885146
0.0213315
-0.082409
0.022191
-0.07488
0.0224128
-0.0662798
0.0219685
-0.056966
0.0208616
-0.0472858
0.0191251
-0.0375628
0.0168174
-0.0280865
0.0140184
-0.0191045
0.0108246
-0.0108168
0.00734491
-0.00337294
0.00369627
0.00312935
0
0.00864344
-0.00362169
0.0131717
-0.00704891
0.0167619
-0.0101674
0.0195021
-0.0128717
0.0215138
-0.0150694
0.0229441
-0.0166842
0.023955
-0.017661
0.024712
-0.0179699
0.0253707
-0.0176099
0.0260621
-0.0166121
0.026878
-0.0150417
0.027856
-0.0129974
0.0289662
-0.0106094
0.0301009
-0.00803365
0.031068
-0.00544402
0.0315895
-0.00302153
0.0313063
-0.00094136
0.0297902
0.000641253
0.0265627
0.00160542
0.00187776
-0.026284
0.00167799
0.0156912
-0.0363926
0.00289708
-0.0455946
0.00425291
-0.0535261
0.00571501
-0.0598996
0.00723214
-0.0645165
0.00873827
-0.0672711
0.0101594
-0.0681501
0.0114202
-0.0672255
0.0124504
-0.0646429
0.0131897
-0.0606081
0.0135917
-0.0553702
0.0136262
-0.0492056
0.0132799
-0.0424021
0.0125565
-0.035244
0.0114754
-0.0280002
0.0100697
-0.0209134
0.00838387
-0.0141926
0.00647158
-0.00800763
0.00439318
-0.00248523
0.00221354
0.00229217
0
0.0062865
-0.00217947
0.0095024
-0.00425803
0.0119841
-0.0061717
0.0138109
-0.00786123
0.0150909
-0.00927403
0.0159535
-0.0103663
0.0165396
-0.0111055
0.016991
-0.011472
0.0174377
-0.0114618
0.0179845
-0.0110877
0.0186977
-0.0103803
0.0195916
-0.0093878
0.0206171
-0.00817445
0.0216535
-0.00681772
0.0225041
-0.00540385
0.0228973
-0.00402208
0.0224938
-0.00275781
0.0209016
-0.00168515
0.0176965
-0.000859591
-0.000311464
-0.0118497
0.000816912
0.00556433
-0.0181022
0.00160274
-0.0240182
0.00237943
-0.0293204
0.00313537
-0.033775
0.00385389
-0.037204
0.00451487
-0.0394928
0.00509656
-0.0405919
0.00557755
-0.0405148
0.00593848
-0.0393315
0.00616349
-0.0371592
0.00624132
-0.0341511
0.00616593
-0.0304851
0.00593674
-0.0263515
0.00555847
-0.0219425
0.0050408
-0.0174423
0.0043977
-0.0130191
0.00364673
-0.00881881
0.00280831
-0.0049604
0.00190495
-0.00153292
0.000960595
0.00140611
1.35992e-14
0.00383088
-0.000951861
0.00574629
-0.00187031
0.00718566
-0.00273153
0.00820736
-0.00351306
0.00889008
-0.00419451
0.00932689
-0.0047581
0.00961799
-0.00518947
0.00986222
-0.00547831
0.0101477
-0.00561903
0.0105415
-0.0056113
0.0110801
-0.00546034
0.0117592
-0.00517692
0.0125266
-0.00477697
0.0132766
-0.00428081
0.0138488
-0.00371186
0.0140305
-0.00309504
0.0135656
-0.00245479
0.0121672
-0.00181301
0.00953751
-0.00118705
-0.000587935
-0.00298782
0.00100506
-0.00504424
-0.00706283
-0.00893593
-0.0105677
-0.0118803
-0.0128182
-0.0133501
-0.0134691
-0.0131908
-0.0125504
-0.0115984
-0.0103966
-0.0090131
-0.00751802
-0.00597959
-0.00446079
-0.00301661
-0.00169208
-0.000520872
0.0004754
0.0012874
0.00191769
0.00237987
0.00269716
0.00290052
0.00302613
0.00311244
0.00319667
0.00331099
0.00347843
0.00370898
0.00399591
0.00431306
0.00461318
0.00482802
0.00487033
0.00463805
0.00402083
0.00290854
0.00535123
-0.00301351
0.0165497
-0.012128
0.0327195
-0.0272978
0.0524438
-0.0486091
0.0738903
-0.0755857
0.0950078
-0.107176
0.113761
-0.141811
0.128372
-0.177517
0.137526
-0.212092
0.140515
-0.243301
0.137303
-0.269093
0.128494
-0.28779
0.115218
-0.298251
0.0989529
-0.299975
0.0813085
-0.293134
0.0638101
-0.278542
-0.25755
0.0091762
-0.00444818
0.0230942
-0.0161754
0.0406788
-0.0330683
0.0604716
-0.0548759
0.0807669
-0.0809135
0.0997865
-0.110087
0.115868
-0.140964
0.127642
-0.171877
0.134176
-0.201059
0.13506
-0.226793
0.130431
-0.247556
0.120935
-0.262149
0.107619
-0.269802
0.0917876
-0.270229
0.0748384
-0.263648
0.0580892
-0.250744
-0.232595
0.0123551
-0.00558052
0.0283105
-0.0191897
0.0466975
-0.0369906
0.066107
-0.0585236
0.0850182
-0.083017
0.101943
-0.109428
0.115567
-0.136509
0.12488
-0.162898
0.129261
-0.187217
0.12853
-0.208175
0.122946
-0.224671
0.113162
-0.235876
0.100133
-0.241292
0.0850018
-0.240787
0.0689681
-0.234598
0.0531604
-0.223297
-0.207741
0.014877
-0.00638689
0.0322319
-0.0211543
0.0508945
-0.0391358
0.0695744
-0.0597711
0.0869697
-0.0822922
0.10188
-0.105766
0.113308
-0.129154
0.120543
-0.151376
0.123216
-0.171388
0.121317
-0.188248
0.115184
-0.201182
0.105451
-0.209637
0.0929778
-0.213315
0.0787539
-0.212185
0.0638016
-0.206484
0.049078
-0.19669
-0.183477
0.0167546
-0.00686405
0.0349317
-0.0221098
0.0534341
-0.0396535
0.0711358
-0.0589175
0.0869682
-0.0791983
0.100002
-0.0997048
0.109516
-0.119604
0.115047
-0.138071
0.11642
-0.154336
0.113747
-0.167734
0.107407
-0.177741
0.0979994
-0.184005
0.086287
-0.186367
0.0731195
-0.184863
0.0593601
-0.179717
0.0458136
-0.171322
-0.160208
0.0180189
-0.0070279
0.0365114
-0.0221457
0.0545062
-0.0387542
0.0710669
-0.0563156
0.0853553
-0.0742261
0.0966869
-0.0918464
0.104573
-0.108535
0.108748
-0.123682
0.109182
-0.136742
0.106066
-0.14726
0.0997938
-0.154899
0.0909211
-0.159451
0.0801141
-0.160851
0.0680961
-0.15917
0.0555904
-0.154614
0.0432682
-0.147504
-0.138252
0.0187155
-0.0069106
0.0370903
-0.0213895
0.054311
-0.036689
0.069638
-0.0523453
0.082448
-0.067869
0.0922683
-0.0827668
0.0988001
-0.0965646
0.10193
-0.10883
0.101729
-0.119189
0.098438
-0.127349
0.092446
-0.133103
0.0842548
-0.136344
0.0744415
-0.137066
0.063616
-0.135359
0.0523803
-0.131403
0.04129
-0.125457
-0.117842
0.0188993
-0.00655636
0.0367953
-0.019993
0.0530456
-0.0337287
0.0671
-0.047389
0.0785257
-0.0605978
0.0870265
-0.0729924
0.0924527
-0.0842379
0.0948027
-0.0940406
0.0942156
-0.102159
0.0909564
-0.108414
0.0853944
-0.112692
0.077976
-0.114952
0.0691954
-0.115221
0.0595633
-0.113595
0.0495772
-0.110227
0.039694
-0.105325
-0.0991327
0.0186307
-0.00601676
0.0357536
-0.0181194
0.0508951
-0.0301453
0.0636757
-0.0418104
0.0738243
-0.052841
0.0811855
-0.062984
0.0857221
-0.0720149
0.0875101
-0.0797454
0.0867298
-0.0860294
0.0836512
-0.0907672
0.0786153
-0.0939078
0.0720133
-0.0954496
0.0642645
-0.0954383
0.0557934
-0.0939641
0.0470084
-0.0911561
0.0382836
-0.0871759
-0.08221
0.017972
-0.00534613
0.0340873
-0.0159307
0.0480263
-0.0261956
0.0595559
-0.035938
0.0685352
-0.0449707
0.0749163
-0.0531272
0.078742
-0.0602666
0.0801386
-0.0662768
0.0793064
-0.071078
0.0765068
-0.0746236
0.0720478
-0.0769011
0.0662677
-0.0779312
0.0595188
-0.0777658
0.0521517
-0.0764854
0.0445002
-0.074195
0.0368685
-0.0710197
-0.0670993
0.0169846
-0.00459738
0.0319091
-0.0135784
0.0445856
-0.022109
0.0548993
-0.0300544
0.0628088
-0.037295
0.0683437
-0.0437294
0.0715996
-0.0492762
0.0727311
-0.0538762
0.0719427
-0.0574929
0.0694786
-0.0601127
0.0656111
-0.061745
0.0606291
-0.0624205
0.0548265
-0.06219
0.0484908
-0.0611217
0.0418933
-0.0592989
0.0352806
-0.0568166
-0.0537782
0.0157269
-0.00381894
0.0293201
-0.0111958
0.0406975
-0.0180807
0.0498341
-0.0243908
0.0567597
-0.0300564
0.0615551
-0.0350216
0.0643469
-0.0392457
0.0653006
-0.042703
0.0646138
-0.0453835
0.0625078
-0.0472923
0.0592192
-0.0484488
0.0549917
-0.0488861
0.0500682
-0.0486493
0.044683
-0.0477938
0.0390556
-0.0463837
0.0333845
-0.0444896
-0.0421867
0.0142521
-0.00305251
0.0264088
-0.00889439
0.0364663
-0.0142673
0.0444625
-0.0191258
0.0504735
-0.0234339
0.0546098
-0.0271656
0.0570113
-0.0303052
0.0578421
-0.0328468
0.0572848
-0.0347947
0.0555346
-0.0361625
0.0527935
-0.0369725
0.0492646
-0.0372551
0.0451466
-0.0370474
0.040629
-0.0363926
0.0358881
-0.0353385
0.0310832
-0.0339362
-0.0322389
0.0126078
-0.00233209
0.0232504
-0.00676203
0.031977
-0.0107883
0.0388641
-0.0143894
0.0440134
-0.0175506
0.0475473
-0.0202632
0.049606
-0.0225255
0.0503428
-0.0243415
0.0499203
-0.0257216
0.0485064
-0.0266812
0.0462702
-0.0272412
0.0433783
-0.0274264
0.0399915
-0.0272658
0.0362614
-0.0267912
0.0323283
-0.0260368
0.0283189
-0.0250384
-0.0238324
0.0108346
-0.00168386
0.0199078
-0.00486419
0.0272979
-0.00772831
0.0331004
-0.0102687
0.0374253
-0.0124818
0.0403937
-0.014368
0.0421361
-0.0159315
0.0427887
-0.0171798
0.0424912
-0.018124
0.0413836
-0.018778
0.0396045
-0.0191584
0.0372877
-0.0192841
0.0345612
-0.0191756
0.0315445
-0.0188553
0.0283479
-0.0183464
0.0250705
-0.0176725
-0.0168577
0.00896685
-0.00112674
0.0164314
-0.00324643
0.0224824
-0.00514317
0.0272178
-0.00681607
0.0307426
-0.00826645
0.0331668
-0.00949773
0.0346039
-0.0105154
0.0351691
-0.0113266
0.0349772
-0.0119404
0.0341411
-0.0123673
0.0327706
-0.0126187
0.0309706
-0.0127076
0.0288401
-0.0126476
0.0264712
-0.0124527
0.0239485
-0.0121376
0.0213481
-0.0117171
-0.0112058
0.00703189
-0.000673522
0.0128611
-0.00193808
0.0175715
-0.0030659
0.0212508
-0.00405818
0.0239894
-0.00491719
0.0258788
-0.00564625
0.0270112
-0.00624958
0.0274777
-0.00673226
0.0273677
-0.00710013
0.0267676
-0.00735967
0.0257604
-0.00751791
0.0244248
-0.0075823
0.0228344
-0.00756065
0.0210574
-0.00746095
0.019156
-0.00729133
0.0171865
-0.00705989
-0.00677465
0.00505133
-0.000332154
0.00922733
-0.000956185
0.0125955
-0.00151317
0.0152243
-0.00200415
0.0171827
-0.00243061
0.0185389
-0.0027944
0.0193604
-0.00309777
0.019713
-0.00334327
0.0196603
-0.00353373
0.0192632
-0.00367223
0.0185797
-0.00376203
0.0176642
-0.00380657
0.0165675
-0.00380936
0.0153364
-0.003774
0.0140136
-0.00370411
0.0126376
-0.00360329
-0.00347508
0.00304172
-0.000107019
0.00555269
-0.00030919
0.00757629
-0.000491129
0.00915583
-0.000653135
0.0103342
-0.000795615
0.0111534
-0.000919072
0.0116545
-0.0010241
0.011877
-0.00111137
0.0118591
-0.00118161
0.0116367
-0.00123564
0.0112441
-0.0012743
0.0107133
-0.00129847
0.0100738
-0.00130907
0.00935307
-0.00130703
0.00857588
-0.00129329
0.00776467
-0.0012688
-0.00123448
0.0010158
0
0.00185406
0
0.00252971
0
0.0030575
5.82247e-20
0.00345194
1.30856e-19
0.0037272
7.26316e-20
0.00389697
0
0.00397446
0
0.00397227
0
0.00390236
0
0.00377596
-7.8156e-20
0.00360358
6.65433e-21
0.00339496
1.76159e-19
0.00315905
9.13488e-20
0.00290397
-1.04043e-19
0.00263705
6.13808e-21
1.10181e-19
-0.00101609
-1.11995e-05
-0.0018552
-2.79682e-05
-0.00253219
-3.70925e-05
-0.00306175
-3.90896e-05
-0.00345833
-3.45474e-05
-0.00373604
-2.41166e-05
-0.00390851
-8.50082e-06
-0.00398889
1.15528e-05
-0.00398971
3.52635e-05
-0.00392287
6.18269e-05
-0.00379954
9.04251e-05
-0.00363019
0.000120237
-0.00342447
0.000150447
-0.00319128
0.000180256
-0.0029387
0.000208892
-0.002674
0.000235615
0.000259728
-0.00304437
-0.000139227
-0.00556293
-0.000389698
-0.00759856
-0.000597991
-0.00919403
-0.000765672
-0.0103917
-0.000894668
-0.011233
-0.000987225
-0.0117584
-0.00104588
-0.012007
-0.0010734
-0.0120161
-0.00107277
-0.0118215
-0.00104714
-0.0114567
-0.000999778
-0.0109531
-0.000934013
-0.0103399
-0.00085322
-0.00964379
-0.000760762
-0.00888919
-0.000659948
-0.00809801
-0.000553997
-0.000445998
-0.00505865
-0.000381034
-0.00925568
-0.00107858
-0.0126572
-0.00167586
-0.0153302
-0.00217509
-0.0173422
-0.00257945
-0.0187598
-0.00289302
-0.0196492
-0.00312067
-0.0200743
-0.00326803
-0.0200974
-0.00334129
-0.0197778
-0.00334722
-0.0191719
-0.00329297
-0.0183326
-0.00318601
-0.0173093
-0.00303399
-0.0161472
-0.00284467
-0.0148876
-0.00262577
-0.0135677
-0.0023849
-0.00212943
-0.00704613
-0.000731323
-0.0129163
-0.00208316
-0.0176919
-0.00325898
-0.0214578
-0.00425968
-0.0243014
-0.00508822
-0.0263116
-0.0057495
-0.0275774
-0.00625018
-0.0281868
-0.00659862
-0.0282263
-0.00680461
-0.0277793
-0.00687922
-0.0269257
-0.00683461
-0.025741
-0.00668377
-0.0242959
-0.00644034
-0.0226557
-0.00611836
-0.0208797
-0.00573204
-0.0190215
-0.00529553
-0.00482275
-0.00899014
-0.00118162
-0.0165219
-0.00338446
-0.0226801
-0.00532666
-0.0275582
-0.00700372
-0.0312567
-0.00841487
-0.0338809
-0.00956299
-0.0355395
-0.0104544
-0.0363426
-0.0110989
-0.0364
-0.0115088
-0.0358195
-0.0116996
-0.0347056
-0.0116889
-0.0331582
-0.0114963
-0.0312713
-0.0111429
-0.0291319
-0.010651
-0.0268198
-0.0100436
-0.0244062
-0.00934401
-0.00857536
-0.0108689
-0.00171914
-0.0200414
-0.0049527
-0.0275904
-0.00784412
-0.0336052
-0.0103768
-0.0381893
-0.0125402
-0.0414571
-0.0143301
-0.0435319
-0.0157481
-0.0445425
-0.0168018
-0.0446209
-0.0175044
-0.0438996
-0.0178738
-0.042509
-0.0179328
-0.0405753
-0.0177081
-0.0382186
-0.0172294
-0.0355508
-0.0165295
-0.0326744
-0.0156426
-0.0296813
-0.0146043
-0.0134503
-0.0126547
-0.00232563
-0.0234341
-0.00674377
-0.0323801
-0.0107567
-0.0395618
-0.0143262
-0.0450722
-0.017423
-0.0490247
-0.0200277
-0.0515497
-0.0221303
-0.0527902
-0.0237303
-0.0528982
-0.0248368
-0.0520306
-0.0254675
-0.0503453
-0.0256483
-0.0479976
-0.0254123
-0.0451369
-0.0247991
-0.0419037
-0.0238534
-0.0384271
-0.0226237
-0.0348231
-0.0211615
-0.0195193
-0.0143131
-0.00297648
-0.026648
-0.00869607
-0.0369935
-0.0139843
-0.0453781
-0.018769
-0.0518676
-0.0229905
-0.0565608
-0.0266027
-0.0595852
-0.0295734
-0.0610914
-0.0318853
-0.0612478
-0.0335357
-0.0602346
-0.0345365
-0.0582388
-0.0349128
-0.0554477
-0.0347025
-0.0520442
-0.0339546
-0.0482024
-0.0327275
-0.044083
-0.0310874
-0.03983
-0.0291058
-0.0268578
-0.0158026
-0.0036402
-0.029619
-0.0107283
-0.0413589
-0.0174166
-0.0509876
-0.0235852
-0.0585229
-0.029129
-0.0640317
-0.0339602
-0.067625
-0.0380107
-0.0694517
-0.0412332
-0.0696908
-0.0436024
-0.0685443
-0.0451149
-0.0662287
-0.0457887
-0.0629669
-0.0456625
-0.0589807
-0.0447933
-0.0544831
-0.0432545
-0.0496726
-0.0411329
-0.0447273
-0.0385258
-0.0355374
-0.0170754
-0.00427873
-0.0322693
-0.012739
-0.0453871
-0.0209108
-0.0563042
-0.028612
-0.0649663
-0.0356754
-0.0713872
-0.0419539
-0.0756442
-0.0473248
-0.0778711
-0.0516937
-0.0782498
-0.0549969
-0.0769999
-0.0572025
-0.0743677
-0.0583114
-0.0706153
-0.0583558
-0.0660087
-0.0573976
-0.0608074
-0.0555253
-0.055255
-0.05285
-0.0495705
-0.0495007
-0.0456195
-0.0180773
-0.00484853
-0.034508
-0.0146081
-0.0489686
-0.0242914
-0.0612176
-0.0336417
-0.071101
-0.0424126
-0.0785542
-0.0503771
-0.0835989
-0.0573365
-0.0863372
-0.0631267
-0.0869415
-0.0676246
-0.0856431
-0.0707516
-0.0827171
-0.072476
-0.0784674
-0.0728131
-0.0732108
-0.0718234
-0.0672615
-0.0696091
-0.0609171
-0.0663089
-0.0544462
-0.062091
-0.0571458
-0.0187491
-0.00530284
-0.0362309
-0.0162013
-0.0519724
-0.0273542
-0.0655892
-0.0384227
-0.0767985
-0.0490662
-0.085428
-0.0589575
-0.0914172
-0.0677961
-0.0948143
-0.0753216
-0.0957669
-0.0813244
-0.0945078
-0.0856541
-0.0913378
-0.0882254
-0.0866049
-0.0890205
-0.0806832
-0.0880887
-0.073951
-0.0855424
-0.0667704
-0.0815505
-0.0594694
-0.0763292
-0.0701302
-0.0190285
-0.00559474
-0.0373215
-0.0173775
-0.054245
-0.0298739
-0.0692488
-0.0426654
-0.0818922
-0.0553082
-0.0918628
-0.0673553
-0.098987
-0.0783783
-0.103232
-0.0879887
-0.104698
-0.0958571
-0.103607
-0.101729
-0.100278
-0.105436
-0.0951052
-0.106906
-0.0885255
-0.106161
-0.0809918
-0.103317
-0.0729426
-0.0985755
-0.0647768
-0.0922093
-0.0845488
-0.018852
-0.00568124
-0.0376539
-0.0179978
-0.0556111
-0.031616
-0.0719923
-0.0460535
-0.0861719
-0.0607641
-0.0976639
-0.0751675
-0.106146
-0.0886814
-0.11147
-0.100755
-0.113664
-0.110898
-0.112917
-0.118713
-0.109559
-0.12391
-0.104027
-0.12633
-0.0968266
-0.125948
-0.0884968
-0.122871
-0.0795655
-0.117333
-0.0705154
-0.109677
-0.10033
-0.0181583
-0.00552767
-0.0370968
-0.0179378
-0.055877
-0.0323522
-0.0735825
-0.0482594
-0.0893812
-0.0650265
-0.10258
-0.0819363
-0.112669
-0.0982315
-0.119347
-0.113162
-0.122534
-0.126033
-0.122363
-0.136252
-0.119157
-0.143361
-0.113391
-0.147073
-0.105647
-0.147283
-0.0965591
-0.144074
-0.0867589
-0.137712
-0.0768272
-0.128619
-0.117347
-0.0168912
-0.00511207
-0.0355189
-0.0171
-0.0548367
-0.0318786
-0.0737535
-0.0489645
-0.0912187
-0.0676742
-0.106303
-0.0871654
-0.118267
-0.106493
-0.126613
-0.124674
-0.13111
-0.140759
-0.131802
-0.1539
-0.128986
-0.163414
-0.123167
-0.168829
-0.115003
-0.16992
-0.105234
-0.166724
-0.0946124
-0.15953
-0.0838307
-0.148857
-0.135408
-0.0150043
-0.00442899
-0.0327971
-0.0154257
-0.0522811
-0.0300346
-0.0722197
-0.0478824
-0.0913453
-0.0682957
-0.108468
-0.0903402
-0.122581
-0.112884
-0.132937
-0.134686
-0.139111
-0.154488
-0.141014
-0.171121
-0.138888
-0.183599
-0.133253
-0.191202
-0.124846
-0.193529
-0.114522
-0.190536
-0.103166
-0.182529
-0.0916014
-0.170137
-0.154253
-0.0124655
-0.0034919
-0.0288261
-0.012905
-0.0480115
-0.0267217
-0.0686909
-0.0447832
-0.0893971
-0.0665161
-0.108669
-0.0909539
-0.125191
-0.116803
-0.137921
-0.142543
-0.146178
-0.166561
-0.149695
-0.187292
-0.148619
-0.20336
-0.14347
-0.213709
-0.135052
-0.217694
-0.124349
-0.215145
-0.112395
-0.206371
-0.100153
-0.19213
-0.173549
-0.00926153
-0.00233372
-0.0235294
-0.00958374
-0.0418567
-0.0219184
-0.0628914
-0.0395175
-0.0850067
-0.0620258
-0.106471
-0.0885377
-0.125635
-0.117647
-0.141103
-0.147563
-0.151881
-0.176268
-0.157463
-0.201722
-0.157857
-0.222059
-0.153551
-0.235782
-0.145416
-0.241916
-0.134564
-0.240104
-0.122193
-0.23064
-0.109424
-0.214432
-0.192894
-0.00540287
-0.0168714
-0.0336915
-0.0545855
-0.0778303
-0.101447
-0.123429
-0.141984
-0.155734
-0.163868
-0.166201
-0.163154
-0.155648
-0.144929
-0.132372
-0.119265
0.144254
0.112392
-0.138428
0.146573
0.137558
0.145248
0.160867
0.139787
0.176927
0.12947
0.181068
0.113653
0.170598
0.0921038
0.145515
0.0652091
0.108561
0.0339969
0.0646983
1.58136e-09
0.0202783
-0.0349344
-0.0178651
-0.0687954
-0.0432699
-0.0994832
-0.0506384
-0.124855
-0.0366041
-0.142839
-0.000451464
-0.151685
0.0553602
-0.150363
0.125115
-0.138965
0.200423
-0.118945
0.27153
0.329107
-0.0930269
0.131911
0.109541
-0.126891
0.134022
0.132737
0.133102
0.153771
0.128656
0.167914
0.119924
0.171068
0.106146
0.160835
0.0868689
0.137162
0.062182
0.102456
0.0327981
0.0611947
1.52552e-09
0.0192372
-0.0344857
-0.0170144
-0.0686187
-0.0414575
-0.100152
-0.0490981
-0.126746
-0.0368058
-0.146149
-0.00395875
-0.156491
0.0471501
-0.156662
0.111328
-0.146672
0.181063
-0.127846
0.247672
0.302822
-0.102717
0.11938
0.105662
-0.114984
0.121426
0.126726
0.120995
0.145383
0.117582
0.157531
0.110388
0.159636
0.0985543
0.149619
0.0814531
0.127431
0.0589272
0.0951944
0.0314227
0.05692
1.45834e-09
0.0179279
-0.0337389
-0.015903
-0.0677606
-0.0389375
-0.099731
-0.0465689
-0.127179
-0.035933
-0.147731
-0.00647897
-0.159425
0.0397178
-0.161078
0.0980288
-0.152609
0.161821
-0.135188
0.223452
0.275546
-0.111138
0.107005
0.100794
-0.103067
0.109101
0.119607
0.109208
0.135835
0.106802
0.145974
0.101052
0.147028
0.0910256
0.13725
0.0759608
0.11663
0.0555087
0.0870442
0.029899
0.052053
1.38123e-09
0.0164117
-0.0327111
-0.0145879
-0.066242
-0.0358543
-0.0982287
-0.043227
-0.126136
-0.0341301
-0.147522
-0.00806825
-0.160371
0.0331308
-0.16344
0.0854199
-0.156547
0.143029
-0.140698
0.199318
0.247828
-0.117989
0.0950912
0.0950073
-0.0914683
0.0973194
0.111497
0.0979747
0.125304
0.09651
0.133479
0.0920711
0.133539
0.083679
0.124057
0.0704786
0.105085
0.0519824
0.0782843
0.0282536
0.0467796
1.29562e-09
0.014752
-0.0314245
-0.0131291
-0.064098
-0.0323616
-0.0956814
-0.0392671
-0.123637
-0.0315701
-0.145514
-0.0088224
-0.159277
0.0274089
-0.163642
0.0736541
-0.158327
0.124976
-0.144169
0.175681
0.220186
-0.123022
0.0838904
0.0884002
-0.0804657
0.0862991
0.102551
0.0874762
0.114
0.0868526
0.120316
0.0835619
0.119483
0.0766043
0.110382
0.0650743
0.0931299
0.0483954
0.0691953
0.0265116
0.0412848
1.20304e-09
0.0130121
-0.0299048
-0.0115863
-0.0613776
-0.0286153
-0.0921518
-0.0348919
-0.119746
-0.0284443
-0.141751
-0.00886746
-0.156155
0.0225301
-0.16165
0.0628344
-0.157865
0.107894
-0.145463
0.152902
0.193101
-0.126058
0.0735956
0.0810995
-0.0702817
0.0762
0.092952
0.0778395
0.102166
0.0779275
0.106776
0.0756
0.105191
0.0698627
0.0965711
0.0597982
0.0810932
0.0447871
0.0600474
0.0246961
0.0357456
1.10504e-09
0.011252
-0.0281819
-0.0100167
-0.0581416
-0.0247657
-0.0877269
-0.0303016
-0.114563
-0.0249503
-0.136332
-0.00834933
-0.151082
0.0184382
-0.157505
0.0530173
-0.155155
0.0919631
-0.144526
0.131289
0.167001
-0.126992
0.0643355
0.073257
-0.0610751
0.0671198
0.0829098
0.0691347
0.0900602
0.0697844
0.0931592
0.0682233
0.0909902
0.0634882
0.0829563
0.0546845
0.069283
0.0411893
0.0510916
0.0228288
0.0303239
1.00317e-09
0.00952667
-0.0262881
-0.00847259
-0.0544615
-0.0209517
-0.0825156
-0.0256849
-0.108225
-0.0212819
-0.129405
-0.00742311
-0.144197
0.0150516
-0.151321
0.0442194
-0.150269
0.0773137
-0.141382
0.11109
0.142259
-0.1258
0.0561734
0.0650451
-0.052939
0.0590946
0.0726501
0.0613773
0.0779519
0.0624278
0.0797655
0.0614354
0.0771949
0.0574912
0.0698465
0.0497532
0.057978
0.0376274
0.0425497
0.0209299
0.0251616
8.99018e-10
0.00788392
-0.0242585
-0.00699955
-0.0504171
-0.0172957
-0.0766444
-0.021211
-0.100897
-0.0176188
-0.12116
-0.00624275
-0.135696
0.0122731
-0.143279
0.0364239
-0.143359
0.0640265
-0.13614
0.0924979
0.119184
-0.122539
0.0491096
0.0566512
-0.0459014
0.052103
0.0624067
0.0545338
0.0661079
0.0558228
0.0668798
0.0552105
0.0640925
0.0518624
0.0575147
0.0450127
0.0474179
0.0341217
0.0346084
0.0190184
0.0203764
7.94149e-10
0.00636305
-0.0221295
-0.00563507
-0.0460943
-0.013899
-0.0702537
-0.0170231
-0.0927711
-0.0141181
-0.111824
-0.0049516
-0.125824
0.00999895
-0.133621
0.0295887
-0.134646
0.0521396
-0.128982
0.0756458
0.0980178
-0.117345
0.0430879
0.0482711
-0.03993
0.0460739
0.0524119
0.0485288
0.0547813
0.0499019
0.0547607
0.0494997
0.0519329
0.0465775
0.0461887
0.040463
0.0377952
0.0306887
0.027414
0.017112
0.0160585
6.90107e-10
0.00499397
-0.0199385
-0.00440769
-0.041583
-0.0108397
-0.0634931
-0.0132336
-0.0840531
-0.0109085
-0.101651
-0.00367438
-0.114866
0.00812767
-0.122642
0.0236542
-0.124411
0.041654
-0.120161
0.0606139
0.0789339
-0.110425
0.0380047
0.0401013
-0.0349404
0.0408952
0.042887
0.043255
0.0442014
0.0445745
0.04363
0.044238
0.040919
0.0416023
0.0360436
0.0360988
0.0292514
0.0273422
0.0210694
0.0152278
0.0122697
5.88396e-10
0.0037968
-0.0177228
-0.00333653
-0.0369744
-0.00817072
-0.0565168
-0.00992147
-0.0749608
-0.00808499
-0.090913
-0.00251104
-0.103132
0.00656717
-0.110671
0.0185511
-0.112983
0.0325403
-0.109983
0.0474315
0.06204
-0.102046
0.0337201
0.0323313
-0.0308064
0.0364266
0.0340329
0.038584
0.0345633
0.0397358
0.0336644
0.0393527
0.0311999
0.0368986
0.0271977
0.0319127
0.0218738
0.024095
0.0156331
0.0133822
0.0090429
4.90469e-10
0.00278187
-0.0155193
-0.0024314
-0.0323587
-0.00592016
-0.049479
-0.00713151
-0.0657142
-0.00570713
-0.0798901
-0.00153277
-0.0909487
0.00524059
-0.0980626
0.0142069
-0.100724
0.0247451
-0.0987966
0.0360835
0.0473792
-0.0925219
0.0300717
0.0251351
-0.0273728
0.0325118
0.0260211
0.0343785
0.0260205
0.0352773
0.0249883
0.0347704
0.0228671
0.0324291
0.0197106
0.0278982
0.015696
0.0209601
0.0111208
0.0115914
0.0063838
3.97714e-10
0.00195034
-0.0133632
-0.0016933
-0.0278229
-0.00409232
-0.0425287
-0.0048753
-0.0565284
-0.00379904
-0.0688594
-0.000780293
-0.0786446
0.00408987
-0.0851819
0.0105511
-0.0880147
0.0181972
-0.0869764
0.0265153
0.0349351
-0.0822017
0.0268888
0.0186636
-0.0244693
0.0289925
0.0189865
0.0305041
0.0186787
0.0310971
0.017671
0.0304251
0.0159528
0.0281627
0.0135842
0.0240526
0.0107007
0.0179519
0.00750874
0.0098713
0.0042731
3.11438e-10
0.00129504
-0.0112878
-0.00111536
-0.0234486
-0.00267017
-0.0358062
-0.00313425
-0.0476067
-0.00235167
-0.0580855
-0.000264664
-0.0665379
0.00307718
-0.0723864
0.00751886
-0.075235
0.0128125
-0.0749049
0.0186392
0.0246372
-0.0714485
0.0240064
0.0130373
-0.0219253
0.0257218
0.0130217
0.0268412
0.0125921
0.0271084
0.0117247
0.0262646
0.0104319
0.0240787
0.00876684
0.0203795
0.0068245
0.015087
0.00473793
0.00823774
0.00267014
2.32856e-10
0.000801807
-0.00932391
-0.000684024
-0.0193099
-0.00161865
-0.0294388
-0.00186408
-0.0391346
-0.00132722
-0.0478117
2.97894e-05
-0.0549242
0.0021842
-0.0600138
0.00505299
-0.0627495
0.00849875
-0.0629555
0.0123405
0.016368
-0.0606248
0.0212791
0.00834
-0.0195831
0.0225762
0.00817255
0.023295
0.00776179
0.0232481
0.00710688
0.0222565
0.00622633
0.0201706
0.00515931
0.0168903
0.00396521
0.0123848
0.0027211
0.00670658
0.00151725
1.63083e-10
0.000450987
-0.00749907
-0.000380659
-0.0154725
-0.000888845
-0.023538
-0.00100054
-0.0312743
-0.000665171
-0.038252
0.000140413
-0.0440663
0.00140917
-0.0483683
0.00310357
-0.0508923
0.0051578
-0.0514767
0.00748226
0.00996986
-0.0500749
0.018593
0.00461375
-0.0173117
0.0194662
0.00443608
0.0198042
0.00413748
0.0194828
0.00372447
0.018392
0.003212
0.0164483
0.00262349
0.013606
0.00199018
0.00986831
0.00134982
0.00529371
0.000744716
1.03117e-10
0.000219196
-0.0058374
-0.000183198
-0.0119918
-0.000422707
-0.0181965
-0.000466216
-0.0241601
-0.000289763
-0.0295847
0.000119519
-0.0341853
0.000762209
-0.0377093
0.00162624
-0.0399532
0.00268744
-0.0407764
0.00391086
0.00525286
-0.0401105
0.0158756
0.00185551
-0.0150168
0.0163449
0.00176085
0.0163474
0.00162077
0.0158137
0.00144051
0.0146893
0.00122774
0.0129399
0.000992346
0.0105573
0.000746197
0.00756381
0.000502667
0.00401492
0.000276097
5.38356e-11
8.11362e-05
-0.00435921
-6.7958e-05
-0.00891246
-0.000158045
-0.0134871
-0.00017779
-0.0178962
-0.000118283
-0.0219474
2.64531e-05
-0.0254536
0.00025911
-0.0282427
0.000578898
-0.0301668
0.00098154
-0.0311105
0.00145944
0.00200202
-0.0309965
0.0131023
-0.0126492
0.0132127
0.0129464
0.0122783
0.0111939
0.0096916
0.00778435
0.00550082
0.00288579
1.59838e-11
-0.00308086
-0.00626791
-0.00946151
-0.0125543
-0.0154348
-0.017991
-0.0201147
-0.021705
-0.0226724
-0.0229413
-0.0176786
-0.0189884
-0.0254942
-0.0261828
-0.0350524
-0.0344064
-0.0463973
-0.0434544
-0.0595395
-0.0530599
-0.0744592
-0.0629054
-0.0911084
-0.0726373
-0.109413
-0.0818831
-0.129272
-0.0902696
-0.150561
-0.0974426
-0.173122
-0.103085
-0.19677
-0.106934
-0.221284
-0.108795
-0.246402
-0.108556
-0.271821
-0.106187
-0.297196
-0.101752
-0.322131
-0.0954006
-0.346191
-0.0873625
-0.368898
-0.0779383
-0.0674838
-0.0164306
-0.0151135
-0.0243352
-0.02124
-0.0342068
-0.0283081
-0.0461289
-0.0361259
-0.0601368
-0.0444383
-0.0762173
-0.0529387
-0.094309
-0.0612834
-0.114302
-0.0691101
-0.13604
-0.0760569
-0.159318
-0.0817826
-0.183884
-0.0859865
-0.209439
-0.088426
-0.235637
-0.0889317
-0.262084
-0.0874189
-0.288344
-0.0838941
-0.313934
-0.0784572
-0.338337
-0.0712981
-0.361001
-0.0626884
-0.38135
-0.052969
-0.0425325
-0.0149961
-0.0114434
-0.0227339
-0.016376
-0.0325668
-0.0221159
-0.0446089
-0.0284937
-0.0589121
-0.0352797
-0.0754628
-0.0421949
-0.0941788
-0.0489254
-0.114909
-0.05514
-0.137433
-0.0605089
-0.161463
-0.064724
-0.186647
-0.0675181
-0.212573
-0.0686824
-0.238771
-0.0680809
-0.264725
-0.0656621
-0.289873
-0.0614644
-0.313622
-0.0556176
-0.335354
-0.0483391
-0.354438
-0.0399243
-0.370243
-0.0307327
-0.0211701
-0.0133854
-0.00809895
-0.0207015
-0.0117999
-0.0301334
-0.0161434
-0.0418138
-0.0209899
-0.0558031
-0.0261468
-0.0720811
-0.0313778
-0.090543
-0.0364163
-0.110997
-0.0409806
-0.133163
-0.0447917
-0.156681
-0.0475911
-0.18111
-0.0491589
-0.205943
-0.0493293
-0.230609
-0.0480044
-0.254496
-0.0451638
-0.276955
-0.0408698
-0.297319
-0.0352682
-0.314919
-0.0285838
-0.329099
-0.0211107
-0.339232
-0.0131988
-0.00523601
-0.0116132
-0.00519155
-0.0182639
-0.00771319
-0.026939
-0.0107005
-0.0377777
-0.0140485
-0.0508404
-0.0176095
-0.0660984
-0.0212006
-0.0834278
-0.0246147
-0.102606
-0.0276331
-0.123313
-0.0300402
-0.145135
-0.0316382
-0.167576
-0.0322624
-0.190067
-0.0317941
-0.211983
-0.030172
-0.232658
-0.0274001
-0.25141
-0.0235518
-0.267554
-0.0187701
-0.280429
-0.0132634
-0.289416
-0.00729667
-0.293954
-0.00117896
0.00475228
-0.00969865
-0.00281916
-0.0154611
-0.00430011
-0.0230481
-0.00607684
-0.0325924
-0.00807971
-0.0441485
-0.0102086
-0.0576807
-0.0123382
-0.0730558
-0.0143261
-0.0900394
-0.0160219
-0.108298
-0.0172779
-0.127404
-0.0179607
-0.146846
-0.0179615
-0.166048
-0.0172068
-0.184382
-0.0156657
-0.201193
-0.0133564
-0.215821
-0.0103491
-0.227628
-0.00676541
-0.236016
-0.00277494
-0.240455
0.0014116
-0.240501
0.0055524
0.00938715
-0.00766441
-0.00106307
-0.0123463
-0.00171872
-0.0185545
-0.00252526
-0.0264046
-0.00344503
-0.0359407
-0.00442197
-0.0471247
-0.00538487
-0.0598285
-0.00625221
-0.0738311
-0.00693795
-0.0888196
-0.00735826
-0.104396
-0.00743847
-0.12009
-0.00711995
-0.135371
-0.00636631
-0.149672
-0.00516851
-0.162409
-0.00354843
-0.173007
-0.00156063
-0.180921
0.000708045
-0.185666
0.00314098
-0.186835
0.0055965
-0.184116
0.00791462
0.0099254
-0.00553657
1.49126e-05
-0.0089842
-9.31425e-05
-0.0135789
-0.000247699
-0.0194095
-0.000435438
-0.026508
-0.000634757
-0.0348401
-0.000817269
-0.0442993
-0.000949994
-0.0547037
-0.000998113
-0.065798
-0.000928094
-0.0772591
-0.000710987
-0.0887061
-0.000325649
-0.0997147
0.00023834
-0.109834
0.000978292
-0.118606
0.00187678
-0.125587
0.00290091
-0.13037
0.00400263
-0.132603
0.00512006
-0.13201
0.00618001
-0.128404
0.00710137
0.00779935
-0.00334381
0.00037481
-0.00544907
0.000492781
-0.0082634
0.000616702
-0.0118423
0.000746629
-0.0162049
0.0008844
-0.0213274
0.00103329
-0.0271393
0.00119754
-0.0335211
0.00138163
-0.040306
0.00158961
-0.0472838
0.00182426
-0.0542074
0.00208635
-0.0608032
0.00237391
-0.0667823
0.0026817
-0.0718544
0.00300086
-0.075742
0.0033188
-0.0781951
0.00361933
-0.079005
0.0038831
-0.0780169
0.00408834
-0.0751397
0.00421182
0.00423002
-0.00111665
1.97188e-12
-0.00182181
6.60009e-12
-0.00276551
1.25235e-11
-0.00396652
1.95814e-11
-0.0054311
2.75875e-11
-0.00715075
3.63331e-11
-0.00910081
4.55911e-11
-0.0112398
5.51189e-11
-0.01351
6.46634e-11
-0.0158386
7.39649e-11
-0.0181404
8.27614e-11
-0.0203214
9.07936e-11
-0.0222826
9.78088e-11
-0.023925
1.03566e-10
-0.0251549
1.07839e-10
-0.0258888
1.10423e-10
-0.0260585
1.11135e-10
-0.0256152
1.09822e-10
-0.0245332
1.06357e-10
1.00652e-10
0.00111339
-0.00110199
0.001813
-0.00156337
0.00274849
-0.00209001
0.00393837
-0.00266832
0.00538875
-0.00328144
0.00709115
-0.00390975
0.00902103
-0.00453171
0.0111372
-0.00512474
0.0133823
-0.00566629
0.0156841
-0.00613493
0.0179582
-0.00651144
0.0201112
-0.00677982
0.0220451
-0.00692811
0.023662
-0.00694911
0.0248692
-0.00684072
0.0255844
-0.00660611
0.0257404
-0.00625352
0.0252896
-0.00579574
0.0242076
-0.00524939
-0.00463387
0.00331467
-0.0028995
0.00537026
-0.00414191
0.00811116
-0.00556941
0.0115906
-0.00714253
0.0158265
-0.00881064
0.0207951
-0.0105139
0.0264268
-0.0121859
0.0326047
-0.013757
0.0391656
-0.0151582
0.0459039
-0.0163246
0.0525789
-0.0171995
0.0589239
-0.0177381
0.064658
-0.01791
0.0694999
-0.0177018
0.0731814
-0.0171182
0.0754625
-0.0161822
0.0761448
-0.0149344
0.0750835
-0.0134306
0.0721975
-0.0117392
-0.00993694
0.0054563
-0.00533762
0.00876765
-0.00763513
0.0131614
-0.0102821
0.0187201
-0.0132037
0.0254724
-0.016303
0.0333838
-0.0194643
0.0423506
-0.022559
0.0521973
-0.0254522
0.062678
-0.0280099
0.0734826
-0.0301071
0.0842461
-0.0316355
0.0945629
-0.0325101
0.104003
-0.0326757
0.112133
-0.032111
0.118534
-0.0308309
0.122824
-0.0288872
0.124679
-0.0263666
0.12385
-0.0233864
0.120176
-0.0200886
-0.0166314
0.00750906
-0.00833981
0.0119288
-0.0119018
0.0177516
-0.0160074
0.0250813
-0.0205416
0.0339554
-0.0253537
0.0443351
-0.0302644
0.0560974
-0.0350736
0.0690324
-0.0395713
0.0828447
-0.0435489
0.0971599
-0.0468117
0.111536
-0.0491906
0.125477
-0.0505531
0.138454
-0.0508125
0.149928
-0.0499344
0.159367
-0.0479411
0.166277
-0.0449118
0.170221
-0.0409795
0.17084
-0.0363255
0.167872
-0.0311694
-0.025757
0.00944618
-0.0118103
0.014786
-0.0167662
0.0217543
-0.022472
0.0304654
-0.0287716
0.040963
-0.0354607
0.0532097
-0.0422958
0.0670794
-0.0490058
0.0823543
-0.0553054
0.0987264
-0.0609114
0.115803
-0.0655581
0.133118
-0.0690139
0.150144
-0.0710949
0.166312
-0.071678
0.181033
-0.070709
0.193715
-0.0682086
0.203792
-0.0642728
0.210742
-0.0590695
0.214109
-0.0528308
0.213521
-0.0458409
-0.038421
0.011244
-0.015637
0.0172829
-0.0220262
0.0250673
-0.029364
0.0347104
-0.0374568
0.046257
-0.0460528
0.0596751
-0.0548524
0.0748493
-0.0635219
0.0915784
-0.0717108
0.109576
-0.0790697
0.128475
-0.0852699
0.147836
-0.0900221
0.167158
-0.0930933
0.185894
-0.0943217
0.203464
-0.0936271
0.219277
-0.091017
0.232746
-0.0865889
0.243307
-0.0805255
0.250441
-0.0730872
0.253686
-0.0645977
-0.0554276
0.0128827
-0.0196952
0.019376
-0.0274624
0.0276183
-0.0363494
0.0377084
-0.0461328
0.049686
-0.0565243
0.0635252
-0.0671821
0.0791305
-0.0777265
0.0963345
-0.0877583
0.114899
-0.0968789
0.134517
-0.104711
0.154818
-0.110921
0.175376
-0.115232
0.195718
-0.117448
0.215332
-0.117458
0.233681
-0.115246
0.250218
-0.110897
0.264392
-0.104586
0.275669
-0.0965741
0.283542
-0.0871965
-0.0768408
0.0143465
-0.0238511
0.0210363
-0.0328478
0.0293667
-0.0430899
0.0394103
-0.0543345
0.0511935
-0.066271
0.0646938
-0.0785338
0.079838
-0.0907174
0.0965016
-0.102396
0.114509
-0.113143
0.133634
-0.122554
0.153604
-0.130265
0.174097
-0.135972
0.194752
-0.139447
0.215169
-0.140552
0.234914
-0.139244
0.253527
-0.135579
0.270527
-0.129707
0.285421
-0.12187
0.297714
-0.112383
-0.101623
0.0156242
-0.0279663
0.0222496
-0.037958
0.0303052
-0.0492607
0.0398269
-0.0616232
0.0508198
-0.0747285
0.063259
-0.0882063
0.0770905
-0.101648
0.092232
-0.114623
0.108573
-0.126703
0.125973
-0.137476
0.144265
-0.146568
0.163247
-0.153663
0.182687
-0.158515
0.202318
-0.160962
0.221839
-0.160932
0.240912
-0.158449
0.259165
-0.153627
0.276198
-0.146668
0.29158
-0.137851
-0.127515
0.0167092
-0.0319015
0.0230164
-0.0425808
0.0304583
-0.054567
0.0390268
-0.0676119
0.0486988
-0.0814074
0.0594399
-0.0955966
0.071208
-0.109788
0.0839548
-0.123571
0.0976263
-0.136533
0.112161
-0.148278
0.127488
-0.158444
0.143522
-0.166717
0.160156
-0.172847
0.177259
-0.176657
0.194668
-0.178052
0.212183
-0.177022
0.229564
-0.173642
0.246528
-0.168066
0.262751
-0.160522
-0.151297
-0.00552811
0.00875407
0.00368897
-0.00699619
0.00814199
-0.00802516
0.00742138
-0.00855675
0.00660128
-0.00854571
0.00569434
-0.00796267
0.00471662
-0.00679668
0.00368718
-0.00505698
0.0026275
-0.00277409
0.00156076
1.59838e-11
0.000510997
0.00319256
-0.000497819
0.00671175
-0.00144271
0.0104492
-0.00230262
0.0142832
-0.00305927
0.018083
-0.00369782
0.0217126
-0.00420749
0.0250359
-0.00458187
0.0279215
-0.00481907
0.0302466
-0.0049217
-0.00489654
-0.00592767
0.0143861
0.00343254
-0.00806432
0.0136737
-0.00970997
0.012697
-0.01074
0.0114677
-0.0110458
0.0100095
-0.0105433
0.00835843
-0.00918025
0.00656165
-0.00694244
0.00467593
-0.00385816
0.00276508
5.38356e-11
0.000896805
0.00451597
-0.000860807
0.00953384
-0.00244307
0.0148642
-0.00379232
0.0202927
-0.00486123
0.0255909
-0.00561542
0.0305274
-0.00603531
0.0348801
-0.00611699
0.0384474
-0.00587211
0.0410583
-0.00532676
-0.0045195
-0.00602331
0.0216052
0.00285521
-0.00888765
0.0209327
-0.0112431
0.0197667
-0.0128844
0.0181103
-0.0136208
0.0159935
-0.0132922
0.0134753
-0.0117847
0.0106423
-0.0090439
0.00760549
-0.00508534
0.00449478
1.03117e-10
0.0014514
0.00604577
-0.00138108
0.0128162
-0.00386638
0.0200178
-0.00588493
0.0273161
-0.00734227
0.0343559
-0.00817562
0.0407837
-0.00835803
0.0462704
-0.00789984
0.0505318
-0.00684716
0.0533462
-0.00527789
-0.00329538
-0.00587525
0.0304307
0.00204615
-0.00949638
0.0299964
-0.0126277
0.028763
-0.0149718
0.0267058
-0.016239
0.02385
-0.0161723
0.0202759
-0.014575
0.0161192
-0.0113342
0.0115666
-0.00644065
0.00684485
1.63083e-10
0.00220646
0.007765
-0.00208868
0.0165231
-0.00579336
0.0258533
-0.00869276
0.0352725
-0.010622
0.0442695
-0.0114792
0.0523425
-0.0112339
0.0590356
-0.00992815
0.0639721
-0.0076722
0.0668805
-0.00463417
-0.0010254
-0.00559483
0.0408213
0.00114263
-0.00997102
0.0408774
-0.0139125
0.039754
-0.0170226
0.0373714
-0.0188978
0.0337307
-0.0191658
0.0289265
-0.0175264
0.0231512
-0.0137898
0.0166887
-0.00790898
0.00989856
2.32856e-10
0.00319005
0.00965266
-0.00301037
0.0206071
-0.00829563
0.0322919
-0.0123142
0.0440475
-0.0148022
0.0551785
-0.0156069
0.06501
-0.0147007
0.0729425
-0.0121816
0.0785003
-0.00826276
0.0813671
-0.0032516
0.00247947
-0.00533705
0.0526787
0.000321243
-0.0104366
0.0535229
-0.0151885
0.0527391
-0.019093
0.0501567
-0.0216228
0.0457255
-0.022274
0.0395408
-0.0206245
0.0318549
-0.0163906
0.0230714
-0.00947521
0.0137218
3.11438e-10
0.00442471
0.0116839
-0.00416767
0.0250099
-0.0114303
0.0392343
-0.0168258
0.0534954
-0.0199579
0.0668878
-0.0206105
0.078542
-0.0187686
0.0877021
-0.0146173
0.0937908
-0.0085214
0.0964566
-0.000986547
0.00739147
-0.00529028
0.0658519
-0.000213476
-0.0110541
0.0678166
-0.0165814
0.0676472
-0.0212708
0.0650391
-0.0244645
0.0598552
-0.0255155
0.0521703
-0.0238648
0.0422959
-0.0191204
0.0307764
-0.0111243
0.0183576
3.97714e-10
0.00592551
0.0138303
-0.00557504
0.0296627
-0.0152348
0.046562
-0.0222749
0.063442
-0.0261292
0.0791653
-0.0265054
0.0926512
-0.0234147
0.102979
-0.0171679
0.109472
-0.00833881
0.111758
0.00229981
0.0138586
-0.00566363
0.0801442
-0.000242485
-0.0120093
0.0835827
-0.0182436
0.0843382
-0.0236683
0.0819219
-0.0274941
0.0760661
-0.0289237
0.0667976
-0.0272514
0.054481
-0.021966
0.0398212
-0.0128412
0.0238217
4.90469e-10
0.00769848
0.0160603
-0.00723822
0.0344878
-0.0197227
0.0541403
-0.0286733
0.0736892
-0.0333146
0.0917488
-0.0332651
0.107016
-0.02858
0.118403
-0.0197408
0.125141
-0.00759655
0.126853
0.00673588
0.0219972
-0.00667273
0.0953204
0.000453096
-0.0134999
0.100592
-0.0203426
0.102607
-0.0264142
0.100635
-0.0307973
0.0942288
-0.0325432
0.0833323
-0.0307947
0.068353
-0.0249166
0.0501735
-0.0146109
0.0300986
5.88396e-10
0.00973923
0.0183397
-0.00915295
0.0394
-0.0248798
0.061821
-0.035993
0.08402
-0.0414663
0.104354
-0.040818
0.121292
-0.0341682
0.133583
-0.0222202
0.140378
-0.00617147
0.141315
0.0124335
0.0318846
-0.00852482
0.111116
0.0020769
-0.015722
0.118572
-0.0230494
0.122189
-0.0296439
0.12094
-0.0344679
0.114139
-0.036425
0.10161
-0.0345094
0.0837877
-0.0279631
0.0617477
-0.0164184
0.037139
6.90107e-10
0.0120319
0.0206321
-0.011304
0.0443086
-0.0306617
0.0694467
-0.0441624
0.0942055
-0.050488
0.116683
-0.0490468
0.135124
-0.0400478
0.148121
-0.0244713
0.154763
-0.00394155
0.154724
0.0194809
0.0435528
-0.0114039
0.127247
0.0048027
-0.0188556
0.137212
-0.0265262
0.142771
-0.0334895
0.142535
-0.0385991
0.135524
-0.0406217
0.121394
-0.0384114
0.100594
-0.0310965
0.0744043
-0.0182481
0.0448587
7.9415e-10
0.0145489
0.0228998
-0.0136645
0.0491195
-0.0369928
0.076855
-0.0530657
0.104012
-0.0602349
0.128435
-0.0577904
0.148158
-0.0460556
0.161629
-0.0263459
0.167894
-0.000792925
0.166688
0.0279364
0.0569826
-0.0154568
0.143417
0.00876101
-0.0230512
0.156179
-0.0309135
0.164002
-0.0380688
0.165069
-0.0432764
0.158046
-0.0451814
0.142381
-0.0425144
0.118517
-0.034307
0.0879503
-0.020084
0.0531384
8.99018e-10
0.0172504
0.0251044
-0.0161963
0.0537375
-0.0437662
0.0838832
-0.0625437
0.113207
-0.070516
0.139319
-0.0668481
0.160055
-0.0520039
0.173742
-0.0276904
0.179403
0.00337236
0.176857
0.0378211
0.0720996
-0.0207809
0.159329
0.0140279
-0.0284175
0.175127
-0.036319
0.185501
-0.0434757
0.188148
-0.0485693
0.181317
-0.0501428
0.164209
-0.0468271
0.137242
-0.037582
0.102143
-0.0219093
0.0618252
1.00317e-09
0.020085
0.0272076
-0.0188497
0.0580688
-0.0508453
0.0903731
-0.0723967
0.12157
-0.0810991
0.149059
-0.0759871
0.170505
-0.0576882
0.184136
-0.0283544
0.188971
0.0086283
0.184937
0.0491136
0.0887716
-0.0274149
0.174693
0.0206165
-0.0350114
0.193708
-0.0428076
0.206877
-0.0497711
0.211352
-0.0545234
0.204911
-0.0555293
0.186466
-0.0513495
0.156404
-0.0409054
0.116693
-0.0237062
0.0707362
1.10504e-09
0.0229911
0.0291717
-0.0215653
0.0620234
-0.0580666
0.0961757
-0.0823901
0.128896
-0.0917184
0.157409
-0.0849512
0.179238
-0.0628977
0.192537
-0.0282009
0.196343
0.0150171
0.190706
0.0617448
0.106808
-0.0353316
0.189233
0.0284717
-0.0428298
0.211583
-0.0503928
0.227738
-0.0569751
0.234249
-0.0611547
0.228373
-0.0613442
0.208706
-0.0560699
0.175598
-0.0442556
0.131278
-0.0254555
0.0796624
1.20304e-09
0.0258977
0.030961
-0.0242748
0.0655175
-0.0652445
0.101156
-0.0922608
0.135006
-0.102083
0.164158
-0.0934715
0.186033
-0.0674258
0.198733
-0.0271151
0.201335
0.022542
0.194022
0.0755952
0.12596
-0.0444351
0.202695
0.0374685
-0.0518059
0.228432
-0.059032
0.247703
-0.0650613
0.256408
-0.0684435
0.251241
-0.0675666
0.23046
-0.0609626
0.19439
-0.0476046
0.145544
-0.0271365
0.0883752
1.29562e-09
0.0287269
0.0325416
-0.0269031
0.0684758
-0.0721765
0.105197
-0.101726
0.139749
-0.11189
0.169141
-0.101278
0.190726
-0.0710818
0.202585
-0.0250145
0.203841
0.0311618
0.194825
0.090493
0.145927
-0.0545614
0.214852
0.0474145
-0.0618074
0.243963
-0.0686237
0.266417
-0.0739534
0.277416
-0.0763311
0.273055
-0.0741481
0.251253
-0.065985
0.212331
-0.0509171
0.159121
-0.028727
0.0966326
1.38123e-09
0.031396
0.0338832
-0.029371
0.0708336
-0.0786502
0.108205
-0.110495
0.143013
-0.120832
0.172243
-0.108113
0.19322
-0.0737014
0.204025
-0.021856
0.203841
0.0407867
0.193142
0.106215
0.166357
-0.0654826
0.225504
0.0580556
-0.0726392
0.25792
-0.0790077
0.283558
-0.0835243
0.296885
-0.084718
0.293375
-0.0810106
0.270617
-0.0710766
0.228972
-0.0541494
0.171635
-0.0302029
0.104188
1.45835e-09
0.0338205
0.0349587
-0.0315977
0.0725384
-0.0844508
0.110107
-0.118277
0.144723
-0.128616
0.173401
-0.113742
0.193482
-0.0751566
0.203066
-0.0176431
0.201396
0.0512766
0.189085
0.12249
0.186859
-0.0769148
0.234489
0.0690852
-0.0840493
0.270085
-0.0899691
0.298848
-0.0935973
0.314471
-0.0934636
0.311793
-0.0880459
0.28811
-0.0761582
0.24388
-0.0572491
0.182718
-0.0315386
0.110798
1.52552e-09
0.035917
0.0357453
-0.0335038
0.0735516
-0.0893697
0.110863
-0.124796
0.144846
-0.134969
0.17261
-0.117964
0.191549
-0.0753645
0.199794
-0.0124291
0.196645
0.0624417
0.182842
0.139002
0.20701
-0.0885291
0.0801573
-0.0957379
-0.101245
-0.103951
-0.102389
-0.0951164
-0.0811316
-0.0601554
-0.0327065
1.58136e-09
0.0362248
0.0738491
0.110455
0.143392
0.16992
0.187522
0.194366
0.1898
0.174669
0.137119
-0.128418
0.139923
-0.118207
0.140461
-0.107261
0.13877
-0.0960095
0.134968
-0.0848475
0.129251
-0.0741216
0.121877
-0.0641154
0.11315
-0.0550401
0.103405
-0.0470306
0.0929906
-0.0401448
0.0822483
-0.034369
0.0715011
-0.0296262
0.0610389
-0.0257886
0.0511083
-0.0226923
0.0419063
-0.0201544
0.0335769
-0.0179894
0.0262122
-0.0160262
0.019855
-0.0141227
0.0145056
-0.0121789
-0.0101452
0.105478
-0.108344
0.107063
-0.100799
0.107207
-0.0921862
0.105923
-0.0829522
0.103269
-0.0735167
0.099346
-0.0642538
0.0942895
-0.055477
0.0882654
-0.0474283
0.0814612
-0.0402722
0.0740783
-0.0340951
0.0663234
-0.0289092
0.0584011
-0.0246612
0.050507
-0.0212446
0.0428223
-0.0185145
0.0355083
-0.0163046
0.0287036
-0.0144445
0.0225215
-0.0127762
0.0170484
-0.0111693
0.0123434
-0.00953291
-0.00782457
0.0917869
-0.0801923
0.0899048
-0.0758436
0.0873128
-0.0703174
0.0841232
-0.064003
0.0804276
-0.0572722
0.0762999
-0.0504619
0.0717999
-0.04386
0.066978
-0.0376947
0.0618804
-0.032129
0.0565534
-0.0272596
0.0510489
-0.0231194
0.045427
-0.0196849
0.0397594
-0.0168864
0.0341294
-0.0146204
0.0286318
-0.0127639
0.0233698
-0.0111888
0.0184507
-0.00977598
0.0139798
-0.00842759
0.0100528
-0.00707685
-0.00569499
0.0832489
-0.0494877
0.0786026
-0.0478063
0.0735547
-0.0451648
0.0683903
-0.0418265
0.0633074
-0.0380464
0.0584246
-0.0340594
0.0537927
-0.0300694
0.0494092
-0.0262423
0.0452346
-0.0227013
0.041209
-0.0195263
0.0372683
-0.0167549
0.0333583
-0.0143871
0.0294453
-0.0123922
0.0255243
-0.0107163
0.0216215
-0.00929235
0.0177939
-0.0080487
0.0141236
-0.00691862
0.0107098
-0.00584797
0.0076565
-0.00480149
-0.00376698
0.0673937
-0.0227502
0.0623967
-0.0225593
0.057007
-0.0218525
0.0516076
-0.0207452
0.0464675
-0.0193515
0.0417494
-0.0177779
0.0375242
-0.0161193
0.0337882
-0.014455
0.0304833
-0.0128466
0.0275186
-0.0113377
0.0247898
-0.00995428
0.0221977
-0.00870614
0.0196623
-0.00758999
0.0171335
-0.00659265
0.0145958
-0.00569484
0.0120694
-0.00487508
0.00960556
-0.00411337
0.00727824
-0.00339437
0.00517278
-0.00270996
-0.00206082
0.0389652
-0.0048418
0.0358852
-0.00499155
0.032487
-0.00503217
0.0290516
-0.00497876
0.0257799
-0.00484692
0.022798
-0.00465204
0.020166
-0.00440858
0.0178902
-0.00412968
0.0159368
-0.00382673
0.0142466
-0.00350931
0.0127483
-0.00318508
0.0113715
-0.00286
0.0100562
-0.0025385
0.00876082
-0.00222389
0.00746543
-0.00191866
0.00617298
-0.00162491
0.00490683
-0.00134472
0.00370564
-0.00108046
0.00261639
-0.000835023
-0.000611946
-1.87227e-09
0.0019755
-1.704e-09
0.00229009
-1.52556e-09
0.00257884
-1.34108e-09
0.00282983
-1.1681e-09
0.00303256
-1.01263e-09
0.00317859
-8.70806e-10
0.00326204
-7.51538e-10
0.00327985
-6.46759e-10
0.00323198
-5.55937e-10
0.0031213
-4.77035e-10
0.00295342
-4.02049e-10
0.0027363
-3.35157e-10
0.00247977
-2.70269e-10
0.00219496
-2.08758e-10
0.00189368
-1.52629e-10
0.0015878
-1.00477e-10
0.00128864
-5.6668e-11
0.00100645
-2.31208e-11
0.000749973
0.000526109
-0.0437398
-0.00228866
-0.0406382
-0.000867898
-0.0371159
0.00069044
-0.0334698
0.00227996
-0.0299171
0.00380123
-0.0266001
0.00516717
-0.0235946
0.00630729
-0.0209223
0.00717065
-0.0185636
0.00772742
-0.0164719
0.00796907
-0.0145874
0.00790711
-0.0128491
0.00757077
-0.011205
0.00700358
-0.00961922
0.00625939
-0.00807561
0.00539787
-0.00657896
0.00447995
-0.00515248
0.00356354
-0.00383289
0.0026997
-0.00266348
0.00192954
0.00128208
-0.0866776
-0.0156381
-0.0814259
-0.0123848
-0.0754133
-0.00872152
-0.0690818
-0.00489755
-0.0627602
-0.00114648
-0.0566713
0.00232593
-0.0509443
0.00535129
-0.0456314
0.00780532
-0.0407267
0.00961145
-0.0361863
0.0107413
-0.0319477
0.0112119
-0.027947
0.0110807
-0.0241325
0.0104376
-0.0204752
0.00939607
-0.0169735
0.00808293
-0.0136537
0.00662794
-0.0105663
0.00515396
-0.0077774
0.00376816
-0.00535831
0.0025549
0.00157078
-0.126918
-0.0341721
-0.121171
-0.0284228
-0.114333
-0.0221223
-0.106804
-0.015643
-0.0989018
-0.00933135
-0.0908619
-0.00349059
-0.0828499
0.00163268
-0.074973
0.00585809
-0.0672935
0.00907653
-0.0598442
0.0112506
-0.0526422
0.0124103
-0.045702
0.0126457
-0.0390452
0.0120949
-0.0327074
0.0109306
-0.0267409
0.00934498
-0.0212138
0.00753404
-0.0162051
0.00568246
-0.011797
0.00395038
-0.00806359
0.00246243
0.00130004
-0.168801
-0.0530282
-0.163984
-0.0446549
-0.157517
-0.0358241
-0.149682
-0.0269643
-0.140745
-0.0184695
-0.130953
-0.0106801
-0.120535
-0.00386879
-0.109703
0.00177025
-0.098651
0.0061259
-0.087562
0.00917038
-0.0766062
0.0109541
-0.065944
0.0115963
-0.0557266
0.0112714
-0.0460958
0.0101936
-0.0371825
0.0085981
-0.0291039
0.00672355
-0.0219596
0.00479388
-0.0158262
0.0030025
-0.0107515
0.0014991
0.000380166
-0.221785
-0.0685667
-0.217561
-0.0582437
-0.210859
-0.047713
-0.201903
-0.0373864
-0.190968
-0.0276363
-0.178366
-0.0187788
-0.164443
-0.0110608
-0.149559
-0.00465172
-0.134088
0.000361191
-0.118394
0.00397142
-0.102829
0.00624806
-0.0877197
0.00732615
-0.0733566
0.00739355
-0.0599899
0.00667511
-0.0478223
0.00541524
-0.0370056
0.00385993
-0.027639
0.00223928
-0.0197682
0.000751692
-0.0133867
-0.000449385
-0.00126533
-0.293179
-0.286686
-0.276961
-0.264273
-0.248976
-0.2315
-0.212327
-0.191974
-0.170975
-0.149853
-0.129107
-0.109188
-0.0904853
-0.0733176
-0.0579221
-0.0444527
-0.0329804
-0.0234979
-0.015927
)
;

boundaryField
{
    inlet
    {
        type            calculated;
        value           uniform 0;
    }
    outlet
    {
        type            calculated;
        value           uniform 0;
    }
    dymWall
    {
        type            calculated;
        value           nonuniform List<scalar> 
73
(
0.0115249
0.010362
0.00918257
0.00798837
0.00678133
0.00556336
0.00433641
0.00310245
0.00186348
0.000621496
-0.000621496
-0.00186348
-0.00310245
-0.00433641
-0.00556336
-0.00678133
-0.00798837
-0.00918257
-0.010362
-0.0115249
1.54196e-05
4.88039e-05
7.09327e-05
8.28893e-05
8.58451e-05
8.10495e-05
6.98189e-05
5.35249e-05
3.3583e-05
1.14396e-05
-1.14396e-05
-3.3583e-05
-5.35249e-05
-6.98189e-05
-8.10495e-05
-8.58451e-05
-8.28893e-05
-7.09327e-05
-4.88039e-05
-1.54196e-05
0.0101288
0.00843762
0.00674783
0.00505944
0.00337224
0.00168589
0
-0.00168589
-0.00337224
-0.00505944
-0.00674783
-0.00843762
-0.0101288
-0.00462854
-0.00419832
-0.00374957
-0.0032842
-0.00280421
-0.0023117
-0.00180884
-0.00129787
-0.000781062
-0.000260745
0.000260745
0.000781062
0.00129787
0.00180884
0.0023117
0.00280421
0.0032842
0.00374957
0.00419832
0.00462854
)
;
    }
    AMI1
    {
        type            cyclicAMI;
        value           nonuniform List<scalar> 
73
(
-0.114204
-0.141148
-0.16658
-0.184421
-0.189425
-0.178647
-0.152214
-0.113268
-0.0672674
-0.0209957
0.0184033
0.0442477
0.0510424
0.0352233
-0.00405153
-0.0642289
-0.139134
-0.219523
-0.294542
-0.353839
-0.389741
-0.398793
-0.382149
-0.344735
-0.293561
-0.235812
-0.177311
-0.121701
-0.0703529
-0.0228122
0.0224949
0.0674757
0.113599
0.161166
0.208706
0.252652
0.287541
0.306916
0.304864
0.27787
0.241675
0.280287
0.312057
0.329873
0.327947
0.303324
0.256648
0.192026
0.116232
0.0376067
-0.0350144
-0.0932126
-0.1298
-0.139657
-0.120626
-0.0742928
-0.00631897
0.0740461
0.155403
0.226368
-0.132104
-0.102486
-0.0928248
-0.0871195
-0.0714988
-0.0413655
2.00206e-09
0.0460442
0.0906135
0.13109
0.171667
0.22336
0.296268
)
;
    }
    AMI2
    {
        type            cyclicAMI;
        value           nonuniform List<scalar> 
162
(
0.0522625
0.0585317
0.0651679
0.0718578
0.078247
0.0839645
0.0886484
0.091971
0.0936625
0.0935281
0.091461
0.087448
0.0815691
0.0739913
0.0649583
0.0547774
0.0438043
0.0324287
0.0210596
0.0101128
-4.41163e-20
-0.00888175
-0.0161587
-0.0214894
-0.0245743
-0.0251654
-0.0230779
-0.0182012
-0.0105107
-7.82365e-05
0.0129208
0.0282036
0.0453822
0.0639718
0.0834065
0.103062
0.122282
0.140413
0.156838
0.171006
0.182467
0.195739
0.201106
0.202936
0.201328
0.196521
0.188865
0.178797
0.166799
0.153372
0.138999
0.124122
0.109122
0.0943046
0.0798958
0.0660411
0.0528114
0.0402114
0.028191
0.0166578
0.00548991
-0.00545108
-0.0163075
-0.0272132
-0.0382819
-0.0495947
-0.061189
-0.0730477
-0.0850899
-0.0971645
-0.109047
-0.120441
-0.130987
-0.140275
-0.147866
-0.153318
-0.156219
-0.156215
-0.153046
-0.146576
-0.136809
-0.113666
-0.123375
-0.132941
-0.141966
-0.150021
-0.156673
-0.161509
-0.164169
-0.164362
-0.161892
-0.156664
-0.148692
-0.138098
-0.125102
-0.110015
-0.0932176
-0.075148
-0.0562847
-0.0371305
-0.0181986
0
0.0169675
0.0322296
0.0453454
0.0559179
0.0636057
0.0681348
0.0693124
0.0670392
0.0613218
0.0522817
0.0401601
0.0253174
0.00822588
-0.0105456
-0.0303534
-0.0505077
-0.0703052
-0.0890651
-0.106163
-0.121063
0.0477108
0.0426367
0.0385268
0.0353934
0.0331654
0.0317041
0.0308227
0.0303082
0.0299424
0.0295208
0.0288674
0.0278437
0.026354
0.0243445
0.0218
0.0187375
0.0151986
0.0112425
0.00693937
0.00236483
-0.00240366
-0.00728972
-0.0122203
-0.0171281
-0.0219542
-0.0266522
-0.0311926
-0.0355687
-0.0398011
-0.0439423
-0.0480784
-0.0523271
-0.0568324
-0.0617537
-0.0672512
-0.0734673
-0.0805068
-0.088416
-0.0971662
-0.10664
)
;
    }
    walls
    {
        type            calculated;
        value           nonuniform List<scalar> 
80
(
0
0
0
0
0
0
-9.25186e-15
-2.77556e-14
0
0
0
0
-2.77556e-14
-9.25186e-15
0
0
0
1.85037e-14
4.10865e-30
0
0
-1.85037e-14
-4.10865e-30
0
0
0
9.25186e-15
1.85037e-14
0
0
0
0
1.85037e-14
9.25186e-15
0
0
0
0
0
0
0
0
0
0
0
0
-9.25186e-15
-2.77556e-14
0
0
0
0
-2.77556e-14
-9.25186e-15
0
0
0
0
0
0
0
0
0
0
0
0
9.25186e-15
1.85037e-14
0
0
0
0
1.85037e-14
9.25186e-15
0
0
0
0
0
0
)
;
    }
    front
    {
        type            empty;
        value           nonuniform 0();
    }
    back
    {
        type            empty;
        value           nonuniform 0();
    }
}


// ************************************************************************* //
