/*--------------------------------*- C++ -*----------------------------------*\
  =========                 |
  \\      /  F ield         | OpenFOAM: The Open Source CFD Toolbox
   \\    /   O peration     | Website:  https://openfoam.org
    \\  /    A nd           | Version:  6
     \\/     M anipulation  |
\*---------------------------------------------------------------------------*/
FoamFile
{
    version     2.0;
    format      ascii;
    class       volScalarField;
    location    "1.44";
    object      p;
}
// * * * * * * * * * * * * * * * * * * * * * * * * * * * * * * * * * * * * * //

dimensions      [0 2 -2 0 0 0 0];

internalField   nonuniform List<scalar> 
4214
(
-1.14376
-0.954601
-0.599331
-0.34296
-0.245756
-0.195828
-0.151095
-0.114466
-0.0854085
-0.0611839
-0.0442137
-0.0241093
-0.0116846
0.00536598
0.0123403
-0.0389681
0.0127379
-0.033928
0.0691996
0.414743
0.616884
0.49756
0.442864
0.399758
0.337067
0.247601
0.135628
0.0251905
-0.0836166
-0.18219
-0.272129
-0.350706
-0.430832
-0.511122
-0.593358
-0.675635
-0.759346
-0.889269
-1.10399
-1.24476
-1.2824
-0.686911
-0.855693
-0.757151
-0.510336
-0.379455
-0.305379
-0.238258
-0.181526
-0.132823
-0.0903174
-0.0458319
0.00813011
0.0631559
0.154955
0.210217
0.18357
0.283916
-0.00814591
-0.145616
0.44909
0.907056
1.10174
0.946941
0.733943
0.568989
0.376574
0.148654
-0.0698851
-0.284743
-0.473288
-0.64462
-0.79016
-0.916138
-1.02424
-1.13136
-1.23786
-1.3427
-1.48679
-1.67884
-1.56093
-1.34373
-1.29111
-1.21511
-1.08784
-0.831856
-0.642774
-0.51468
-0.404365
-0.309649
-0.22741
-0.154497
-0.083853
0.0112721
0.106414
0.265526
0.352542
0.411112
0.553249
0.271785
0.336265
1.19171
1.44247
1.72185
1.52309
1.23882
0.953003
0.596238
0.194537
-0.181063
-0.553441
-0.883122
-1.18346
-1.43916
-1.66037
-1.84772
-2.01399
-2.18052
-2.34928
-2.54134
-2.74507
-2.67638
-2.53762
-1.74234
-1.52612
-1.34002
-1.06797
-0.846304
-0.679366
-0.536334
-0.412736
-0.30354
-0.20197
-0.102031
0.0283851
0.171543
0.402136
0.52161
0.697639
0.812443
0.638649
0.959577
1.71776
2.05943
2.2946
2.03706
1.65899
1.22322
0.685851
0.142697
-0.381949
-0.904181
-1.36186
-1.77825
-2.12537
-2.42055
-2.664
-2.86883
-3.05538
-3.24266
-3.43541
-3.62326
-3.64633
-3.63939
-2.09982
-1.83481
-1.58968
-1.291
-1.0408
-0.841975
-0.66842
-0.517101
-0.37889
-0.247847
-0.116058
0.0519336
0.248743
0.547239
0.706376
1.00563
1.07318
1.13282
1.68276
2.25376
2.86397
2.88694
2.57747
2.04817
1.40978
0.720089
0.00873144
-0.686189
-1.37966
-1.97127
-2.51058
-2.94583
-3.30859
-3.59658
-3.82973
-4.02282
-4.21291
-4.40164
-4.58057
-4.68593
-4.72014
-2.41118
-2.10808
-1.81335
-1.49297
-1.2187
-0.992492
-0.792489
-0.614369
-0.44752
-0.288824
-0.118958
0.0920668
0.344892
0.708183
0.932227
1.347
1.44936
1.76211
2.42881
2.97955
3.70422
3.51492
3.10552
2.35463
1.51463
0.653718
-0.266164
-1.15315
-2.04248
-2.76871
-3.43466
-3.94664
-4.36036
-4.6688
-4.90415
-5.08183
-5.24797
-5.40749
-5.5489
-5.6974
-5.74376
-2.69315
-2.36195
-2.02431
-1.68567
-1.38927
-1.13889
-0.913508
-0.707044
-0.515047
-0.324252
-0.110482
0.150418
0.459572
0.880846
1.18684
1.73673
1.99061
2.50705
3.25756
3.90481
4.49403
4.18727
3.63731
2.59841
1.54034
0.430907
-0.742075
-1.85302
-2.96757
-3.83014
-4.62732
-5.20131
-5.64439
-5.94993
-6.15974
-6.29167
-6.40274
-6.50204
-6.57312
-6.70526
-6.71775
-2.96199
-2.60359
-2.2259
-1.87311
-1.55601
-1.28296
-1.03258
-0.799615
-0.580132
-0.355218
-0.0972831
0.21494
0.592276
1.06886
1.4818
2.18964
2.62967
3.35556
4.1997
4.91291
5.30426
4.90559
4.09061
2.75827
1.43049
0.00698885
-1.49121
-2.87833
-4.24396
-5.24668
-6.17552
-6.7927
-7.2422
-7.52191
-7.66301
-7.70211
-7.71087
-7.7162
-7.69487
-7.7662
-7.59249
-3.22233
-2.84066
-2.42825
-2.06205
-1.72434
-1.42818
-1.15194
-0.893086
-0.6415
-0.378906
-0.074295
0.287597
0.734369
1.28913
1.84942
2.70315
3.37837
4.30144
5.22701
5.97262
6.18976
5.6603
4.47638
2.81364
1.09137
-0.730952
-2.63381
-4.36012
-6.00663
-7.13732
-8.19323
-8.80882
-9.23889
-9.44505
-9.45035
-9.37308
-9.21382
-9.0561
-8.89319
-8.85567
-8.47407
-3.47388
-3.08024
-2.63971
-2.25917
-1.89962
-1.57912
-1.27631
-0.987798
-0.698718
-0.382579
-0.01111
0.416328
0.939909
1.58397
2.29607
3.26665
4.25543
5.34438
6.35145
7.0791
7.11717
6.37777
4.74477
2.67877
0.403991
-1.97397
-4.35539
-6.48747
-8.48038
-9.62504
-10.7992
-11.277
-11.5773
-11.5913
-11.4193
-11.189
-10.8818
-10.5787
-10.2852
-10.0524
-9.69998
-3.72392
-3.33691
-2.86895
-2.4722
-2.08774
-1.74113
-1.40824
-1.08561
-0.754677
-0.373106
0.0780487
0.589891
1.21303
1.97477
2.83569
3.92817
5.26135
6.49102
7.5507
8.23108
8.07483
6.98334
4.85015
2.18838
-0.781398
-3.88364
-6.92515
-9.46867
-11.7853
-12.8064
-14.0226
-14.1324
-14.0765
-13.9087
-13.5057
-13.0765
-12.5812
-12.1225
-11.6832
-11.2973
-10.9133
-4.04401
-3.64075
-3.12662
-2.70707
-2.29238
-1.91453
-1.54432
-1.1808
-0.807369
-0.381981
0.119884
0.692941
1.41166
2.32509
3.393
4.72851
6.35276
7.70679
8.78227
9.43021
9.03408
7.41872
4.72411
1.19962
-2.70625
-6.71798
-10.6313
-13.4645
-15.9995
-16.6091
-17.7071
-17.3059
-16.7945
-16.365
-15.6448
-14.9876
-14.262
-13.6209
-13.0059
-12.4707
-11.9977
-4.41992
-3.95334
-3.4118
-2.96207
-2.51003
-2.09137
-1.67318
-1.2532
-0.826114
-0.347943
0.211637
0.836104
1.60266
2.63253
3.89513
5.59317
7.46692
8.92174
10.0562
10.5523
9.78911
7.6215
4.10995
-0.533639
-5.61587
-10.6875
-15.4795
-18.6105
-21.2195
-21.0265
-21.677
-20.7303
-19.6841
-18.9414
-17.8241
-16.9128
-15.9153
-15.0635
-14.243
-13.5342
-12.906
-4.82847
-4.32485
-3.73845
-3.24292
-2.74313
-2.27502
-1.80415
-1.3064
-0.771099
-0.16647
0.525556
1.28928
2.18249
3.38271
4.76584
6.67979
8.62057
10.1252
11.2858
11.4098
10.2056
7.3449
2.68986
-3.30702
-9.63841
-15.8778
-21.5856
-24.8169
-27.2942
-26.1619
-25.9034
-24.2763
-22.7267
-21.6283
-20.0226
-18.8253
-17.518
-16.4252
-15.3834
-14.5037
-13.7021
-5.37642
-4.79442
-4.1513
-3.59398
-3.04613
-2.51777
-2.00022
-1.45541
-0.854446
-0.157888
0.676404
1.56257
2.68698
4.36906
6.01645
8.11271
9.99029
11.437
12.4576
11.9801
10.0962
6.06463
0.213174
-7.25796
-15.1453
-22.5434
-29.7063
-31.9272
-34.103
-31.9102
-30.6586
-28.0997
-25.8784
-24.2624
-21.9928
-20.5079
-18.8754
-17.5492
-16.2971
-15.2801
-14.3299
-6.05964
-5.38939
-4.74794
-4.10531
-3.53293
-2.90708
-2.35901
-1.76022
-1.12442
-0.444205
0.317048
1.14334
2.22714
4.22873
6.15718
8.89363
11.4518
12.9343
13.963
12.7532
10.0907
4.52624
-2.91443
-12.3059
-22.7493
-31.1965
-40.6215
-40.1278
-41.3502
-38.316
-35.7211
-32.291
-29.0317
-26.6099
-23.3774
-21.704
-19.6957
-18.265
-16.8329
-15.7494
-14.6677
-6.81608
-6.13489
-5.48877
-4.77523
-4.12271
-3.39839
-2.7574
-2.15899
-1.47714
-0.856121
-0.178614
0.550103
1.51712
3.72819
5.88224
8.81674
12.1837
14.1409
15.2288
13.5374
10.2246
2.60048
-6.8607
-19.643
-31.8423
-41.673
-51.5547
-49.119
-48.3877
-44.2987
-40.6972
-35.8994
-32.1227
-28.4607
-24.7303
-22.6466
-20.4333
-18.8271
-17.3423
-16.108
-14.9493
-14.0586
-13.8148
-13.4996
-13.0098
-12.4085
-11.7441
-10.8848
-9.92173
-8.95064
-8.20488
-7.44417
-6.60057
-5.71405
-4.83195
-3.87758
-3.10216
-2.29768
-13.2189
-13.0378
-12.8793
-12.5865
-12.1438
-11.6436
-11.0593
-10.2734
-9.50442
-8.82847
-8.22499
-7.54405
-6.7719
-5.97813
-5.07114
-4.35736
-3.19671
-12.521
-12.4165
-12.3345
-12.1611
-11.8625
-11.4854
-11.0872
-10.5775
-9.89549
-9.2891
-8.76759
-8.20997
-7.59654
-6.94022
-6.1723
-5.5227
-4.33047
-11.85
-11.7933
-11.8055
-11.728
-11.548
-11.2814
-10.9903
-10.6482
-10.1778
-9.68501
-9.24444
-8.80655
-8.31978
-7.78594
-7.14998
-6.57732
-5.48433
-11.2925
-11.2769
-11.3468
-11.3282
-11.2301
-11.0647
-10.8503
-10.6251
-10.357
-9.97689
-9.59699
-9.24636
-8.88068
-8.47735
-7.97719
-7.5109
-6.56267
-10.7517
-10.7507
-10.9031
-10.9471
-10.9087
-10.8248
-10.6963
-10.5371
-10.3688
-10.155
-9.861
-9.58156
-9.30709
-9.01627
-8.65172
-8.27493
-7.52794
-10.2831
-10.3074
-10.4961
-10.5909
-10.5916
-10.5687
-10.5145
-10.4225
-10.3073
-10.1873
-10.0273
-9.81105
-9.60712
-9.40787
-9.15404
-8.87545
-8.35575
-9.81939
-9.84167
-10.0744
-10.2173
-10.2646
-10.2989
-10.3048
-10.276
-10.2157
-10.1357
-10.0544
-9.94796
-9.80153
-9.66556
-9.50705
-9.3293
-8.99716
-9.40294
-9.43515
-9.66855
-9.83897
-9.92253
-10.0024
-10.066
-10.0905
-10.0842
-10.0582
-10.0115
-9.95501
-9.89763
-9.81747
-9.72784
-9.63141
-9.44286
-8.96893
-8.99507
-9.24953
-9.44247
-9.55634
-9.67226
-9.77857
-9.85338
-9.90124
-9.92713
-9.92979
-9.91797
-9.8931
-9.87127
-9.84203
-9.80756
-9.72691
-8.5626
-8.5898
-8.82898
-9.02919
-9.16355
-9.30529
-9.442
-9.55452
-9.64639
-9.719
-9.77291
-9.81558
-9.84061
-9.85081
-9.86425
-9.86755
-9.8696
-8.13371
-8.14975
-8.39421
-8.59512
-8.74077
-8.89875
-9.05523
-9.19459
-9.32023
-9.43131
-9.52381
-9.60536
-9.68301
-9.73583
-9.79231
-9.81956
-9.90147
-7.70178
-7.72333
-7.94313
-8.13505
-8.28515
-8.45014
-8.61652
-8.77261
-8.92082
-9.06015
-9.18754
-9.29679
-9.40357
-9.50228
-9.59785
-9.65987
-9.81155
-7.25688
-7.2634
-7.47398
-7.65036
-7.79548
-7.95768
-8.12408
-8.28656
-8.44678
-8.60334
-8.75235
-8.89211
-9.02285
-9.14833
-9.28189
-9.36992
-9.56182
-6.78252
-6.80349
-6.97874
-7.13418
-7.26922
-7.41968
-7.57619
-7.73368
-7.8938
-8.05584
-8.21649
-8.37732
-8.52694
-8.66614
-8.82978
-8.94759
-9.17095
-6.32078
-6.31164
-6.45948
-6.58899
-6.70558
-6.83606
-6.97404
-7.11616
-7.26325
-7.41443
-7.56983
-7.73264
-7.89072
-8.06227
-8.22726
-8.36002
-8.6006
-5.8072
-5.81241
-5.91539
-6.01601
-6.10997
-6.2129
-6.32377
-6.44112
-6.56451
-6.69306
-6.8281
-6.96711
-7.10457
-7.26966
-7.39841
-7.56917
-7.81476
-5.34117
-5.31356
-5.36714
-5.42787
-5.48846
-5.55498
-5.62864
-5.70932
-5.79695
-5.89227
-5.99537
-6.10095
-6.21315
-6.34041
-6.4269
-6.59613
-6.73729
-4.81289
-4.79831
-4.79813
-4.80873
-4.8262
-4.84888
-4.87703
-4.91041
-4.94945
-4.99531
-5.04721
-5.10468
-5.17757
-5.25754
-5.31152
-5.45121
-5.44212
-4.27643
-4.20976
-4.16495
-4.12919
-4.10026
-4.07628
-4.05657
-4.04059
-4.02803
-4.01882
-4.01193
-4.00676
-4.0075
-4.0096
-3.99703
-4.05378
-3.9953
-3.59801
-3.54348
-3.47303
-3.39697
-3.32255
-3.2507
-3.18146
-3.11389
-3.04673
-2.97966
-2.9101
-2.83696
-2.76821
-2.69154
-2.59447
-2.58485
-2.3992
-3.06843
-2.91516
-2.78619
-2.66298
-2.54179
-2.4192
-2.29239
-2.16097
-2.03001
-1.89905
-1.75986
-1.61671
-1.48575
-1.32694
-1.15844
-1.10299
-0.76981
-2.40052
-2.25979
-2.09772
-1.92706
-1.74742
-1.5656
-1.37875
-1.1863
-0.992145
-0.794809
-0.585324
-0.377828
-0.181459
0.0594146
0.284524
0.396744
0.867697
-1.90117
-1.64875
-1.42079
-1.1881
-0.952589
-0.711278
-0.46321
-0.208763
0.048287
0.3127
0.590808
0.860636
1.1268
1.45353
1.74582
1.9393
2.49431
-1.24638
-1.01272
-0.743292
-0.459308
-0.16709
0.132624
0.440411
0.754675
1.0723
1.40048
1.74079
2.07097
2.41218
2.80647
3.13415
3.37704
3.97781
-0.769738
-0.420082
-0.0848577
0.254999
0.602685
0.958878
1.32346
1.69409
2.07
2.46024
2.85778
3.24031
3.6255
4.04843
4.38961
4.66153
5.27646
-0.145196
0.184554
0.559834
0.95092
1.35241
1.76249
2.17999
2.60494
3.0374
3.47242
3.90529
4.31697
4.72417
5.1544
5.50366
5.79176
6.37533
0.311663
0.753974
1.18466
1.6282
2.08023
2.53998
3.00645
3.48109
3.94935
4.41244
4.86406
5.28726
5.69868
6.12011
6.45828
6.74237
7.27761
0.900072
1.32552
1.79387
2.28633
2.78538
3.29092
3.80139
4.30757
4.80016
5.2771
5.73205
6.1513
6.55167
6.9498
7.26311
7.53531
8.01998
1.34718
1.87668
2.39059
2.92882
3.47038
4.0157
4.55756
5.08598
5.59008
6.06655
6.51112
6.91396
7.2915
7.65841
7.94348
8.19531
8.62596
1.91271
2.42916
2.97882
3.55835
4.13929
4.71718
5.27997
5.8172
6.31946
6.78264
7.20525
7.58206
7.92858
8.2591
8.51566
8.74064
9.11441
2.37089
2.97985
3.56577
4.18262
4.7974
5.39933
5.97402
6.50397
6.98982
7.4279
7.81944
8.16337
8.47424
8.76571
8.99296
9.19131
9.50981
2.94421
3.53866
4.15506
4.80749
5.44866
6.06387
6.63691
7.15262
7.60564
8.00642
8.35928
8.66605
8.93937
9.19215
9.39077
9.56218
9.82756
3.44191
4.11457
4.75825
5.43946
6.09441
6.70971
7.2685
7.75641
8.17243
8.52564
8.83185
9.09849
9.33428
9.54953
9.71999
9.86554
10.0828
4.06237
4.71061
5.38252
6.07942
6.73308
7.33358
7.86548
8.31324
8.68051
8.98555
9.24544
9.46924
9.66839
9.84852
9.9914
10.1114
10.2862
4.63444
5.34311
6.03886
6.72918
7.36108
7.92982
8.42302
8.82087
9.1314
9.38398
9.59908
9.78493
9.94812
10.0962
10.2146
10.3109
10.4467
5.35123
6.01235
6.72376
7.38662
7.97453
8.4926
8.93366
9.27481
9.52493
9.72483
9.8976
10.049
10.1806
10.2972
10.392
10.4696
10.5757
6.03817
6.74241
7.4421
8.04508
8.56759
9.0172
9.3919
9.6713
9.86342
10.0152
10.1517
10.2725
10.3778
10.4683
10.5377
10.5926
10.6751
6.89869
7.52665
8.16678
8.69044
9.13097
9.50084
9.80051
10.0154
10.1554
10.2682
10.374
10.467
10.5459
10.6103
10.6583
10.6996
10.7557
7.75448
8.4052
8.93702
9.34715
9.68609
9.95961
10.17
10.3118
10.4017
10.4805
10.5562
10.6207
10.6731
10.7135
10.7442
10.7772
10.8233
7.7577
8.08706
8.44475
8.74964
9.05824
9.32201
9.59754
9.84332
10.0976
10.3339
10.5811
10.8334
11.0975
11.3831
11.6782
12.0108
12.324
12.7057
13.0449
13.481
13.8384
14.3363
14.7083
15.2654
15.613
16.1768
16.4362
16.9484
17.0013
17.2099
17.0855
16.9036
16.474
15.8583
15.1315
14.1131
13.1741
11.9633
10.9542
9.77602
8.81448
7.60373
7.97169
8.29389
8.60611
8.89096
9.16334
9.42248
9.67329
9.91579
10.1585
10.4
10.6471
10.902
11.1686
11.4515
11.7512
12.0662
12.4009
12.752
13.1233
13.4928
13.8984
14.295
14.7337
15.1195
15.5453
15.8588
16.1994
16.3409
16.4293
16.3615
16.1479
15.7729
15.243
14.559
13.7427
12.8547
11.9247
11.0068
10.1239
9.22605
7.48628
7.84594
8.15896
8.46266
8.74357
9.01304
9.26777
9.51344
9.75406
9.99303
10.2317
10.4736
10.7217
10.9787
11.2487
11.5316
11.8315
12.1456
12.4793
12.8246
13.1808
13.5393
13.9136
14.2899
14.6549
15.0088
15.304
15.5594
15.6963
15.7442
15.6685
15.4549
15.1158
14.6489
14.0549
13.3655
12.6078
11.8379
11.083
10.3392
9.59415
7.37145
7.72298
8.03054
8.32778
8.60514
8.86875
9.11911
9.36342
9.60376
9.84238
10.0812
10.3222
10.5677
10.82
11.0815
11.3536
11.6383
11.9362
12.2487
12.5721
12.9066
13.2371
13.574
13.9062
14.232
14.5342
14.793
14.9913
15.1112
15.1303
15.0401
14.8303
14.5288
14.1148
13.6034
13.0172
12.3868
11.7423
11.1039
10.4769
9.86486
7.25335
7.59966
7.90081
8.19271
8.46375
8.72351
8.97469
9.21976
9.46063
9.69948
9.9383
10.179
10.4233
10.6731
10.9298
11.1945
11.4684
11.7521
12.0462
12.3494
12.6597
12.9687
13.2719
13.5667
13.8527
14.1127
14.3293
14.4853
14.5843
14.5748
14.4693
14.2742
13.9998
13.6351
13.1931
12.6969
12.1701
11.6272
11.0986
10.5836
10.0892
7.13217
7.46901
7.76317
8.04919
8.32007
8.5825
8.83736
9.08644
9.33058
9.5711
9.80989
10.0495
10.2922
10.5397
10.7931
11.0527
11.3188
11.5913
11.8699
12.1541
12.4418
12.7281
13.0054
13.2673
13.515
13.7362
13.912
14.0383
14.1082
14.0749
13.9607
13.7854
13.535
13.2123
12.8311
12.4118
11.9696
11.5138
11.0762
10.6603
10.2681
7.01605
7.33956
7.62527
7.90837
8.1791
8.4443
8.7039
8.9591
9.20985
9.45614
9.69866
9.93895
10.1795
10.4232
10.672
10.9264
11.1856
11.4488
11.7146
11.9821
12.2487
12.5119
12.7682
13.002
13.2155
13.4001
13.5418
13.6464
13.6783
13.6282
13.5185
13.3562
13.129
12.8442
12.5163
12.16
11.7836
11.4033
11.0419
10.7095
10.4026
6.91309
7.21973
7.49423
7.77147
8.04038
8.30672
8.56983
8.83046
9.08832
9.34274
9.59305
9.83902
10.0819
10.3243
10.5687
10.8169
11.0688
11.3231
11.5779
11.8309
12.0792
12.3215
12.5525
12.7653
12.9498
13.1017
13.2184
13.2981
13.2953
13.238
13.1394
12.9859
12.7797
12.5291
12.2466
11.9408
11.6188
11.3004
11.0012
10.736
10.4945
6.82442
7.11088
7.37135
7.63954
7.90389
8.16892
8.4337
8.69871
8.9633
9.22608
9.48532
9.73977
9.98953
10.2361
10.4812
10.7262
10.9718
11.2174
11.4615
11.7013
11.9336
12.1572
12.3641
12.5533
12.7149
12.8411
12.937
12.9835
12.9659
12.9101
12.814
12.6704
12.4841
12.2637
12.0178
11.7512
11.4766
11.2104
10.9637
10.7521
10.5575
6.75136
7.01405
7.25776
7.51395
7.77125
8.03286
8.29804
8.56672
8.83763
9.10883
9.37776
9.64196
9.90036
10.1539
10.4036
10.6499
10.8927
11.1318
11.3661
11.593
11.8106
12.016
12.2013
12.3674
12.5083
12.6163
12.6916
12.7086
12.688
12.6342
12.5398
12.4062
12.2387
12.0444
11.8282
11.5954
11.3635
11.1436
10.9426
10.771
10.6104
6.69512
6.93076
7.15485
7.39595
7.6436
7.89947
8.16348
8.43401
8.70934
8.98742
9.2656
9.54002
9.80803
10.0695
10.3254
10.5756
10.8194
11.0557
11.2834
11.5006
11.7058
11.8939
12.0627
12.2094
12.3301
12.4227
12.477
12.4799
12.459
12.4025
12.3112
12.1881
12.0381
11.8658
11.6752
11.4764
11.283
11.1025
10.9376
10.794
10.6586
6.6563
6.8628
7.06406
7.28577
7.51966
7.76604
8.02473
8.29441
8.57216
8.85547
9.14153
9.42576
9.70481
9.97562
10.2397
10.4967
10.7451
10.9829
11.2088
11.4211
11.6179
11.7932
11.9479
12.0786
12.1826
12.2581
12.2963
12.297
12.2699
12.2118
12.1243
12.011
11.8759
11.7227
11.5561
11.3888
11.2278
11.0773
10.9385
10.816
10.7004
6.63093
6.80827
6.98647
7.18654
7.4038
7.6381
7.89007
8.15724
8.43639
8.7243
9.01813
9.31363
9.6054
9.88867
10.1631
10.4286
10.6834
10.9248
11.1505
11.3592
11.5479
11.7126
11.8555
11.9734
12.064
12.1253
12.1536
12.1509
12.1196
12.0611
11.9776
11.8724
11.7488
11.6111
11.467
11.325
11.1884
11.0597
10.9409
10.835
10.7353
6.61415
6.76203
6.92164
7.10299
7.30579
7.53063
7.77485
8.03755
8.3165
8.60777
8.90815
9.21413
9.51853
9.81684
10.1026
10.3766
10.6374
10.8816
11.1067
11.3115
11.4926
11.6501
11.7843
11.8926
11.973
12.024
12.0455
12.0385
12.0048
11.9468
11.8672
11.7689
11.6553
11.5314
11.4055
11.2815
11.1617
11.048
10.9433
10.8493
10.7625
6.61389
6.72437
6.86164
7.02138
7.20738
7.41944
7.65216
7.90813
8.18352
8.47524
8.77991
9.09165
9.40586
9.7169
10.0171
10.3036
10.5741
10.826
11.0578
11.2665
11.4492
11.6058
11.7354
11.8368
11.909
11.9516
11.9672
11.955
11.9183
11.8595
11.7817
11.6883
11.5835
11.4724
11.3589
11.2464
11.138
11.0353
10.9407
10.8553
10.7831
6.63392
6.70397
6.80239
6.9296
7.08834
7.27768
7.50059
7.74967
8.02014
8.31121
8.61813
8.93532
9.26002
9.58509
9.90352
10.209
10.4972
10.7656
11.0118
11.2315
11.4221
11.5822
11.7104
11.8071
11.8724
11.9076
11.9141
11.8945
11.8517
11.7886
11.7087
11.6155
11.5141
11.4091
11.3048
11.2006
11.1024
11.0127
10.9327
10.8628
10.8092
6.67594
6.70282
6.7778
6.88766
7.03018
7.20518
7.41351
7.65136
7.91804
8.20838
8.52014
8.84771
9.18374
9.52155
9.85422
10.1741
10.4758
10.7546
11.0055
11.2263
11.4162
11.5767
11.7047
11.7989
11.8594
11.8893
11.8883
11.8605
11.8098
11.74
11.6558
11.5618
11.4629
11.3626
11.2632
11.1689
11.08
10.9995
10.9313
10.8805
10.8565
-1.65978
-1.83279
-2.07116
-2.46316
-2.76296
-3.04868
-3.3066
-3.55794
-3.80763
-4.06914
-4.36698
-4.71894
-5.12084
-5.54626
-6.16804
-6.89977
-7.69582
-2.03482
-2.55158
-2.77518
-3.13805
-3.43426
-3.72021
-3.99226
-4.2657
-4.54395
-4.83915
-5.18001
-5.57943
-6.01351
-6.47103
-7.16152
-8.13977
-9.03652
-2.7106
-3.32772
-3.56814
-3.9051
-4.18785
-4.46926
-4.74166
-5.01116
-5.29439
-5.6048
-5.95975
-6.39157
-6.86425
-7.3688
-8.00405
-8.92649
-9.85006
-3.53994
-4.1572
-4.41217
-4.74281
-5.02377
-5.30824
-5.57662
-5.8629
-6.17442
-6.5033
-6.87758
-7.32096
-7.78745
-8.30761
-9.02392
-9.7142
-10.4572
-4.51962
-5.10483
-5.35654
-5.68434
-5.96119
-6.23867
-6.52447
-6.82691
-7.14655
-7.48934
-7.8744
-8.35107
-8.86725
-9.36011
-10.082
-11.1004
-11.7767
-5.64422
-6.1788
-6.42178
-6.72211
-7.00525
-7.28545
-7.56583
-7.8649
-8.18965
-8.55001
-8.94568
-9.39611
-9.9351
-10.467
-11.0085
-11.9655
-12.8756
-6.86586
-7.3364
-7.57622
-7.86309
-8.12469
-8.38426
-8.65396
-8.94689
-9.26859
-9.61506
-10.0035
-10.4377
-10.9002
-11.439
-12.0224
-12.6031
-13.4665
-8.15529
-8.54922
-8.76394
-9.01597
-9.23715
-9.47813
-9.73248
-10.0074
-10.3108
-10.6332
-10.9841
-11.4098
-11.8565
-12.2722
-12.8631
-13.6313
-14.2113
-9.44809
-9.75864
-9.94091
-10.1502
-10.3558
-10.5836
-10.8262
-11.0919
-11.3859
-11.7118
-12.0603
-12.458
-12.9197
-13.3565
-13.8559
-14.6705
-15.3903
-10.7005
-10.9322
-11.091
-11.2671
-11.4513
-11.6532
-11.8749
-12.1188
-12.386
-12.6818
-13.0078
-13.3589
-13.7492
-14.1716
-14.604
-15.1309
-15.7769
-11.8778
-12.0514
-12.1788
-12.3219
-12.4783
-12.6506
-12.8417
-13.0533
-13.2858
-13.539
-13.8181
-14.1236
-14.4388
-14.7721
-15.1627
-15.5855
-16.0232
-12.9621
-13.0777
-13.1771
-13.2886
-13.4165
-13.5614
-13.7271
-13.913
-14.1205
-14.3513
-14.6061
-14.8894
-15.1996
-15.5266
-15.9085
-16.3937
-16.8006
-13.8889
-13.9512
-14.0234
-14.1002
-14.1937
-14.3147
-14.4562
-14.6161
-14.7954
-14.9904
-15.199
-15.4207
-15.6545
-15.8879
-16.1093
-16.3535
-16.6252
-14.5686
-14.5862
-14.6319
-14.7047
-14.7931
-14.8991
-15.0127
-15.1344
-15.2638
-15.3991
-15.5388
-15.6809
-15.8239
-15.9651
-16.0965
-16.2184
-16.3629
-14.9524
-14.9516
-14.9789
-15.028
-15.0744
-15.1307
-15.1958
-15.2696
-15.3502
-15.4379
-15.533
-15.6365
-15.7477
-15.8651
-15.9914
-16.1407
-16.3206
-15.0206
-15.0181
-15.0182
-15.0303
-15.0423
-15.0661
-15.102
-15.146
-15.1962
-15.2522
-15.3132
-15.3808
-15.4555
-15.5353
-15.6197
-15.7239
-15.8547
-14.7622
-14.7665
-14.7503
-14.7597
-14.7678
-14.7818
-14.8022
-14.8279
-14.86
-14.8986
-14.9436
-14.9944
-15.0506
-15.1111
-15.1711
-15.2267
-15.2899
-14.1838
-14.1934
-14.1677
-14.1839
-14.1984
-14.2144
-14.237
-14.266
-14.3012
-14.3434
-14.393
-14.4508
-14.5179
-14.5956
-14.6856
-14.7908
-14.9321
-13.3487
-13.3652
-13.3448
-13.3602
-13.3811
-13.4047
-13.4335
-13.4673
-13.5059
-13.5496
-13.5985
-13.6525
-13.7118
-13.7765
-13.8485
-13.9317
-14.0332
-12.2802
-12.3131
-12.3098
-12.3265
-12.3519
-12.3823
-12.4205
-12.4656
-12.5172
-12.5755
-12.6401
-12.7104
-12.7852
-12.8619
-12.9383
-12.9998
-13.037
-10.9585
-11.0189
-11.0253
-11.06
-11.1011
-11.1462
-11.2011
-11.2645
-11.336
-11.4166
-11.5075
-11.6097
-11.7253
-11.8568
-12.0079
-12.1759
-12.389
-9.48112
-9.57181
-9.58608
-9.64036
-9.70172
-9.76453
-9.83757
-9.91954
-10.0091
-10.107
-10.2134
-10.3278
-10.4504
-10.5818
-10.7268
-10.8935
-11.1299
-7.90427
-8.02378
-8.04328
-8.10908
-8.19298
-8.2718
-8.36591
-8.47401
-8.59251
-8.72426
-8.86771
-9.02159
-9.18401
-9.35013
-9.51526
-9.65292
-9.73999
-6.2727
-6.41685
-6.44842
-6.52519
-6.62617
-6.72016
-6.82885
-6.9531
-7.0877
-7.23711
-7.40493
-7.59337
-7.80873
-8.05608
-8.34501
-8.65922
-9.00417
-4.66483
-4.8334
-4.87183
-4.95921
-5.07444
-5.17931
-5.29892
-5.43581
-5.58219
-5.74123
-5.91513
-6.10248
-6.30503
-6.52528
-6.78352
-7.0825
-7.54845
-3.12389
-3.31367
-3.35578
-3.44489
-3.56998
-3.6824
-3.80832
-3.95467
-4.11319
-4.28763
-4.48244
-4.69675
-4.92906
-5.17263
-5.41477
-5.61135
-5.7938
-1.65867
-1.8621
-1.91604
-2.01076
-2.1411
-2.25766
-2.38509
-2.53216
-2.69083
-2.86483
-3.06056
-3.28105
-3.53337
-3.82705
-4.17561
-4.5885
-5.03385
-0.32295
-0.540526
-0.593004
-0.689295
-0.821914
-0.937743
-1.06303
-1.20771
-1.36318
-1.53237
-1.72056
-1.92757
-2.15552
-2.40535
-2.69921
-3.05194
-3.59552
0.889842
0.662193
0.605753
0.511664
0.380385
0.268005
0.148991
0.0116392
-0.136095
-0.297924
-0.480923
-0.68736
-0.919477
-1.1735
-1.44674
-1.67078
-1.93218
1.97176
1.74067
1.68045
1.58544
1.45758
1.35156
1.24171
1.11617
0.982722
0.837795
0.673975
0.487195
0.270959
0.0119902
-0.304165
-0.709194
-1.17805
2.91329
2.67732
2.6195
2.52951
2.40704
2.30902
2.21076
2.09952
1.98258
1.85671
1.71487
1.55472
1.37272
1.16562
0.918903
0.59308
0.0860528
3.73376
3.50098
3.43573
3.34868
3.23367
3.14407
3.05831
2.96371
2.86624
2.76257
2.64516
2.50984
2.35045
2.16739
1.94827
1.77186
1.51401
4.43181
4.20304
4.13493
4.05113
3.94377
3.8624
3.78894
3.71148
3.63474
3.55581
3.46798
3.36641
3.24507
3.09202
2.88813
2.59727
2.17456
5.02037
4.80088
4.72674
4.64692
4.54839
4.47465
4.41235
4.35078
4.29325
4.23776
4.17862
4.11156
4.03182
3.9322
3.80766
3.5967
3.25532
5.50694
5.30475
5.22402
5.14714
5.05839
4.9923
4.93982
4.89197
4.85135
4.81748
4.78587
4.75199
4.70864
4.65369
4.56519
4.5049
4.34043
5.8962
5.71899
5.63499
5.56121
5.48223
5.42378
5.38042
5.34589
5.32258
5.31023
5.30467
5.29998
5.29428
5.28098
5.24165
5.15179
4.87864
6.19261
6.04918
5.96694
5.89863
5.83004
5.7793
5.74625
5.729
5.72713
5.73519
5.75145
5.77214
5.79452
5.81476
5.83403
5.81579
5.70452
6.40001
6.29563
6.22904
6.17439
6.11918
6.07807
6.05865
6.0585
6.07194
6.09872
6.13582
6.17997
6.22765
6.27813
6.32452
6.39314
6.44003
6.54144
6.47651
6.43034
6.39533
6.36001
6.33502
6.33258
6.34379
6.37112
6.41364
6.469
6.53401
6.60502
6.679
6.75071
6.81977
6.7955
6.64003
6.59355
6.55871
6.54285
6.53451
6.5351
6.54787
6.57603
6.62077
6.68171
6.75724
6.84417
6.9378
7.0336
7.13513
7.22184
7.28952
-7.10588
-5.49192
-3.86853
-2.26765
-0.44263
2.01109
6.50219
11.6605
14.5766
10.8369
-5.48401
-31.7095
-53.9061
-56.4515
-47.2606
-37.2549
-28.7639
-23.1536
-19.0792
-16.2276
-7.67437
-5.9979
-4.28898
-2.56039
-0.499676
2.31018
6.9725
11.415
13.5491
8.26946
-11.1735
-40.9909
-62.8255
-63.1326
-51.9434
-40.4084
-30.1718
-24.0761
-19.6945
-16.6549
-8.39492
-6.68284
-4.91999
-3.09301
-0.865253
2.12729
6.7238
10.4132
11.4287
4.2534
-18.3103
-50.4338
-71.6639
-69.0961
-56.5634
-42.8957
-31.5144
-24.9295
-20.3516
-17.1149
-9.31701
-7.60713
-5.79623
-3.86454
-1.61432
1.3732
5.34294
8.07222
7.73169
-1.33338
-26.4395
-59.6137
-78.8718
-74.0733
-60.576
-44.9886
-32.9567
-25.8074
-21.066
-17.6131
-10.4918
-8.82059
-6.95717
-4.9767
-2.88287
-0.268658
2.63521
3.97585
1.95792
-8.69236
-35.2269
-67.4183
-84.2301
-77.3239
-63.3265
-46.8378
-34.2988
-26.6963
-21.7665
-18.1338
-11.9778
-10.4116
-8.61828
-6.92885
-5.36476
-3.38328
-1.99667
-2.45263
-5.9982
-17.8902
-44.2467
-73.5599
-87.5416
-78.7854
-64.7942
-47.907
-35.2955
-27.4304
-22.4576
-18.6943
-13.8909
-12.5856
-11.1826
-10.0202
-9.16408
-8.5133
-8.88532
-11.4304
-16.0235
-28.8621
-52.931
-77.7623
-88.7296
-79.1471
-65.2875
-49.3184
-36.9533
-28.4844
-23.2729
-19.3351
-16.456
-15.6947
-15.0254
-14.6123
-14.5371
-15.9634
-18.6861
-22.5662
-27.6002
-40.4867
-60.3782
-79.5218
-87.8145
-77.8287
-64.3111
-50.5607
-38.4044
-29.1701
-23.9356
-19.9709
-19.9404
-19.9201
-20.1645
-21.0015
-22.7056
-26.0969
-30.6205
-34.9555
-39.81
-51.3487
-65.7301
-79.0761
-84.8735
-74.8326
-61.8722
-49.9599
-38.0949
-29.2297
-24.4268
-20.6444
-24.2594
-25.0728
-26.7947
-28.9676
-32.8626
-37.8241
-43.1973
-46.9056
-51.1855
-60.0636
-69.008
-77.4397
-80.4175
-70.6329
-58.4767
-48.6679
-38.1575
-30.5045
-25.2497
-21.4099
-29.5132
-31.2783
-34.4454
-38.28
-43.7794
-49.3548
-54.2981
-57.014
-60.3616
-65.8506
-70.2363
-74.6149
-74.8416
-65.4729
-54.5123
-46.3589
-37.9653
-30.6003
-25.2881
-21.9464
-35.4355
-38.2678
-42.3583
-47.7365
-53.6101
-58.8041
-62.6932
-64.5312
-66.6346
-68.7684
-69.6768
-70.6093
-68.0944
-59.6008
-50.1873
-42.6341
-36.4137
-29.6273
-25.1731
-22.4606
-41.3391
-45.0981
-50.1672
-55.7345
-60.9329
-65.2224
-67.921
-69.0486
-69.6725
-69.2316
-67.6651
-65.1775
-60.6813
-53.345
-45.7186
-38.5375
-34.4033
-29.0045
-25.1786
-22.7787
-47.1837
-51.6733
-57.0634
-61.8907
-65.854
-68.7146
-70.2225
-70.6548
-70.0513
-67.3044
-63.5834
-58.6428
-53.3698
-47.295
-41.1996
-34.7376
-31.4913
-28.0417
-24.4441
-22.3646
-52.9489
-57.6338
-61.9437
-65.272
-67.6942
-69.2495
-69.9591
-70.0007
-67.9366
-63.3941
-57.8658
-51.907
-46.6847
-41.8307
-36.9943
-31.566
-27.8287
-25.9589
-23.6004
-22.0195
-57.4313
-60.3341
-62.6783
-64.9626
-66.7845
-67.8471
-68.2644
-67.4048
-63.9517
-58.2334
-51.7789
-45.762
-41.081
-37.2378
-33.4766
-29.2199
-25.1084
-23.5257
-22.5706
-21.3164
-58.0086
-59.096
-60.5161
-62.4527
-63.8661
-64.5721
-64.5951
-62.6206
-58.2892
-52.2884
-45.9854
-40.6595
-36.7751
-33.7929
-30.9162
-27.6947
-23.984
-21.4241
-20.9383
-20.5881
-54.5474
-55.5508
-56.9866
-58.4565
-59.3718
-59.6524
-58.8122
-55.9598
-51.4095
-45.9614
-40.7613
-36.6451
-33.7201
-31.4734
-29.3083
-26.862
-23.8657
-20.8021
-19.5117
-19.7884
-49.8621
-51.7084
-53.3797
-54.4375
-54.7615
-54.0436
-52.0019
-48.5461
-44.2602
-39.8185
-36.016
-33.2367
-31.3385
-29.8138
-28.3144
-26.6163
-24.6083
-22.2272
-20.3749
-20.5261
-46.1451
-46.3578
-46.5524
-46.5651
-45.8259
-44.2126
-41.8314
-39.0808
-36.1304
-33.334
-31.0911
-29.534
-28.5766
-27.8524
-27.0674
-26.2193
-25.3291
-24.3971
-23.5837
-23.8487
-24.4763
-18.8473
-16.4436
-17.2053
-19.8178
-20.7869
-20.5054
-20.2634
-19.7034
-19.0225
-18.4003
-17.7219
-17.0851
-16.5156
-15.9841
-15.5156
-15.1031
-14.7382
-14.4155
-14.1449
-26.4101
-21.7136
-19.1695
-18.6791
-19.8169
-19.5059
-18.7979
-18.3425
-17.6799
-16.9157
-16.2234
-15.5457
-14.9194
-14.3776
-13.9065
-13.5089
-13.1819
-12.9195
-12.707
-12.5603
-28.3803
-23.7861
-21.3893
-18.9663
-18.9757
-18.3086
-17.3749
-16.6962
-15.8988
-15.0808
-14.3666
-13.7126
-13.1294
-12.6392
-12.2322
-11.9024
-11.6479
-11.462
-11.3306
-11.2681
-30.0923
-26.0898
-23.5495
-19.1436
-18.3818
-17.2059
-16.0332
-15.2184
-14.3585
-13.5391
-12.8359
-12.2125
-11.6717
-11.2264
-10.8691
-10.5902
-10.3891
-10.2508
-10.1732
-10.1582
-31.4231
-27.2897
-24.4939
-18.7685
-17.8025
-16.1018
-14.824
-13.9157
-13.0209
-12.2156
-11.5334
-10.9433
-10.4427
-10.0367
-9.71787
-9.4754
-9.30875
-9.19233
-9.15366
-9.16107
-32.141
-26.6708
-24.6756
-18.1268
-17.2129
-15.0574
-13.7498
-12.7612
-11.8508
-11.0698
-10.4128
-9.85407
-9.38579
-9.00723
-8.71178
-8.48957
-8.3366
-8.23094
-8.22794
-8.23772
-31.9978
-25.0098
-24.5287
-17.4656
-16.5391
-14.0626
-12.7773
-11.7192
-10.8199
-10.0636
-9.42958
-8.89586
-8.44996
-8.08696
-7.80132
-7.58682
-7.43914
-7.35295
-7.35244
-7.3277
-31.6819
-23.3832
-24.0823
-16.7702
-15.8223
-13.1404
-11.8791
-10.767
-9.88905
-9.15976
-8.54875
-8.03532
-7.60448
-7.24958
-6.96728
-6.75266
-6.59507
-6.49699
-6.47362
-6.39443
-31.5262
-22.0554
-23.4192
-16.0157
-15.0756
-12.2841
-11.0303
-9.89506
-9.04077
-8.3397
-7.74935
-7.25087
-6.82843
-6.47376
-6.18164
-5.94675
-5.76401
-5.63641
-5.55441
-5.43253
-31.6671
-20.9861
-22.7787
-15.2509
-14.3116
-11.4872
-10.2167
-9.09765
-8.25764
-7.57425
-7.00154
-6.51417
-6.0944
-5.73212
-5.42086
-5.15547
-4.93262
-4.7513
-4.59599
-4.44357
-32.3219
-20.219
-22.2766
-14.5839
-13.5404
-10.739
-9.43481
-8.33692
-7.50668
-6.8396
-6.28197
-5.80297
-5.38218
-5.00748
-4.67129
-4.36805
-4.093
-3.84477
-3.62636
-3.42823
-33.5238
-19.7733
-21.8935
-13.9439
-12.7285
-10.0253
-8.66528
-7.58359
-6.76369
-6.11169
-5.56756
-5.09562
-4.67256
-4.28436
-3.92226
-3.57896
-3.24784
-2.93457
-2.66579
-2.41731
-35.5372
-19.5061
-21.4936
-13.3236
-11.8452
-9.28884
-7.87444
-6.80767
-6.00067
-5.36406
-4.83319
-4.36854
-3.9444
-3.54518
-3.16056
-2.78082
-2.39964
-2.03333
-1.72332
-1.42008
-38.4282
-19.2851
-21.0201
-12.7101
-10.8834
-8.46603
-7.0225
-5.97419
-5.18485
-4.56556
-4.04909
-3.59339
-3.17138
-2.76638
-2.36632
-1.95973
-1.54306
-1.14216
-0.802448
-0.449713
-41.6988
-18.9287
-20.5048
-12.1022
-9.82448
-7.52297
-6.07063
-5.04613
-4.27971
-3.6802
-3.17983
-2.73557
-2.32003
-1.91605
-1.51025
-1.09079
-0.658232
-0.24433
0.110087
0.498457
-45.3724
-18.3879
-19.9954
-11.4824
-8.61774
-6.4224
-4.97547
-3.97715
-3.23774
-2.66093
-2.17938
-1.75015
-1.34636
-0.951021
-0.550634
-0.134722
0.291997
0.696321
1.04795
1.45377
-52.4115
-17.8962
-19.212
-10.6653
-7.13985
-5.05922
-3.63747
-2.67436
-1.97301
-1.42907
-0.975523
-0.57035
-0.187598
0.188884
0.570835
0.965106
1.3633
1.73549
2.06627
2.47069
-68.6696
-17.9386
-16.6803
-9.10109
-5.18296
-3.17042
-1.85271
-0.971885
-0.342047
0.142229
0.545156
0.906207
1.24979
1.59057
1.93636
2.28763
2.63289
2.95016
3.24151
3.62402
-93.6538
-19.8067
-11.4979
-5.88788
-2.3621
-0.566554
0.547425
1.2808
1.79698
2.18984
2.51563
2.80849
3.08964
3.37145
3.65727
3.94075
4.2079
4.44642
4.67491
5.00718
-99.6473
-20.631
-5.70913
-1.34869
1.2406
2.67163
3.54995
4.11776
4.5091
4.80104
5.03896
5.24968
5.44928
5.64774
5.84824
6.04295
6.21493
6.35504
6.49237
6.73516
-15.5443
13.3823
32.9265
45.0015
52.9476
57.6971
60.6132
62.2036
62.5758
62.3733
61.8113
60.399
58.1163
54.8898
50.3744
44.0302
34.7546
21.6096
0.00655999
-34.6304
7.77489
17.6715
27.0376
35.4423
42.4083
47.9622
52.2465
55.4304
57.3524
57.9237
57.8209
57.3016
55.9739
53.0934
48.5352
42.0734
33.1394
20.6345
5.01512
-13.3784
16.8134
21.2676
26.3365
31.4463
36.2826
40.6563
44.4922
47.8572
50.515
52.0275
52.5658
52.4583
51.7764
50.0065
46.1641
40.1943
32.1025
21.4386
9.33784
-1.65948
16.1917
19.9984
23.6967
27.4303
31.0843
34.6025
37.9273
41.1185
43.9621
46.028
47.183
47.5716
47.3196
46.2807
43.5723
38.3725
30.9785
21.698
11.5897
3.03409
15.8113
18.7751
21.5765
24.3802
27.1741
29.9782
32.774
35.6304
38.3793
40.6652
42.247
43.1107
43.1693
42.5702
40.7854
36.4838
29.7897
21.5521
12.6723
5.39641
14.6438
17.0663
19.3382
21.6223
23.9034
26.2304
28.6183
31.1552
33.7523
36.106
37.9446
39.145
39.5669
39.2614
38.0084
34.6
28.6013
21.1189
13.1565
6.66606
13.6351
15.6373
17.4912
19.3572
21.2532
23.2122
25.2686
27.5247
29.8836
32.2539
34.2581
35.7009
36.44
36.3419
35.4327
32.7684
27.424
20.5642
13.3129
7.36869
12.7291
14.4283
15.9806
17.5364
19.1283
20.7963
22.5821
24.5825
26.7021
28.9722
31.0845
32.7232
33.7093
33.7967
33.1164
31.025
26.2772
19.9668
13.3126
7.77281
11.9451
13.4184
14.7459
16.0662
17.4238
18.8618
20.4255
22.1952
24.0964
26.1784
28.3382
30.1254
31.3025
31.5843
31.0746
29.3728
25.1654
19.3386
13.2151
8.01886
11.2682
12.5709
13.7311
14.8721
16.0473
17.3013
18.679
20.2483
21.9587
23.8824
25.9626
27.8372
29.1713
29.6436
29.2681
27.8352
24.0963
18.67
13.04
8.17571
10.6895
11.8601
12.8931
13.8969
14.9286
16.034
17.2561
18.6551
20.1962
21.9616
23.8919
25.8179
27.2754
27.9222
27.6527
26.4188
23.0826
18.0415
12.8356
8.28257
10.197
11.2641
12.198
13.0959
14.0139
14.9988
16.0909
17.3458
18.7356
20.3503
22.1515
24.0529
25.5772
26.3705
26.1927
25.1164
22.1289
17.4597
12.63
8.36372
9.77767
10.763
11.6193
12.4345
13.2618
14.1485
15.1315
16.2651
17.5248
19.0037
20.6882
22.4994
24.0407
24.9563
24.8619
23.9178
21.2343
16.9215
12.4381
8.43366
9.41387
10.3384
11.1349
11.8856
12.64
13.445
14.3349
15.3673
16.5114
17.8578
19.4118
21.1082
22.6556
23.6632
23.6447
22.8124
20.3952
16.4218
12.2602
8.50216
9.0999
9.9778
10.7279
11.4277
12.1238
12.8615
13.6733
14.6113
15.6538
16.8797
18.3091
19.8908
21.4282
22.4748
22.5266
21.7859
19.6055
15.9557
12.0936
8.57642
8.83131
9.67209
10.3848
11.0441
11.6945
12.381
13.1315
13.9929
14.9618
16.0992
17.4299
18.8966
20.3258
21.3693
21.4843
20.8255
18.8586
15.5228
11.9532
8.65511
8.60033
9.40965
10.0926
10.7205
11.3345
11.9758
12.6722
13.4741
14.3722
15.4144
16.626
17.9471
19.2945
20.3343
20.5097
19.9263
18.1529
15.124
11.8469
8.72041
8.37948
9.17219
9.8351
10.442
11.0245
11.6116
12.2367
12.957
13.7668
14.6947
15.7835
17.0255
18.3554
19.3824
19.6102
19.0936
17.4958
14.7443
11.7109
8.75099
8.15307
8.94932
9.59859
10.191
10.7607
11.3347
11.9334
12.5966
13.3466
14.2063
15.2116
16.3417
17.5557
18.5209
18.7885
18.3264
16.8886
14.3595
11.4853
8.76586
7.97288
8.7593
9.39224
9.96738
10.5509
11.178
11.8264
12.5094
13.2552
14.0824
14.9712
15.898
16.8619
17.7255
18.0076
17.5869
16.301
14.0047
11.3233
8.87478
-9.57626
-10.1675
-10.9205
-11.8605
-13.0303
-14.5033
-16.4174
-18.8979
-22.0189
-25.8574
-30.3147
-35.0148
-39.7827
-44.3514
-48.0092
-50.8523
-51.6796
-49.2466
-45.4501
-46.2063
-12.4569
-13.0668
-13.8322
-14.7762
-15.9648
-17.4842
-19.3866
-21.7398
-24.578
-27.8383
-31.2986
-34.7686
-38.2617
-41.5637
-44.1626
-46.1406
-46.8552
-45.2545
-44.5285
-48.0169
-14.9856
-15.6274
-16.4138
-17.3943
-18.6122
-20.0819
-21.8289
-23.8586
-26.1142
-28.4934
-30.9869
-33.5912
-36.2074
-38.7147
-40.868
-42.5656
-43.8858
-44.4117
-46.2482
-51.1756
-16.66
-17.3207
-18.1014
-19.0383
-20.1205
-21.3591
-22.7547
-24.2993
-25.9949
-27.8559
-29.8614
-31.986
-34.1836
-36.4394
-38.7518
-40.8685
-42.898
-46.6999
-50.5958
-54.6371
-16.674
-17.2968
-17.9893
-18.79
-19.7011
-20.7325
-21.891
-23.1812
-24.6077
-26.1769
-27.895
-29.7685
-31.8064
-34.0358
-36.5268
-39.2231
-42.2638
-47.9579
-53.4516
-57.4274
-15.3662
-15.8839
-16.4998
-17.2093
-18.0107
-18.9105
-19.9188
-21.0456
-22.3018
-23.7011
-25.2629
-27.0115
-28.9868
-31.233
-33.8223
-36.9111
-40.5102
-46.5943
-52.3184
-58.494
-12.943
-13.2833
-13.7295
-14.2998
-14.9652
-15.719
-16.5745
-17.5501
-18.6646
-19.9397
-21.4047
-23.0954
-25.0645
-27.3797
-30.1044
-33.5507
-37.5548
-43.6619
-49.0932
-58.2332
-9.67267
-9.81244
-9.96608
-10.2963
-10.7575
-11.3056
-11.9511
-12.7232
-13.6491
-14.7608
-16.1033
-17.7332
-19.7234
-22.1614
-25.0923
-28.8496
-33.0116
-39.1216
-44.5569
-57.4839
-5.76278
-5.7709
-5.61295
-5.68651
-5.87896
-6.13603
-6.47784
-6.94242
-7.55656
-8.35645
-9.40619
-10.794
-12.6385
-15.0845
-18.2573
-22.5127
-27.1344
-33.9793
-39.793
-56.1751
-1.90604
-1.6776
-1.36538
-1.30289
-1.34063
-1.33311
-1.3356
-1.43923
-1.65255
-1.98651
-2.50374
-3.29633
-4.49065
-6.28783
-9.06904
-13.4994
-19.0241
-28.8272
-37.0826
-55.4005
1.61322
1.88838
2.24921
2.40242
2.50768
2.63259
2.76983
2.89371
2.98726
3.04085
3.03384
2.86432
2.48187
1.74089
0.208128
-2.66413
-7.64325
-19.5295
-25.9319
-57.3596
4.48791
4.73984
5.07613
5.28197
5.46729
5.67357
5.90343
6.14821
6.40107
6.65856
6.91596
7.15905
7.36174
7.48143
7.29122
6.49053
3.3768
-4.14172
-5.92739
-68.3152
6.67908
6.8825
7.13975
7.35628
7.57685
7.8248
8.1062
8.42269
8.77752
9.17692
9.62679
10.1312
10.6878
11.2863
11.8636
12.3536
11.9058
12.0861
-1.23848
-76.5561
)
;

boundaryField
{
    inlet
    {
        type            zeroGradient;
    }
    outlet
    {
        type            fixedValue;
        value           uniform 0;
    }
    dymWall
    {
        type            zeroGradient;
    }
    AMI1
    {
        type            cyclicAMI;
        value           nonuniform List<scalar> 
73
(
-6.86624
-5.32089
-3.76811
-2.26881
-0.664904
1.3142
5.13042
10.3648
14.3096
11.8508
-2.27737
-26.7386
-48.9472
-52.9858
-45.4739
-36.1986
-28.1139
-22.6255
-18.7658
-16.0111
-13.9787
-12.429
-11.1745
-10.1134
-9.16401
-8.27866
-7.3885
-6.45977
-5.49356
-4.47551
-3.32374
-2.19486
-1.1039
-0.0678603
0.914348
1.87546
2.87622
3.99545
5.32829
6.9869
7.9505
8.69921
9.32088
9.88457
10.4376
11.013
11.6202
12.279
13.0044
13.8105
14.689
15.6189
16.5518
17.3484
17.6145
17.2142
15.9992
13.9038
11.4169
9.06221
-9.32416
-12.1803
-14.7357
-16.4245
-16.453
-15.173
-12.7265
-9.35203
-5.39103
-1.53594
1.88858
4.66578
6.72664
)
;
    }
    AMI2
    {
        type            cyclicAMI;
        value           nonuniform List<scalar> 
162
(
-6.98999
-6.71671
-5.49822
-5.19088
-4.07202
-3.66187
-2.67591
-2.21788
-1.23718
-0.638686
0.441623
1.29914
2.97878
5.12234
7.43507
10.226
12.5641
14.3551
14.1619
12.2107
7.54372
-1.39502
-10.5527
-25.682
-35.1435
-47.9101
-53.1168
-52.9468
-51.5306
-45.888
-43.1919
-36.6489
-34.2108
-28.6338
-26.6248
-22.9454
-21.7971
-18.9804
-18.2717
-16.1829
-15.6927
-14.1129
-13.7259
-12.5442
-12.213
-11.2791
-11.0058
-10.2201
-9.98281
-9.29248
-9.05194
-8.45023
-8.17356
-7.5983
-7.28093
-6.69194
-6.34323
-5.7289
-5.3669
-4.73758
-4.32197
-3.57409
-3.16859
-2.42623
-2.05535
-1.32488
-0.985125
-0.285476
0.0281522
0.69268
0.991937
1.64224
1.94299
2.62515
2.94276
3.72183
4.06971
5.03168
5.41923
6.67181
7.10448
7.88916
8.01781
8.62234
8.7553
9.21848
9.36175
9.74376
9.91097
10.2421
10.4481
10.7447
11.0095
11.2845
11.6047
11.8804
12.2568
12.5386
12.9754
13.2721
13.7769
14.0805
14.6516
14.9555
15.5844
15.8672
16.5294
16.7461
17.3583
17.4158
17.6427
17.5626
17.2858
17.0192
16.1139
15.6758
14.0485
13.5234
11.5693
11.0515
9.20385
8.74302
-8.76414
-9.35082
-9.69674
-11.3652
-12.1328
-12.6657
-13.981
-14.5661
-15.2133
-15.9772
-16.2723
-16.7482
-16.6407
-16.4655
-16.4322
-15.8583
-15.3116
-15.0526
-14.0476
-13.012
-12.5373
-11.2371
-9.72124
-9.19731
-7.78584
-5.78388
-5.27896
-4.00766
-1.92226
-1.46882
-0.467732
1.55838
1.91197
2.63823
4.41619
4.67018
5.12398
6.57712
6.72657
6.9328
)
;
    }
    walls
    {
        type            zeroGradient;
    }
    front
    {
        type            empty;
    }
    back
    {
        type            empty;
    }
}


// ************************************************************************* //
