/*--------------------------------*- C++ -*----------------------------------*\
  =========                 |
  \\      /  F ield         | OpenFOAM: The Open Source CFD Toolbox
   \\    /   O peration     | Website:  https://openfoam.org
    \\  /    A nd           | Version:  6
     \\/     M anipulation  |
\*---------------------------------------------------------------------------*/
FoamFile
{
    version     2.0;
    format      ascii;
    class       vectorField;
    location    "1.14/polyMesh";
    object      points;
}
// * * * * * * * * * * * * * * * * * * * * * * * * * * * * * * * * * * * * * //


1722
(
(-1.64852 0 0)
(-1.48367 0 0)
(-1.31882 0 0)
(-1.15396 0 0)
(-0.989112 0 0)
(-0.82426 0 0)
(-0.659408 0 0)
(-0.494556 0 0)
(-0.329704 0 0)
(-0.164852 0 0)
(0 0 0)
(0.2 0 0)
(0.4 0 0)
(0.6 0 0)
(0.8 0 0)
(1 0 0)
(1.2 0 0)
(1.4 0 0)
(1.6 0 0)
(1.8 0 0)
(2 0 0)
(-1.64852 0.0125 0)
(-1.48367 0.0125 0)
(-1.31882 0.0125 0)
(-1.15396 0.0125 0)
(-0.989112 0.0125 0)
(-0.82426 0.0125 0)
(-0.659408 0.0125 0)
(-0.494556 0.0125 0)
(-0.329704 0.0125 0)
(-0.164852 0.0125 0)
(0 0.0125 0)
(0.2 0.0125 0)
(0.4 0.0125 0)
(0.6 0.0125 0)
(0.8 0.0125 0)
(1 0.0125 0)
(1.2 0.0125 0)
(1.4 0.0125 0)
(1.6 0.0125 0)
(1.8 0.0125 0)
(2 0.0125 0)
(-1.64852 0.025 0)
(-1.48367 0.025 0)
(-1.31882 0.025 0)
(-1.15396 0.025 0)
(-0.989112 0.025 0)
(-0.82426 0.025 0)
(-0.659408 0.025 0)
(-0.494556 0.025 0)
(-0.329704 0.025 0)
(-0.164852 0.025 0)
(0 0.025 0)
(0.2 0.025 0)
(0.4 0.025 0)
(0.6 0.025 0)
(0.8 0.025 0)
(1 0.025 0)
(1.2 0.025 0)
(1.4 0.025 0)
(1.6 0.025 0)
(1.8 0.025 0)
(2 0.025 0)
(-1.64852 0.0375 0)
(-1.48367 0.0375 0)
(-1.31882 0.0375 0)
(-1.15396 0.0375 0)
(-0.989112 0.0375 0)
(-0.82426 0.0375 0)
(-0.659408 0.0375 0)
(-0.494556 0.0375 0)
(-0.329704 0.0375 0)
(-0.164852 0.0375 0)
(0 0.0375 0)
(0.2 0.0375 0)
(0.4 0.0375 0)
(0.6 0.0375 0)
(0.8 0.0375 0)
(1 0.0375 0)
(1.2 0.0375 0)
(1.4 0.0375 0)
(1.6 0.0375 0)
(1.8 0.0375 0)
(2 0.0375 0)
(-1.64852 0.05 0)
(-1.48367 0.05 0)
(-1.31882 0.05 0)
(-1.15396 0.05 0)
(-0.989112 0.05 0)
(-0.82426 0.05 0)
(-0.659408 0.05 0)
(-0.494556 0.05 0)
(-0.329704 0.05 0)
(-0.164852 0.05 0)
(0 0.05 0)
(0.2 0.05 0)
(0.4 0.05 0)
(0.6 0.05 0)
(0.8 0.05 0)
(1 0.05 0)
(1.2 0.05 0)
(1.4 0.05 0)
(1.6 0.05 0)
(1.8 0.05 0)
(2 0.05 0)
(-1.64852 0.0625 0)
(-1.48367 0.0625 0)
(-1.31882 0.0625 0)
(-1.15396 0.0625 0)
(-0.989112 0.0625 0)
(-0.82426 0.0625 0)
(-0.659408 0.0625 0)
(-0.494556 0.0625 0)
(-0.329704 0.0625 0)
(-0.164852 0.0625 0)
(0 0.0625 0)
(0.2 0.0625 0)
(0.4 0.0625 0)
(0.6 0.0625 0)
(0.8 0.0625 0)
(1 0.0625 0)
(1.2 0.0625 0)
(1.4 0.0625 0)
(1.6 0.0625 0)
(1.8 0.0625 0)
(2 0.0625 0)
(-1.64852 0.075 0)
(-1.48367 0.075 0)
(-1.31882 0.075 0)
(-1.15396 0.075 0)
(-0.989112 0.075 0)
(-0.82426 0.075 0)
(-0.659408 0.075 0)
(-0.494556 0.075 0)
(-0.329704 0.075 0)
(-0.164852 0.075 0)
(0 0.075 0)
(0.2 0.075 0)
(0.4 0.075 0)
(0.6 0.075 0)
(0.8 0.075 0)
(1 0.075 0)
(1.2 0.075 0)
(1.4 0.075 0)
(1.6 0.075 0)
(1.8 0.075 0)
(2 0.075 0)
(-1.64852 0.0875 0)
(-1.48367 0.0875 0)
(-1.31882 0.0875 0)
(-1.15396 0.0875 0)
(-0.989112 0.0875 0)
(-0.82426 0.0875 0)
(-0.659408 0.0875 0)
(-0.494556 0.0875 0)
(-0.329704 0.0875 0)
(-0.164852 0.0875 0)
(0 0.0875 0)
(0.2 0.0875 0)
(0.4 0.0875 0)
(0.6 0.0875 0)
(0.8 0.0875 0)
(1 0.0875 0)
(1.2 0.0875 0)
(1.4 0.0875 0)
(1.6 0.0875 0)
(1.8 0.0875 0)
(2 0.0875 0)
(-1.64852 0.1 0)
(-1.48367 0.1 0)
(-1.31882 0.1 0)
(-1.15396 0.1 0)
(-0.989112 0.1 0)
(-0.82426 0.1 0)
(-0.659408 0.1 0)
(-0.494556 0.1 0)
(-0.329704 0.1 0)
(-0.164852 0.1 0)
(0 0.1 0)
(0.2 0.1 0)
(0.4 0.1 0)
(0.6 0.1 0)
(0.8 0.1 0)
(1 0.1 0)
(1.2 0.1 0)
(1.4 0.1 0)
(1.6 0.1 0)
(1.8 0.1 0)
(2 0.1 0)
(-1.64852 0.1125 0)
(-1.48367 0.1125 0)
(-1.31882 0.1125 0)
(-1.15396 0.1125 0)
(-0.989112 0.1125 0)
(-0.82426 0.1125 0)
(-0.659408 0.1125 0)
(-0.494556 0.1125 0)
(-0.329704 0.1125 0)
(-0.164852 0.1125 0)
(0 0.1125 0)
(0.2 0.1125 0)
(0.4 0.1125 0)
(0.6 0.1125 0)
(0.8 0.1125 0)
(1 0.1125 0)
(1.2 0.1125 0)
(1.4 0.1125 0)
(1.6 0.1125 0)
(1.8 0.1125 0)
(2 0.1125 0)
(-1.64852 0.125 0)
(-1.48367 0.125 0)
(-1.31882 0.125 0)
(-1.15396 0.125 0)
(-0.989112 0.125 0)
(-0.82426 0.125 0)
(-0.659408 0.125 0)
(-0.494556 0.125 0)
(-0.329704 0.125 0)
(-0.164852 0.125 0)
(0 0.125 0)
(0.2 0.125 0)
(0.4 0.125 0)
(0.6 0.125 0)
(0.8 0.125 0)
(1 0.125 0)
(1.2 0.125 0)
(1.4 0.125 0)
(1.6 0.125 0)
(1.8 0.125 0)
(2 0.125 0)
(-1.64852 0.1375 0)
(-1.48367 0.1375 0)
(-1.31882 0.1375 0)
(-1.15396 0.1375 0)
(-0.989112 0.1375 0)
(-0.82426 0.1375 0)
(-0.659408 0.1375 0)
(-0.494556 0.1375 0)
(-0.329704 0.1375 0)
(-0.164852 0.1375 0)
(0 0.1375 0)
(0.2 0.1375 0)
(0.4 0.1375 0)
(0.6 0.1375 0)
(0.8 0.1375 0)
(1 0.1375 0)
(1.2 0.1375 0)
(1.4 0.1375 0)
(1.6 0.1375 0)
(1.8 0.1375 0)
(2 0.1375 0)
(-1.64852 0.15 0)
(-1.48367 0.15 0)
(-1.31882 0.15 0)
(-1.15396 0.15 0)
(-0.989112 0.15 0)
(-0.82426 0.15 0)
(-0.659408 0.15 0)
(-0.494556 0.15 0)
(-0.329704 0.15 0)
(-0.164852 0.15 0)
(0 0.15 0)
(0.2 0.15 0)
(0.4 0.15 0)
(0.6 0.15 0)
(0.8 0.15 0)
(1 0.15 0)
(1.2 0.15 0)
(1.4 0.15 0)
(1.6 0.15 0)
(1.8 0.15 0)
(2 0.15 0)
(-1.64852 0.1625 0)
(-1.48367 0.1625 0)
(-1.31882 0.1625 0)
(-1.15396 0.1625 0)
(-0.989112 0.1625 0)
(-0.82426 0.1625 0)
(-0.659408 0.1625 0)
(-0.494556 0.1625 0)
(-0.329704 0.1625 0)
(-0.164852 0.1625 0)
(0 0.1625 0)
(0.2 0.1625 0)
(0.4 0.1625 0)
(0.6 0.1625 0)
(0.8 0.1625 0)
(1 0.1625 0)
(1.2 0.1625 0)
(1.4 0.1625 0)
(1.6 0.1625 0)
(1.8 0.1625 0)
(2 0.1625 0)
(-1.64852 0.175 0)
(-1.48367 0.175 0)
(-1.31882 0.175 0)
(-1.15396 0.175 0)
(-0.989112 0.175 0)
(-0.82426 0.175 0)
(-0.659408 0.175 0)
(-0.494556 0.175 0)
(-0.329704 0.175 0)
(-0.164852 0.175 0)
(0 0.175 0)
(0.2 0.175 0)
(0.4 0.175 0)
(0.6 0.175 0)
(0.8 0.175 0)
(1 0.175 0)
(1.2 0.175 0)
(1.4 0.175 0)
(1.6 0.175 0)
(1.8 0.175 0)
(2 0.175 0)
(-1.64852 0.1875 0)
(-1.48367 0.1875 0)
(-1.31882 0.1875 0)
(-1.15396 0.1875 0)
(-0.989112 0.1875 0)
(-0.82426 0.1875 0)
(-0.659408 0.1875 0)
(-0.494556 0.1875 0)
(-0.329704 0.1875 0)
(-0.164852 0.1875 0)
(0 0.1875 0)
(0.2 0.1875 0)
(0.4 0.1875 0)
(0.6 0.1875 0)
(0.8 0.1875 0)
(1 0.1875 0)
(1.2 0.1875 0)
(1.4 0.1875 0)
(1.6 0.1875 0)
(1.8 0.1875 0)
(2 0.1875 0)
(-1.64852 0.2 0)
(-1.48367 0.2 0)
(-1.31882 0.2 0)
(-1.15396 0.2 0)
(-0.989112 0.2 0)
(-0.82426 0.2 0)
(-0.659408 0.2 0)
(-0.494556 0.2 0)
(-0.329704 0.2 0)
(-0.164852 0.2 0)
(0 0.2 0)
(0.2 0.2 0)
(0.4 0.2 0)
(0.6 0.2 0)
(0.8 0.2 0)
(1 0.2 0)
(1.2 0.2 0)
(1.4 0.2 0)
(1.6 0.2 0)
(1.8 0.2 0)
(2 0.2 0)
(-1.64852 0.2125 0)
(-1.48367 0.2125 0)
(-1.31882 0.2125 0)
(-1.15396 0.2125 0)
(-0.989112 0.2125 0)
(-0.82426 0.2125 0)
(-0.659408 0.2125 0)
(-0.494556 0.2125 0)
(-0.329704 0.2125 0)
(-0.164852 0.2125 0)
(0 0.2125 0)
(0.2 0.2125 0)
(0.4 0.2125 0)
(0.6 0.2125 0)
(0.8 0.2125 0)
(1 0.2125 0)
(1.2 0.2125 0)
(1.4 0.2125 0)
(1.6 0.2125 0)
(1.8 0.2125 0)
(2 0.2125 0)
(-1.64852 0.225 0)
(-1.48367 0.225 0)
(-1.31882 0.225 0)
(-1.15396 0.225 0)
(-0.989112 0.225 0)
(-0.82426 0.225 0)
(-0.659408 0.225 0)
(-0.494556 0.225 0)
(-0.329704 0.225 0)
(-0.164852 0.225 0)
(0 0.225 0)
(0.2 0.225 0)
(0.4 0.225 0)
(0.6 0.225 0)
(0.8 0.225 0)
(1 0.225 0)
(1.2 0.225 0)
(1.4 0.225 0)
(1.6 0.225 0)
(1.8 0.225 0)
(2 0.225 0)
(-1.64852 0.2375 0)
(-1.48367 0.2375 0)
(-1.31882 0.2375 0)
(-1.15396 0.2375 0)
(-0.989112 0.2375 0)
(-0.82426 0.2375 0)
(-0.659408 0.2375 0)
(-0.494556 0.2375 0)
(-0.329704 0.2375 0)
(-0.164852 0.2375 0)
(0 0.2375 0)
(0.2 0.2375 0)
(0.4 0.2375 0)
(0.6 0.2375 0)
(0.8 0.2375 0)
(1 0.2375 0)
(1.2 0.2375 0)
(1.4 0.2375 0)
(1.6 0.2375 0)
(1.8 0.2375 0)
(2 0.2375 0)
(-1.64852 0.25 0)
(-1.48367 0.25 0)
(-1.31882 0.25 0)
(-1.15396 0.25 0)
(-0.989112 0.25 0)
(-0.82426 0.25 0)
(-0.659408 0.25 0)
(-0.494556 0.25 0)
(-0.329704 0.25 0)
(-0.164852 0.25 0)
(0 0.25 0)
(0.2 0.25 0)
(0.4 0.25 0)
(0.6 0.25 0)
(0.8 0.25 0)
(1 0.25 0)
(1.2 0.25 0)
(1.4 0.25 0)
(1.6 0.25 0)
(1.8 0.25 0)
(2 0.25 0)
(-1.64852 0.2625 0)
(-1.48367 0.2625 0)
(-1.31882 0.2625 0)
(-1.15396 0.2625 0)
(-0.989112 0.2625 0)
(-0.82426 0.2625 0)
(-0.659408 0.2625 0)
(-0.494556 0.2625 0)
(-0.329704 0.2625 0)
(-0.164852 0.2625 0)
(0 0.2625 0)
(0.2 0.2625 0)
(0.4 0.2625 0)
(0.6 0.2625 0)
(0.8 0.2625 0)
(1 0.2625 0)
(1.2 0.2625 0)
(1.4 0.2625 0)
(1.6 0.2625 0)
(1.8 0.2625 0)
(2 0.2625 0)
(-1.64852 0.275 0)
(-1.48367 0.275 0)
(-1.31882 0.275 0)
(-1.15396 0.275 0)
(-0.989112 0.275 0)
(-0.82426 0.275 0)
(-0.659408 0.275 0)
(-0.494556 0.275 0)
(-0.329704 0.275 0)
(-0.164852 0.275 0)
(0 0.275 0)
(0.2 0.275 0)
(0.4 0.275 0)
(0.6 0.275 0)
(0.8 0.275 0)
(1 0.275 0)
(1.2 0.275 0)
(1.4 0.275 0)
(1.6 0.275 0)
(1.8 0.275 0)
(2 0.275 0)
(-1.64852 0.2875 0)
(-1.48367 0.2875 0)
(-1.31882 0.2875 0)
(-1.15396 0.2875 0)
(-0.989112 0.2875 0)
(-0.82426 0.2875 0)
(-0.659408 0.2875 0)
(-0.494556 0.2875 0)
(-0.329704 0.2875 0)
(-0.164852 0.2875 0)
(0 0.2875 0)
(0.2 0.2875 0)
(0.4 0.2875 0)
(0.6 0.2875 0)
(0.8 0.2875 0)
(1 0.2875 0)
(1.2 0.2875 0)
(1.4 0.2875 0)
(1.6 0.2875 0)
(1.8 0.2875 0)
(2 0.2875 0)
(-1.64852 0.3 0)
(-1.48367 0.3 0)
(-1.31882 0.3 0)
(-1.15396 0.3 0)
(-0.989112 0.3 0)
(-0.82426 0.3 0)
(-0.659408 0.3 0)
(-0.494556 0.3 0)
(-0.329704 0.3 0)
(-0.164852 0.3 0)
(0 0.3 0)
(0.2 0.3 0)
(0.4 0.3 0)
(0.6 0.3 0)
(0.8 0.3 0)
(1 0.3 0)
(1.2 0.3 0)
(1.4 0.3 0)
(1.6 0.3 0)
(1.8 0.3 0)
(2 0.3 0)
(-1.64852 0.3125 0)
(-1.48367 0.3125 0)
(-1.31882 0.3125 0)
(-1.15396 0.3125 0)
(-0.989112 0.3125 0)
(-0.82426 0.3125 0)
(-0.659408 0.3125 0)
(-0.494556 0.3125 0)
(-0.329704 0.3125 0)
(-0.164852 0.3125 0)
(0 0.3125 0)
(0.2 0.3125 0)
(0.4 0.3125 0)
(0.6 0.3125 0)
(0.8 0.3125 0)
(1 0.3125 0)
(1.2 0.3125 0)
(1.4 0.3125 0)
(1.6 0.3125 0)
(1.8 0.3125 0)
(2 0.3125 0)
(-1.64852 0.325 0)
(-1.48367 0.325 0)
(-1.31882 0.325 0)
(-1.15396 0.325 0)
(-0.989112 0.325 0)
(-0.82426 0.325 0)
(-0.659408 0.325 0)
(-0.494556 0.325 0)
(-0.329704 0.325 0)
(-0.164852 0.325 0)
(0 0.325 0)
(0.2 0.325 0)
(0.4 0.325 0)
(0.6 0.325 0)
(0.8 0.325 0)
(1 0.325 0)
(1.2 0.325 0)
(1.4 0.325 0)
(1.6 0.325 0)
(1.8 0.325 0)
(2 0.325 0)
(-1.64852 0.3375 0)
(-1.48367 0.3375 0)
(-1.31882 0.3375 0)
(-1.15396 0.3375 0)
(-0.989112 0.3375 0)
(-0.82426 0.3375 0)
(-0.659408 0.3375 0)
(-0.494556 0.3375 0)
(-0.329704 0.3375 0)
(-0.164852 0.3375 0)
(0 0.3375 0)
(0.2 0.3375 0)
(0.4 0.3375 0)
(0.6 0.3375 0)
(0.8 0.3375 0)
(1 0.3375 0)
(1.2 0.3375 0)
(1.4 0.3375 0)
(1.6 0.3375 0)
(1.8 0.3375 0)
(2 0.3375 0)
(-1.64852 0.35 0)
(-1.48367 0.35 0)
(-1.31882 0.35 0)
(-1.15396 0.35 0)
(-0.989112 0.35 0)
(-0.82426 0.35 0)
(-0.659408 0.35 0)
(-0.494556 0.35 0)
(-0.329704 0.35 0)
(-0.164852 0.35 0)
(0 0.35 0)
(0.2 0.35 0)
(0.4 0.35 0)
(0.6 0.35 0)
(0.8 0.35 0)
(1 0.35 0)
(1.2 0.35 0)
(1.4 0.35 0)
(1.6 0.35 0)
(1.8 0.35 0)
(2 0.35 0)
(-1.64852 0.3625 0)
(-1.48367 0.3625 0)
(-1.31882 0.3625 0)
(-1.15396 0.3625 0)
(-0.989112 0.3625 0)
(-0.82426 0.3625 0)
(-0.659408 0.3625 0)
(-0.494556 0.3625 0)
(-0.329704 0.3625 0)
(-0.164852 0.3625 0)
(0 0.3625 0)
(0.2 0.3625 0)
(0.4 0.3625 0)
(0.6 0.3625 0)
(0.8 0.3625 0)
(1 0.3625 0)
(1.2 0.3625 0)
(1.4 0.3625 0)
(1.6 0.3625 0)
(1.8 0.3625 0)
(2 0.3625 0)
(-1.64852 0.375 0)
(-1.48367 0.375 0)
(-1.31882 0.375 0)
(-1.15396 0.375 0)
(-0.989112 0.375 0)
(-0.82426 0.375 0)
(-0.659408 0.375 0)
(-0.494556 0.375 0)
(-0.329704 0.375 0)
(-0.164852 0.375 0)
(0 0.375 0)
(0.2 0.375 0)
(0.4 0.375 0)
(0.6 0.375 0)
(0.8 0.375 0)
(1 0.375 0)
(1.2 0.375 0)
(1.4 0.375 0)
(1.6 0.375 0)
(1.8 0.375 0)
(2 0.375 0)
(-1.64852 0.3875 0)
(-1.48367 0.3875 0)
(-1.31882 0.3875 0)
(-1.15396 0.3875 0)
(-0.989112 0.3875 0)
(-0.82426 0.3875 0)
(-0.659408 0.3875 0)
(-0.494556 0.3875 0)
(-0.329704 0.3875 0)
(-0.164852 0.3875 0)
(0 0.3875 0)
(0.2 0.3875 0)
(0.4 0.3875 0)
(0.6 0.3875 0)
(0.8 0.3875 0)
(1 0.3875 0)
(1.2 0.3875 0)
(1.4 0.3875 0)
(1.6 0.3875 0)
(1.8 0.3875 0)
(2 0.3875 0)
(-1.64852 0.4 0)
(-1.48367 0.4 0)
(-1.31882 0.4 0)
(-1.15396 0.4 0)
(-0.989112 0.4 0)
(-0.82426 0.4 0)
(-0.659408 0.4 0)
(-0.494556 0.4 0)
(-0.329704 0.4 0)
(-0.164852 0.4 0)
(0 0.4 0)
(0.2 0.4 0)
(0.4 0.4 0)
(0.6 0.4 0)
(0.8 0.4 0)
(1 0.4 0)
(1.2 0.4 0)
(1.4 0.4 0)
(1.6 0.4 0)
(1.8 0.4 0)
(2 0.4 0)
(-1.64852 0.4125 0)
(-1.48367 0.4125 0)
(-1.31882 0.4125 0)
(-1.15396 0.4125 0)
(-0.989112 0.4125 0)
(-0.82426 0.4125 0)
(-0.659408 0.4125 0)
(-0.494556 0.4125 0)
(-0.329704 0.4125 0)
(-0.164852 0.4125 0)
(0 0.4125 0)
(0.2 0.4125 0)
(0.4 0.4125 0)
(0.6 0.4125 0)
(0.8 0.4125 0)
(1 0.4125 0)
(1.2 0.4125 0)
(1.4 0.4125 0)
(1.6 0.4125 0)
(1.8 0.4125 0)
(2 0.4125 0)
(-1.64852 0.425 0)
(-1.48367 0.425 0)
(-1.31882 0.425 0)
(-1.15396 0.425 0)
(-0.989112 0.425 0)
(-0.82426 0.425 0)
(-0.659408 0.425 0)
(-0.494556 0.425 0)
(-0.329704 0.425 0)
(-0.164852 0.425 0)
(0 0.425 0)
(0.2 0.425 0)
(0.4 0.425 0)
(0.6 0.425 0)
(0.8 0.425 0)
(1 0.425 0)
(1.2 0.425 0)
(1.4 0.425 0)
(1.6 0.425 0)
(1.8 0.425 0)
(2 0.425 0)
(-1.64852 0.4375 0)
(-1.48367 0.4375 0)
(-1.31882 0.4375 0)
(-1.15396 0.4375 0)
(-0.989112 0.4375 0)
(-0.82426 0.4375 0)
(-0.659408 0.4375 0)
(-0.494556 0.4375 0)
(-0.329704 0.4375 0)
(-0.164852 0.4375 0)
(0 0.4375 0)
(0.2 0.4375 0)
(0.4 0.4375 0)
(0.6 0.4375 0)
(0.8 0.4375 0)
(1 0.4375 0)
(1.2 0.4375 0)
(1.4 0.4375 0)
(1.6 0.4375 0)
(1.8 0.4375 0)
(2 0.4375 0)
(-1.64852 0.45 0)
(-1.48367 0.45 0)
(-1.31882 0.45 0)
(-1.15396 0.45 0)
(-0.989112 0.45 0)
(-0.82426 0.45 0)
(-0.659408 0.45 0)
(-0.494556 0.45 0)
(-0.329704 0.45 0)
(-0.164852 0.45 0)
(0 0.45 0)
(0.2 0.45 0)
(0.4 0.45 0)
(0.6 0.45 0)
(0.8 0.45 0)
(1 0.45 0)
(1.2 0.45 0)
(1.4 0.45 0)
(1.6 0.45 0)
(1.8 0.45 0)
(2 0.45 0)
(-1.64852 0.4625 0)
(-1.48367 0.4625 0)
(-1.31882 0.4625 0)
(-1.15396 0.4625 0)
(-0.989112 0.4625 0)
(-0.82426 0.4625 0)
(-0.659408 0.4625 0)
(-0.494556 0.4625 0)
(-0.329704 0.4625 0)
(-0.164852 0.4625 0)
(0 0.4625 0)
(0.2 0.4625 0)
(0.4 0.4625 0)
(0.6 0.4625 0)
(0.8 0.4625 0)
(1 0.4625 0)
(1.2 0.4625 0)
(1.4 0.4625 0)
(1.6 0.4625 0)
(1.8 0.4625 0)
(2 0.4625 0)
(-1.64852 0.475 0)
(-1.48367 0.475 0)
(-1.31882 0.475 0)
(-1.15396 0.475 0)
(-0.989112 0.475 0)
(-0.82426 0.475 0)
(-0.659408 0.475 0)
(-0.494556 0.475 0)
(-0.329704 0.475 0)
(-0.164852 0.475 0)
(0 0.475 0)
(0.2 0.475 0)
(0.4 0.475 0)
(0.6 0.475 0)
(0.8 0.475 0)
(1 0.475 0)
(1.2 0.475 0)
(1.4 0.475 0)
(1.6 0.475 0)
(1.8 0.475 0)
(2 0.475 0)
(-1.64852 0.4875 0)
(-1.48367 0.4875 0)
(-1.31882 0.4875 0)
(-1.15396 0.4875 0)
(-0.989112 0.4875 0)
(-0.82426 0.4875 0)
(-0.659408 0.4875 0)
(-0.494556 0.4875 0)
(-0.329704 0.4875 0)
(-0.164852 0.4875 0)
(0 0.4875 0)
(0.2 0.4875 0)
(0.4 0.4875 0)
(0.6 0.4875 0)
(0.8 0.4875 0)
(1 0.4875 0)
(1.2 0.4875 0)
(1.4 0.4875 0)
(1.6 0.4875 0)
(1.8 0.4875 0)
(2 0.4875 0)
(-1.64852 0.5 0)
(-1.48367 0.5 0)
(-1.31882 0.5 0)
(-1.15396 0.5 0)
(-0.989112 0.5 0)
(-0.82426 0.5 0)
(-0.659408 0.5 0)
(-0.494556 0.5 0)
(-0.329704 0.5 0)
(-0.164852 0.5 0)
(0 0.5 0)
(0.2 0.5 0)
(0.4 0.5 0)
(0.6 0.5 0)
(0.8 0.5 0)
(1 0.5 0)
(1.2 0.5 0)
(1.4 0.5 0)
(1.6 0.5 0)
(1.8 0.5 0)
(2 0.5 0)
(-1.64852 0 0.2)
(-1.48367 0 0.2)
(-1.31882 0 0.2)
(-1.15396 0 0.2)
(-0.989112 0 0.2)
(-0.82426 0 0.2)
(-0.659408 0 0.2)
(-0.494556 0 0.2)
(-0.329704 0 0.2)
(-0.164852 0 0.2)
(0 0 0.2)
(0.2 0 0.2)
(0.4 0 0.2)
(0.6 0 0.2)
(0.8 0 0.2)
(1 0 0.2)
(1.2 0 0.2)
(1.4 0 0.2)
(1.6 0 0.2)
(1.8 0 0.2)
(2 0 0.2)
(-1.64852 0.0125 0.2)
(-1.48367 0.0125 0.2)
(-1.31882 0.0125 0.2)
(-1.15396 0.0125 0.2)
(-0.989112 0.0125 0.2)
(-0.82426 0.0125 0.2)
(-0.659408 0.0125 0.2)
(-0.494556 0.0125 0.2)
(-0.329704 0.0125 0.2)
(-0.164852 0.0125 0.2)
(0 0.0125 0.2)
(0.2 0.0125 0.2)
(0.4 0.0125 0.2)
(0.6 0.0125 0.2)
(0.8 0.0125 0.2)
(1 0.0125 0.2)
(1.2 0.0125 0.2)
(1.4 0.0125 0.2)
(1.6 0.0125 0.2)
(1.8 0.0125 0.2)
(2 0.0125 0.2)
(-1.64852 0.025 0.2)
(-1.48367 0.025 0.2)
(-1.31882 0.025 0.2)
(-1.15396 0.025 0.2)
(-0.989112 0.025 0.2)
(-0.82426 0.025 0.2)
(-0.659408 0.025 0.2)
(-0.494556 0.025 0.2)
(-0.329704 0.025 0.2)
(-0.164852 0.025 0.2)
(0 0.025 0.2)
(0.2 0.025 0.2)
(0.4 0.025 0.2)
(0.6 0.025 0.2)
(0.8 0.025 0.2)
(1 0.025 0.2)
(1.2 0.025 0.2)
(1.4 0.025 0.2)
(1.6 0.025 0.2)
(1.8 0.025 0.2)
(2 0.025 0.2)
(-1.64852 0.0375 0.2)
(-1.48367 0.0375 0.2)
(-1.31882 0.0375 0.2)
(-1.15396 0.0375 0.2)
(-0.989112 0.0375 0.2)
(-0.82426 0.0375 0.2)
(-0.659408 0.0375 0.2)
(-0.494556 0.0375 0.2)
(-0.329704 0.0375 0.2)
(-0.164852 0.0375 0.2)
(0 0.0375 0.2)
(0.2 0.0375 0.2)
(0.4 0.0375 0.2)
(0.6 0.0375 0.2)
(0.8 0.0375 0.2)
(1 0.0375 0.2)
(1.2 0.0375 0.2)
(1.4 0.0375 0.2)
(1.6 0.0375 0.2)
(1.8 0.0375 0.2)
(2 0.0375 0.2)
(-1.64852 0.05 0.2)
(-1.48367 0.05 0.2)
(-1.31882 0.05 0.2)
(-1.15396 0.05 0.2)
(-0.989112 0.05 0.2)
(-0.82426 0.05 0.2)
(-0.659408 0.05 0.2)
(-0.494556 0.05 0.2)
(-0.329704 0.05 0.2)
(-0.164852 0.05 0.2)
(0 0.05 0.2)
(0.2 0.05 0.2)
(0.4 0.05 0.2)
(0.6 0.05 0.2)
(0.8 0.05 0.2)
(1 0.05 0.2)
(1.2 0.05 0.2)
(1.4 0.05 0.2)
(1.6 0.05 0.2)
(1.8 0.05 0.2)
(2 0.05 0.2)
(-1.64852 0.0625 0.2)
(-1.48367 0.0625 0.2)
(-1.31882 0.0625 0.2)
(-1.15396 0.0625 0.2)
(-0.989112 0.0625 0.2)
(-0.82426 0.0625 0.2)
(-0.659408 0.0625 0.2)
(-0.494556 0.0625 0.2)
(-0.329704 0.0625 0.2)
(-0.164852 0.0625 0.2)
(0 0.0625 0.2)
(0.2 0.0625 0.2)
(0.4 0.0625 0.2)
(0.6 0.0625 0.2)
(0.8 0.0625 0.2)
(1 0.0625 0.2)
(1.2 0.0625 0.2)
(1.4 0.0625 0.2)
(1.6 0.0625 0.2)
(1.8 0.0625 0.2)
(2 0.0625 0.2)
(-1.64852 0.075 0.2)
(-1.48367 0.075 0.2)
(-1.31882 0.075 0.2)
(-1.15396 0.075 0.2)
(-0.989112 0.075 0.2)
(-0.82426 0.075 0.2)
(-0.659408 0.075 0.2)
(-0.494556 0.075 0.2)
(-0.329704 0.075 0.2)
(-0.164852 0.075 0.2)
(0 0.075 0.2)
(0.2 0.075 0.2)
(0.4 0.075 0.2)
(0.6 0.075 0.2)
(0.8 0.075 0.2)
(1 0.075 0.2)
(1.2 0.075 0.2)
(1.4 0.075 0.2)
(1.6 0.075 0.2)
(1.8 0.075 0.2)
(2 0.075 0.2)
(-1.64852 0.0875 0.2)
(-1.48367 0.0875 0.2)
(-1.31882 0.0875 0.2)
(-1.15396 0.0875 0.2)
(-0.989112 0.0875 0.2)
(-0.82426 0.0875 0.2)
(-0.659408 0.0875 0.2)
(-0.494556 0.0875 0.2)
(-0.329704 0.0875 0.2)
(-0.164852 0.0875 0.2)
(0 0.0875 0.2)
(0.2 0.0875 0.2)
(0.4 0.0875 0.2)
(0.6 0.0875 0.2)
(0.8 0.0875 0.2)
(1 0.0875 0.2)
(1.2 0.0875 0.2)
(1.4 0.0875 0.2)
(1.6 0.0875 0.2)
(1.8 0.0875 0.2)
(2 0.0875 0.2)
(-1.64852 0.1 0.2)
(-1.48367 0.1 0.2)
(-1.31882 0.1 0.2)
(-1.15396 0.1 0.2)
(-0.989112 0.1 0.2)
(-0.82426 0.1 0.2)
(-0.659408 0.1 0.2)
(-0.494556 0.1 0.2)
(-0.329704 0.1 0.2)
(-0.164852 0.1 0.2)
(0 0.1 0.2)
(0.2 0.1 0.2)
(0.4 0.1 0.2)
(0.6 0.1 0.2)
(0.8 0.1 0.2)
(1 0.1 0.2)
(1.2 0.1 0.2)
(1.4 0.1 0.2)
(1.6 0.1 0.2)
(1.8 0.1 0.2)
(2 0.1 0.2)
(-1.64852 0.1125 0.2)
(-1.48367 0.1125 0.2)
(-1.31882 0.1125 0.2)
(-1.15396 0.1125 0.2)
(-0.989112 0.1125 0.2)
(-0.82426 0.1125 0.2)
(-0.659408 0.1125 0.2)
(-0.494556 0.1125 0.2)
(-0.329704 0.1125 0.2)
(-0.164852 0.1125 0.2)
(0 0.1125 0.2)
(0.2 0.1125 0.2)
(0.4 0.1125 0.2)
(0.6 0.1125 0.2)
(0.8 0.1125 0.2)
(1 0.1125 0.2)
(1.2 0.1125 0.2)
(1.4 0.1125 0.2)
(1.6 0.1125 0.2)
(1.8 0.1125 0.2)
(2 0.1125 0.2)
(-1.64852 0.125 0.2)
(-1.48367 0.125 0.2)
(-1.31882 0.125 0.2)
(-1.15396 0.125 0.2)
(-0.989112 0.125 0.2)
(-0.82426 0.125 0.2)
(-0.659408 0.125 0.2)
(-0.494556 0.125 0.2)
(-0.329704 0.125 0.2)
(-0.164852 0.125 0.2)
(0 0.125 0.2)
(0.2 0.125 0.2)
(0.4 0.125 0.2)
(0.6 0.125 0.2)
(0.8 0.125 0.2)
(1 0.125 0.2)
(1.2 0.125 0.2)
(1.4 0.125 0.2)
(1.6 0.125 0.2)
(1.8 0.125 0.2)
(2 0.125 0.2)
(-1.64852 0.1375 0.2)
(-1.48367 0.1375 0.2)
(-1.31882 0.1375 0.2)
(-1.15396 0.1375 0.2)
(-0.989112 0.1375 0.2)
(-0.82426 0.1375 0.2)
(-0.659408 0.1375 0.2)
(-0.494556 0.1375 0.2)
(-0.329704 0.1375 0.2)
(-0.164852 0.1375 0.2)
(0 0.1375 0.2)
(0.2 0.1375 0.2)
(0.4 0.1375 0.2)
(0.6 0.1375 0.2)
(0.8 0.1375 0.2)
(1 0.1375 0.2)
(1.2 0.1375 0.2)
(1.4 0.1375 0.2)
(1.6 0.1375 0.2)
(1.8 0.1375 0.2)
(2 0.1375 0.2)
(-1.64852 0.15 0.2)
(-1.48367 0.15 0.2)
(-1.31882 0.15 0.2)
(-1.15396 0.15 0.2)
(-0.989112 0.15 0.2)
(-0.82426 0.15 0.2)
(-0.659408 0.15 0.2)
(-0.494556 0.15 0.2)
(-0.329704 0.15 0.2)
(-0.164852 0.15 0.2)
(0 0.15 0.2)
(0.2 0.15 0.2)
(0.4 0.15 0.2)
(0.6 0.15 0.2)
(0.8 0.15 0.2)
(1 0.15 0.2)
(1.2 0.15 0.2)
(1.4 0.15 0.2)
(1.6 0.15 0.2)
(1.8 0.15 0.2)
(2 0.15 0.2)
(-1.64852 0.1625 0.2)
(-1.48367 0.1625 0.2)
(-1.31882 0.1625 0.2)
(-1.15396 0.1625 0.2)
(-0.989112 0.1625 0.2)
(-0.82426 0.1625 0.2)
(-0.659408 0.1625 0.2)
(-0.494556 0.1625 0.2)
(-0.329704 0.1625 0.2)
(-0.164852 0.1625 0.2)
(0 0.1625 0.2)
(0.2 0.1625 0.2)
(0.4 0.1625 0.2)
(0.6 0.1625 0.2)
(0.8 0.1625 0.2)
(1 0.1625 0.2)
(1.2 0.1625 0.2)
(1.4 0.1625 0.2)
(1.6 0.1625 0.2)
(1.8 0.1625 0.2)
(2 0.1625 0.2)
(-1.64852 0.175 0.2)
(-1.48367 0.175 0.2)
(-1.31882 0.175 0.2)
(-1.15396 0.175 0.2)
(-0.989112 0.175 0.2)
(-0.82426 0.175 0.2)
(-0.659408 0.175 0.2)
(-0.494556 0.175 0.2)
(-0.329704 0.175 0.2)
(-0.164852 0.175 0.2)
(0 0.175 0.2)
(0.2 0.175 0.2)
(0.4 0.175 0.2)
(0.6 0.175 0.2)
(0.8 0.175 0.2)
(1 0.175 0.2)
(1.2 0.175 0.2)
(1.4 0.175 0.2)
(1.6 0.175 0.2)
(1.8 0.175 0.2)
(2 0.175 0.2)
(-1.64852 0.1875 0.2)
(-1.48367 0.1875 0.2)
(-1.31882 0.1875 0.2)
(-1.15396 0.1875 0.2)
(-0.989112 0.1875 0.2)
(-0.82426 0.1875 0.2)
(-0.659408 0.1875 0.2)
(-0.494556 0.1875 0.2)
(-0.329704 0.1875 0.2)
(-0.164852 0.1875 0.2)
(0 0.1875 0.2)
(0.2 0.1875 0.2)
(0.4 0.1875 0.2)
(0.6 0.1875 0.2)
(0.8 0.1875 0.2)
(1 0.1875 0.2)
(1.2 0.1875 0.2)
(1.4 0.1875 0.2)
(1.6 0.1875 0.2)
(1.8 0.1875 0.2)
(2 0.1875 0.2)
(-1.64852 0.2 0.2)
(-1.48367 0.2 0.2)
(-1.31882 0.2 0.2)
(-1.15396 0.2 0.2)
(-0.989112 0.2 0.2)
(-0.82426 0.2 0.2)
(-0.659408 0.2 0.2)
(-0.494556 0.2 0.2)
(-0.329704 0.2 0.2)
(-0.164852 0.2 0.2)
(0 0.2 0.2)
(0.2 0.2 0.2)
(0.4 0.2 0.2)
(0.6 0.2 0.2)
(0.8 0.2 0.2)
(1 0.2 0.2)
(1.2 0.2 0.2)
(1.4 0.2 0.2)
(1.6 0.2 0.2)
(1.8 0.2 0.2)
(2 0.2 0.2)
(-1.64852 0.2125 0.2)
(-1.48367 0.2125 0.2)
(-1.31882 0.2125 0.2)
(-1.15396 0.2125 0.2)
(-0.989112 0.2125 0.2)
(-0.82426 0.2125 0.2)
(-0.659408 0.2125 0.2)
(-0.494556 0.2125 0.2)
(-0.329704 0.2125 0.2)
(-0.164852 0.2125 0.2)
(0 0.2125 0.2)
(0.2 0.2125 0.2)
(0.4 0.2125 0.2)
(0.6 0.2125 0.2)
(0.8 0.2125 0.2)
(1 0.2125 0.2)
(1.2 0.2125 0.2)
(1.4 0.2125 0.2)
(1.6 0.2125 0.2)
(1.8 0.2125 0.2)
(2 0.2125 0.2)
(-1.64852 0.225 0.2)
(-1.48367 0.225 0.2)
(-1.31882 0.225 0.2)
(-1.15396 0.225 0.2)
(-0.989112 0.225 0.2)
(-0.82426 0.225 0.2)
(-0.659408 0.225 0.2)
(-0.494556 0.225 0.2)
(-0.329704 0.225 0.2)
(-0.164852 0.225 0.2)
(0 0.225 0.2)
(0.2 0.225 0.2)
(0.4 0.225 0.2)
(0.6 0.225 0.2)
(0.8 0.225 0.2)
(1 0.225 0.2)
(1.2 0.225 0.2)
(1.4 0.225 0.2)
(1.6 0.225 0.2)
(1.8 0.225 0.2)
(2 0.225 0.2)
(-1.64852 0.2375 0.2)
(-1.48367 0.2375 0.2)
(-1.31882 0.2375 0.2)
(-1.15396 0.2375 0.2)
(-0.989112 0.2375 0.2)
(-0.82426 0.2375 0.2)
(-0.659408 0.2375 0.2)
(-0.494556 0.2375 0.2)
(-0.329704 0.2375 0.2)
(-0.164852 0.2375 0.2)
(0 0.2375 0.2)
(0.2 0.2375 0.2)
(0.4 0.2375 0.2)
(0.6 0.2375 0.2)
(0.8 0.2375 0.2)
(1 0.2375 0.2)
(1.2 0.2375 0.2)
(1.4 0.2375 0.2)
(1.6 0.2375 0.2)
(1.8 0.2375 0.2)
(2 0.2375 0.2)
(-1.64852 0.25 0.2)
(-1.48367 0.25 0.2)
(-1.31882 0.25 0.2)
(-1.15396 0.25 0.2)
(-0.989112 0.25 0.2)
(-0.82426 0.25 0.2)
(-0.659408 0.25 0.2)
(-0.494556 0.25 0.2)
(-0.329704 0.25 0.2)
(-0.164852 0.25 0.2)
(0 0.25 0.2)
(0.2 0.25 0.2)
(0.4 0.25 0.2)
(0.6 0.25 0.2)
(0.8 0.25 0.2)
(1 0.25 0.2)
(1.2 0.25 0.2)
(1.4 0.25 0.2)
(1.6 0.25 0.2)
(1.8 0.25 0.2)
(2 0.25 0.2)
(-1.64852 0.2625 0.2)
(-1.48367 0.2625 0.2)
(-1.31882 0.2625 0.2)
(-1.15396 0.2625 0.2)
(-0.989112 0.2625 0.2)
(-0.82426 0.2625 0.2)
(-0.659408 0.2625 0.2)
(-0.494556 0.2625 0.2)
(-0.329704 0.2625 0.2)
(-0.164852 0.2625 0.2)
(0 0.2625 0.2)
(0.2 0.2625 0.2)
(0.4 0.2625 0.2)
(0.6 0.2625 0.2)
(0.8 0.2625 0.2)
(1 0.2625 0.2)
(1.2 0.2625 0.2)
(1.4 0.2625 0.2)
(1.6 0.2625 0.2)
(1.8 0.2625 0.2)
(2 0.2625 0.2)
(-1.64852 0.275 0.2)
(-1.48367 0.275 0.2)
(-1.31882 0.275 0.2)
(-1.15396 0.275 0.2)
(-0.989112 0.275 0.2)
(-0.82426 0.275 0.2)
(-0.659408 0.275 0.2)
(-0.494556 0.275 0.2)
(-0.329704 0.275 0.2)
(-0.164852 0.275 0.2)
(0 0.275 0.2)
(0.2 0.275 0.2)
(0.4 0.275 0.2)
(0.6 0.275 0.2)
(0.8 0.275 0.2)
(1 0.275 0.2)
(1.2 0.275 0.2)
(1.4 0.275 0.2)
(1.6 0.275 0.2)
(1.8 0.275 0.2)
(2 0.275 0.2)
(-1.64852 0.2875 0.2)
(-1.48367 0.2875 0.2)
(-1.31882 0.2875 0.2)
(-1.15396 0.2875 0.2)
(-0.989112 0.2875 0.2)
(-0.82426 0.2875 0.2)
(-0.659408 0.2875 0.2)
(-0.494556 0.2875 0.2)
(-0.329704 0.2875 0.2)
(-0.164852 0.2875 0.2)
(0 0.2875 0.2)
(0.2 0.2875 0.2)
(0.4 0.2875 0.2)
(0.6 0.2875 0.2)
(0.8 0.2875 0.2)
(1 0.2875 0.2)
(1.2 0.2875 0.2)
(1.4 0.2875 0.2)
(1.6 0.2875 0.2)
(1.8 0.2875 0.2)
(2 0.2875 0.2)
(-1.64852 0.3 0.2)
(-1.48367 0.3 0.2)
(-1.31882 0.3 0.2)
(-1.15396 0.3 0.2)
(-0.989112 0.3 0.2)
(-0.82426 0.3 0.2)
(-0.659408 0.3 0.2)
(-0.494556 0.3 0.2)
(-0.329704 0.3 0.2)
(-0.164852 0.3 0.2)
(0 0.3 0.2)
(0.2 0.3 0.2)
(0.4 0.3 0.2)
(0.6 0.3 0.2)
(0.8 0.3 0.2)
(1 0.3 0.2)
(1.2 0.3 0.2)
(1.4 0.3 0.2)
(1.6 0.3 0.2)
(1.8 0.3 0.2)
(2 0.3 0.2)
(-1.64852 0.3125 0.2)
(-1.48367 0.3125 0.2)
(-1.31882 0.3125 0.2)
(-1.15396 0.3125 0.2)
(-0.989112 0.3125 0.2)
(-0.82426 0.3125 0.2)
(-0.659408 0.3125 0.2)
(-0.494556 0.3125 0.2)
(-0.329704 0.3125 0.2)
(-0.164852 0.3125 0.2)
(0 0.3125 0.2)
(0.2 0.3125 0.2)
(0.4 0.3125 0.2)
(0.6 0.3125 0.2)
(0.8 0.3125 0.2)
(1 0.3125 0.2)
(1.2 0.3125 0.2)
(1.4 0.3125 0.2)
(1.6 0.3125 0.2)
(1.8 0.3125 0.2)
(2 0.3125 0.2)
(-1.64852 0.325 0.2)
(-1.48367 0.325 0.2)
(-1.31882 0.325 0.2)
(-1.15396 0.325 0.2)
(-0.989112 0.325 0.2)
(-0.82426 0.325 0.2)
(-0.659408 0.325 0.2)
(-0.494556 0.325 0.2)
(-0.329704 0.325 0.2)
(-0.164852 0.325 0.2)
(0 0.325 0.2)
(0.2 0.325 0.2)
(0.4 0.325 0.2)
(0.6 0.325 0.2)
(0.8 0.325 0.2)
(1 0.325 0.2)
(1.2 0.325 0.2)
(1.4 0.325 0.2)
(1.6 0.325 0.2)
(1.8 0.325 0.2)
(2 0.325 0.2)
(-1.64852 0.3375 0.2)
(-1.48367 0.3375 0.2)
(-1.31882 0.3375 0.2)
(-1.15396 0.3375 0.2)
(-0.989112 0.3375 0.2)
(-0.82426 0.3375 0.2)
(-0.659408 0.3375 0.2)
(-0.494556 0.3375 0.2)
(-0.329704 0.3375 0.2)
(-0.164852 0.3375 0.2)
(0 0.3375 0.2)
(0.2 0.3375 0.2)
(0.4 0.3375 0.2)
(0.6 0.3375 0.2)
(0.8 0.3375 0.2)
(1 0.3375 0.2)
(1.2 0.3375 0.2)
(1.4 0.3375 0.2)
(1.6 0.3375 0.2)
(1.8 0.3375 0.2)
(2 0.3375 0.2)
(-1.64852 0.35 0.2)
(-1.48367 0.35 0.2)
(-1.31882 0.35 0.2)
(-1.15396 0.35 0.2)
(-0.989112 0.35 0.2)
(-0.82426 0.35 0.2)
(-0.659408 0.35 0.2)
(-0.494556 0.35 0.2)
(-0.329704 0.35 0.2)
(-0.164852 0.35 0.2)
(0 0.35 0.2)
(0.2 0.35 0.2)
(0.4 0.35 0.2)
(0.6 0.35 0.2)
(0.8 0.35 0.2)
(1 0.35 0.2)
(1.2 0.35 0.2)
(1.4 0.35 0.2)
(1.6 0.35 0.2)
(1.8 0.35 0.2)
(2 0.35 0.2)
(-1.64852 0.3625 0.2)
(-1.48367 0.3625 0.2)
(-1.31882 0.3625 0.2)
(-1.15396 0.3625 0.2)
(-0.989112 0.3625 0.2)
(-0.82426 0.3625 0.2)
(-0.659408 0.3625 0.2)
(-0.494556 0.3625 0.2)
(-0.329704 0.3625 0.2)
(-0.164852 0.3625 0.2)
(0 0.3625 0.2)
(0.2 0.3625 0.2)
(0.4 0.3625 0.2)
(0.6 0.3625 0.2)
(0.8 0.3625 0.2)
(1 0.3625 0.2)
(1.2 0.3625 0.2)
(1.4 0.3625 0.2)
(1.6 0.3625 0.2)
(1.8 0.3625 0.2)
(2 0.3625 0.2)
(-1.64852 0.375 0.2)
(-1.48367 0.375 0.2)
(-1.31882 0.375 0.2)
(-1.15396 0.375 0.2)
(-0.989112 0.375 0.2)
(-0.82426 0.375 0.2)
(-0.659408 0.375 0.2)
(-0.494556 0.375 0.2)
(-0.329704 0.375 0.2)
(-0.164852 0.375 0.2)
(0 0.375 0.2)
(0.2 0.375 0.2)
(0.4 0.375 0.2)
(0.6 0.375 0.2)
(0.8 0.375 0.2)
(1 0.375 0.2)
(1.2 0.375 0.2)
(1.4 0.375 0.2)
(1.6 0.375 0.2)
(1.8 0.375 0.2)
(2 0.375 0.2)
(-1.64852 0.3875 0.2)
(-1.48367 0.3875 0.2)
(-1.31882 0.3875 0.2)
(-1.15396 0.3875 0.2)
(-0.989112 0.3875 0.2)
(-0.82426 0.3875 0.2)
(-0.659408 0.3875 0.2)
(-0.494556 0.3875 0.2)
(-0.329704 0.3875 0.2)
(-0.164852 0.3875 0.2)
(0 0.3875 0.2)
(0.2 0.3875 0.2)
(0.4 0.3875 0.2)
(0.6 0.3875 0.2)
(0.8 0.3875 0.2)
(1 0.3875 0.2)
(1.2 0.3875 0.2)
(1.4 0.3875 0.2)
(1.6 0.3875 0.2)
(1.8 0.3875 0.2)
(2 0.3875 0.2)
(-1.64852 0.4 0.2)
(-1.48367 0.4 0.2)
(-1.31882 0.4 0.2)
(-1.15396 0.4 0.2)
(-0.989112 0.4 0.2)
(-0.82426 0.4 0.2)
(-0.659408 0.4 0.2)
(-0.494556 0.4 0.2)
(-0.329704 0.4 0.2)
(-0.164852 0.4 0.2)
(0 0.4 0.2)
(0.2 0.4 0.2)
(0.4 0.4 0.2)
(0.6 0.4 0.2)
(0.8 0.4 0.2)
(1 0.4 0.2)
(1.2 0.4 0.2)
(1.4 0.4 0.2)
(1.6 0.4 0.2)
(1.8 0.4 0.2)
(2 0.4 0.2)
(-1.64852 0.4125 0.2)
(-1.48367 0.4125 0.2)
(-1.31882 0.4125 0.2)
(-1.15396 0.4125 0.2)
(-0.989112 0.4125 0.2)
(-0.82426 0.4125 0.2)
(-0.659408 0.4125 0.2)
(-0.494556 0.4125 0.2)
(-0.329704 0.4125 0.2)
(-0.164852 0.4125 0.2)
(0 0.4125 0.2)
(0.2 0.4125 0.2)
(0.4 0.4125 0.2)
(0.6 0.4125 0.2)
(0.8 0.4125 0.2)
(1 0.4125 0.2)
(1.2 0.4125 0.2)
(1.4 0.4125 0.2)
(1.6 0.4125 0.2)
(1.8 0.4125 0.2)
(2 0.4125 0.2)
(-1.64852 0.425 0.2)
(-1.48367 0.425 0.2)
(-1.31882 0.425 0.2)
(-1.15396 0.425 0.2)
(-0.989112 0.425 0.2)
(-0.82426 0.425 0.2)
(-0.659408 0.425 0.2)
(-0.494556 0.425 0.2)
(-0.329704 0.425 0.2)
(-0.164852 0.425 0.2)
(0 0.425 0.2)
(0.2 0.425 0.2)
(0.4 0.425 0.2)
(0.6 0.425 0.2)
(0.8 0.425 0.2)
(1 0.425 0.2)
(1.2 0.425 0.2)
(1.4 0.425 0.2)
(1.6 0.425 0.2)
(1.8 0.425 0.2)
(2 0.425 0.2)
(-1.64852 0.4375 0.2)
(-1.48367 0.4375 0.2)
(-1.31882 0.4375 0.2)
(-1.15396 0.4375 0.2)
(-0.989112 0.4375 0.2)
(-0.82426 0.4375 0.2)
(-0.659408 0.4375 0.2)
(-0.494556 0.4375 0.2)
(-0.329704 0.4375 0.2)
(-0.164852 0.4375 0.2)
(0 0.4375 0.2)
(0.2 0.4375 0.2)
(0.4 0.4375 0.2)
(0.6 0.4375 0.2)
(0.8 0.4375 0.2)
(1 0.4375 0.2)
(1.2 0.4375 0.2)
(1.4 0.4375 0.2)
(1.6 0.4375 0.2)
(1.8 0.4375 0.2)
(2 0.4375 0.2)
(-1.64852 0.45 0.2)
(-1.48367 0.45 0.2)
(-1.31882 0.45 0.2)
(-1.15396 0.45 0.2)
(-0.989112 0.45 0.2)
(-0.82426 0.45 0.2)
(-0.659408 0.45 0.2)
(-0.494556 0.45 0.2)
(-0.329704 0.45 0.2)
(-0.164852 0.45 0.2)
(0 0.45 0.2)
(0.2 0.45 0.2)
(0.4 0.45 0.2)
(0.6 0.45 0.2)
(0.8 0.45 0.2)
(1 0.45 0.2)
(1.2 0.45 0.2)
(1.4 0.45 0.2)
(1.6 0.45 0.2)
(1.8 0.45 0.2)
(2 0.45 0.2)
(-1.64852 0.4625 0.2)
(-1.48367 0.4625 0.2)
(-1.31882 0.4625 0.2)
(-1.15396 0.4625 0.2)
(-0.989112 0.4625 0.2)
(-0.82426 0.4625 0.2)
(-0.659408 0.4625 0.2)
(-0.494556 0.4625 0.2)
(-0.329704 0.4625 0.2)
(-0.164852 0.4625 0.2)
(0 0.4625 0.2)
(0.2 0.4625 0.2)
(0.4 0.4625 0.2)
(0.6 0.4625 0.2)
(0.8 0.4625 0.2)
(1 0.4625 0.2)
(1.2 0.4625 0.2)
(1.4 0.4625 0.2)
(1.6 0.4625 0.2)
(1.8 0.4625 0.2)
(2 0.4625 0.2)
(-1.64852 0.475 0.2)
(-1.48367 0.475 0.2)
(-1.31882 0.475 0.2)
(-1.15396 0.475 0.2)
(-0.989112 0.475 0.2)
(-0.82426 0.475 0.2)
(-0.659408 0.475 0.2)
(-0.494556 0.475 0.2)
(-0.329704 0.475 0.2)
(-0.164852 0.475 0.2)
(0 0.475 0.2)
(0.2 0.475 0.2)
(0.4 0.475 0.2)
(0.6 0.475 0.2)
(0.8 0.475 0.2)
(1 0.475 0.2)
(1.2 0.475 0.2)
(1.4 0.475 0.2)
(1.6 0.475 0.2)
(1.8 0.475 0.2)
(2 0.475 0.2)
(-1.64852 0.4875 0.2)
(-1.48367 0.4875 0.2)
(-1.31882 0.4875 0.2)
(-1.15396 0.4875 0.2)
(-0.989112 0.4875 0.2)
(-0.82426 0.4875 0.2)
(-0.659408 0.4875 0.2)
(-0.494556 0.4875 0.2)
(-0.329704 0.4875 0.2)
(-0.164852 0.4875 0.2)
(0 0.4875 0.2)
(0.2 0.4875 0.2)
(0.4 0.4875 0.2)
(0.6 0.4875 0.2)
(0.8 0.4875 0.2)
(1 0.4875 0.2)
(1.2 0.4875 0.2)
(1.4 0.4875 0.2)
(1.6 0.4875 0.2)
(1.8 0.4875 0.2)
(2 0.4875 0.2)
(-1.64852 0.5 0.2)
(-1.48367 0.5 0.2)
(-1.31882 0.5 0.2)
(-1.15396 0.5 0.2)
(-0.989112 0.5 0.2)
(-0.82426 0.5 0.2)
(-0.659408 0.5 0.2)
(-0.494556 0.5 0.2)
(-0.329704 0.5 0.2)
(-0.164852 0.5 0.2)
(0 0.5 0.2)
(0.2 0.5 0.2)
(0.4 0.5 0.2)
(0.6 0.5 0.2)
(0.8 0.5 0.2)
(1 0.5 0.2)
(1.2 0.5 0.2)
(1.4 0.5 0.2)
(1.6 0.5 0.2)
(1.8 0.5 0.2)
(2 0.5 0.2)
)


// ************************************************************************* //
