/*--------------------------------*- C++ -*----------------------------------*\
  =========                 |
  \\      /  F ield         | OpenFOAM: The Open Source CFD Toolbox
   \\    /   O peration     | Website:  https://openfoam.org
    \\  /    A nd           | Version:  6
     \\/     M anipulation  |
\*---------------------------------------------------------------------------*/
FoamFile
{
    version     2.0;
    format      ascii;
    class       volScalarField;
    location    "4.81";
    object      epsilon;
}
// * * * * * * * * * * * * * * * * * * * * * * * * * * * * * * * * * * * * * //

dimensions      [0 2 -3 0 0 0 0];

internalField   nonuniform List<scalar> 
4214
(
0.0205777
0.00982371
0.005755
0.00451976
0.00506344
0.00742562
0.0122306
0.0203892
0.0326485
0.0490268
0.0684072
0.0892202
0.108272
0.123161
0.132211
0.13465
0.130382
0.120412
0.106608
0.09296
0.0833112
0.0800001
0.0826749
0.0889691
0.0969744
0.104281
0.111375
0.129652
0.171658
0.229262
0.263156
0.255187
0.211954
0.153936
0.0988828
0.05671
0.0291968
0.0141287
0.00781869
0.00760552
0.0139503
0.00677243
0.00437889
0.00379917
0.00458959
0.00708376
0.0121826
0.021249
0.0356457
0.0559099
0.0809746
0.107955
0.133191
0.153351
0.166365
0.171401
0.168842
0.159612
0.145395
0.127642
0.109545
0.0945423
0.0847245
0.0806277
0.0808548
0.0840332
0.0892493
0.0976085
0.117564
0.158115
0.213226
0.257653
0.265509
0.232766
0.176603
0.11807
0.0701511
0.0371603
0.0178328
0.00823069
0.00444464
0.00404912
0.00302422
0.00301581
0.00399234
0.00649132
0.0116494
0.0212245
0.0373131
0.061241
0.0922682
0.126961
0.159911
0.186517
0.203814
0.211147
0.20936
0.200154
0.185188
0.166537
0.145503
0.123598
0.104097
0.0893847
0.0806162
0.0769975
0.0770315
0.0800642
0.0886443
0.108282
0.145619
0.198052
0.246765
0.267272
0.247435
0.196842
0.136712
0.0839948
0.0459771
0.0226585
0.0103358
0.00472206
0.00270634
0.00249416
0.00347401
0.00576873
0.0106522
0.0202297
0.0372866
0.0642769
0.101351
0.145132
0.189175
0.225524
0.249837
0.261068
0.260654
0.251281
0.235454
0.214625
0.190186
0.163907
0.138346
0.115969
0.098293
0.0861419
0.0791494
0.076392
0.0774009
0.084994
0.103626
0.138845
0.189476
0.240766
0.269791
0.260609
0.216194
0.155723
0.0987981
0.0557885
0.0283268
0.0131618
0.00580119
0.00270054
0.0029284
0.00497093
0.0093182
0.0182991
0.0353682
0.0642379
0.10656
0.159755
0.217105
0.26834
0.302728
0.3193
0.319661
0.308495
0.290542
0.269107
0.244846
0.21687
0.186177
0.155973
0.129765
0.109502
0.095476
0.0861358
0.0811929
0.0806844
0.0874578
0.105479
0.139355
0.188023
0.239149
0.272405
0.270932
0.232933
0.173653
0.113597
0.0660443
0.0345403
0.0164832
0.00730656
0.00313666
0.0041241
0.0078381
0.0157099
0.0316614
0.0606813
0.106649
0.16867
0.239826
0.310499
0.36008
0.384173
0.383213
0.364827
0.339392
0.314305
0.292034
0.270005
0.243514
0.211994
0.179027
0.149293
0.125909
0.11046
0.0978653
0.0912888
0.089832
0.0964131
0.114464
0.147671
0.194477
0.243705
0.277356
0.279716
0.246723
0.18953
0.127611
0.0762525
0.0410088
0.0201357
0.00912595
0.00386491
0.00635579
0.0128556
0.0266533
0.0537797
0.10044
0.16958
0.254116
0.345102
0.41921
0.454176
0.4468
0.412645
0.37014
0.334094
0.309075
0.29316
0.280439
0.263346
0.237921
0.206374
0.174347
0.146948
0.128723
0.11471
0.107303
0.105847
0.113154
0.132124
0.16501
0.20939
0.254703
0.285202
0.287481
0.257161
0.202203
0.139722
0.0856677
0.0473095
0.0239015
0.0111558
0.004828
0.0101313
0.0211797
0.0443726
0.087993
0.157977
0.256102
0.369414
0.469599
0.520829
0.505561
0.447367
0.381678
0.33084
0.298687
0.281594
0.274212
0.271172
0.265939
0.252747
0.229351
0.198908
0.169519
0.148683
0.137472
0.130516
0.130331
0.139389
0.159722
0.192084
0.232609
0.271457
0.295406
0.294045
0.263812
0.210613
0.148711
0.0933711
0.0528758
0.0274675
0.0132407
0.00596413
0.0160469
0.0340977
0.0709814
0.136783
0.237815
0.367897
0.495223
0.565548
0.549423
0.476319
0.393855
0.327704
0.28433
0.260689
0.251045
0.249435
0.251276
0.252707
0.249673
0.238666
0.219012
0.195386
0.176876
0.167458
0.163137
0.16519
0.176421
0.19754
0.227741
0.262006
0.291453
0.305926
0.298188
0.265883
0.213739
0.153357
0.0983356
0.0570245
0.0304292
0.0151554
0.00715881
0.0244671
0.0521872
0.106757
0.199849
0.334297
0.483552
0.584785
0.590052
0.519489
0.425211
0.342583
0.284941
0.251185
0.235798
0.23161
0.233616
0.238404
0.243216
0.245809
0.243851
0.236231
0.224409
0.21335
0.20722
0.205897
0.210475
0.222847
0.24253
0.26741
0.292405
0.310033
0.313384
0.297777
0.262176
0.210619
0.152601
0.0995829
0.0590335
0.0323228
0.0166134
0.00823387
0.0348788
0.0737107
0.147133
0.267254
0.425054
0.56506
0.619186
0.577533
0.485543
0.388684
0.311832
0.261208
0.233405
0.222311
0.221817
0.226981
0.234343
0.242229
0.248973
0.253621
0.255408
0.254462
0.252502
0.251768
0.253836
0.260027
0.271101
0.286308
0.302761
0.316192
0.321301
0.313538
0.290159
0.251214
0.200463
0.145791
0.0964221
0.0582945
0.0327069
0.0173138
0.00897399
0.0448553
0.0932022
0.181166
0.318055
0.482582
0.606036
0.632155
0.572347
0.473784
0.376558
0.300706
0.250595
0.222812
0.211805
0.212078
0.219421
0.230171
0.241859
0.253075
0.263132
0.271586
0.278263
0.283503
0.288197
0.293417
0.299995
0.308141
0.316829
0.323827
0.325927
0.319699
0.302364
0.272645
0.23148
0.182715
0.132796
0.0886768
0.0545174
0.0312976
0.0170252
0.00918964
0.0500286
0.102165
0.195306
0.336876
0.501931
0.625295
0.653758
0.594311
0.491964
0.388361
0.305599
0.249326
0.216365
0.201517
0.199546
0.206364
0.218302
0.232881
0.247894
0.262253
0.275121
0.286305
0.295884
0.304051
0.311107
0.317114
0.321803
0.324354
0.323173
0.316174
0.301283
0.277058
0.243489
0.202464
0.157739
0.114252
0.0768313
0.0479151
0.0281237
0.0156944
0.00879778
0.0469488
0.0947876
0.181228
0.317347
0.487326
0.631259
0.687285
0.645594
0.54298
0.427729
0.329425
0.259232
0.216053
0.193876
0.186555
0.18974
0.199263
0.212897
0.228377
0.244285
0.259116
0.272293
0.283565
0.29283
0.300025
0.304791
0.306534
0.304423
0.297486
0.284501
0.264435
0.23704
0.203363
0.165752
0.127485
0.0919355
0.0622189
0.0393209
0.0236373
0.0135478
0.00791143
0.0371583
0.0744764
0.145559
0.266674
0.43748
0.610882
0.716265
0.716735
0.629503
0.49935
0.37648
0.28414
0.225829
0.193161
0.177639
0.17495
0.178665
0.187681
0.19911
0.21218
0.225037
0.236967
0.247208
0.255301
0.261056
0.263908
0.263273
0.258473
0.248685
0.233403
0.212407
0.186267
0.156614
0.125508
0.0956287
0.0687637
0.0469921
0.0301614
0.0187313
0.0111249
0.00687982
0.0259364
0.0510624
0.102557
0.197804
0.354718
0.548468
0.711735
0.774424
0.737808
0.603778
0.457608
0.329748
0.249527
0.203629
0.176169
0.166799
0.163011
0.165641
0.170035
0.177006
0.184185
0.191561
0.197835
0.202566
0.205301
0.205613
0.202961
0.197085
0.187108
0.173093
0.155086
0.133754
0.11109
0.0879403
0.0670613
0.0482974
0.0338291
0.0222463
0.0146591
0.00920241
0.00624387
0.0172495
0.0316968
0.0665379
0.129031
0.262998
0.448817
0.660987
0.783992
0.8016
0.736769
0.578671
0.422173
0.289457
0.230616
0.183593
0.168942
0.155905
0.153224
0.149703
0.150535
0.150252
0.15195
0.15218
0.152756
0.151107
0.149093
0.14412
0.138268
0.12919
0.118142
0.105175
0.0895331
0.0751358
0.0588725
0.0466315
0.033731
0.0255444
0.0173367
0.0129337
0.00858545
0.00668926
0.00476048
0.00430165
0.00441662
0.00480168
0.0050959
0.0050634
0.00465894
0.00398492
0.00321084
0.0025028
0.0019717
0.00165786
0.00157511
0.00180522
0.0026868
0.00655345
0.0342461
0.00413106
0.00343263
0.00319099
0.003177
0.003203
0.00313981
0.00294069
0.00263005
0.00227229
0.00193987
0.00168939
0.00155351
0.00156772
0.00184198
0.00276128
0.00662647
0.0319449
0.00335472
0.0028913
0.00261528
0.00247399
0.00239126
0.00230451
0.00218238
0.00202436
0.00185137
0.00169256
0.00157663
0.00153034
0.00159838
0.00190425
0.00285992
0.00683081
0.0306631
0.00315514
0.00271685
0.0024442
0.0022657
0.00213702
0.00202853
0.00192349
0.00181702
0.00171407
0.00162578
0.00156758
0.00156207
0.0016577
0.00198606
0.00298085
0.00708603
0.0304054
0.00284142
0.00258469
0.00238124
0.00222201
0.00209328
0.00198365
0.00188582
0.00179678
0.00171781
0.00165452
0.00161805
0.00162963
0.00173957
0.00208478
0.00311751
0.00737905
0.0310372
0.00279373
0.0025683
0.00239617
0.00225644
0.00213747
0.00203303
0.00193991
0.00185701
0.00178558
0.00173024
0.00170134
0.00172034
0.00183862
0.00219665
0.00326429
0.00772305
0.0324662
0.00270975
0.00256228
0.00243153
0.00231497
0.00220984
0.00211419
0.00202711
0.00194879
0.00188123
0.00182951
0.00180426
0.00182763
0.00195189
0.00231979
0.00341666
0.00810217
0.0346458
0.00273098
0.00260472
0.00249221
0.00239028
0.00229646
0.00220935
0.00212862
0.00205504
0.00199122
0.00194287
0.00192107
0.00194855
0.00207807
0.00245367
0.00357495
0.00849812
0.0376263
0.0027678
0.00266308
0.00256745
0.00247814
0.00239394
0.00231435
0.00223955
0.00217078
0.00211117
0.00206691
0.00204953
0.00208208
0.00221746
0.00259949
0.00373896
0.00891842
0.0415606
0.0028231
0.0027387
0.00265571
0.002576
0.00249972
0.00242678
0.00235762
0.00229387
0.00223914
0.00220012
0.00218878
0.00222838
0.00237176
0.00276162
0.00391765
0.00937958
0.0466095
0.00292262
0.00283707
0.00275954
0.00268623
0.00261578
0.00254795
0.0024835
0.00242457
0.00237527
0.00234276
0.00233945
0.00238881
0.00254377
0.00294621
0.00412559
0.00991382
0.0529059
0.00299783
0.00293516
0.00286919
0.00280334
0.00273858
0.00267568
0.00261618
0.00256287
0.00252035
0.00249618
0.0025032
0.00256566
0.00273692
0.00316046
0.00438162
0.0105641
0.0605445
0.00313477
0.00306158
0.00299591
0.0029331
0.00287202
0.00281326
0.00275879
0.00271183
0.00267731
0.00266312
0.00268268
0.00276171
0.00295583
0.00341362
0.00471011
0.0113899
0.0695772
0.00322476
0.00317773
0.00312387
0.00306782
0.00301196
0.00295866
0.00291079
0.00287197
0.00284738
0.00284531
0.00288022
0.00298023
0.00320571
0.00371851
0.00514361
0.0124698
0.0800016
0.00338922
0.00332622
0.00326971
0.00321531
0.00316339
0.00311603
0.00307601
0.00304689
0.00303396
0.00304615
0.00309975
0.00322656
0.00349539
0.00409146
0.00572421
0.0139276
0.0917589
0.00349245
0.00345853
0.00341443
0.00336785
0.00332353
0.00328502
0.00325538
0.00323822
0.00323937
0.003269
0.00334628
0.00350872
0.00383881
0.00455851
0.00650032
0.0158683
0.104841
0.00368023
0.00362616
0.00357864
0.0035355
0.00349866
0.00347033
0.00345281
0.00344972
0.00346769
0.00351918
0.00362752
0.0038391
0.00425707
0.00515666
0.00753721
0.0183662
0.119216
0.00379717
0.0037755
0.00374321
0.00371205
0.00368768
0.00367294
0.00367039
0.00368444
0.00372365
0.00380386
0.00395478
0.00423601
0.00478029
0.00593492
0.00891016
0.0214629
0.134672
0.00400756
0.0039635
0.00393077
0.0039083
0.00389689
0.00389744
0.00391236
0.00394755
0.00401439
0.00413365
0.00434439
0.00472498
0.00544783
0.00695103
0.010685
0.0252077
0.150951
0.00414166
0.0041355
0.00412383
0.00411945
0.00412608
0.00414575
0.00418263
0.00424535
0.00434952
0.00452313
0.00481834
0.00533853
0.00630569
0.00826366
0.0129207
0.0297633
0.168062
0.0043776
0.00435031
0.00434453
0.00435529
0.00438104
0.00442318
0.00448773
0.00458693
0.00474222
0.00499139
0.00540389
0.00611405
0.00740155
0.00992636
0.0156785
0.0352495
0.186341
0.00453588
0.00455531
0.00457778
0.00461285
0.00466353
0.00473444
0.00483533
0.00498362
0.00520854
0.00556061
0.00613039
0.00708788
0.00877547
0.0119752
0.0189866
0.0417761
0.206349
0.00480649
0.00480782
0.00484345
0.00490083
0.00497993
0.00508686
0.00523512
0.00544838
0.00576566
0.00625262
0.00702371
0.00828715
0.0104499
0.0144183
0.0228344
0.0493723
0.228662
0.00499875
0.00505756
0.00512865
0.00521878
0.00533471
0.00548767
0.00569694
0.00599393
0.00642895
0.00708447
0.00810013
0.00972281
0.0124232
0.0172327
0.0271665
0.0578776
0.25363
0.00531713
0.00535954
0.00545141
0.00557481
0.00573447
0.00594445
0.00622967
0.00663007
0.00720804
0.00806337
0.00936066
0.0113842
0.014666
0.0203624
0.0318738
0.0668331
0.281014
0.00555594
0.00566757
0.00580341
0.00597127
0.00618443
0.00646313
0.00683911
0.00736115
0.00810373
0.0091833
0.0107879
0.0132366
0.0171196
0.0237156
0.0367857
0.0755547
0.309778
0.00593988
0.00603665
0.00620216
0.00641623
0.00669015
0.00704776
0.00752686
0.00818454
0.00910631
0.0104235
0.0123448
0.0152201
0.019693
0.027157
0.0416872
0.0838047
0.337967
0.00624579
0.00642679
0.00664518
0.00691464
0.00725618
0.00769994
0.0082898
0.00908994
0.0101949
0.0117478
0.0139739
0.0172485
0.0222607
0.0305016
0.0463046
0.0912031
0.362538
0.006726
0.00689633
0.00715316
0.00747789
0.00788935
0.00842124
0.00912213
0.0100615
0.0113398
0.0131075
0.0156006
0.0192115
0.0246622
0.033512
0.0502621
0.0969377
0.379465
0.00712378
0.00740313
0.0077259
0.00811442
0.00859752
0.00921466
0.0100185
0.0110818
0.0125078
0.0144487
0.0171431
0.0209886
0.0267213
0.0359267
0.0531386
0.100029
0.384685
0.00771566
0.00799403
0.00837237
0.00882953
0.00938726
0.0100853
0.0109779
0.0121395
0.0136727
0.0157266
0.0185326
0.02248
0.0282947
0.0375421
0.054627
0.0997866
0.375814
0.00819385
0.00860689
0.00907366
0.00961457
0.010256
0.0110355
0.0120052
0.0132371
0.0148315
0.0169305
0.019751
0.0236591
0.029344
0.0383032
0.0546864
0.0966484
0.353414
0.00888407
0.0093033
0.00984378
0.0104724
0.0112039
0.0120697
0.0131145
0.0144011
0.0160224
0.0181118
0.020869
0.0246247
0.0300053
0.0383941
0.0536143
0.0917144
0.320708
0.0094606
0.0100423
0.0106934
0.011426
0.0122595
0.0132212
0.0143488
0.0156949
0.01734
0.0194069
0.0220777
0.0256414
0.0306397
0.0382972
0.0520201
0.0857943
0.282214
0.0102845
0.0108917
0.0116507
0.0125076
0.0134682
0.0145533
0.0157935
0.0172338
0.0189455
0.0210429
0.0236946
0.0271475
0.0318465
0.0388156
0.0509505
0.0801392
0.242441
0.010988
0.011807
0.0127288
0.01375
0.0148817
0.016143
0.0175607
0.0191754
0.0210577
0.023325
0.0261425
0.0297217
0.0344143
0.0410309
0.051866
0.0765166
0.204752
0.0119729
0.0128558
0.0139551
0.015188
0.0165547
0.0180742
0.0197744
0.0217003
0.0239335
0.0266109
0.0299122
0.0340279
0.0392447
0.046194
0.0565504
0.0770769
0.17124
0.0128093
0.0139827
0.0153351
0.0168475
0.0185352
0.0204265
0.0225598
0.024997
0.0278481
0.0312938
0.0355444
0.0407928
0.0473247
0.055692
0.0669295
0.084666
0.142905
0.0139224
0.0152311
0.0168646
0.0187298
0.0208466
0.023263
0.0260432
0.0292782
0.0331211
0.0378144
0.0436273
0.0508248
0.0597953
0.0710741
0.0857363
0.104274
0.119428
0.0148191
0.0164838
0.0184706
0.0207741
0.0234546
0.0266042
0.0303425
0.0347922
0.040113
0.0466282
0.0547756
0.0650191
0.0779171
0.0947924
0.117302
0.144819
0.100199
0.00890868
0.00930759
0.00976359
0.010261
0.0107832
0.0113191
0.0118638
0.0124192
0.0129884
0.013576
0.0141833
0.0148115
0.0154596
0.0161282
0.0168149
0.0175184
0.0182348
0.0189599
0.0196905
0.0204325
0.0215079
0.022605
0.0232759
0.0238102
0.0241964
0.0244321
0.0245287
0.0245064
0.0243797
0.0241587
0.0238442
0.0234336
0.0229211
0.0223197
0.0216403
0.020826
0.0199863
0.0189405
0.0179998
0.016811
0.0158821
0.00982101
0.0102744
0.0107905
0.0113455
0.0119194
0.0125013
0.0130896
0.0136888
0.0143054
0.0149444
0.0156089
0.0162992
0.0170159
0.017759
0.0185281
0.0193215
0.0201363
0.0209682
0.0218136
0.0226777
0.0238813
0.0251087
0.0259227
0.0266079
0.027144
0.0275168
0.0277279
0.0277897
0.0277164
0.0275184
0.0272004
0.0267615
0.0261918
0.0255015
0.0246943
0.0237632
0.0227156
0.0215494
0.0203059
0.0189942
0.0177222
0.0109231
0.0114489
0.0120363
0.0126531
0.0132783
0.0139047
0.0145358
0.0151805
0.0158475
0.016543
0.0172706
0.0180312
0.0188253
0.0196538
0.0205169
0.0214142
0.0223426
0.0232985
0.0242778
0.0252846
0.0266351
0.0280113
0.0289913
0.0298521
0.0305658
0.0311077
0.0314668
0.0316454
0.031652
0.0314956
0.0311825
0.0307148
0.0300862
0.0292915
0.0283603
0.0272862
0.0260705
0.024719
0.0232456
0.021679
0.0200919
0.012283
0.0129034
0.0135708
0.0142485
0.0149204
0.0155874
0.0162601
0.0169516
0.017673
0.018431
0.0192293
0.020069
0.0209513
0.0218775
0.0228488
0.0238657
0.0249258
0.0260258
0.0271614
0.0283351
0.0298552
0.0314035
0.0325769
0.0336417
0.0345638
0.0353086
0.0358524
0.0361842
0.0363028
0.0362118
0.0359163
0.0354203
0.0347274
0.0338052
0.032714
0.0314578
0.0300401
0.0284675
0.0267448
0.0248827
0.0229276
0.0140028
0.0147403
0.0154882
0.0162174
0.0169259
0.0176272
0.0183398
0.0190804
0.019861
0.0206882
0.0215657
0.022495
0.0234777
0.0245161
0.025612
0.0267673
0.0279804
0.0292484
0.0305665
0.0319359
0.033653
0.0354023
0.0368021
0.0381047
0.03927
0.0402547
0.041022
0.0415465
0.0418133
0.041816
0.0415548
0.0410332
0.0402577
0.039215
0.0379107
0.0364165
0.0347406
0.0328955
0.0308851
0.0286976
0.0263248
0.016235
0.0171006
0.0179127
0.0186725
0.0194023
0.0201302
0.0208812
0.0216734
0.0225186
0.0234228
0.0243892
0.02542
0.0265174
0.0276847
0.0289248
0.0302407
0.0316319
0.033096
0.0346281
0.0362273
0.038175
0.0401611
0.0418274
0.0434084
0.0448578
0.0461234
0.0471561
0.0479146
0.0483678
0.0484953
0.0482879
0.0477451
0.0468747
0.0456919
0.0441694
0.0423625
0.040352
0.0381611
0.0358024
0.0332562
0.0304398
0.0191997
0.0201714
0.0210062
0.0217641
0.0224966
0.0232434
0.0240317
0.0248786
0.0257941
0.0267832
0.0278494
0.0289952
0.0302239
0.0315399
0.0329473
0.0344504
0.0360498
0.0377437
0.0395271
0.0413969
0.0436162
0.0458832
0.0478643
0.0497729
0.0515549
0.0531486
0.0544922
0.0555279
0.0562062
0.05649
0.0563564
0.055797
0.0548188
0.0534411
0.0516936
0.0495819
0.0471574
0.0445218
0.0417265
0.0387656
0.0355093
0.0231954
0.0241931
0.0249834
0.0257002
0.0264166
0.027175
0.0279996
0.0289033
0.0298942
0.0309767
0.0321543
0.0334305
0.0348099
0.0362981
0.0379006
0.0396227
0.0414664
0.0434304
0.0455098
0.0476992
0.0502399
0.0528416
0.0551956
0.05749
0.059662
0.0616385
0.0633434
0.0647015
0.0656436
0.0661133
0.066071
0.0654975
0.0643957
0.0627871
0.060712
0.0582267
0.0553989
0.052289
0.0489737
0.0455039
0.0417876
0.0285971
0.029477
0.030143
0.030781
0.0314641
0.0322261
0.0330831
0.0340436
0.0351137
0.0362974
0.0375991
0.0390235
0.0405764
0.0422648
0.0440954
0.0460748
0.0482063
0.0504889
0.0529176
0.0554849
0.0584074
0.061408
0.0642034
0.0669516
0.0695801
0.0720014
0.0741235
0.0758511
0.0770945
0.0777759
0.0778374
0.0772467
0.0759992
0.0741182
0.071654
0.0686789
0.0652794
0.061545
0.0575665
0.0534268
0.049144
0.03586
0.0364569
0.0369299
0.0374572
0.0380879
0.0388393
0.0397191
0.0407315
0.0418817
0.0431738
0.0446131
0.0462057
0.0479588
0.0498806
0.0519791
0.0542617
0.056733
0.0593918
0.0622331
0.0652467
0.0686222
0.0720969
0.0754119
0.0786911
0.0818495
0.0847834
0.0873811
0.0895258
0.0911046
0.0920175
0.0921871
0.0915664
0.0901423
0.0879387
0.0850133
0.0814524
0.0773614
0.0728483
0.0680404
0.0630788
0.0580998
0.0455961
0.0458041
0.0460401
0.0464215
0.0469674
0.0476806
0.0485629
0.049615
0.0508415
0.052247
0.0538378
0.055621
0.0576048
0.0597989
0.0622119
0.0648517
0.0677237
0.0708262
0.074153
0.0776908
0.0816004
0.085633
0.0895525
0.0934446
0.0972087
0.100722
0.103852
0.106455
0.108395
0.109549
0.109819
0.109143
0.107499
0.10491
0.101438
0.0971782
0.0922584
0.0868231
0.081068
0.0752013
0.0694134
0.0588147
0.0586167
0.0585744
0.0587518
0.0591549
0.0597806
0.0606291
0.0616973
0.0629891
0.0645087
0.0662629
0.0682596
0.0705077
0.0730172
0.0757972
0.0788549
0.0821958
0.0858167
0.0897087
0.0938537
0.0983824
0.103059
0.107665
0.112246
0.116682
0.12083
0.124531
0.127618
0.129928
0.131314
0.131659
0.130886
0.128967
0.125924
0.121814
0.116736
0.110866
0.104419
0.0976667
0.0908459
0.0841364
0.0773089
0.0766824
0.0762821
0.0761604
0.0763309
0.0767922
0.0775482
0.0785919
0.0799249
0.0815499
0.0834732
0.0857024
0.0882461
0.0911136
0.0943128
0.0978494
0.101727
0.105938
0.11047
0.115297
0.120518
0.125906
0.131257
0.136574
0.141715
0.146514
0.150788
0.154345
0.156998
0.158578
0.158951
0.15803
0.15578
0.152223
0.147401
0.14143
0.134573
0.127118
0.119353
0.111504
0.103749
0.104092
0.102911
0.102019
0.101471
0.101288
0.101479
0.102055
0.103007
0.104335
0.106037
0.108117
0.110582
0.113436
0.116688
0.120341
0.124397
0.128852
0.133697
0.138907
0.144446
0.150381
0.156488
0.162571
0.168591
0.174385
0.179768
0.184534
0.188473
0.191379
0.193072
0.193406
0.192288
0.189681
0.185605
0.180077
0.173273
0.16554
0.157167
0.148413
0.139512
0.13067
0.144128
0.142228
0.140686
0.139567
0.138898
0.138691
0.138967
0.139725
0.140963
0.142673
0.144854
0.147508
0.150636
0.154237
0.15831
0.162845
0.16783
0.173244
0.17905
0.185197
0.191717
0.198392
0.205019
0.211529
0.217744
0.223468
0.228486
0.232582
0.235552
0.237217
0.237436
0.236113
0.233216
0.228755
0.222726
0.215401
0.207112
0.198087
0.188578
0.17884
0.169077
0.205992
0.203378
0.201133
0.199376
0.198135
0.197431
0.197287
0.197717
0.198722
0.200288
0.202407
0.20507
0.208271
0.212001
0.216244
0.220979
0.226176
0.231797
0.237789
0.244083
0.250672
0.257359
0.263942
0.270336
0.276369
0.281853
0.286594
0.290398
0.293088
0.294509
0.294546
0.293125
0.290216
0.285798
0.279879
0.272774
0.264678
0.255779
0.246307
0.236496
0.226494
0.305234
0.302612
0.300189
0.298185
0.296644
0.295599
0.295072
0.295086
0.295652
0.296748
0.298367
0.300497
0.303121
0.306215
0.309752
0.313695
0.318003
0.322624
0.327498
0.332555
0.337754
0.342954
0.348008
0.352838
0.35732
0.361325
0.364722
0.36739
0.369217
0.370108
0.369991
0.368822
0.366587
0.363264
0.358842
0.353542
0.347427
0.340622
0.333266
0.325508
0.317333
0.0506419
0.0131254
0.00414782
0.00225297
0.00190165
0.00215455
0.00297716
0.00462327
0.00743475
0.0115985
0.0168245
0.021788
0.0243835
0.0231065
0.0187623
0.0134449
0.00886211
0.0484738
0.012165
0.00384261
0.00220042
0.00188794
0.00204952
0.00256794
0.00351163
0.00497829
0.00697123
0.0092608
0.0112667
0.012155
0.011437
0.00951951
0.00736532
0.00580391
0.0455619
0.0107357
0.00355847
0.00217275
0.00188674
0.00197114
0.0022805
0.00280151
0.00353974
0.00445713
0.00541616
0.00617115
0.00643854
0.00610442
0.00537944
0.00468109
0.00432656
0.0430198
0.00957809
0.00339549
0.00217551
0.00189633
0.00192146
0.00209475
0.00237275
0.00273308
0.0031408
0.00352934
0.00380492
0.00388293
0.0037531
0.00350391
0.00325737
0.00306625
0.0412237
0.00873903
0.00330556
0.00220134
0.00192227
0.00190464
0.00199453
0.00214086
0.00231777
0.00250201
0.00266538
0.00277764
0.00282172
0.00281017
0.00278355
0.00278432
0.00284038
0.0404292
0.00820802
0.0032744
0.00224864
0.00196652
0.00191974
0.0019617
0.00204156
0.00213627
0.00223165
0.0023171
0.00238604
0.00244043
0.00249198
0.00255689
0.00264785
0.00277504
0.0407596
0.00792678
0.00328892
0.00231549
0.00203009
0.00196401
0.00197944
0.0020278
0.00208885
0.00215332
0.00221716
0.00227992
0.0023451
0.00241748
0.00250075
0.00259604
0.00270652
0.0422842
0.00785501
0.00334249
0.00240155
0.00211349
0.00203438
0.00203459
0.00206812
0.00211628
0.00217156
0.00223123
0.00229531
0.00236548
0.00244323
0.00252933
0.00262378
0.00272856
0.0450657
0.00796488
0.00343501
0.00250744
0.00221626
0.00212789
0.00211846
0.0021442
0.00218714
0.0022397
0.00229888
0.00236409
0.00243548
0.00251317
0.00259713
0.00268728
0.0027811
0.0491983
0.00825536
0.00356949
0.00263558
0.00233813
0.00224156
0.00222471
0.002245
0.0022846
0.00233541
0.00239388
0.0024585
0.00252836
0.00260298
0.00268229
0.00276757
0.00286482
0.0547377
0.00871963
0.00375607
0.00279147
0.00247963
0.00237182
0.00234633
0.0023601
0.00239465
0.00244112
0.00249514
0.00255433
0.0026173
0.00268338
0.00275251
0.00282517
0.00290397
0.0617269
0.0093748
0.00401101
0.00298413
0.00264449
0.0025183
0.00248003
0.00248457
0.00251221
0.00255326
0.00260272
0.0026578
0.00271699
0.00277949
0.0028448
0.00291161
0.00297369
0.0701805
0.0102589
0.00435764
0.0032263
0.00284088
0.00268641
0.00262916
0.00262029
0.00263805
0.00267154
0.00271495
0.00276509
0.00282027
0.00287982
0.00294425
0.00301584
0.00310047
0.0800776
0.0114382
0.00482874
0.00353434
0.00307922
0.0028845
0.00280109
0.0027738
0.00277765
0.00280002
0.0028341
0.00287614
0.00292393
0.00297609
0.00303177
0.00309099
0.00315711
0.0914083
0.0130037
0.00546619
0.00392971
0.0033718
0.00312078
0.00300222
0.00295081
0.0029369
0.00294541
0.00296835
0.00300134
0.00304195
0.00308864
0.0031398
0.00319224
0.00323705
0.104134
0.0150696
0.00632701
0.00444379
0.00373673
0.0034065
0.00323987
0.00315626
0.00311903
0.00310957
0.003118
0.00313902
0.00317002
0.00320995
0.00325885
0.00331807
0.00339137
0.11817
0.0177334
0.00748097
0.00511915
0.00419998
0.00375805
0.00352502
0.00339787
0.00332985
0.00329717
0.00328707
0.00329261
0.00331019
0.00333799
0.0033748
0.00341983
0.00347567
0.133375
0.0210786
0.00900439
0.00600824
0.00479589
0.00419792
0.00387271
0.00368616
0.00357698
0.00351413
0.00348081
0.00346778
0.00347022
0.00348577
0.0035124
0.00354566
0.00357312
0.149649
0.025208
0.0109707
0.00716858
0.00556589
0.00475461
0.00430234
0.00403448
0.00386984
0.00376707
0.00370368
0.00366716
0.0036508
0.00365162
0.00366899
0.00370359
0.00375705
0.166998
0.0302148
0.0134426
0.0086543
0.00655349
0.00546042
0.00483704
0.00445911
0.00421992
0.00406428
0.00396189
0.00389546
0.00385509
0.00383535
0.00383352
0.0038483
0.00388242
0.185577
0.0361888
0.0164607
0.0105084
0.00779865
0.00634787
0.00550132
0.00497789
0.00464001
0.00441502
0.00426237
0.00415845
0.00408916
0.00404609
0.00402396
0.00401707
0.00401113
0.205932
0.0432462
0.0200428
0.0127543
0.0093287
0.00744254
0.00631652
0.00560735
0.00514242
0.00482829
0.00461163
0.00446058
0.00435551
0.00428438
0.0042406
0.00422228
0.00423134
0.228267
0.0514742
0.0241602
0.0153835
0.0111487
0.00875565
0.00729498
0.00635855
0.00573619
0.00531114
0.00501496
0.00480561
0.00465621
0.00454937
0.00447405
0.00442519
0.00440769
0.252984
0.0607922
0.028738
0.0183482
0.0132336
0.0102762
0.0084336
0.00723223
0.00642359
0.00586613
0.00547449
0.00519489
0.00499222
0.00484315
0.00473207
0.00464825
0.00457765
0.280202
0.0706118
0.0336439
0.0215589
0.0155222
0.0119652
0.00970847
0.00821437
0.00719656
0.00648828
0.00598653
0.00562499
0.00535975
0.00516147
0.00501124
0.00489964
0.00482916
0.308542
0.0799336
0.0386325
0.0248827
0.0179235
0.0137598
0.0110769
0.00927617
0.00803533
0.00716349
0.00654036
0.00608726
0.00575152
0.00549747
0.00530113
0.00514895
0.00504669
0.33631
0.0882594
0.0434067
0.0281414
0.0203144
0.0155725
0.012477
0.0103738
0.00890859
0.00786884
0.00711891
0.00656905
0.00615851
0.0058456
0.00560131
0.00540609
0.00524705
0.360487
0.0950885
0.0476187
0.0311134
0.0225439
0.0172962
0.013832
0.011452
0.00977632
0.00857549
0.00770175
0.00705635
0.00657135
0.00619968
0.00590833
0.00567643
0.00550393
0.377036
0.0996268
0.0508929
0.0335569
0.0244475
0.0188153
0.0150593
0.0124517
0.0105969
0.00925494
0.00827025
0.00753751
0.00698309
0.0065554
0.00621736
0.00594397
0.00573681
0.381934
0.101252
0.0528983
0.0352538
0.0258745
0.020024
0.0160849
0.013322
0.0113367
0.00988632
0.00881235
0.00800611
0.00739076
0.00691173
0.00652907
0.00621391
0.00595089
0.372685
0.0997588
0.0534366
0.0360616
0.0267245
0.0208522
0.0168617
0.0140336
0.0119792
0.0104617
0.00932523
0.00846207
0.00779533
0.00726976
0.00684469
0.00649085
0.00619584
0.349594
0.0954872
0.0525365
0.0359751
0.0269888
0.0212944
0.0173887
0.0145898
0.0125308
0.0109883
0.00981599
0.00891144
0.00820148
0.0076328
0.00716569
0.00677095
0.00643551
0.315808
0.0891788
0.0504954
0.0351893
0.0267978
0.0214387
0.0177279
0.0150351
0.0130237
0.01149
0.0103017
0.00936631
0.0086175
0.008006
0.00749464
0.00705588
0.00667155
0.276137
0.081917
0.0479183
0.0341184
0.026444
0.021487
0.0180152
0.0154608
0.0135193
0.0120078
0.0108099
0.00984481
0.00905459
0.00839544
0.00783411
0.00734597
0.00691446
0.235376
0.0750783
0.0457487
0.033436
0.0263983
0.0217601
0.0184655
0.0160087
0.0141101
0.0126017
0.0113786
0.0103701
0.00952549
0.00880679
0.00818527
0.0076391
0.00716341
0.197093
0.0703439
0.0452607
0.0340539
0.0272975
0.0226932
0.0193685
0.0168681
0.0149176
0.0133479
0.0120537
0.0109672
0.0100415
0.00924312
0.00854637
0.00794028
0.00741333
0.163581
0.0695171
0.0479887
0.0370473
0.0298882
0.0248012
0.021072
0.0182664
0.0160864
0.0143333
0.0128826
0.0116577
0.0106093
0.00970304
0.00892195
0.00824728
0.00766089
0.135717
0.0753241
0.0557034
0.0435416
0.0349664
0.0286623
0.0239815
0.020473
0.0177827
0.0156506
0.0139094
0.0124573
0.0112321
0.0101956
0.00931354
0.00855977
0.00791229
0.113095
0.0923649
0.0709274
0.0550366
0.0434904
0.0349456
0.0285808
0.0238221
0.0202123
0.0174108
0.0151883
0.0133969
0.0119365
0.0107349
0.0097364
0.00889772
0.00818546
0.0949825
0.129187
0.0977622
0.0738295
0.056866
0.0445991
0.0355413
0.0287695
0.0236661
0.0197963
0.0168434
0.0145702
0.0127965
0.0113876
0.0102458
0.00930213
0.00850856
0.0175318
0.0721848
0.297577
0.686167
0.770552
0.605828
0.301958
0.187425
0.154573
0.140441
0.130806
0.122297
0.112263
0.098632
0.0808301
0.0605664
0.0414882
0.0265531
0.016256
0.00963528
0.0136646
0.0487309
0.217003
0.611388
0.791694
0.727241
0.384581
0.209749
0.166453
0.145949
0.13021
0.116072
0.102406
0.0882637
0.0733138
0.0581293
0.043874
0.0315089
0.0212946
0.0132853
0.0126836
0.0364875
0.151961
0.514237
0.792525
0.826081
0.528874
0.245613
0.189752
0.164969
0.146157
0.128985
0.112918
0.097779
0.0833227
0.0695039
0.0562042
0.0433094
0.0309269
0.0197828
0.0132736
0.0319169
0.107949
0.411401
0.750912
0.846751
0.682895
0.342335
0.225711
0.195816
0.174794
0.156791
0.139249
0.122953
0.107833
0.0935878
0.079324
0.0640798
0.0476394
0.0311305
0.015001
0.0320383
0.0828734
0.3157
0.671527
0.83436
0.798078
0.546708
0.285168
0.239813
0.215857
0.196531
0.179219
0.162239
0.14606
0.130778
0.115079
0.0969254
0.0750951
0.0505082
0.0177445
0.0351479
0.0721548
0.237134
0.569757
0.793036
0.850103
0.731794
0.446837
0.304571
0.272414
0.251774
0.234066
0.217179
0.201025
0.184924
0.167639
0.146365
0.11811
0.0824051
0.0216766
0.0411411
0.0713388
0.180212
0.463626
0.715243
0.830604
0.822517
0.686962
0.43327
0.352104
0.326851
0.310834
0.295497
0.280217
0.264671
0.24625
0.220808
0.183862
0.133002
0.0273187
0.0507247
0.0774527
0.145091
0.362668
0.614914
0.775549
0.839159
0.807165
0.677692
0.486214
0.427811
0.412138
0.401755
0.391046
0.379454
0.362765
0.333929
0.284949
0.212035
0.0357244
0.0654782
0.0903037
0.129154
0.280006
0.497611
0.686561
0.791516
0.83861
0.82801
0.707333
0.579299
0.541748
0.534773
0.531841
0.528909
0.519646
0.494115
0.436918
0.333986
0.0487248
0.0897306
0.11471
0.13258
0.221997
0.397661
0.579188
0.711112
0.804008
0.855115
0.868253
0.79098
0.715286
0.69506
0.697885
0.704646
0.704833
0.687174
0.636182
0.514021
0.0686011
0.131898
0.163157
0.163206
0.196291
0.316956
0.477782
0.616732
0.729665
0.815373
0.873945
0.904138
0.891902
0.877695
0.883364
0.900021
0.908041
0.891102
0.846462
0.7329
0.100371
0.200056
0.259034
0.235454
0.208218
0.264949
0.385532
0.517656
0.636957
0.740084
0.825138
0.894389
0.953867
1.00488
1.05312
1.0986
1.12552
1.10402
1.04412
0.932406
0.152559
0.311955
0.397099
0.322612
0.235502
0.234748
0.314401
0.428159
0.546711
0.656433
0.754197
0.84355
0.934017
1.03206
1.14192
1.25098
1.32654
1.32218
1.2362
1.08805
0.241449
0.477135
0.51712
0.366271
0.240217
0.208584
0.263124
0.361412
0.473855
0.585405
0.691479
0.789589
0.888558
1.01682
1.16971
1.33472
1.46736
1.50516
1.40761
1.20664
0.397507
0.673424
0.584956
0.382555
0.240031
0.193387
0.238797
0.328324
0.432812
0.540193
0.646922
0.753369
0.870825
1.01372
1.19033
1.38605
1.54805
1.60956
1.51178
1.27883
0.640016
0.820496
0.600701
0.423095
0.303658
0.225384
0.267742
0.348507
0.438747
0.53387
0.638557
0.749342
0.871642
1.03336
1.22489
1.4193
1.56818
1.61311
1.50251
1.27283
0.932783
0.864803
0.616935
0.497715
0.416819
0.360965
0.366551
0.429664
0.503609
0.585731
0.682304
0.795299
0.903419
1.0632
1.23648
1.39231
1.48654
1.4798
1.3507
1.16294
1.18812
0.851451
0.66582
0.597754
0.554758
0.537763
0.546743
0.584749
0.641385
0.714298
0.79866
0.889299
0.987641
1.09684
1.19386
1.2554
1.26467
1.21114
1.09386
0.976948
1.16681
0.81863
0.764152
0.748988
0.743795
0.753821
0.782413
0.825812
0.883026
0.947191
1.01119
1.0675
1.11166
1.13799
1.13204
1.10352
1.05342
0.992188
0.906579
0.821117
0.764479
0.848223
0.94877
1.04172
1.12827
1.2121
1.29688
1.38585
1.4681
1.53614
1.58481
1.60357
1.58661
1.5252
1.41846
1.27103
1.09869
0.980187
0.87012
0.725353
0.715781
0.754849
0.952064
1.1253
1.21379
1.21267
1.13524
0.990884
0.778229
0.534288
0.333558
0.204779
0.12488
0.0755982
0.0455064
0.0275788
0.0171635
0.0111855
0.0077416
0.00573591
0.606552
0.734171
1.04207
1.2536
1.26048
1.1311
0.920678
0.679614
0.453997
0.285667
0.176863
0.108812
0.0661326
0.0399246
0.024239
0.0150776
0.00980039
0.00676426
0.00499728
0.00395005
0.523177
0.793359
1.25017
1.24623
0.975032
0.688424
0.45774
0.293326
0.184535
0.115688
0.0725753
0.0450509
0.0279285
0.017527
0.0113334
0.00769774
0.00557519
0.00433041
0.00358721
0.00313101
0.465638
0.998989
1.11524
0.691291
0.403298
0.238481
0.145361
0.0908525
0.0580595
0.0374617
0.0243247
0.0160274
0.0108465
0.00764866
0.00569579
0.00451114
0.00379082
0.00334636
0.00306264
0.00287308
0.311192
1.06132
0.570066
0.254386
0.126724
0.0707674
0.0428308
0.0274962
0.01836
0.0126959
0.00911663
0.00683889
0.00538851
0.00446753
0.00388315
0.00350938
0.00326491
0.00309901
0.00297996
0.00288951
0.172461
0.76498
0.258146
0.0954281
0.0448648
0.0248953
0.0156058
0.01072
0.00790879
0.00619254
0.00510747
0.00440893
0.00395501
0.0036569
0.00345716
0.00331888
0.00321873
0.00314251
0.00308085
0.0030282
0.0991542
0.426643
0.114128
0.0405731
0.0193376
0.0114685
0.00796303
0.00615767
0.00512508
0.0044937
0.00409279
0.00383226
0.00365917
0.00354066
0.00345611
0.00339277
0.00334286
0.00330156
0.00326506
0.00323038
0.0519384
0.212284
0.0511967
0.019866
0.0107662
0.00731211
0.00571227
0.00486438
0.00437517
0.00407877
0.00389351
0.00377435
0.00369505
0.00364004
0.00359998
0.00356921
0.00354416
0.00352219
0.00350068
0.00347637
0.0228684
0.104068
0.0277283
0.0127267
0.00798381
0.00598443
0.00500666
0.0044903
0.00420392
0.0040398
0.00394324
0.00388505
0.00384928
0.00382696
0.00381275
0.00380319
0.00379579
0.00378809
0.00377775
0.00375985
0.0132735
0.0559248
0.0184565
0.0101334
0.00697455
0.00549072
0.00476912
0.00441281
0.00423233
0.00413964
0.0040929
0.00407148
0.00406471
0.00406656
0.00407319
0.00408172
0.00408975
0.00409456
0.0040943
0.00408091
0.0117706
0.0343446
0.0145715
0.00917594
0.00658555
0.00530641
0.00472478
0.00446877
0.00435633
0.00431084
0.00429927
0.00430647
0.0043245
0.00434855
0.00437516
0.0044015
0.00442498
0.0044429
0.00445404
0.00444568
0.0111478
0.0220977
0.0129333
0.00889596
0.00644373
0.00526336
0.0047825
0.0046009
0.00453845
0.00452945
0.00454756
0.00458109
0.00462348
0.00467036
0.00471832
0.00476428
0.00480562
0.00484025
0.00486674
0.00486826
0.0108718
0.0167596
0.012513
0.00886496
0.00639148
0.00529343
0.00490281
0.00478429
0.00476364
0.00478722
0.00483377
0.00489392
0.00496205
0.00503412
0.00510673
0.00517662
0.00524142
0.00529934
0.00534789
0.00536908
0.0108428
0.0151886
0.0125984
0.0088785
0.00636065
0.00536648
0.00506721
0.00500916
0.00502912
0.00508525
0.00516081
0.00524894
0.00534532
0.0054465
0.00554922
0.00565028
0.00574752
0.00583876
0.00592035
0.00597592
0.0110068
0.0153227
0.0128554
0.00881497
0.0063162
0.00546824
0.0052692
0.00527445
0.00533858
0.00543065
0.00553817
0.00565717
0.00578543
0.00592079
0.00606065
0.00620221
0.0063431
0.00648095
0.00661255
0.00672359
0.0113306
0.0162083
0.0130656
0.00861771
0.00625121
0.00559171
0.00550529
0.00557974
0.00569646
0.0058332
0.00598104
0.00613833
0.00630512
0.00648122
0.00666554
0.00685621
0.00705136
0.00724933
0.00744877
0.00763994
0.0117796
0.0174235
0.0130833
0.00827879
0.00618469
0.00573452
0.00576685
0.00591704
0.00609848
0.00629526
0.00650086
0.00671409
0.0069353
0.00716516
0.00740395
0.00765137
0.00790711
0.00817132
0.00844518
0.00872442
0.0123282
0.0192013
0.0127563
0.00780564
0.00613912
0.00589466
0.00603674
0.00626499
0.00652149
0.00679408
0.00707857
0.00737383
0.00767868
0.0079917
0.00831149
0.00863725
0.0089694
0.00931024
0.00966457
0.0100352
0.012982
0.0202277
0.0120552
0.00730268
0.00613762
0.00607111
0.00629677
0.00659483
0.00692579
0.007278
0.00764833
0.00803719
0.00844477
0.00887016
0.00931115
0.00976435
0.0102257
0.0106909
0.0111583
0.0116332
0.011767
0.022657
0.0108393
0.00689211
0.00620073
0.00626656
0.00654409
0.00689367
0.00728577
0.00770949
0.00816156
0.00864189
0.00915003
0.00968548
0.0102475
0.0108348
0.0114463
0.0120802
0.0127349
0.0134086
0.0259563
0.0244964
0.0207259
0.0177201
0.0154108
0.0135898
0.0121838
0.011136
0.0104282
0.0100839
0.0101688
0.010518
0.0105384
0.0105343
0.0105987
0.0107964
0.0111634
0.011781
0.0126813
0.0117504
0.0438964
0.0391648
0.0355173
0.0320748
0.0292241
0.0263913
0.0239963
0.0219641
0.0205543
0.0202771
0.021671
0.0226295
0.0221202
0.0215232
0.0211096
0.021013
0.0212133
0.0220681
0.0231021
0.0234569
0.01212
0.0129667
0.0133055
0.0133126
0.0129785
0.0124459
0.0118317
0.0111931
0.010681
0.0105894
0.0110869
0.0110581
0.0107042
0.0103476
0.0100517
0.0097978
0.00954536
0.00924161
0.00889749
0.00838745
0.00737814
0.00775185
0.00804605
0.00822117
0.00827086
0.00821234
0.00806935
0.00785629
0.00765775
0.0076356
0.00799168
0.00792196
0.00772721
0.00752518
0.00734621
0.00718971
0.00704283
0.00689126
0.00671744
0.00653711
0.00615296
0.00637659
0.00657402
0.00672625
0.00681994
0.00685467
0.00683449
0.00676415
0.00668891
0.0066996
0.00707637
0.00703863
0.00693733
0.00682925
0.00673358
0.00665295
0.00657976
0.00650442
0.00641682
0.0063153
0.00576858
0.00593849
0.00609873
0.00623737
0.00634552
0.00641847
0.00645321
0.00645021
0.00643647
0.00646749
0.00690965
0.00690328
0.00685405
0.00679819
0.00674988
0.00671131
0.0066747
0.00663027
0.00656645
0.00648028
0.00567739
0.00583683
0.00599233
0.00613612
0.00626156
0.0063634
0.00643673
0.0064798
0.00650844
0.00655832
0.00707793
0.00709638
0.00707787
0.00705384
0.00703464
0.0070197
0.00699913
0.00696092
0.00689357
0.00679318
0.00571391
0.00588225
0.00605034
0.00621215
0.00636211
0.00649507
0.00660551
0.00669001
0.00675668
0.00682819
0.00742794
0.0074679
0.00746922
0.00746583
0.00746499
0.00746252
0.00744555
0.00739954
0.00731227
0.0071794
0.00581572
0.00600385
0.00619516
0.0063842
0.00656569
0.00673456
0.00688508
0.00701253
0.00711908
0.00721787
0.00789744
0.00795861
0.00797427
0.00798507
0.00799601
0.00799874
0.00797678
0.00791295
0.00779403
0.00761566
0.00595714
0.00617201
0.00639395
0.00661737
0.00683681
0.00704718
0.00724257
0.00741717
0.0075685
0.00770251
0.00846043
0.00854498
0.00857238
0.00859329
0.00861131
0.00861355
0.00857952
0.00848915
0.00832829
0.00809309
0.00612691
0.00637367
0.00663226
0.00689629
0.00715983
0.00741771
0.00766375
0.00789124
0.0080941
0.00827325
0.00910767
0.0092199
0.00925811
0.00928614
0.00930718
0.00930371
0.00925074
0.00912525
0.00891227
0.00861406
0.00632016
0.00660325
0.00690399
0.00721471
0.00752855
0.00784027
0.00814354
0.00843089
0.00869348
0.0089295
0.00983874
0.0099852
0.0100344
0.0100669
0.0100868
0.0100721
0.00999289
0.00982296
0.00954942
0.00917751
0.0065352
0.00685886
0.00720734
0.007571
0.00794161
0.00831401
0.00868187
0.00903719
0.00936911
0.00967549
0.0106587
0.0108486
0.0109099
0.0109442
0.0109585
0.0109262
0.0108122
0.010587
0.0102471
0.00978041
0.00677193
0.00714067
0.00754292
0.00796623
0.00840059
0.00884112
0.00928182
0.0097144
0.0101267
0.0105185
0.0115769
0.0118225
0.0118986
0.0119318
0.011935
0.0118774
0.0117184
0.0114296
0.0110017
0.0104243
0.0070311
0.00745001
0.00791292
0.00840336
0.00890915
0.00942609
0.00994891
0.0104693
0.0109744
0.0114684
0.0126068
0.0129239
0.0130198
0.0130491
0.0130343
0.0129418
0.0127245
0.0123609
0.011819
0.0111105
0.00731385
0.00778905
0.00832074
0.00888682
0.00947267
0.0100755
0.010691
0.0113114
0.0119236
0.0125374
0.0137662
0.0141744
0.0142986
0.0143214
0.0142801
0.01414
0.0138483
0.0133862
0.0127051
0.0118402
0.00762152
0.00816065
0.00877087
0.00942233
0.0100982
0.0107978
0.0115187
0.0122531
0.0129885
0.0137414
0.0150777
0.0156001
0.0157663
0.0157809
0.015702
0.0154974
0.0151171
0.01452
0.013667
0.0126141
0.00795566
0.00856858
0.00926916
0.0100171
0.0107944
0.0116039
0.0124452
0.0133108
0.0141882
0.0151012
0.0165686
0.0172324
0.0174606
0.0174681
0.0173371
0.0170447
0.0165474
0.0157779
0.014712
0.0134331
0.0083179
0.00901811
0.00982335
0.0106802
0.0115722
0.0125073
0.0134874
0.0145053
0.0155474
0.0166447
0.018271
0.0191078
0.0194266
0.0194325
0.0192318
0.0188194
0.0181639
0.0171766
0.015848
0.0142973
0.00870976
0.00951678
0.0104439
0.0114235
0.0124455
0.0135252
0.0146668
0.0158631
0.0170978
0.0184098
0.0202206
0.0212692
0.0217178
0.0217376
0.0214491
0.0208711
0.019999
0.018735
0.0170833
0.0152073
0.00511634
0.00508601
0.00551084
0.00626627
0.00736097
0.00882365
0.0107595
0.0133894
0.0170702
0.0223439
0.0299171
0.0412479
0.0593026
0.0901452
0.148096
0.277987
0.557421
1.19625
1.25639
0.602745
0.00296594
0.00317017
0.00343576
0.0037714
0.00420047
0.00476129
0.00551258
0.00653716
0.00795133
0.00994981
0.012834
0.0170923
0.0236051
0.0341569
0.0529207
0.0913249
0.185637
0.465155
1.28648
0.368389
0.0028532
0.00295941
0.00308986
0.00325252
0.00346026
0.003733
0.0041022
0.00461637
0.00534942
0.00641344
0.00797927
0.0103118
0.0138325
0.0192696
0.0281563
0.0446097
0.0825405
0.202134
0.740138
0.157975
0.00300428
0.003073
0.00315279
0.00324656
0.00336003
0.0035034
0.00369463
0.00396418
0.00436263
0.00497273
0.00592877
0.00744566
0.00985623
0.0136646
0.0196752
0.0294962
0.0479831
0.0970951
0.333302
0.056612
0.00324807
0.00330278
0.0033619
0.0034254
0.00349451
0.00357352
0.00367153
0.00380584
0.00400771
0.00433314
0.00488278
0.00583631
0.00750417
0.0103912
0.0152449
0.0230954
0.0358428
0.0610159
0.158045
0.0313602
0.00356257
0.0036073
0.00365153
0.0036943
0.00373493
0.00377553
0.00382093
0.00388051
0.00397139
0.00412603
0.0044086
0.00494892
0.00600727
0.00808036
0.0120129
0.0189484
0.0299783
0.0470372
0.0908334
0.0261935
0.00396191
0.00398916
0.00401099
0.00402778
0.00403874
0.00404614
0.00405356
0.00406676
0.00409499
0.00415497
0.00428134
0.0045528
0.00515269
0.00650115
0.00948387
0.0155894
0.0261979
0.0406024
0.0611172
0.0238088
0.00446311
0.00445585
0.00443954
0.00441787
0.0043909
0.00436156
0.00433322
0.00430997
0.00429723
0.00430349
0.00434569
0.00446473
0.00476774
0.0055492
0.00759607
0.0126501
0.0229636
0.0374108
0.0465
0.0220705
0.00506277
0.00500024
0.00492906
0.00485617
0.00478281
0.00471187
0.00464616
0.00458856
0.00454239
0.0045123
0.00450687
0.00454623
0.00468493
0.00509374
0.00635422
0.0102052
0.0199055
0.0359668
0.0447967
0.0210224
0.00572862
0.00559737
0.00546177
0.00533096
0.005207
0.00509208
0.00498801
0.00489641
0.00481908
0.00475855
0.0047197
0.00471364
0.00476873
0.00497152
0.00567882
0.00833236
0.0168075
0.0346868
0.0473728
0.0206157
0.00642074
0.00621884
0.00601971
0.00583221
0.00565901
0.00550132
0.00535981
0.00523494
0.00512724
0.00503792
0.00496993
0.00493054
0.00493769
0.00503756
0.00542236
0.00707678
0.0137598
0.0325732
0.0515102
0.0207519
0.00711821
0.00685397
0.00659871
0.00636132
0.00614394
0.00594683
0.00576968
0.00561203
0.0054736
0.00535475
0.00525741
0.00518704
0.00515704
0.00520006
0.00542565
0.00638403
0.011088
0.0289537
0.0565117
0.0213412
0.00784945
0.00752384
0.00721846
0.0069367
0.00667871
0.00644363
0.00623041
0.0060381
0.00586604
0.0057143
0.00558453
0.00548168
0.00541776
0.00542092
0.00556602
0.0061237
0.008965
0.0228504
0.060009
0.0224087
)
;

boundaryField
{
    inlet
    {
        type            turbulentMixingLengthDissipationRateInlet;
        mixingLength    0.01;
        phi             phi;
        k               k;
        value           uniform 0.471671;
    }
    outlet
    {
        type            inletOutlet;
        inletValue      uniform 0.01;
        value           nonuniform List<scalar> 
41
(
0.0205777
0.00982371
0.005755
0.00451976
0.00506344
0.00742562
0.0122306
0.0203892
0.0326485
0.0490268
0.0684072
0.0892202
0.108272
0.123161
0.132211
0.13465
0.130382
0.120412
0.106608
0.09296
0.0833112
0.0800001
0.0826749
0.0889691
0.0969744
0.104281
0.111375
0.129652
0.171658
0.229262
0.263156
0.255187
0.211954
0.153936
0.0988828
0.05671
0.0291968
0.0141287
0.00781869
0.00760552
0.0139503
)
;
    }
    dymWall
    {
        Cmu             0.09;
        kappa           0.41;
        E               9.8;
        type            epsilonWallFunction;
        value           nonuniform List<scalar> 
73
(
0.715781
0.606552
0.523177
0.465638
0.311192
0.172461
0.0991542
0.0519384
0.0228684
0.0132735
0.0117706
0.0111478
0.0108718
0.0108428
0.0110068
0.0113306
0.0117796
0.0123282
0.012982
0.011767
0.764479
0.848223
0.94877
1.04172
1.12827
1.2121
1.29688
1.38585
1.4681
1.53614
1.58481
1.60357
1.58661
1.5252
1.41846
1.27103
1.09869
0.980187
0.87012
0.725353
0.602745
0.368389
0.157975
0.056612
0.0313602
0.0261935
0.0238088
0.0220705
0.0210224
0.0206157
0.0207519
0.0213412
0.0224087
0.0259563
0.0244964
0.0207259
0.0177201
0.0154108
0.0135898
0.0121838
0.011136
0.0104282
0.0100839
0.0101688
0.010518
0.0105384
0.0105343
0.0105987
0.0107964
0.0111634
0.011781
0.0126813
0.0117504
)
;
    }
    AMI1
    {
        type            cyclicAMI;
        value           nonuniform List<scalar> 
73
(
0.0206729
0.0847693
0.326924
0.703402
0.766177
0.553558
0.280637
0.18158
0.154443
0.14529
0.141153
0.137636
0.13092
0.118054
0.09776
0.0722211
0.0473629
0.0282464
0.0159409
0.00890478
0.00523662
0.0036591
0.00298832
0.002796
0.00283527
0.00298295
0.00319148
0.00344452
0.00373655
0.00406793
0.00444541
0.0048844
0.00540647
0.00604158
0.00683309
0.00780155
0.0089378
0.0102981
0.0119376
0.0137718
0.00887214
0.00974113
0.0107376
0.0117895
0.0128927
0.0140665
0.0153151
0.0166306
0.0179921
0.019442
0.0213579
0.0225342
0.023061
0.0230841
0.0227258
0.0220213
0.0209735
0.0195319
0.017704
0.0156516
0.00566898
0.00294036
0.00279616
0.00295737
0.00320708
0.00352973
0.00394655
0.00448042
0.00511624
0.00580078
0.00650608
0.0072288
0.00798554
)
;
    }
    AMI2
    {
        type            cyclicAMI;
        value           nonuniform List<scalar> 
162
(
0.0169252
0.0227288
0.0675108
0.094095
0.272844
0.358686
0.656528
0.72748
0.779719
0.755697
0.601516
0.522121
0.310129
0.268415
0.190812
0.178505
0.15673
0.153908
0.14574
0.145493
0.141224
0.14149
0.138264
0.137719
0.133183
0.130771
0.123656
0.118176
0.108925
0.0986878
0.0888144
0.0739188
0.0650935
0.0491692
0.0426805
0.0295835
0.0256866
0.016691
0.0147953
0.00923301
0.00851841
0.00536472
0.00507503
0.00370155
0.00358552
0.00299837
0.00296255
0.00279113
0.00279944
0.00282286
0.00285633
0.00296552
0.00301577
0.00316941
0.00323332
0.0034174
0.00349389
0.00370356
0.00379257
0.00402767
0.00413098
0.0043959
0.00451745
0.00482361
0.0049687
0.00533262
0.0055076
0.00595172
0.0061673
0.00672512
0.00699251
0.00768484
0.00799106
0.00881228
0.00916399
0.0101618
0.0105678
0.0117915
0.0122326
0.0136276
0.0140388
0.00878549
0.00894116
0.00958662
0.00981743
0.0105203
0.0108126
0.0115202
0.01186
0.0125702
0.0129598
0.0136857
0.0141299
0.0148738
0.0153733
0.0161302
0.0166816
0.01744
0.0180335
0.0187959
0.0194358
0.0204825
0.0214332
0.022041
0.0225561
0.0228519
0.0230776
0.0231194
0.0231014
0.0229659
0.0227539
0.0224806
0.0220713
0.0216804
0.0210513
0.0205834
0.0196488
0.0191658
0.0178627
0.0174504
0.0158522
0.015479
0.00649169
0.00537831
0.00476478
0.00300857
0.00291048
0.00287824
0.00278191
0.00278966
0.00281498
0.00292152
0.00294597
0.00298583
0.00314162
0.00318909
0.0032407
0.003421
0.00350173
0.00357013
0.00377723
0.00390422
0.00399795
0.00424002
0.00442321
0.00454511
0.00481873
0.00505174
0.00518664
0.00546844
0.0057338
0.00586433
0.00613075
0.00642915
0.00655629
0.00678682
0.00714068
0.00725688
0.00742476
0.00787623
0.00798555
0.00810813
)
;
    }
    walls
    {
        Cmu             0.09;
        kappa           0.41;
        E               9.8;
        type            epsilonWallFunction;
        value           nonuniform List<scalar> 
80
(
0.0342461
0.0319449
0.0306631
0.0304054
0.0310372
0.0324662
0.0346458
0.0376263
0.0415606
0.0466095
0.0529059
0.0605445
0.0695772
0.0800016
0.0917589
0.104841
0.119216
0.134672
0.150951
0.168062
0.186341
0.206349
0.228662
0.25363
0.281014
0.309778
0.337967
0.362538
0.379465
0.384685
0.375814
0.353414
0.320708
0.282214
0.242441
0.204752
0.17124
0.142905
0.119428
0.100199
0.0506419
0.0484738
0.0455619
0.0430198
0.0412237
0.0404292
0.0407596
0.0422842
0.0450657
0.0491983
0.0547377
0.0617269
0.0701805
0.0800776
0.0914083
0.104134
0.11817
0.133375
0.149649
0.166998
0.185577
0.205932
0.228267
0.252984
0.280202
0.308542
0.33631
0.360487
0.377036
0.381934
0.372685
0.349594
0.315808
0.276137
0.235376
0.197093
0.163581
0.135717
0.113095
0.0949825
)
;
    }
    front
    {
        type            empty;
    }
    back
    {
        type            empty;
    }
}


// ************************************************************************* //
