/*--------------------------------*- C++ -*----------------------------------*\
  =========                 |
  \\      /  F ield         | OpenFOAM: The Open Source CFD Toolbox
   \\    /   O peration     | Website:  https://openfoam.org
    \\  /    A nd           | Version:  6
     \\/     M anipulation  |
\*---------------------------------------------------------------------------*/
FoamFile
{
    version     2.0;
    format      ascii;
    class       volScalarField;
    location    "2.42";
    object      e;
}
// * * * * * * * * * * * * * * * * * * * * * * * * * * * * * * * * * * * * * //

dimensions      [0 2 -2 0 0 0 0];

internalField   nonuniform List<scalar> 
10000
(
1006.29
1006.29
1006.29
1006.29
1006.29
1006.29
1006.29
1006.29
1006.29
1006.29
1006.29
1006.29
1006.29
1006.29
1006.29
1006.29
1006.29
1006.29
1006.29
1006.29
1006.29
1006.29
1006.29
1006.29
1006.29
1006.29
1006.29
1006.29
1006.29
1006.29
1006.29
1006.29
1006.29
1006.29
1006.29
1006.29
1006.29
1006.29
1006.29
1006.29
1006.29
1006.29
1006.29
1006.29
1006.29
1006.29
1006.29
1006.29
1006.29
1006.29
1006.29
1006.29
1006.29
1006.29
1006.29
1006.29
1006.29
1006.29
1006.29
1006.29
1006.29
1006.29
1006.29
1006.29
1006.29
1006.29
1006.29
1006.29
1006.29
1006.29
1006.29
1006.29
1006.29
1006.29
1006.29
1006.29
1006.29
1006.29
1006.29
1006.29
1006.29
1006.29
1006.29
1006.29
1006.29
1006.29
1006.29
1006.29
1006.29
1006.29
1006.29
1006.29
1006.29
1006.29
1006.29
1006.29
1006.29
1006.29
1006.29
1006.29
1006.29
1006.29
1006.29
1006.29
1006.29
1006.29
1006.29
1006.29
1006.29
1006.29
1006.29
1006.29
1006.29
1006.29
1006.29
1006.29
1006.29
1006.29
1006.29
1006.29
1006.29
1006.29
1006.29
1006.29
1006.29
1006.29
1006.29
1006.29
1006.29
1006.29
1006.29
1006.29
1006.29
1006.29
1006.29
1006.29
1006.29
1006.29
1006.29
1006.29
1006.29
1006.29
1006.29
1006.29
1006.29
1006.29
1006.29
1006.29
1006.29
1006.29
1006.29
1006.29
1006.29
1006.29
1006.29
1006.29
1006.29
1006.29
1006.29
1006.29
1006.29
1006.29
1006.29
1006.29
1006.29
1006.29
1006.29
1006.29
1006.29
1006.29
1006.29
1006.29
1006.29
1006.29
1006.29
1006.29
1006.29
1006.29
1006.29
1006.29
1006.29
1006.29
1006.29
1006.29
1006.29
1006.29
1006.29
1006.29
1006.29
1006.29
1006.29
1006.29
1006.29
1006.29
1006.29
1006.29
1006.29
1006.29
1006.29
1006.29
1006.29
1006.29
1006.29
1006.29
1006.29
1006.29
1006.29
1006.29
1006.29
1006.29
1006.29
1006.29
1006.29
1006.29
1006.29
1006.29
1006.29
1006.29
1006.29
1006.29
1006.29
1006.29
1006.29
1006.29
1006.29
1006.29
1006.29
1006.29
1006.29
1006.29
1006.29
1006.29
1006.29
1006.29
1006.29
1006.29
1006.29
1006.29
1006.29
1006.29
1006.29
1006.29
1006.29
1006.29
1006.29
1006.29
1006.29
1006.29
1006.29
1006.29
1006.29
1006.29
1006.29
1006.29
1006.29
1006.29
1006.29
1006.29
1006.29
1006.29
1006.29
1006.29
1006.29
1006.29
1006.29
1006.29
1006.29
1006.29
1006.29
1006.29
1006.29
1006.29
1006.29
1006.29
1006.29
1006.29
1006.29
1006.29
1006.29
1006.29
1006.29
1006.29
1006.29
1006.29
1006.29
1006.29
1006.29
1006.29
1006.29
1006.29
1006.29
1006.29
1006.29
1006.29
1006.29
1006.29
1006.29
1006.29
1006.29
1006.29
1006.29
1006.29
1006.29
1006.29
1006.29
1006.29
1006.29
1006.29
1006.29
1006.29
1006.29
1006.29
1006.29
1006.29
1006.29
1006.29
1006.29
1006.29
1006.29
1006.29
1006.29
1006.29
1006.29
1006.29
1006.29
1006.29
1006.29
1006.29
1006.29
1006.29
1006.29
1006.29
1006.29
1006.29
1006.29
1006.29
1006.29
1006.29
1006.29
1006.29
1006.29
1006.29
1006.29
1006.29
1006.29
1006.29
1006.29
1006.29
1006.29
1006.29
1006.29
1006.29
1006.29
1006.29
1006.29
1006.29
1006.29
1006.29
1006.29
1006.29
1006.29
1006.29
1006.29
1006.29
1006.29
1006.29
1006.29
1006.29
1006.29
1006.29
1006.29
1006.29
1006.29
1006.29
1006.29
1006.29
1006.29
1006.29
1006.29
1006.29
1006.29
1006.29
1006.29
1006.29
1006.29
1006.29
1006.29
1006.29
1006.29
1006.29
1006.29
1006.29
1006.29
1006.29
1006.29
1006.29
1006.29
1006.29
1006.29
1006.29
1006.29
1006.29
1006.29
1006.29
1006.29
1006.29
1006.29
1006.29
1006.29
1006.29
1006.29
1006.29
1006.29
1006.29
1006.29
1006.29
1006.29
1006.29
1006.29
1006.29
1006.29
1006.29
1006.29
1006.29
1006.29
1006.29
1006.29
1006.29
1006.29
1006.29
1006.29
1006.29
1006.29
1006.29
1006.29
1006.29
1006.29
1006.29
1006.29
1006.29
1006.29
1006.29
1006.29
1006.29
1006.29
1006.29
1006.29
1006.29
1006.29
1006.29
1006.29
1006.29
1006.29
1006.29
1006.29
1006.29
1006.29
1006.29
1006.29
1006.29
1006.29
1006.29
1006.29
1006.29
1006.29
1006.29
1006.29
1006.29
1006.29
1006.29
1006.29
1006.29
1006.29
1006.29
1006.29
1006.29
1006.29
1006.29
1006.29
1006.29
1006.29
1006.29
1006.29
1006.29
1006.29
1006.29
1006.29
1006.29
1006.29
1006.29
1006.29
1006.29
1006.29
1006.29
1006.29
1006.29
1006.29
1006.29
1006.29
1006.29
1006.29
1006.29
1006.29
1006.29
1006.29
1006.29
1006.29
1006.29
1006.29
1006.29
1006.29
1006.29
1006.29
1006.29
1006.29
1006.29
1006.29
1006.29
1006.29
1006.29
1006.29
1006.29
1006.29
1006.29
1006.29
1006.29
1006.29
1006.29
1006.29
1006.29
1006.29
1006.29
1006.29
1006.29
1006.29
1006.29
1006.29
1006.29
1006.29
1006.29
1006.29
1006.29
1006.29
1006.29
1006.29
1006.29
1006.29
1006.29
1006.29
1006.29
1006.29
1006.29
1006.29
1006.29
1006.29
1006.29
1006.29
1006.29
1006.29
1006.29
1006.29
1006.29
1006.29
1006.29
1006.29
1006.29
1006.29
1006.29
1006.29
1006.29
1006.29
1006.29
1006.29
1006.29
1006.29
1006.29
1006.29
1006.29
1006.29
1006.29
1006.29
1006.29
1006.29
1006.29
1006.29
1006.29
1006.29
1006.29
1006.29
1006.29
1006.29
1006.29
1006.29
1006.29
1006.29
1006.29
1006.29
1006.29
1006.29
1006.29
1006.29
1006.29
1006.29
1006.29
1006.29
1006.29
1006.29
1006.29
1006.29
1006.29
1006.29
1006.29
1006.29
1006.29
1006.29
1006.29
1006.29
1006.29
1006.29
1006.29
1006.29
1006.29
1006.29
1006.29
1006.29
1006.29
1006.29
1006.29
1006.29
1006.29
1006.29
1006.29
1006.29
1006.29
1006.29
1006.29
1006.29
1006.29
1006.29
1006.29
1006.29
1006.29
1006.29
1006.29
1006.29
1006.29
1006.29
1006.29
1006.29
1006.29
1006.29
1006.29
1006.29
1006.29
1006.29
1006.29
1006.29
1006.29
1006.29
1006.29
1006.29
1006.29
1006.29
1006.29
1006.29
1006.29
1006.29
1006.29
1006.29
1006.29
1006.29
1006.29
1006.29
1006.29
1006.29
1006.29
1006.29
1006.29
1006.29
1006.29
1006.29
1006.29
1006.29
1006.29
1006.29
1006.29
1006.29
1006.29
1006.29
1006.29
1006.29
1006.29
1006.29
1006.29
1006.29
1006.29
1006.29
1006.29
1006.29
1006.29
1006.29
1006.29
1006.29
1006.29
1006.29
1006.29
1006.29
1006.29
1006.29
1006.29
1006.29
1006.29
1006.29
1006.29
1006.29
1006.29
1006.29
1006.29
1006.29
1006.29
1006.29
1006.29
1006.29
1006.29
1006.29
1006.29
1006.29
1006.29
1006.29
1006.29
1006.29
1006.29
1006.29
1006.29
1006.29
1006.29
1006.29
1006.29
1006.29
1006.29
1006.29
1006.29
1006.29
1006.29
1006.29
1006.29
1006.29
1006.29
1006.29
1006.29
1006.29
1006.29
1006.29
1006.29
1006.29
1006.29
1006.29
1006.29
1006.29
1006.29
1006.29
1006.29
1006.29
1006.29
1006.29
1006.29
1006.29
1006.29
1006.29
1006.29
1006.29
1006.29
1006.29
1006.29
1006.29
1006.29
1006.29
1006.29
1006.29
1006.29
1006.29
1006.29
1006.29
1006.29
1006.29
1006.29
1006.29
1006.29
1006.29
1006.29
1006.29
1006.29
1006.29
1006.29
1006.29
1006.29
1006.29
1006.29
1006.29
1006.29
1006.29
1006.29
1006.29
1006.29
1006.29
1006.29
1006.29
1006.29
1006.29
1006.29
1006.29
1006.29
1006.29
1006.29
1006.29
1006.29
1006.29
1006.29
1006.29
1006.29
1006.29
1006.29
1006.29
1006.29
1006.29
1006.29
1006.29
1006.29
1006.29
1006.29
1006.29
1006.29
1006.29
1006.29
1006.29
1006.29
1006.29
1006.29
1006.29
1006.29
1006.29
1006.29
1006.29
1006.29
1006.29
1006.29
1006.29
1006.29
1006.29
1006.29
1006.29
1006.29
1006.29
1006.29
1006.29
1006.29
1006.29
1006.29
1006.29
1006.29
1006.29
1006.29
1006.29
1006.29
1006.29
1006.29
1006.29
1006.29
1006.29
1006.29
1006.29
1006.29
1006.29
1006.29
1006.29
1006.29
1006.29
1006.29
1006.29
1006.29
1006.29
1006.29
1006.29
1006.29
1006.29
1006.29
1006.29
1006.29
1006.29
1006.29
1006.29
1006.29
1006.29
1006.29
1006.29
1006.29
1006.29
1006.29
1006.29
1006.29
1006.29
1006.29
1006.29
1006.29
1006.29
1006.29
1006.29
1006.29
1006.29
1006.29
1006.29
1006.29
1006.29
1006.29
1006.29
1006.29
1006.29
1006.29
1006.29
1006.29
1006.29
1006.29
1006.29
1006.29
1006.29
1006.29
1006.29
1006.29
1006.29
1006.29
1006.29
1006.29
1006.29
1006.29
1006.29
1006.29
1006.29
1006.29
1006.29
1006.29
1006.29
1006.29
1006.29
1006.29
1006.29
1006.29
1006.29
1006.29
1006.29
1006.29
1006.29
1006.29
1006.29
1006.29
1006.29
1006.29
1006.29
1006.29
1006.29
1006.29
1006.29
1006.29
1006.29
1006.29
1006.29
1006.29
1006.29
1006.29
1006.29
1006.29
1006.29
1006.29
1006.29
1006.29
1006.29
1006.29
1006.29
1006.29
1006.29
1006.29
1006.29
1006.29
1006.29
1006.29
1006.29
1006.29
1006.29
1006.29
1006.29
1006.29
1006.29
1006.29
1006.29
1006.29
1006.29
1006.29
1006.29
1006.29
1006.29
1006.29
1006.29
1006.29
1006.29
1006.29
1006.29
1006.29
1006.29
1006.29
1006.29
1006.29
1006.29
1006.29
1006.29
1006.29
1006.29
1006.29
1006.29
1006.29
1006.29
1006.29
1006.29
1006.29
1006.29
1006.29
1006.29
1006.29
1006.29
1006.29
1006.29
1006.29
1006.29
1006.29
1006.29
1006.29
1006.29
1006.29
1006.29
1006.29
1006.29
1006.29
1006.29
1006.29
1006.29
1006.29
1006.29
1006.29
1006.29
1006.29
1006.29
1006.29
1006.29
1006.29
1006.29
1006.29
1006.29
1006.29
1006.29
1006.29
1006.29
1006.29
1006.29
1006.29
1006.29
1006.29
1006.29
1006.29
1006.29
1006.29
1006.29
1006.29
1006.29
1006.29
1006.29
1006.29
1006.29
1006.29
1006.29
1006.29
1006.29
1006.29
1006.29
1006.29
1006.29
1006.29
1006.29
1006.29
1006.29
1006.29
1006.29
1006.29
1006.29
1006.29
1006.29
1006.29
1006.29
1006.29
1006.29
1006.29
1006.29
1006.29
1006.29
1006.29
1006.29
1006.29
1006.29
1006.29
1006.29
1006.29
1006.29
1006.29
1006.29
1006.29
1006.29
1006.29
1006.29
1006.29
1006.29
1006.29
1006.29
1006.29
1006.29
1006.29
1006.29
1006.29
1006.29
1006.29
1006.29
1006.29
1006.29
1006.29
1006.29
1006.29
1006.29
1006.29
1006.29
1006.29
1006.29
1006.29
1006.29
1006.29
1006.29
1006.29
1006.29
1006.29
1006.29
1006.29
1006.29
1006.29
1006.29
1006.29
1006.29
1006.29
1006.29
1006.29
1006.29
1006.29
1006.29
1006.29
1006.29
1006.29
1006.29
1006.29
1006.29
1006.29
1006.29
1006.29
1006.29
1006.29
1006.29
1006.29
1006.29
1006.29
1006.29
1006.29
1006.29
1006.29
1006.29
1006.29
1006.29
1006.29
1006.29
1006.29
1006.29
1006.29
1006.29
1006.29
1006.29
1006.29
1006.29
1006.29
1006.29
1006.29
1006.29
1006.29
1006.29
1006.29
1006.29
1006.29
1006.29
1006.29
1006.29
1006.29
1006.29
1006.29
1006.29
1006.29
1006.29
1006.29
1006.29
1006.29
1006.29
1006.29
1006.29
1006.29
1006.29
1006.29
1006.29
1006.29
1006.29
1006.29
1006.29
1006.29
1006.29
1006.29
1006.29
1006.29
1006.29
1006.29
1006.29
1006.29
1006.29
1006.29
1006.29
1006.29
1006.29
1006.29
1006.29
1006.29
1006.29
1006.29
1006.29
1006.29
1006.29
1006.29
1006.29
1006.29
1006.29
1006.29
1006.29
1006.29
1006.29
1006.29
1006.29
1006.29
1006.29
1006.29
1006.29
1006.29
1006.29
1006.29
1006.29
1006.29
1006.29
1006.29
1006.29
1006.29
1006.29
1006.29
1006.29
1006.29
1006.29
1006.29
1006.29
1006.29
1006.29
1006.29
1006.29
1006.29
1006.29
1006.29
1006.29
1006.29
1006.29
1006.29
1006.29
1006.29
1006.29
1006.29
1006.29
1006.29
1006.29
1006.29
1006.29
1006.29
1006.29
1006.29
1006.29
1006.29
1006.29
1006.29
1006.29
1006.29
1006.29
1006.29
1006.29
1006.29
1006.29
1006.29
1006.29
1006.29
1006.29
1006.29
1006.29
1006.29
1006.29
1006.29
1006.29
1006.29
1006.29
1006.29
1006.29
1006.29
1006.29
1006.29
1006.29
1006.29
1006.29
1006.29
1006.29
1006.29
1006.29
1006.29
1006.29
1006.29
1006.29
1006.29
1006.29
1006.29
1006.29
1006.29
1006.29
1006.29
1006.29
1006.29
1006.29
1006.29
1006.29
1006.29
1006.29
1006.29
1006.29
1006.29
1006.29
1006.29
1006.29
1006.29
1006.29
1006.29
1006.29
1006.29
1006.29
1006.29
1006.29
1006.29
1006.29
1006.29
1006.29
1006.29
1006.29
1006.29
1006.29
1006.29
1006.29
1006.29
1006.29
1006.29
1006.29
1006.29
1006.29
1006.29
1006.29
1006.29
1006.29
1006.29
1006.29
1006.29
1006.29
1006.29
1006.29
1006.29
1006.29
1006.29
1006.29
1006.29
1006.29
1006.29
1006.29
1006.29
1006.29
1006.29
1006.29
1006.29
1006.29
1006.29
1006.29
1006.29
1006.29
1006.29
1006.29
1006.29
1006.29
1006.29
1006.29
1006.29
1006.29
1006.29
1006.29
1006.29
1006.29
1006.29
1006.29
1006.29
1006.29
1006.29
1006.29
1006.29
1006.29
1006.29
1006.29
1006.29
1006.29
1006.29
1006.29
1006.29
1006.29
1006.29
1006.29
1006.29
1006.29
1006.29
1006.29
1006.29
1006.29
1006.29
1006.29
1006.29
1006.29
1006.29
1006.29
1006.29
1006.29
1006.29
1006.29
1006.29
1006.29
1006.29
1006.29
1006.29
1006.29
1006.29
1006.29
1006.29
1006.29
1006.29
1006.29
1006.29
1006.29
1006.29
1006.29
1006.29
1006.29
1006.29
1006.29
1006.29
1006.29
1006.29
1006.29
1006.29
1006.29
1006.29
1006.29
1006.29
1006.29
1006.29
1006.29
1006.29
1006.29
1006.29
1006.29
1006.29
1006.29
1006.29
1006.29
1006.29
1006.29
1006.29
1006.29
1006.29
1006.29
1006.29
1006.29
1006.29
1006.29
1006.29
1006.29
1006.29
1006.29
1006.29
1006.29
1006.29
1006.29
1006.29
1006.29
1006.29
1006.29
1006.29
1006.29
1006.29
1006.29
1006.29
1006.29
1006.29
1006.29
1006.29
1006.29
1006.29
1006.29
1006.29
1006.29
1006.29
1006.29
1006.29
1006.29
1006.29
1006.29
1006.29
1006.29
1006.29
1006.29
1006.29
1006.29
1006.29
1006.29
1006.29
1006.29
1006.29
1006.29
1006.29
1006.29
1006.29
1006.29
1006.29
1006.29
1006.29
1006.29
1006.29
1006.29
1006.29
1006.29
1006.29
1006.29
1006.29
1006.29
1006.29
1006.29
1006.29
1006.29
1006.29
1006.29
1006.29
1006.29
1006.29
1006.29
1006.29
1006.29
1006.29
1006.29
1006.29
1006.29
1006.29
1006.29
1006.29
1006.29
1006.29
1006.29
1006.29
1006.29
1006.29
1006.29
1006.29
1006.29
1006.29
1006.29
1006.29
1006.29
1006.29
1006.29
1006.29
1006.29
1006.29
1006.29
1006.29
1006.29
1006.29
1006.29
1006.29
1006.29
1006.29
1006.29
1006.29
1006.29
1006.29
1006.29
1006.29
1006.29
1006.29
1006.29
1006.29
1006.29
1006.29
1006.29
1006.29
1006.29
1006.29
1006.29
1006.29
1006.29
1006.29
1006.29
1006.29
1006.29
1006.29
1006.29
1006.29
1006.29
1006.29
1006.29
1006.29
1006.29
1006.29
1006.29
1006.29
1006.29
1006.29
1006.29
1006.29
1006.29
1006.29
1006.29
1006.29
1006.29
1006.29
1006.29
1006.29
1006.29
1006.29
1006.29
1006.29
1006.29
1006.29
1006.29
1006.29
1006.29
1006.29
1006.29
1006.29
1006.29
1006.29
1006.29
1006.29
1006.29
1006.29
1006.29
1006.29
1006.29
1006.29
1006.29
1006.29
1006.29
1006.29
1006.29
1006.29
1006.29
1006.29
1006.29
1006.29
1006.29
1006.29
1006.29
1006.29
1006.29
1006.29
1006.29
1006.29
1006.29
1006.29
1006.29
1006.29
1006.29
1006.29
1006.29
1006.29
1006.29
1006.29
1006.29
1006.29
1006.29
1006.29
1006.29
1006.29
1006.29
1006.29
1006.29
1006.29
1006.29
1006.29
1006.29
1006.29
1006.29
1006.29
1006.29
1006.29
1006.29
1006.29
1006.29
1006.29
1006.29
1006.29
1006.29
1006.29
1006.29
1006.29
1006.29
1006.29
1006.29
1006.29
1006.29
1006.29
1006.29
1006.29
1006.29
1006.29
1006.29
1006.29
1006.29
1006.29
1006.29
1006.29
1006.29
1006.29
1006.29
1006.29
1006.29
1006.29
1006.29
1006.29
1006.29
1006.29
1006.29
1006.29
1006.29
1006.29
1006.29
1006.29
1006.29
1006.29
1006.29
1006.29
1006.29
1006.29
1006.29
1006.29
1006.29
1006.29
1006.29
1006.29
1006.29
1006.29
1006.29
1006.29
1006.29
1006.29
1006.29
1006.29
1006.29
1006.29
1006.29
1006.29
1006.29
1006.29
1006.29
1006.29
1006.29
1006.29
1006.29
1006.29
1006.29
1006.29
1006.29
1006.29
1006.29
1006.29
1006.29
1006.29
1006.29
1006.29
1006.29
1006.29
1006.29
1006.29
1006.29
1006.29
1006.29
1006.29
1006.29
1006.29
1006.29
1006.29
1006.29
1006.29
1006.29
1006.29
1006.29
1006.29
1006.29
1006.29
1006.29
1006.29
1006.29
1006.29
1006.29
1006.29
1006.29
1006.29
1006.29
1006.29
1006.29
1006.29
1006.29
1006.29
1006.29
1006.29
1006.29
1006.29
1006.29
1006.29
1006.29
1006.29
1006.29
1006.29
1006.29
1006.29
1006.29
1006.29
1006.29
1006.29
1006.29
1006.29
1006.29
1006.29
1006.29
1006.29
1006.29
1006.29
1006.29
1006.29
1006.29
1006.29
1006.29
1006.29
1006.29
1006.29
1006.29
1006.29
1006.29
1006.29
1006.29
1006.29
1006.29
1006.29
1006.29
1006.29
1006.29
1006.29
1006.29
1006.29
1006.29
1006.29
1006.29
1006.29
1006.29
1006.29
1006.29
1006.29
1006.29
1006.29
1006.29
1006.29
1006.29
1006.29
1006.29
1006.29
1006.29
1006.29
1006.29
1006.29
1006.29
1006.29
1006.29
1006.29
1006.29
1006.29
1006.29
1006.29
1006.29
1006.29
1006.29
1006.29
1006.29
1006.29
1006.29
1006.29
1006.29
1006.29
1006.29
1006.29
1006.29
1006.29
1006.29
1006.29
1006.29
1006.29
1006.29
1006.29
1006.29
1006.29
1006.29
1006.29
1006.29
1006.29
1006.29
1006.29
1006.29
1006.29
1006.29
1006.29
1006.29
1006.29
1006.29
1006.29
1006.29
1006.29
1006.29
1006.29
1006.29
1006.29
1006.29
1006.29
1006.29
1006.29
1006.29
1006.29
1006.29
1006.29
1006.29
1006.29
1006.29
1006.29
1006.29
1006.29
1006.29
1006.29
1006.29
1006.29
1006.29
1006.29
1006.29
1006.29
1006.29
1006.29
1006.29
1006.29
1006.29
1006.29
1006.29
1006.29
1006.29
1006.29
1006.29
1006.29
1006.29
1006.29
1006.29
1006.29
1006.29
1006.29
1006.29
1006.29
1006.29
1006.29
1006.29
1006.29
1006.29
1006.29
1006.29
1006.29
1006.29
1006.29
1006.29
1006.29
1006.29
1006.29
1006.29
1006.29
1006.29
1006.29
1006.29
1006.29
1006.29
1006.29
1006.29
1006.29
1006.29
1006.29
1006.29
1006.29
1006.29
1006.29
1006.29
1006.29
1006.29
1006.29
1006.29
1006.29
1006.29
1006.29
1006.29
1006.29
1006.29
1006.29
1006.29
1006.29
1006.29
1006.29
1006.29
1006.29
1006.29
1006.29
1006.29
1006.29
1006.29
1006.29
1006.29
1006.29
1006.29
1006.29
1006.29
1006.29
1006.29
1006.29
1006.29
1006.29
1006.29
1006.29
1006.29
1006.29
1006.29
1006.29
1006.29
1006.29
1006.29
1006.29
1006.29
1006.29
1006.29
1006.29
1006.29
1006.29
1006.29
1006.29
1006.29
1006.29
1006.29
1006.29
1006.29
1006.29
1006.29
1006.29
1006.29
1006.29
1006.29
1006.29
1006.29
1006.29
1006.29
1006.29
1006.29
1006.29
1006.29
1006.29
1006.29
1006.29
1006.29
1006.29
1006.29
1006.29
1006.29
1006.29
1006.29
1006.29
1006.29
1006.29
1006.29
1006.29
1006.29
1006.29
1006.29
1006.29
1006.29
1006.29
1006.29
1006.29
1006.29
1006.29
1006.29
1006.29
1006.29
1006.29
1006.29
1006.29
1006.29
1006.29
1006.29
1006.29
1006.29
1006.29
1006.29
1006.29
1006.29
1006.29
1006.29
1006.29
1006.29
1006.29
1006.29
1006.29
1006.29
1006.29
1006.29
1006.29
1006.29
1006.29
1006.29
1006.29
1006.29
1006.29
1006.29
1006.29
1006.28
1006.28
1006.28
1006.28
1006.28
1006.29
1006.29
1006.29
1006.29
1006.29
1006.29
1006.29
1006.29
1006.29
1006.29
1006.29
1006.29
1006.29
1006.29
1006.29
1006.29
1006.29
1006.29
1006.29
1006.29
1006.29
1006.29
1006.29
1006.29
1006.29
1006.29
1006.29
1006.29
1006.29
1006.29
1006.29
1006.29
1006.29
1006.29
1006.29
1006.29
1006.29
1006.29
1006.29
1006.29
1006.29
1006.29
1006.29
1006.29
1006.29
1006.29
1006.29
1006.29
1006.29
1006.29
1006.29
1006.29
1006.29
1006.29
1006.29
1006.29
1006.29
1006.29
1006.29
1006.29
1006.29
1006.29
1006.29
1006.29
1006.29
1006.29
1006.29
1006.29
1006.29
1006.29
1006.29
1006.29
1006.29
1006.29
1006.29
1006.29
1006.29
1006.29
1006.29
1006.29
1006.29
1006.29
1006.29
1006.29
1006.29
1006.29
1006.29
1006.29
1006.29
1006.29
1006.29
1006.29
1006.29
1006.28
1006.27
1006.27
1006.26
1006.26
1006.26
1006.26
1006.27
1006.28
1006.28
1006.29
1006.29
1006.29
1006.29
1006.29
1006.29
1006.29
1006.29
1006.29
1006.29
1006.29
1006.29
1006.29
1006.29
1006.29
1006.29
1006.29
1006.29
1006.29
1006.29
1006.29
1006.29
1006.29
1006.29
1006.29
1006.29
1006.29
1006.29
1006.29
1006.29
1006.29
1006.29
1006.29
1006.29
1006.29
1006.29
1006.29
1006.29
1006.29
1006.29
1006.29
1006.29
1006.29
1006.29
1006.29
1006.29
1006.29
1006.29
1006.29
1006.29
1006.29
1006.29
1006.29
1006.29
1006.29
1006.29
1006.29
1006.29
1006.29
1006.29
1006.29
1006.29
1006.29
1006.29
1006.29
1006.29
1006.29
1006.29
1006.29
1006.29
1006.29
1006.29
1006.29
1006.29
1006.29
1006.29
1006.29
1006.29
1006.29
1006.29
1006.29
1006.29
1006.29
1006.29
1006.29
1006.29
1006.29
1006.29
1006.28
1006.27
1006.25
1006.23
1006.22
1006.2
1006.2
1006.2
1006.21
1006.23
1006.25
1006.26
1006.28
1006.29
1006.29
1006.29
1006.29
1006.29
1006.29
1006.29
1006.29
1006.29
1006.29
1006.29
1006.29
1006.29
1006.29
1006.29
1006.29
1006.29
1006.29
1006.29
1006.29
1006.29
1006.29
1006.29
1006.29
1006.29
1006.29
1006.29
1006.29
1006.29
1006.29
1006.29
1006.29
1006.29
1006.29
1006.29
1006.29
1006.29
1006.29
1006.29
1006.29
1006.29
1006.29
1006.29
1006.29
1006.29
1006.29
1006.29
1006.29
1006.29
1006.29
1006.29
1006.29
1006.29
1006.29
1006.29
1006.29
1006.29
1006.29
1006.29
1006.29
1006.29
1006.29
1006.29
1006.29
1006.29
1006.29
1006.29
1006.29
1006.29
1006.29
1006.29
1006.29
1006.29
1006.29
1006.29
1006.29
1006.29
1006.29
1006.29
1006.29
1006.29
1006.29
1006.29
1006.3
1006.3
1006.29
1006.28
1006.26
1006.23
1006.19
1006.15
1006.1
1006.07
1006.06
1006.07
1006.09
1006.13
1006.17
1006.21
1006.24
1006.27
1006.28
1006.29
1006.29
1006.29
1006.29
1006.29
1006.29
1006.29
1006.29
1006.29
1006.29
1006.29
1006.29
1006.29
1006.29
1006.29
1006.29
1006.29
1006.29
1006.29
1006.29
1006.29
1006.29
1006.29
1006.29
1006.29
1006.29
1006.29
1006.29
1006.29
1006.29
1006.29
1006.29
1006.29
1006.29
1006.29
1006.29
1006.29
1006.29
1006.29
1006.29
1006.29
1006.29
1006.29
1006.29
1006.29
1006.29
1006.29
1006.29
1006.29
1006.29
1006.29
1006.29
1006.29
1006.29
1006.29
1006.29
1006.29
1006.29
1006.29
1006.29
1006.29
1006.29
1006.29
1006.29
1006.29
1006.29
1006.29
1006.29
1006.29
1006.29
1006.29
1006.29
1006.29
1006.29
1006.29
1006.29
1006.29
1006.29
1006.29
1006.29
1006.3
1006.3
1006.3
1006.29
1006.26
1006.21
1006.15
1006.06
1005.96
1005.87
1005.8
1005.77
1005.78
1005.84
1005.92
1006.01
1006.1
1006.17
1006.22
1006.26
1006.28
1006.29
1006.29
1006.29
1006.29
1006.29
1006.29
1006.29
1006.29
1006.29
1006.29
1006.29
1006.29
1006.29
1006.29
1006.29
1006.29
1006.29
1006.29
1006.29
1006.29
1006.29
1006.29
1006.29
1006.29
1006.29
1006.29
1006.29
1006.29
1006.29
1006.29
1006.29
1006.29
1006.29
1006.29
1006.29
1006.29
1006.29
1006.29
1006.29
1006.29
1006.29
1006.29
1006.29
1006.29
1006.29
1006.29
1006.29
1006.29
1006.29
1006.29
1006.29
1006.29
1006.29
1006.29
1006.29
1006.29
1006.29
1006.29
1006.29
1006.29
1006.29
1006.29
1006.29
1006.29
1006.29
1006.29
1006.29
1006.29
1006.29
1006.29
1006.29
1006.29
1006.29
1006.29
1006.29
1006.29
1006.29
1006.29
1006.3
1006.3
1006.3
1006.29
1006.26
1006.21
1006.11
1005.97
1005.79
1005.6
1005.41
1005.26
1005.19
1005.22
1005.33
1005.5
1005.69
1005.87
1006.02
1006.13
1006.21
1006.25
1006.27
1006.29
1006.29
1006.29
1006.29
1006.29
1006.29
1006.29
1006.29
1006.29
1006.29
1006.29
1006.29
1006.29
1006.29
1006.29
1006.29
1006.29
1006.29
1006.29
1006.29
1006.29
1006.29
1006.29
1006.29
1006.29
1006.29
1006.29
1006.29
1006.29
1006.29
1006.29
1006.29
1006.29
1006.29
1006.29
1006.29
1006.29
1006.29
1006.29
1006.29
1006.29
1006.29
1006.29
1006.29
1006.29
1006.29
1006.29
1006.29
1006.29
1006.29
1006.29
1006.29
1006.29
1006.29
1006.29
1006.29
1006.29
1006.29
1006.29
1006.29
1006.29
1006.29
1006.29
1006.29
1006.29
1006.29
1006.29
1006.29
1006.29
1006.29
1006.29
1006.29
1006.29
1006.29
1006.29
1006.29
1006.3
1006.3
1006.3
1006.3
1006.28
1006.22
1006.1
1005.91
1005.64
1005.29
1004.91
1004.54
1004.25
1004.11
1004.16
1004.37
1004.7
1005.08
1005.43
1005.73
1005.96
1006.11
1006.2
1006.25
1006.27
1006.29
1006.29
1006.29
1006.29
1006.29
1006.29
1006.29
1006.29
1006.29
1006.29
1006.29
1006.29
1006.29
1006.29
1006.29
1006.29
1006.29
1006.29
1006.29
1006.29
1006.29
1006.29
1006.29
1006.29
1006.29
1006.29
1006.29
1006.29
1006.29
1006.29
1006.29
1006.29
1006.29
1006.29
1006.29
1006.29
1006.29
1006.29
1006.29
1006.29
1006.29
1006.29
1006.29
1006.29
1006.29
1006.29
1006.29
1006.29
1006.29
1006.29
1006.29
1006.29
1006.29
1006.29
1006.29
1006.29
1006.29
1006.29
1006.29
1006.29
1006.29
1006.29
1006.29
1006.29
1006.29
1006.29
1006.29
1006.29
1006.29
1006.29
1006.29
1006.29
1006.29
1006.29
1006.29
1006.3
1006.31
1006.31
1006.3
1006.25
1006.13
1005.9
1005.54
1005.04
1004.4
1003.68
1003
1002.47
1002.22
1002.3
1002.68
1003.29
1003.99
1004.65
1005.21
1005.63
1005.92
1006.1
1006.2
1006.25
1006.28
1006.29
1006.29
1006.29
1006.29
1006.29
1006.29
1006.29
1006.29
1006.29
1006.29
1006.29
1006.29
1006.29
1006.29
1006.29
1006.29
1006.29
1006.29
1006.29
1006.29
1006.29
1006.29
1006.29
1006.29
1006.29
1006.29
1006.29
1006.29
1006.29
1006.29
1006.29
1006.29
1006.29
1006.29
1006.29
1006.29
1006.29
1006.29
1006.29
1006.29
1006.29
1006.29
1006.29
1006.29
1006.29
1006.29
1006.29
1006.29
1006.29
1006.29
1006.29
1006.29
1006.29
1006.29
1006.29
1006.29
1006.29
1006.29
1006.29
1006.29
1006.29
1006.29
1006.29
1006.29
1006.29
1006.29
1006.29
1006.29
1006.29
1006.29
1006.29
1006.29
1006.29
1006.3
1006.3
1006.31
1006.31
1006.28
1006.18
1005.95
1005.54
1004.9
1004
1002.88
1001.62
1000.42
999.498
999.06
999.203
999.885
1000.95
1002.17
1003.34
1004.33
1005.08
1005.59
1005.92
1006.11
1006.21
1006.26
1006.28
1006.29
1006.29
1006.29
1006.29
1006.29
1006.29
1006.29
1006.29
1006.29
1006.29
1006.29
1006.29
1006.29
1006.29
1006.29
1006.29
1006.29
1006.29
1006.29
1006.29
1006.29
1006.29
1006.29
1006.29
1006.29
1006.29
1006.29
1006.29
1006.29
1006.29
1006.29
1006.29
1006.29
1006.29
1006.29
1006.29
1006.29
1006.29
1006.29
1006.29
1006.29
1006.29
1006.29
1006.29
1006.29
1006.29
1006.29
1006.29
1006.29
1006.29
1006.29
1006.29
1006.29
1006.29
1006.29
1006.29
1006.29
1006.29
1006.29
1006.29
1006.29
1006.29
1006.29
1006.29
1006.29
1006.29
1006.29
1006.29
1006.29
1006.29
1006.29
1006.29
1006.3
1006.31
1006.32
1006.32
1006.25
1006.06
1005.66
1004.95
1003.85
1002.32
1000.42
998.308
996.312
994.803
994.101
994.358
995.501
997.266
999.295
1001.26
1002.92
1004.19
1005.07
1005.63
1005.96
1006.13
1006.22
1006.26
1006.28
1006.29
1006.29
1006.29
1006.29
1006.29
1006.29
1006.29
1006.29
1006.29
1006.29
1006.29
1006.29
1006.29
1006.29
1006.29
1006.29
1006.29
1006.29
1006.29
1006.29
1006.29
1006.29
1006.29
1006.29
1006.29
1006.29
1006.29
1006.29
1006.29
1006.29
1006.29
1006.29
1006.29
1006.29
1006.29
1006.29
1006.29
1006.29
1006.29
1006.29
1006.29
1006.29
1006.29
1006.29
1006.29
1006.29
1006.29
1006.29
1006.29
1006.29
1006.29
1006.29
1006.29
1006.29
1006.29
1006.29
1006.29
1006.29
1006.29
1006.29
1006.29
1006.29
1006.29
1006.29
1006.29
1006.29
1006.29
1006.29
1006.29
1006.29
1006.3
1006.3
1006.31
1006.33
1006.32
1006.2
1005.86
1005.17
1003.99
1002.19
999.715
996.643
993.28
990.133
987.789
986.728
987.17
988.995
991.791
995.007
998.124
1000.78
1002.83
1004.25
1005.17
1005.72
1006.02
1006.17
1006.24
1006.27
1006.28
1006.29
1006.29
1006.29
1006.29
1006.29
1006.29
1006.29
1006.29
1006.29
1006.29
1006.29
1006.29
1006.29
1006.29
1006.29
1006.29
1006.29
1006.29
1006.29
1006.29
1006.29
1006.29
1006.29
1006.29
1006.29
1006.29
1006.29
1006.29
1006.29
1006.29
1006.29
1006.29
1006.29
1006.29
1006.29
1006.29
1006.29
1006.29
1006.29
1006.29
1006.29
1006.29
1006.29
1006.29
1006.29
1006.29
1006.29
1006.29
1006.29
1006.29
1006.29
1006.29
1006.29
1006.29
1006.29
1006.29
1006.29
1006.29
1006.29
1006.29
1006.29
1006.29
1006.29
1006.29
1006.29
1006.29
1006.29
1006.29
1006.29
1006.3
1006.3
1006.32
1006.35
1006.31
1006.1
1005.53
1004.42
1002.55
999.735
995.882
991.152
986.041
981.323
977.852
976.31
977.011
979.781
984.016
988.894
993.639
997.708
1000.85
1003.06
1004.5
1005.36
1005.84
1006.09
1006.21
1006.26
1006.28
1006.29
1006.29
1006.29
1006.29
1006.29
1006.29
1006.29
1006.29
1006.29
1006.29
1006.29
1006.29
1006.29
1006.29
1006.29
1006.29
1006.29
1006.29
1006.29
1006.29
1006.29
1006.29
1006.29
1006.29
1006.29
1006.29
1006.29
1006.29
1006.29
1006.29
1006.29
1006.29
1006.29
1006.29
1006.29
1006.29
1006.29
1006.29
1006.29
1006.29
1006.29
1006.29
1006.29
1006.29
1006.29
1006.29
1006.29
1006.29
1006.29
1006.29
1006.29
1006.29
1006.29
1006.29
1006.29
1006.29
1006.29
1006.29
1006.29
1006.29
1006.29
1006.29
1006.29
1006.29
1006.29
1006.29
1006.29
1006.29
1006.29
1006.3
1006.3
1006.33
1006.37
1006.3
1005.94
1005.04
1003.33
1000.5
996.269
990.534
983.583
976.175
969.408
964.443
962.229
963.236
967.252
973.418
980.54
987.487
993.467
998.111
1001.4
1003.55
1004.85
1005.58
1005.97
1006.15
1006.24
1006.27
1006.28
1006.29
1006.29
1006.29
1006.29
1006.29
1006.29
1006.29
1006.29
1006.29
1006.29
1006.29
1006.29
1006.29
1006.29
1006.29
1006.29
1006.29
1006.29
1006.29
1006.29
1006.29
1006.29
1006.29
1006.29
1006.29
1006.29
1006.29
1006.29
1006.29
1006.29
1006.29
1006.29
1006.29
1006.29
1006.29
1006.29
1006.29
1006.29
1006.29
1006.29
1006.29
1006.29
1006.29
1006.29
1006.29
1006.29
1006.29
1006.29
1006.29
1006.29
1006.29
1006.29
1006.29
1006.29
1006.29
1006.29
1006.29
1006.29
1006.29
1006.29
1006.29
1006.29
1006.29
1006.29
1006.29
1006.29
1006.29
1006.3
1006.3
1006.31
1006.35
1006.4
1006.27
1005.71
1004.35
1001.84
997.726
991.637
983.476
973.718
963.433
954.064
947.119
943.927
945.246
950.853
959.535
969.583
979.399
987.871
994.478
999.19
1002.29
1004.17
1005.24
1005.8
1006.08
1006.2
1006.26
1006.28
1006.29
1006.29
1006.29
1006.29
1006.29
1006.29
1006.29
1006.29
1006.29
1006.29
1006.29
1006.29
1006.29
1006.29
1006.29
1006.29
1006.29
1006.29
1006.29
1006.29
1006.29
1006.29
1006.29
1006.29
1006.29
1006.29
1006.29
1006.29
1006.29
1006.29
1006.29
1006.29
1006.29
1006.29
1006.29
1006.29
1006.29
1006.29
1006.29
1006.29
1006.29
1006.29
1006.29
1006.29
1006.29
1006.29
1006.29
1006.29
1006.29
1006.29
1006.29
1006.29
1006.29
1006.29
1006.29
1006.29
1006.29
1006.29
1006.29
1006.29
1006.29
1006.29
1006.29
1006.29
1006.29
1006.29
1006.3
1006.3
1006.29
1006.31
1006.37
1006.43
1006.23
1005.39
1003.44
999.904
994.186
985.793
974.68
961.562
947.819
935.203
925.644
921.061
922.695
930.309
942.171
955.883
969.265
980.831
989.882
996.37
1000.66
1003.29
1004.79
1005.59
1005.98
1006.16
1006.24
1006.27
1006.28
1006.29
1006.29
1006.29
1006.29
1006.29
1006.29
1006.29
1006.29
1006.29
1006.29
1006.29
1006.29
1006.29
1006.29
1006.29
1006.29
1006.29
1006.29
1006.29
1006.29
1006.29
1006.29
1006.29
1006.29
1006.29
1006.29
1006.29
1006.29
1006.29
1006.29
1006.29
1006.29
1006.29
1006.29
1006.29
1006.29
1006.29
1006.29
1006.29
1006.29
1006.29
1006.29
1006.29
1006.29
1006.29
1006.29
1006.29
1006.29
1006.29
1006.29
1006.29
1006.29
1006.29
1006.29
1006.29
1006.29
1006.29
1006.29
1006.29
1006.29
1006.29
1006.29
1006.29
1006.29
1006.29
1006.3
1006.3
1006.29
1006.3
1006.4
1006.48
1006.18
1004.98
1002.33
997.563
989.936
978.85
964.361
947.424
929.666
913.103
900.229
893.858
895.905
906.026
921.747
939.795
957.329
972.482
984.385
992.969
998.685
1002.21
1004.24
1005.32
1005.86
1006.11
1006.22
1006.27
1006.28
1006.29
1006.29
1006.29
1006.29
1006.29
1006.29
1006.29
1006.29
1006.29
1006.29
1006.29
1006.29
1006.29
1006.29
1006.29
1006.29
1006.29
1006.29
1006.29
1006.29
1006.29
1006.29
1006.29
1006.29
1006.29
1006.29
1006.29
1006.29
1006.29
1006.29
1006.29
1006.29
1006.29
1006.29
1006.29
1006.29
1006.29
1006.29
1006.29
1006.29
1006.29
1006.29
1006.29
1006.29
1006.29
1006.29
1006.29
1006.29
1006.29
1006.29
1006.29
1006.29
1006.29
1006.29
1006.29
1006.29
1006.29
1006.29
1006.29
1006.29
1006.29
1006.29
1006.29
1006.29
1006.29
1006.3
1006.3
1006.28
1006.3
1006.44
1006.55
1006.13
1004.53
1001.06
994.913
985.157
971.125
952.998
931.943
909.726
888.626
871.912
863.581
866.287
879.42
899.542
922.358
944.343
963.306
978.259
989.124
996.423
1000.97
1003.59
1005.01
1005.72
1006.05
1006.2
1006.26
1006.28
1006.29
1006.29
1006.29
1006.29
1006.29
1006.29
1006.29
1006.29
1006.29
1006.29
1006.29
1006.29
1006.29
1006.29
1006.29
1006.29
1006.29
1006.29
1006.29
1006.29
1006.29
1006.29
1006.29
1006.29
1006.29
1006.29
1006.29
1006.29
1006.29
1006.29
1006.29
1006.29
1006.29
1006.29
1006.29
1006.29
1006.29
1006.29
1006.29
1006.29
1006.29
1006.29
1006.29
1006.29
1006.29
1006.29
1006.29
1006.29
1006.29
1006.29
1006.29
1006.29
1006.29
1006.29
1006.29
1006.29
1006.29
1006.29
1006.29
1006.29
1006.29
1006.29
1006.29
1006.29
1006.29
1006.3
1006.31
1006.27
1006.29
1006.48
1006.63
1006.09
1004.06
999.735
992.136
980.166
963.122
941.323
916.087
889.254
863.42
842.805
832.656
836.251
852.65
877.421
905.125
931.504
954.133
972.02
985.125
994.023
999.622
1002.89
1004.66
1005.56
1005.98
1006.17
1006.25
1006.27
1006.28
1006.29
1006.29
1006.29
1006.29
1006.29
1006.29
1006.29
1006.29
1006.29
1006.29
1006.29
1006.29
1006.29
1006.29
1006.29
1006.29
1006.29
1006.29
1006.29
1006.29
1006.29
1006.29
1006.29
1006.29
1006.29
1006.29
1006.29
1006.29
1006.29
1006.29
1006.29
1006.29
1006.29
1006.29
1006.29
1006.29
1006.29
1006.29
1006.29
1006.29
1006.29
1006.29
1006.29
1006.29
1006.29
1006.29
1006.29
1006.29
1006.29
1006.29
1006.29
1006.29
1006.29
1006.29
1006.29
1006.29
1006.29
1006.29
1006.29
1006.29
1006.29
1006.29
1006.29
1006.29
1006.31
1006.32
1006.26
1006.27
1006.52
1006.73
1006.09
1003.66
998.497
989.483
975.381
955.484
930.245
901.088
869.942
839.791
815.775
804.063
808.363
827.718
857
889.508
920.034
945.923
966.334
981.38
991.713
998.297
1002.19
1004.31
1005.4
1005.91
1006.14
1006.24
1006.27
1006.28
1006.29
1006.29
1006.29
1006.29
1006.29
1006.29
1006.29
1006.29
1006.29
1006.29
1006.29
1006.29
1006.29
1006.29
1006.29
1006.29
1006.29
1006.29
1006.29
1006.29
1006.29
1006.29
1006.29
1006.29
1006.29
1006.29
1006.29
1006.29
1006.29
1006.29
1006.29
1006.29
1006.29
1006.29
1006.29
1006.29
1006.29
1006.29
1006.29
1006.29
1006.29
1006.29
1006.29
1006.29
1006.29
1006.29
1006.29
1006.29
1006.29
1006.29
1006.29
1006.29
1006.29
1006.29
1006.29
1006.29
1006.29
1006.29
1006.29
1006.29
1006.29
1006.29
1006.29
1006.28
1006.31
1006.33
1006.25
1006.24
1006.54
1006.84
1006.16
1003.4
997.504
987.241
971.278
948.922
920.746
888.29
853.634
820.184
793.641
780.447
784.636
805.929
839.142
876.251
910.695
939.412
961.809
978.321
989.758
997.139
1001.55
1003.99
1005.25
1005.85
1006.11
1006.23
1006.27
1006.28
1006.29
1006.29
1006.29
1006.29
1006.29
1006.29
1006.29
1006.29
1006.29
1006.29
1006.29
1006.29
1006.29
1006.29
1006.29
1006.29
1006.29
1006.29
1006.29
1006.29
1006.29
1006.29
1006.29
1006.29
1006.29
1006.29
1006.29
1006.29
1006.29
1006.29
1006.29
1006.29
1006.29
1006.29
1006.29
1006.29
1006.29
1006.29
1006.29
1006.29
1006.29
1006.29
1006.29
1006.29
1006.29
1006.29
1006.29
1006.29
1006.29
1006.29
1006.29
1006.29
1006.29
1006.29
1006.29
1006.29
1006.29
1006.29
1006.29
1006.29
1006.29
1006.29
1006.29
1006.28
1006.31
1006.34
1006.25
1006.2
1006.54
1006.95
1006.32
1003.36
996.916
985.692
968.307
944.103
913.747
878.918
841.951
806.587
778.546
763.888
766.93
788.7
824.71
865.82
903.828
934.965
958.828
976.276
988.393
996.289
1001.07
1003.74
1005.13
1005.8
1006.09
1006.22
1006.26
1006.28
1006.29
1006.29
1006.29
1006.29
1006.29
1006.29
1006.29
1006.29
1006.29
1006.29
1006.29
1006.29
1006.29
1006.29
1006.29
1006.29
1006.29
1006.29
1006.29
1006.29
1006.29
1006.29
1006.29
1006.29
1006.29
1006.29
1006.29
1006.29
1006.29
1006.29
1006.29
1006.29
1006.29
1006.29
1006.29
1006.29
1006.29
1006.29
1006.29
1006.29
1006.29
1006.29
1006.29
1006.29
1006.29
1006.29
1006.29
1006.29
1006.29
1006.29
1006.29
1006.29
1006.29
1006.29
1006.29
1006.29
1006.29
1006.29
1006.29
1006.29
1006.28
1006.29
1006.29
1006.27
1006.3
1006.36
1006.26
1006.15
1006.49
1007.05
1006.58
1003.6
996.862
985.059
966.833
941.562
909.979
873.919
836.028
800.244
771.841
756.129
757.569
778.534
815.675
859.353
899.941
932.812
957.563
975.418
987.771
995.859
1000.8
1003.6
1005.06
1005.76
1006.08
1006.21
1006.26
1006.28
1006.29
1006.29
1006.29
1006.29
1006.29
1006.29
1006.29
1006.29
1006.29
1006.29
1006.29
1006.29
1006.29
1006.29
1006.29
1006.29
1006.29
1006.29
1006.29
1006.29
1006.29
1006.29
1006.29
1006.29
1006.29
1006.29
1006.29
1006.29
1006.29
1006.29
1006.29
1006.29
1006.29
1006.29
1006.29
1006.29
1006.29
1006.29
1006.29
1006.29
1006.29
1006.29
1006.29
1006.29
1006.29
1006.29
1006.29
1006.29
1006.29
1006.29
1006.29
1006.29
1006.29
1006.29
1006.29
1006.29
1006.29
1006.29
1006.29
1006.29
1006.28
1006.29
1006.3
1006.27
1006.29
1006.38
1006.29
1006.1
1006.39
1007.09
1006.9
1004.12
997.411
985.477
967.06
941.606
909.869
873.813
836.402
801.616
774.058
758.214
758.45
777.953
814.438
858.521
899.899
933.284
958.116
975.799
987.944
995.898
1000.79
1003.57
1005.04
1005.75
1006.08
1006.21
1006.26
1006.28
1006.29
1006.29
1006.29
1006.29
1006.29
1006.29
1006.29
1006.29
1006.29
1006.29
1006.29
1006.29
1006.29
1006.29
1006.29
1006.29
1006.29
1006.29
1006.29
1006.29
1006.29
1006.29
1006.29
1006.29
1006.29
1006.29
1006.29
1006.29
1006.29
1006.29
1006.29
1006.29
1006.29
1006.29
1006.29
1006.29
1006.29
1006.29
1006.29
1006.29
1006.29
1006.29
1006.29
1006.29
1006.29
1006.29
1006.29
1006.29
1006.29
1006.29
1006.29
1006.29
1006.29
1006.29
1006.29
1006.29
1006.29
1006.29
1006.29
1006.29
1006.28
1006.29
1006.3
1006.28
1006.27
1006.38
1006.35
1006.08
1006.25
1007.04
1007.22
1004.9
998.566
986.967
969.009
944.253
913.437
878.595
842.937
810.362
784.774
769.837
769.566
787.398
821.786
864.11
904.228
936.608
960.524
977.388
988.885
996.398
1001.03
1003.68
1005.09
1005.77
1006.08
1006.21
1006.26
1006.28
1006.29
1006.29
1006.29
1006.29
1006.29
1006.29
1006.29
1006.29
1006.29
1006.29
1006.29
1006.29
1006.29
1006.29
1006.29
1006.29
1006.29
1006.29
1006.29
1006.29
1006.29
1006.29
1006.29
1006.29
1006.29
1006.29
1006.29
1006.29
1006.29
1006.29
1006.29
1006.29
1006.29
1006.29
1006.29
1006.29
1006.29
1006.29
1006.29
1006.29
1006.29
1006.29
1006.29
1006.29
1006.29
1006.29
1006.29
1006.29
1006.29
1006.29
1006.29
1006.29
1006.29
1006.29
1006.29
1006.29
1006.29
1006.29
1006.28
1006.29
1006.29
1006.28
1006.3
1006.29
1006.25
1006.36
1006.41
1006.12
1006.08
1006.86
1007.44
1005.83
1000.24
989.441
972.533
949.252
920.297
887.687
854.763
825.301
802.587
789.387
789.082
805.085
836.398
875.351
912.523
942.546
964.606
980.041
990.493
997.301
1001.5
1003.91
1005.19
1005.82
1006.1
1006.22
1006.27
1006.28
1006.29
1006.29
1006.29
1006.29
1006.29
1006.29
1006.29
1006.29
1006.29
1006.29
1006.29
1006.29
1006.29
1006.29
1006.29
1006.29
1006.29
1006.29
1006.29
1006.29
1006.29
1006.29
1006.29
1006.29
1006.29
1006.29
1006.29
1006.29
1006.29
1006.29
1006.29
1006.29
1006.29
1006.29
1006.29
1006.29
1006.29
1006.29
1006.29
1006.29
1006.29
1006.29
1006.29
1006.29
1006.29
1006.29
1006.29
1006.29
1006.29
1006.29
1006.29
1006.29
1006.29
1006.29
1006.29
1006.29
1006.29
1006.29
1006.28
1006.29
1006.29
1006.28
1006.3
1006.31
1006.25
1006.31
1006.45
1006.22
1005.96
1006.55
1007.47
1006.71
1002.25
992.706
977.365
956.182
929.809
900.15
870.527
844.655
825.393
814.483
814.442
828.545
856.226
890.775
923.809
950.46
969.949
983.487
992.594
998.501
1002.14
1004.22
1005.34
1005.88
1006.13
1006.23
1006.27
1006.28
1006.29
1006.29
1006.29
1006.29
1006.29
1006.29
1006.29
1006.29
1006.29
1006.29
1006.29
1006.29
1006.29
1006.29
1006.29
1006.29
1006.29
1006.29
1006.29
1006.29
1006.29
1006.29
1006.29
1006.29
1006.29
1006.29
1006.29
1006.29
1006.29
1006.29
1006.29
1006.29
1006.29
1006.29
1006.29
1006.29
1006.29
1006.29
1006.29
1006.29
1006.29
1006.29
1006.29
1006.29
1006.29
1006.29
1006.29
1006.29
1006.29
1006.29
1006.29
1006.29
1006.29
1006.29
1006.29
1006.29
1006.29
1006.29
1006.28
1006.28
1006.29
1006.28
1006.29
1006.32
1006.26
1006.26
1006.45
1006.35
1005.96
1006.2
1007.21
1007.32
1004.28
996.431
983.129
964.527
941.248
914.986
888.884
866.726
851.079
842.635
843.047
855.36
879.237
908.838
936.985
959.586
976.026
987.376
994.966
999.864
1002.87
1004.59
1005.51
1005.96
1006.16
1006.24
1006.27
1006.28
1006.29
1006.29
1006.29
1006.29
1006.29
1006.29
1006.29
1006.29
1006.29
1006.29
1006.29
1006.29
1006.29
1006.29
1006.29
1006.29
1006.29
1006.29
1006.29
1006.29
1006.29
1006.29
1006.29
1006.29
1006.29
1006.29
1006.29
1006.29
1006.29
1006.29
1006.29
1006.29
1006.29
1006.29
1006.29
1006.29
1006.29
1006.29
1006.29
1006.29
1006.29
1006.29
1006.29
1006.29
1006.29
1006.29
1006.29
1006.29
1006.29
1006.29
1006.29
1006.29
1006.29
1006.29
1006.29
1006.29
1006.29
1006.29
1006.29
1006.28
1006.29
1006.29
1006.28
1006.31
1006.29
1006.23
1006.38
1006.46
1006.09
1005.95
1006.73
1007.47
1005.94
1000.13
989.3
973.687
953.874
931.255
908.749
890.293
878.066
871.798
872.581
883.204
903.316
927.826
950.813
969.087
982.286
991.35
997.38
1001.25
1003.62
1004.97
1005.68
1006.03
1006.19
1006.25
1006.28
1006.29
1006.29
1006.29
1006.29
1006.29
1006.29
1006.29
1006.29
1006.29
1006.29
1006.29
1006.29
1006.29
1006.29
1006.29
1006.29
1006.29
1006.29
1006.29
1006.29
1006.29
1006.29
1006.29
1006.29
1006.29
1006.29
1006.29
1006.29
1006.29
1006.29
1006.29
1006.29
1006.29
1006.29
1006.29
1006.29
1006.29
1006.29
1006.29
1006.29
1006.29
1006.29
1006.29
1006.29
1006.29
1006.29
1006.29
1006.29
1006.29
1006.29
1006.29
1006.29
1006.29
1006.29
1006.29
1006.29
1006.29
1006.29
1006.29
1006.29
1006.28
1006.29
1006.29
1006.28
1006.3
1006.32
1006.24
1006.3
1006.48
1006.29
1005.91
1006.24
1007.15
1006.85
1003.18
995.151
982.883
966.806
947.949
929.143
914.362
905.062
900.317
901.154
910.105
926.574
946.12
964.067
978.13
988.197
995.075
999.632
1002.55
1004.31
1005.32
1005.85
1006.1
1006.22
1006.26
1006.28
1006.29
1006.29
1006.29
1006.29
1006.29
1006.29
1006.29
1006.29
1006.29
1006.29
1006.29
1006.29
1006.29
1006.29
1006.29
1006.29
1006.29
1006.29
1006.29
1006.29
1006.29
1006.29
1006.29
1006.29
1006.29
1006.29
1006.29
1006.29
1006.29
1006.29
1006.29
1006.29
1006.29
1006.29
1006.29
1006.29
1006.29
1006.29
1006.29
1006.29
1006.29
1006.29
1006.29
1006.29
1006.29
1006.29
1006.29
1006.29
1006.29
1006.29
1006.29
1006.29
1006.29
1006.29
1006.29
1006.29
1006.29
1006.29
1006.29
1006.29
1006.29
1006.28
1006.29
1006.28
1006.28
1006.32
1006.28
1006.25
1006.41
1006.42
1006.06
1005.98
1006.63
1006.94
1005.07
999.856
991.105
978.838
963.774
948.849
937.598
930.494
926.542
927.164
934.522
947.586
962.515
975.833
986.082
993.354
998.304
1001.57
1003.66
1004.91
1005.62
1005.99
1006.16
1006.24
1006.27
1006.28
1006.29
1006.29
1006.29
1006.29
1006.29
1006.29
1006.29
1006.29
1006.29
1006.29
1006.29
1006.29
1006.29
1006.29
1006.29
1006.29
1006.29
1006.29
1006.29
1006.29
1006.29
1006.29
1006.29
1006.29
1006.29
1006.29
1006.29
1006.29
1006.29
1006.29
1006.29
1006.29
1006.29
1006.29
1006.29
1006.29
1006.29
1006.29
1006.29
1006.29
1006.29
1006.29
1006.29
1006.29
1006.29
1006.29
1006.29
1006.29
1006.29
1006.29
1006.29
1006.29
1006.29
1006.29
1006.29
1006.29
1006.29
1006.29
1006.29
1006.29
1006.29
1006.28
1006.29
1006.29
1006.28
1006.3
1006.3
1006.26
1006.33
1006.43
1006.25
1006.03
1006.24
1006.55
1005.78
1002.93
997.371
988.599
977.275
966.31
958.169
952.492
948.921
949.387
955.381
965.386
976.225
985.544
992.575
997.53
1000.9
1003.13
1004.54
1005.38
1005.85
1006.1
1006.21
1006.26
1006.28
1006.29
1006.29
1006.29
1006.29
1006.29
1006.29
1006.29
1006.29
1006.29
1006.29
1006.29
1006.29
1006.29
1006.29
1006.29
1006.29
1006.29
1006.29
1006.29
1006.29
1006.29
1006.29
1006.29
1006.29
1006.29
1006.29
1006.29
1006.29
1006.29
1006.29
1006.29
1006.29
1006.29
1006.29
1006.29
1006.29
1006.29
1006.29
1006.29
1006.29
1006.29
1006.29
1006.29
1006.29
1006.29
1006.29
1006.29
1006.29
1006.29
1006.29
1006.29
1006.29
1006.29
1006.29
1006.29
1006.29
1006.29
1006.29
1006.29
1006.29
1006.29
1006.29
1006.29
1006.29
1006.29
1006.29
1006.29
1006.3
1006.29
1006.29
1006.37
1006.35
1006.2
1006.13
1006.17
1005.87
1004.55
1001.28
995.309
987.502
980.186
974.419
969.679
966.642
967.305
972.193
979.505
986.888
992.98
997.497
1000.68
1002.85
1004.28
1005.19
1005.73
1006.02
1006.17
1006.25
1006.27
1006.29
1006.29
1006.29
1006.29
1006.29
1006.29
1006.29
1006.29
1006.29
1006.29
1006.29
1006.29
1006.29
1006.29
1006.29
1006.29
1006.29
1006.29
1006.29
1006.29
1006.29
1006.29
1006.29
1006.29
1006.29
1006.29
1006.29
1006.29
1006.29
1006.29
1006.29
1006.29
1006.29
1006.29
1006.29
1006.29
1006.29
1006.29
1006.29
1006.29
1006.29
1006.29
1006.29
1006.29
1006.29
1006.29
1006.29
1006.29
1006.29
1006.29
1006.29
1006.29
1006.29
1006.29
1006.29
1006.29
1006.29
1006.29
1006.29
1006.29
1006.29
1006.29
1006.29
1006.29
1006.29
1006.29
1006.29
1006.29
1006.3
1006.3
1006.29
1006.32
1006.36
1006.31
1006.18
1006.06
1005.92
1005.29
1003.27
999.401
994.597
990.061
985.862
982.052
980.021
981.129
984.982
989.939
994.564
998.247
1000.96
1002.88
1004.21
1005.09
1005.64
1005.96
1006.14
1006.23
1006.27
1006.28
1006.29
1006.29
1006.29
1006.29
1006.29
1006.29
1006.29
1006.29
1006.29
1006.29
1006.29
1006.29
1006.29
1006.29
1006.29
1006.29
1006.29
1006.29
1006.29
1006.29
1006.29
1006.29
1006.29
1006.29
1006.29
1006.29
1006.29
1006.29
1006.29
1006.29
1006.29
1006.29
1006.29
1006.29
1006.29
1006.29
1006.29
1006.29
1006.29
1006.29
1006.29
1006.29
1006.29
1006.29
1006.29
1006.29
1006.29
1006.29
1006.29
1006.29
1006.29
1006.29
1006.29
1006.29
1006.29
1006.29
1006.29
1006.29
1006.29
1006.29
1006.29
1006.29
1006.29
1006.29
1006.29
1006.29
1006.29
1006.29
1006.29
1006.3
1006.3
1006.31
1006.34
1006.33
1006.24
1006.15
1006.05
1005.6
1004.26
1002
999.324
996.456
993.365
990.789
989.978
991.324
994.037
997.028
999.643
1001.7
1003.23
1004.33
1005.1
1005.62
1005.93
1006.12
1006.21
1006.26
1006.28
1006.29
1006.29
1006.29
1006.29
1006.29
1006.29
1006.29
1006.29
1006.29
1006.29
1006.29
1006.29
1006.29
1006.29
1006.29
1006.29
1006.29
1006.29
1006.29
1006.29
1006.29
1006.29
1006.29
1006.29
1006.29
1006.29
1006.29
1006.29
1006.29
1006.29
1006.29
1006.29
1006.29
1006.29
1006.29
1006.29
1006.29
1006.29
1006.29
1006.29
1006.29
1006.29
1006.29
1006.29
1006.29
1006.29
1006.29
1006.29
1006.29
1006.29
1006.29
1006.29
1006.29
1006.29
1006.29
1006.29
1006.29
1006.29
1006.29
1006.29
1006.29
1006.29
1006.29
1006.29
1006.29
1006.29
1006.29
1006.29
1006.29
1006.29
1006.29
1006.3
1006.31
1006.32
1006.32
1006.29
1006.26
1006.15
1005.78
1004.99
1003.82
1002.31
1000.38
998.38
997.121
997.149
998.256
999.831
1001.39
1002.73
1003.8
1004.62
1005.23
1005.66
1005.94
1006.11
1006.21
1006.26
1006.28
1006.29
1006.29
1006.29
1006.29
1006.29
1006.29
1006.29
1006.29
1006.29
1006.29
1006.29
1006.29
1006.29
1006.29
1006.29
1006.29
1006.29
1006.29
1006.29
1006.29
1006.29
1006.29
1006.29
1006.29
1006.29
1006.29
1006.29
1006.29
1006.29
1006.29
1006.29
1006.29
1006.29
1006.29
1006.29
1006.29
1006.29
1006.29
1006.29
1006.29
1006.29
1006.29
1006.29
1006.29
1006.29
1006.29
1006.29
1006.29
1006.29
1006.29
1006.29
1006.29
1006.29
1006.29
1006.29
1006.29
1006.29
1006.29
1006.29
1006.29
1006.29
1006.29
1006.29
1006.29
1006.29
1006.28
1006.29
1006.29
1006.29
1006.29
1006.29
1006.29
1006.3
1006.3
1006.31
1006.31
1006.32
1006.29
1006.2
1005.98
1005.61
1004.99
1004.05
1002.89
1001.93
1001.55
1001.78
1002.38
1003.12
1003.83
1004.47
1005.01
1005.44
1005.76
1005.98
1006.12
1006.21
1006.26
1006.28
1006.29
1006.29
1006.29
1006.29
1006.29
1006.29
1006.29
1006.29
1006.29
1006.29
1006.29
1006.29
1006.29
1006.29
1006.29
1006.29
1006.29
1006.29
1006.29
1006.29
1006.29
1006.29
1006.29
1006.29
1006.29
1006.29
1006.29
1006.29
1006.29
1006.29
1006.29
1006.29
1006.29
1006.29
1006.29
1006.29
1006.29
1006.29
1006.29
1006.29
1006.29
1006.29
1006.29
1006.29
1006.29
1006.29
1006.29
1006.29
1006.29
1006.29
1006.29
1006.29
1006.29
1006.29
1006.29
1006.29
1006.29
1006.29
1006.29
1006.29
1006.29
1006.29
1006.29
1006.29
1006.29
1006.29
1006.29
1006.29
1006.29
1006.29
1006.29
1006.29
1006.29
1006.29
1006.3
1006.31
1006.31
1006.31
1006.3
1006.26
1006.17
1005.98
1005.62
1005.11
1004.6
1004.26
1004.17
1004.28
1004.51
1004.8
1005.11
1005.42
1005.68
1005.89
1006.05
1006.15
1006.22
1006.26
1006.28
1006.29
1006.29
1006.29
1006.29
1006.29
1006.29
1006.29
1006.29
1006.29
1006.29
1006.29
1006.29
1006.29
1006.29
1006.29
1006.29
1006.29
1006.29
1006.29
1006.29
1006.29
1006.29
1006.29
1006.29
1006.29
1006.29
1006.29
1006.29
1006.29
1006.29
1006.29
1006.29
1006.29
1006.29
1006.29
1006.29
1006.29
1006.29
1006.29
1006.29
1006.29
1006.29
1006.29
1006.29
1006.29
1006.29
1006.29
1006.29
1006.29
1006.29
1006.29
1006.29
1006.29
1006.29
1006.29
1006.29
1006.29
1006.29
1006.29
1006.29
1006.29
1006.29
1006.29
1006.29
1006.29
1006.29
1006.29
1006.29
1006.29
1006.29
1006.29
1006.29
1006.29
1006.29
1006.29
1006.3
1006.3
1006.31
1006.31
1006.31
1006.29
1006.25
1006.15
1005.98
1005.78
1005.6
1005.48
1005.42
1005.43
1005.51
1005.63
1005.77
1005.9
1006.03
1006.12
1006.19
1006.24
1006.27
1006.29
1006.29
1006.29
1006.29
1006.29
1006.29
1006.29
1006.29
1006.29
1006.29
1006.29
1006.29
1006.29
1006.29
1006.29
1006.29
1006.29
1006.29
1006.29
1006.29
1006.29
1006.29
1006.29
1006.29
1006.29
1006.29
1006.29
1006.29
1006.29
1006.29
1006.29
1006.29
1006.29
1006.29
1006.29
1006.29
1006.29
1006.29
1006.29
1006.29
1006.29
1006.29
1006.29
1006.29
1006.29
1006.29
1006.29
1006.29
1006.29
1006.29
1006.29
1006.29
1006.29
1006.29
1006.29
1006.29
1006.29
1006.29
1006.29
1006.29
1006.29
1006.29
1006.29
1006.29
1006.29
1006.29
1006.29
1006.29
1006.29
1006.29
1006.29
1006.29
1006.29
1006.29
1006.29
1006.29
1006.29
1006.29
1006.3
1006.3
1006.31
1006.31
1006.3
1006.28
1006.24
1006.19
1006.12
1006.05
1005.99
1005.95
1005.95
1005.98
1006.03
1006.08
1006.14
1006.19
1006.23
1006.26
1006.28
1006.29
1006.29
1006.3
1006.29
1006.29
1006.29
1006.29
1006.29
1006.29
1006.29
1006.29
1006.29
1006.29
1006.29
1006.29
1006.29
1006.29
1006.29
1006.29
1006.29
1006.29
1006.29
1006.29
1006.29
1006.29
1006.29
1006.29
1006.29
1006.29
1006.29
1006.29
1006.29
1006.29
1006.29
1006.29
1006.29
1006.29
1006.29
1006.29
1006.29
1006.29
1006.29
1006.29
1006.29
1006.29
1006.29
1006.29
1006.29
1006.29
1006.29
1006.29
1006.29
1006.29
1006.29
1006.29
1006.29
1006.29
1006.29
1006.29
1006.29
1006.29
1006.29
1006.29
1006.29
1006.29
1006.29
1006.29
1006.29
1006.29
1006.29
1006.29
1006.29
1006.29
1006.29
1006.29
1006.29
1006.29
1006.29
1006.29
1006.29
1006.3
1006.3
1006.31
1006.31
1006.3
1006.29
1006.27
1006.24
1006.21
1006.19
1006.18
1006.18
1006.19
1006.2
1006.23
1006.25
1006.27
1006.28
1006.29
1006.3
1006.3
1006.3
1006.29
1006.29
1006.29
1006.29
1006.29
1006.29
1006.29
1006.29
1006.29
1006.29
1006.29
1006.29
1006.29
1006.29
1006.29
1006.29
1006.29
1006.29
1006.29
1006.29
1006.29
1006.29
1006.29
1006.29
1006.29
1006.29
1006.29
1006.29
1006.29
1006.29
1006.29
1006.29
1006.29
1006.29
1006.29
1006.29
1006.29
1006.29
1006.29
1006.29
1006.29
1006.29
1006.29
1006.29
1006.29
1006.29
1006.29
1006.29
1006.29
1006.29
1006.29
1006.29
1006.29
1006.29
1006.29
1006.29
1006.29
1006.29
1006.29
1006.29
1006.29
1006.29
1006.29
1006.29
1006.29
1006.29
1006.29
1006.29
1006.29
1006.29
1006.29
1006.29
1006.29
1006.29
1006.29
1006.29
1006.29
1006.29
1006.29
1006.3
1006.3
1006.31
1006.31
1006.3
1006.3
1006.29
1006.28
1006.27
1006.27
1006.27
1006.27
1006.27
1006.28
1006.29
1006.29
1006.3
1006.3
1006.3
1006.3
1006.3
1006.29
1006.29
1006.29
1006.29
1006.29
1006.29
1006.29
1006.29
1006.29
1006.29
1006.29
1006.29
1006.29
1006.29
1006.29
1006.29
1006.29
1006.29
1006.29
1006.29
1006.29
1006.29
1006.29
1006.29
1006.29
1006.29
1006.29
1006.29
1006.29
1006.29
1006.29
1006.29
1006.29
1006.29
1006.29
1006.29
1006.29
1006.29
1006.29
1006.29
1006.29
1006.29
1006.29
1006.29
1006.29
1006.29
1006.29
1006.29
1006.29
1006.29
1006.29
1006.29
1006.29
1006.29
1006.29
1006.29
1006.29
1006.29
1006.29
1006.29
1006.29
1006.29
1006.29
1006.29
1006.29
1006.29
1006.29
1006.29
1006.29
1006.29
1006.29
1006.29
1006.29
1006.29
1006.29
1006.29
1006.29
1006.29
1006.29
1006.29
1006.3
1006.3
1006.3
1006.3
1006.3
1006.3
1006.3
1006.3
1006.3
1006.3
1006.3
1006.3
1006.3
1006.3
1006.3
1006.3
1006.3
1006.3
1006.3
1006.29
1006.29
1006.29
1006.29
1006.29
1006.29
1006.29
1006.29
1006.29
1006.29
1006.29
1006.29
1006.29
1006.29
1006.29
1006.29
1006.29
1006.29
1006.29
1006.29
1006.29
1006.29
1006.29
1006.29
1006.29
1006.29
1006.29
1006.29
1006.29
1006.29
1006.29
1006.29
1006.29
1006.29
1006.29
1006.29
1006.29
1006.29
1006.29
1006.29
1006.29
1006.29
1006.29
1006.29
1006.29
1006.29
1006.29
1006.29
1006.29
1006.29
1006.29
1006.29
1006.29
1006.29
1006.29
1006.29
1006.29
1006.29
1006.29
1006.29
1006.29
1006.29
1006.29
1006.29
1006.29
1006.29
1006.29
1006.29
1006.29
1006.29
1006.29
1006.29
1006.29
1006.29
1006.29
1006.29
1006.29
1006.29
1006.29
1006.29
1006.29
1006.29
1006.3
1006.3
1006.3
1006.3
1006.3
1006.3
1006.3
1006.3
1006.3
1006.3
1006.3
1006.3
1006.3
1006.3
1006.3
1006.3
1006.29
1006.29
1006.29
1006.29
1006.29
1006.29
1006.29
1006.29
1006.29
1006.29
1006.29
1006.29
1006.29
1006.29
1006.29
1006.29
1006.29
1006.29
1006.29
1006.29
1006.29
1006.29
1006.29
1006.29
1006.29
1006.29
1006.29
1006.29
1006.29
1006.29
1006.29
1006.29
1006.29
1006.29
1006.29
1006.29
1006.29
1006.29
1006.29
1006.29
1006.29
1006.29
1006.29
1006.29
1006.29
1006.29
1006.29
1006.29
1006.29
1006.29
1006.29
1006.29
1006.29
1006.29
1006.29
1006.29
1006.29
1006.29
1006.29
1006.29
1006.29
1006.29
1006.29
1006.29
1006.29
1006.29
1006.29
1006.29
1006.29
1006.29
1006.29
1006.29
1006.29
1006.29
1006.29
1006.29
1006.29
1006.29
1006.29
1006.29
1006.29
1006.29
1006.29
1006.29
1006.29
1006.3
1006.3
1006.3
1006.3
1006.3
1006.3
1006.3
1006.3
1006.3
1006.3
1006.3
1006.3
1006.3
1006.3
1006.29
1006.29
1006.29
1006.29
1006.29
1006.29
1006.29
1006.29
1006.29
1006.29
1006.29
1006.29
1006.29
1006.29
1006.29
1006.29
1006.29
1006.29
1006.29
1006.29
1006.29
1006.29
1006.29
1006.29
1006.29
1006.29
1006.29
1006.29
1006.29
1006.29
1006.29
1006.29
1006.29
1006.29
1006.29
1006.29
1006.29
1006.29
1006.29
1006.29
1006.29
1006.29
1006.29
1006.29
1006.29
1006.29
1006.29
1006.29
1006.29
1006.29
1006.29
1006.29
1006.29
1006.29
1006.29
1006.29
1006.29
1006.29
1006.29
1006.29
1006.29
1006.29
1006.29
1006.29
1006.29
1006.29
1006.29
1006.29
1006.29
1006.29
1006.29
1006.29
1006.29
1006.29
1006.29
1006.29
1006.29
1006.29
1006.29
1006.29
1006.29
1006.29
1006.29
1006.29
1006.29
1006.29
1006.29
1006.29
1006.29
1006.3
1006.3
1006.3
1006.3
1006.3
1006.3
1006.3
1006.3
1006.3
1006.29
1006.29
1006.29
1006.29
1006.29
1006.29
1006.29
1006.29
1006.29
1006.29
1006.29
1006.29
1006.29
1006.29
1006.29
1006.29
1006.29
1006.29
1006.29
1006.29
1006.29
1006.29
1006.29
1006.29
1006.29
1006.29
1006.29
1006.29
1006.29
1006.29
1006.29
1006.29
1006.29
1006.29
1006.29
1006.29
1006.29
1006.29
1006.29
1006.29
1006.29
1006.29
1006.29
1006.29
1006.29
1006.29
1006.29
1006.29
1006.29
1006.29
1006.29
1006.29
1006.29
1006.29
1006.29
1006.29
1006.29
1006.29
1006.29
1006.29
1006.29
1006.29
1006.29
1006.29
1006.29
1006.29
1006.29
1006.29
1006.29
1006.29
1006.29
1006.29
1006.29
1006.29
1006.29
1006.29
1006.29
1006.29
1006.29
1006.29
1006.29
1006.29
1006.29
1006.29
1006.29
1006.29
1006.29
1006.29
1006.29
1006.29
1006.29
1006.29
1006.29
1006.29
1006.29
1006.29
1006.29
1006.29
1006.29
1006.29
1006.29
1006.29
1006.29
1006.29
1006.29
1006.29
1006.29
1006.29
1006.29
1006.29
1006.29
1006.29
1006.29
1006.29
1006.29
1006.29
1006.29
1006.29
1006.29
1006.29
1006.29
1006.29
1006.29
1006.29
1006.29
1006.29
1006.29
1006.29
1006.29
1006.29
1006.29
1006.29
1006.29
1006.29
1006.29
1006.29
1006.29
1006.29
1006.29
1006.29
1006.29
1006.29
1006.29
1006.29
1006.29
1006.29
1006.29
1006.29
1006.29
1006.29
1006.29
1006.29
1006.29
1006.29
1006.29
1006.29
1006.29
1006.29
1006.29
1006.29
1006.29
1006.29
1006.29
1006.29
1006.29
1006.29
1006.29
1006.29
1006.29
1006.29
1006.29
1006.29
1006.29
1006.29
1006.29
1006.29
1006.29
1006.29
1006.29
1006.29
1006.29
1006.29
1006.29
1006.29
1006.29
1006.29
1006.29
1006.29
1006.29
1006.29
1006.29
1006.29
1006.29
1006.29
1006.29
1006.29
1006.29
1006.29
1006.29
1006.29
1006.29
1006.29
1006.29
1006.29
1006.29
1006.29
1006.29
1006.29
1006.29
1006.29
1006.29
1006.29
1006.29
1006.29
1006.29
1006.29
1006.29
1006.29
1006.29
1006.29
1006.29
1006.29
1006.29
1006.29
1006.29
1006.29
1006.29
1006.29
1006.29
1006.29
1006.29
1006.29
1006.29
1006.29
1006.29
1006.29
1006.29
1006.29
1006.29
1006.29
1006.29
1006.29
1006.29
1006.29
1006.29
1006.29
1006.29
1006.29
1006.29
1006.29
1006.29
1006.29
1006.29
1006.29
1006.29
1006.29
1006.29
1006.29
1006.29
1006.29
1006.29
1006.29
1006.29
1006.29
1006.29
1006.29
1006.29
1006.29
1006.29
1006.29
1006.29
1006.29
1006.29
1006.29
1006.29
1006.29
1006.29
1006.29
1006.29
1006.29
1006.29
1006.29
1006.29
1006.29
1006.29
1006.29
1006.29
1006.29
1006.29
1006.29
1006.29
1006.29
1006.29
1006.29
1006.29
1006.29
1006.29
1006.29
1006.29
1006.29
1006.29
1006.29
1006.29
1006.29
1006.29
1006.29
1006.29
1006.29
1006.29
1006.29
1006.29
1006.29
1006.29
1006.29
1006.29
1006.29
1006.29
1006.29
1006.29
1006.29
1006.29
1006.29
1006.29
1006.29
1006.29
1006.29
1006.29
1006.29
1006.29
1006.29
1006.29
1006.29
1006.29
1006.29
1006.29
1006.29
1006.29
1006.29
1006.29
1006.29
1006.29
1006.29
1006.29
1006.29
1006.29
1006.29
1006.29
1006.29
1006.29
1006.29
1006.29
1006.29
1006.29
1006.29
1006.29
1006.29
1006.29
1006.29
1006.29
1006.29
1006.29
1006.29
1006.29
1006.29
1006.29
1006.29
1006.29
1006.29
1006.29
1006.29
1006.29
1006.29
1006.29
1006.29
1006.29
1006.29
1006.29
1006.29
1006.29
1006.29
1006.29
1006.29
1006.29
1006.29
1006.29
1006.29
1006.29
1006.29
1006.29
1006.29
1006.29
1006.29
1006.29
1006.29
1006.29
1006.29
1006.29
1006.29
1006.29
1006.29
1006.29
1006.29
1006.29
1006.29
1006.29
1006.29
1006.29
1006.29
1006.29
1006.29
1006.29
1006.29
1006.29
1006.29
1006.29
1006.29
1006.29
1006.29
1006.29
1006.29
1006.29
1006.29
1006.29
1006.29
1006.29
1006.29
1006.29
1006.29
1006.29
1006.29
1006.29
1006.29
1006.29
1006.29
1006.29
1006.29
1006.29
1006.29
1006.29
1006.29
1006.29
1006.29
1006.29
1006.29
1006.29
1006.29
1006.29
1006.29
1006.29
1006.29
1006.29
1006.29
1006.29
1006.29
1006.29
1006.29
1006.29
1006.29
1006.29
1006.29
1006.29
1006.29
1006.29
1006.29
1006.29
1006.29
1006.29
1006.29
1006.29
1006.29
1006.29
1006.29
1006.29
1006.29
1006.29
1006.29
1006.29
1006.29
1006.29
1006.29
1006.29
1006.29
1006.29
1006.29
1006.29
1006.29
1006.29
1006.29
1006.29
1006.29
1006.29
1006.29
1006.29
1006.29
1006.29
1006.29
1006.29
1006.29
1006.29
1006.29
1006.29
1006.29
1006.29
1006.29
1006.29
1006.29
1006.29
1006.29
1006.29
1006.29
1006.29
1006.29
1006.29
1006.29
1006.29
1006.29
1006.29
1006.29
1006.29
1006.29
1006.29
1006.29
1006.29
1006.29
1006.29
1006.29
1006.29
1006.29
1006.29
1006.29
1006.29
1006.29
1006.29
1006.29
1006.29
1006.29
1006.29
1006.29
1006.29
1006.29
1006.29
1006.29
1006.29
1006.29
1006.29
1006.29
1006.29
1006.29
1006.29
1006.29
1006.29
1006.29
1006.29
1006.29
1006.29
1006.29
1006.29
1006.29
1006.29
1006.29
1006.29
1006.29
1006.29
1006.29
1006.29
1006.29
1006.29
1006.29
1006.29
1006.29
1006.29
1006.29
1006.29
1006.29
1006.29
1006.29
1006.29
1006.29
1006.29
1006.29
1006.29
1006.29
1006.29
1006.29
1006.29
1006.29
1006.29
1006.29
1006.29
1006.29
1006.29
1006.29
1006.29
1006.29
1006.29
1006.29
1006.29
1006.29
1006.29
1006.29
1006.29
1006.29
1006.29
1006.29
1006.29
1006.29
1006.29
1006.29
1006.29
1006.29
1006.29
1006.29
1006.29
1006.29
1006.29
1006.29
1006.29
1006.29
1006.29
1006.29
1006.29
1006.29
1006.29
1006.29
1006.29
1006.29
1006.29
1006.29
1006.29
1006.29
1006.29
1006.29
1006.29
1006.29
1006.29
1006.29
1006.29
1006.29
1006.29
1006.29
1006.29
1006.29
1006.29
1006.29
1006.29
1006.29
1006.29
1006.29
1006.29
1006.29
1006.29
1006.29
1006.29
1006.29
1006.29
1006.29
1006.29
1006.29
1006.29
1006.29
1006.29
1006.29
1006.29
1006.29
1006.29
1006.29
1006.29
1006.29
1006.29
1006.29
1006.29
1006.29
1006.29
1006.29
1006.29
1006.29
1006.29
1006.29
1006.29
1006.29
1006.29
1006.29
1006.29
1006.29
1006.29
1006.29
1006.29
1006.29
1006.29
1006.29
1006.29
1006.29
1006.29
1006.29
1006.29
1006.29
1006.29
1006.29
1006.29
1006.29
1006.29
1006.29
1006.29
1006.29
1006.29
1006.29
1006.29
1006.29
1006.29
1006.29
1006.29
1006.29
1006.29
1006.29
1006.29
1006.29
1006.29
1006.29
1006.29
1006.29
1006.29
1006.29
1006.29
1006.29
1006.29
1006.29
1006.29
1006.29
1006.29
1006.29
1006.29
1006.29
1006.29
1006.29
1006.29
1006.29
1006.29
1006.29
1006.29
1006.29
1006.29
1006.29
1006.29
1006.29
1006.29
1006.29
1006.29
1006.29
1006.29
1006.29
1006.29
1006.29
1006.29
1006.29
1006.29
1006.29
1006.29
1006.29
1006.29
1006.29
1006.29
1006.29
1006.29
1006.29
1006.29
1006.29
1006.29
1006.29
1006.29
1006.29
1006.29
1006.29
1006.29
1006.29
1006.29
1006.29
1006.29
1006.29
1006.29
1006.29
1006.29
1006.29
1006.29
1006.29
1006.29
1006.29
1006.29
1006.29
1006.29
1006.29
1006.29
1006.29
1006.29
1006.29
1006.29
1006.29
1006.29
1006.29
1006.29
1006.29
1006.29
1006.29
1006.29
1006.29
1006.29
1006.29
1006.29
1006.29
1006.29
1006.29
1006.29
1006.29
1006.29
1006.29
1006.29
1006.29
1006.29
1006.29
1006.29
1006.29
1006.29
1006.29
1006.29
1006.29
1006.29
1006.29
1006.29
1006.29
1006.29
1006.29
1006.29
1006.29
1006.29
1006.29
1006.29
1006.29
1006.29
1006.29
1006.29
1006.29
1006.29
1006.29
1006.29
1006.29
1006.29
1006.29
1006.29
1006.29
1006.29
1006.29
1006.29
1006.29
1006.29
1006.29
1006.29
1006.29
1006.29
1006.29
1006.29
1006.29
1006.29
1006.29
1006.29
1006.29
1006.29
1006.29
1006.29
1006.29
1006.29
1006.29
1006.29
1006.29
1006.29
1006.29
1006.29
1006.29
1006.29
1006.29
1006.29
1006.29
1006.29
1006.29
1006.29
1006.29
1006.29
1006.29
1006.29
1006.29
1006.29
1006.29
1006.29
1006.29
1006.29
1006.29
1006.29
1006.29
1006.29
1006.29
1006.29
1006.29
1006.29
1006.29
1006.29
1006.29
1006.29
1006.29
1006.29
1006.29
1006.29
1006.29
1006.29
1006.29
1006.29
1006.29
1006.29
1006.29
1006.29
1006.29
1006.29
1006.29
1006.29
1006.29
1006.29
1006.29
1006.29
1006.29
1006.29
1006.29
1006.29
1006.29
1006.29
1006.29
1006.29
1006.29
1006.29
1006.29
1006.29
1006.29
1006.29
1006.29
1006.29
1006.29
1006.29
1006.29
1006.29
1006.29
1006.29
1006.29
1006.29
1006.29
1006.29
1006.29
1006.29
1006.29
1006.29
1006.29
1006.29
1006.29
1006.29
1006.29
1006.29
1006.29
1006.29
1006.29
1006.29
1006.29
1006.29
1006.29
1006.29
1006.29
1006.29
1006.29
1006.29
1006.29
1006.29
1006.29
1006.29
1006.29
1006.29
1006.29
1006.29
1006.29
1006.29
1006.29
1006.29
1006.29
1006.29
1006.29
1006.29
1006.29
1006.29
1006.29
1006.29
1006.29
1006.29
1006.29
1006.29
1006.29
1006.29
1006.29
1006.29
1006.29
1006.29
1006.29
1006.29
1006.29
1006.29
1006.29
1006.29
1006.29
1006.29
1006.29
1006.29
1006.29
1006.29
1006.29
1006.29
1006.29
1006.29
1006.29
1006.29
1006.29
1006.29
1006.29
1006.29
1006.29
1006.29
1006.29
1006.29
1006.29
1006.29
1006.29
1006.29
1006.29
1006.29
1006.29
1006.29
1006.29
1006.29
1006.29
1006.29
1006.29
1006.29
1006.29
1006.29
1006.29
1006.29
1006.29
1006.29
1006.29
1006.29
1006.29
1006.29
1006.29
1006.29
1006.29
1006.29
1006.29
1006.29
1006.29
1006.29
1006.29
1006.29
1006.29
1006.29
1006.29
1006.29
1006.29
1006.29
1006.29
1006.29
1006.29
1006.29
1006.29
1006.29
1006.29
1006.29
1006.29
1006.29
1006.29
1006.29
1006.29
1006.29
1006.29
1006.29
1006.29
1006.29
1006.29
1006.29
1006.29
1006.29
1006.29
1006.29
1006.29
1006.29
1006.29
1006.29
1006.29
1006.29
1006.29
1006.29
1006.29
1006.29
1006.29
1006.29
1006.29
1006.29
1006.29
1006.29
1006.29
1006.29
1006.29
1006.29
1006.29
1006.29
1006.29
1006.29
1006.29
1006.29
1006.29
1006.29
1006.29
1006.29
1006.29
1006.29
1006.29
1006.29
1006.29
1006.29
1006.29
1006.29
1006.29
1006.29
1006.29
1006.29
1006.29
1006.29
1006.29
1006.29
1006.29
1006.29
1006.29
1006.29
1006.29
1006.29
1006.29
1006.29
1006.29
1006.29
1006.29
1006.29
1006.29
1006.29
1006.29
1006.29
1006.29
1006.29
1006.29
1006.29
1006.29
1006.29
1006.29
1006.29
1006.29
1006.29
1006.29
1006.29
1006.29
1006.29
1006.29
1006.29
1006.29
1006.29
1006.29
1006.29
1006.29
1006.29
1006.29
1006.29
1006.29
1006.29
1006.29
1006.29
1006.29
1006.29
1006.29
1006.29
1006.29
1006.29
1006.29
1006.29
1006.29
1006.29
1006.29
1006.29
1006.29
1006.29
1006.29
1006.29
1006.29
1006.29
1006.29
1006.29
1006.29
1006.29
1006.29
1006.29
1006.29
1006.29
1006.29
1006.29
1006.29
1006.29
1006.29
1006.29
1006.29
1006.29
1006.29
1006.29
1006.29
1006.29
1006.29
1006.29
1006.29
1006.29
1006.29
1006.29
1006.29
1006.29
1006.29
1006.29
1006.29
1006.29
1006.29
1006.29
1006.29
1006.29
1006.29
1006.29
1006.29
1006.29
1006.29
1006.29
1006.29
1006.29
1006.29
1006.29
1006.29
1006.29
1006.29
1006.29
1006.29
1006.29
1006.29
1006.29
1006.29
1006.29
1006.29
1006.29
1006.29
1006.29
1006.29
1006.29
1006.29
1006.29
1006.29
1006.29
1006.29
1006.29
1006.29
1006.29
1006.29
1006.29
1006.29
1006.29
1006.29
1006.29
1006.29
1006.29
1006.29
1006.29
1006.29
1006.29
1006.29
1006.29
1006.29
1006.29
1006.29
1006.29
1006.29
1006.29
1006.29
1006.29
1006.29
1006.29
1006.29
1006.29
1006.29
1006.29
1006.29
1006.29
1006.29
1006.29
1006.29
1006.29
1006.29
1006.29
1006.29
1006.29
1006.29
1006.29
1006.29
1006.29
1006.29
1006.29
1006.29
1006.29
1006.29
1006.29
1006.29
1006.29
1006.29
1006.29
1006.29
1006.29
1006.29
1006.29
1006.29
1006.29
1006.29
1006.29
1006.29
1006.29
1006.29
1006.29
1006.29
1006.29
1006.29
1006.29
1006.29
1006.29
1006.29
1006.29
1006.29
1006.29
1006.29
1006.29
1006.29
1006.29
1006.29
1006.29
1006.29
1006.29
1006.29
1006.29
1006.29
1006.29
1006.29
1006.29
1006.29
1006.29
1006.29
1006.29
1006.29
1006.29
1006.29
1006.29
1006.29
1006.29
1006.29
1006.29
1006.29
1006.29
1006.29
1006.29
1006.29
1006.29
1006.29
1006.29
1006.29
1006.29
1006.29
1006.29
1006.29
1006.29
1006.29
1006.29
1006.29
1006.29
1006.29
1006.29
1006.29
1006.29
1006.29
1006.29
1006.29
1006.29
1006.29
1006.29
1006.29
1006.29
1006.29
1006.29
1006.29
1006.29
1006.29
1006.29
1006.29
1006.29
1006.29
1006.29
1006.29
1006.29
1006.29
1006.29
1006.29
1006.29
1006.29
1006.29
1006.29
1006.29
1006.29
1006.29
1006.29
1006.29
1006.29
1006.29
1006.29
1006.29
1006.29
1006.29
1006.29
1006.29
1006.29
1006.29
1006.29
1006.29
1006.29
1006.29
1006.29
1006.29
1006.29
1006.29
1006.29
1006.29
1006.29
1006.29
1006.29
1006.29
1006.29
1006.29
1006.29
1006.29
1006.29
1006.29
1006.29
1006.29
1006.29
1006.29
1006.29
1006.29
1006.29
1006.29
1006.29
1006.29
1006.29
1006.29
1006.29
1006.29
1006.29
1006.29
1006.29
1006.29
1006.29
1006.29
1006.29
1006.29
1006.29
1006.29
1006.29
1006.29
1006.29
1006.29
1006.29
1006.29
1006.29
1006.29
1006.29
1006.29
1006.29
1006.29
1006.29
1006.29
1006.29
1006.29
1006.29
1006.29
1006.29
1006.29
1006.29
1006.29
1006.29
1006.29
1006.29
1006.29
1006.29
1006.29
1006.29
1006.29
1006.29
1006.29
1006.29
1006.29
1006.29
1006.29
1006.29
1006.29
1006.29
1006.29
1006.29
1006.29
1006.29
1006.29
1006.29
1006.29
1006.29
1006.29
1006.29
1006.29
1006.29
1006.29
1006.29
1006.29
1006.29
1006.29
1006.29
1006.29
1006.29
1006.29
1006.29
1006.29
1006.29
1006.29
1006.29
1006.29
1006.29
1006.29
1006.29
1006.29
1006.29
1006.29
1006.29
1006.29
1006.29
1006.29
1006.29
1006.29
1006.29
1006.29
1006.29
1006.29
1006.29
1006.29
1006.29
1006.29
1006.29
1006.29
1006.29
1006.29
1006.29
1006.29
1006.29
1006.29
1006.29
1006.29
1006.29
1006.29
1006.29
1006.29
1006.29
1006.29
1006.29
1006.29
1006.29
1006.29
1006.29
1006.29
1006.29
1006.29
1006.29
1006.29
1006.29
1006.29
1006.29
1006.29
1006.29
1006.29
1006.29
1006.29
1006.29
1006.29
1006.29
1006.29
1006.29
1006.29
1006.29
1006.29
1006.29
1006.29
1006.29
1006.29
1006.29
1006.29
1006.29
1006.29
1006.29
1006.29
1006.29
1006.29
1006.29
1006.29
1006.29
1006.29
1006.29
1006.29
1006.29
1006.29
1006.29
1006.29
1006.29
1006.29
1006.29
1006.29
1006.29
1006.29
1006.29
1006.29
1006.29
1006.29
1006.29
1006.29
1006.29
1006.29
1006.29
1006.29
1006.29
1006.29
1006.29
1006.29
1006.29
1006.29
1006.29
1006.29
1006.29
1006.29
1006.29
1006.29
1006.29
1006.29
1006.29
1006.29
1006.29
1006.29
1006.29
1006.29
1006.29
1006.29
1006.29
1006.29
1006.29
1006.29
1006.29
1006.29
1006.29
1006.29
1006.29
1006.29
1006.29
1006.29
1006.29
1006.29
1006.29
1006.29
1006.29
1006.29
1006.29
1006.29
1006.29
1006.29
1006.29
1006.29
1006.29
1006.29
1006.29
1006.29
1006.29
1006.29
1006.29
1006.29
1006.29
1006.29
1006.29
1006.29
1006.29
1006.29
1006.29
1006.29
1006.29
1006.29
1006.29
1006.29
1006.29
1006.29
1006.29
1006.29
1006.29
1006.29
1006.29
1006.29
1006.29
1006.29
1006.29
1006.29
1006.29
1006.29
1006.29
1006.29
1006.29
1006.29
1006.29
1006.29
1006.29
1006.29
1006.29
1006.29
1006.29
1006.29
1006.29
1006.29
1006.29
1006.29
1006.29
1006.29
1006.29
1006.29
1006.29
1006.29
1006.29
1006.29
1006.29
1006.29
1006.29
1006.29
1006.29
1006.29
1006.29
1006.29
1006.29
1006.29
1006.29
1006.29
1006.29
1006.29
1006.29
1006.29
1006.29
1006.29
1006.29
1006.29
1006.29
1006.29
1006.29
1006.29
1006.29
1006.29
1006.29
1006.29
1006.29
1006.29
1006.29
1006.29
1006.29
1006.29
1006.29
1006.29
1006.29
1006.29
1006.29
1006.29
1006.29
1006.29
1006.29
1006.29
1006.29
1006.29
1006.29
1006.29
1006.29
1006.29
1006.29
1006.29
1006.29
1006.29
1006.29
1006.29
1006.29
1006.29
1006.29
1006.29
1006.29
1006.29
1006.29
1006.29
1006.29
1006.29
1006.29
1006.29
1006.29
1006.29
1006.29
1006.29
1006.29
1006.29
1006.29
1006.29
1006.29
1006.29
1006.29
1006.29
1006.29
1006.29
1006.29
1006.29
1006.29
1006.29
1006.29
1006.29
1006.29
1006.29
1006.29
1006.29
1006.29
1006.29
1006.29
1006.29
1006.29
1006.29
1006.29
1006.29
1006.29
1006.29
1006.29
1006.29
1006.29
1006.29
1006.29
1006.29
1006.29
1006.29
1006.29
1006.29
1006.29
1006.29
1006.29
1006.29
1006.29
1006.29
1006.29
1006.29
1006.29
1006.29
1006.29
1006.29
1006.29
1006.29
1006.29
1006.29
1006.29
1006.29
1006.29
1006.29
1006.29
1006.29
1006.29
1006.29
1006.29
1006.29
1006.29
1006.29
1006.29
1006.29
1006.29
1006.29
1006.29
1006.29
1006.29
1006.29
1006.29
1006.29
1006.29
1006.29
1006.29
1006.29
1006.29
1006.29
1006.29
1006.29
1006.29
1006.29
1006.29
1006.29
1006.29
1006.29
1006.29
1006.29
1006.29
1006.29
1006.29
1006.29
1006.29
1006.29
1006.29
1006.29
1006.29
1006.29
1006.29
1006.29
1006.29
1006.29
1006.29
1006.29
1006.29
1006.29
1006.29
1006.29
1006.29
1006.29
1006.29
1006.29
1006.29
1006.29
1006.29
1006.29
1006.29
1006.29
1006.29
1006.29
1006.29
1006.29
1006.29
1006.29
1006.29
1006.29
1006.29
1006.29
1006.29
1006.29
1006.29
1006.29
1006.29
1006.29
1006.29
1006.29
1006.29
1006.29
1006.29
1006.29
1006.29
1006.29
1006.29
1006.29
1006.29
1006.29
1006.29
1006.29
1006.29
1006.29
1006.29
1006.29
1006.29
1006.29
1006.29
1006.29
1006.29
1006.29
1006.29
1006.29
1006.29
1006.29
1006.29
1006.29
1006.29
1006.29
1006.29
1006.29
1006.29
1006.29
1006.29
1006.29
1006.29
1006.29
1006.29
1006.29
1006.29
1006.29
1006.29
1006.29
1006.29
1006.29
1006.29
1006.29
1006.29
1006.29
1006.29
1006.29
1006.29
1006.29
1006.29
1006.29
1006.29
1006.29
1006.29
1006.29
1006.29
1006.29
1006.29
1006.29
1006.29
1006.29
1006.29
1006.29
1006.29
1006.29
1006.29
1006.29
1006.29
1006.29
1006.29
1006.29
1006.29
1006.29
1006.29
1006.29
1006.29
1006.29
1006.29
1006.29
1006.29
1006.29
1006.29
1006.29
1006.29
1006.29
1006.29
1006.29
1006.29
1006.29
1006.29
1006.29
1006.29
1006.29
1006.29
1006.29
1006.29
1006.29
1006.29
1006.29
1006.29
1006.29
1006.29
1006.29
1006.29
1006.29
1006.29
1006.29
1006.29
1006.29
1006.29
1006.29
1006.29
1006.29
1006.29
1006.29
1006.29
1006.29
1006.29
1006.29
1006.29
1006.29
1006.29
1006.29
1006.29
1006.29
1006.29
1006.29
1006.29
1006.29
1006.29
1006.29
1006.29
1006.29
1006.29
1006.29
1006.29
1006.29
1006.29
1006.29
1006.29
1006.29
1006.29
1006.29
1006.29
1006.29
1006.29
1006.29
1006.29
1006.29
1006.29
1006.29
1006.29
1006.29
1006.29
1006.29
1006.29
1006.29
1006.29
1006.29
1006.29
1006.29
1006.29
1006.29
1006.29
1006.29
1006.29
1006.29
1006.29
1006.29
1006.29
1006.29
1006.29
1006.29
1006.29
1006.29
1006.29
1006.29
1006.29
1006.29
1006.29
1006.29
1006.29
1006.29
1006.29
1006.29
1006.29
1006.29
1006.29
1006.29
1006.29
1006.29
1006.29
1006.29
1006.29
1006.29
1006.29
1006.29
1006.29
1006.29
1006.29
1006.29
1006.29
1006.29
1006.29
1006.29
1006.29
1006.29
1006.29
1006.29
1006.29
1006.29
1006.29
1006.29
1006.29
1006.29
1006.29
1006.29
1006.29
1006.29
1006.29
1006.29
1006.29
1006.29
1006.29
1006.29
1006.29
1006.29
1006.29
1006.29
1006.29
1006.29
1006.29
1006.29
1006.29
1006.29
1006.29
1006.29
1006.29
1006.29
1006.29
1006.29
1006.29
1006.29
1006.29
1006.29
1006.29
1006.29
1006.29
1006.29
1006.29
1006.29
1006.29
1006.29
1006.29
1006.29
1006.29
1006.29
1006.29
1006.29
1006.29
1006.29
1006.29
1006.29
1006.29
1006.29
1006.29
1006.29
1006.29
1006.29
1006.29
1006.29
1006.29
1006.29
1006.29
1006.29
1006.29
1006.29
1006.29
1006.29
1006.29
1006.29
1006.29
1006.29
1006.29
1006.29
1006.29
1006.29
1006.29
1006.29
1006.29
1006.29
1006.29
1006.29
1006.29
1006.29
1006.29
1006.29
1006.29
1006.29
1006.29
1006.29
1006.29
1006.29
1006.29
1006.29
1006.29
1006.29
1006.29
1006.29
1006.29
1006.29
1006.29
1006.29
1006.29
1006.29
1006.29
1006.29
1006.29
1006.29
1006.29
1006.29
1006.29
1006.29
1006.29
1006.29
1006.29
1006.29
1006.29
1006.29
1006.29
1006.29
1006.29
1006.29
1006.29
1006.29
1006.29
1006.29
1006.29
1006.29
1006.29
1006.29
1006.29
1006.29
1006.29
1006.29
1006.29
1006.29
1006.29
1006.29
1006.29
1006.29
1006.29
1006.29
1006.29
1006.29
1006.29
1006.29
1006.29
1006.29
1006.29
1006.29
1006.29
1006.29
1006.29
1006.29
1006.29
1006.29
1006.29
1006.29
1006.29
1006.29
1006.29
1006.29
1006.29
1006.29
1006.29
1006.29
1006.29
1006.29
1006.29
1006.29
1006.29
1006.29
1006.29
1006.29
1006.29
1006.29
1006.29
1006.29
1006.29
1006.29
1006.29
1006.29
1006.29
1006.29
1006.29
1006.29
1006.29
1006.29
1006.29
1006.29
1006.29
1006.29
1006.29
1006.29
1006.29
1006.29
1006.29
1006.29
1006.29
1006.29
1006.29
1006.29
1006.29
1006.29
1006.29
1006.29
1006.29
1006.29
1006.29
1006.29
1006.29
1006.29
1006.29
1006.29
1006.29
1006.29
1006.29
1006.29
1006.29
1006.29
1006.29
1006.29
1006.29
1006.29
1006.29
1006.29
1006.29
1006.29
1006.29
1006.29
1006.29
1006.29
1006.29
1006.29
1006.29
1006.29
1006.29
1006.29
1006.29
1006.29
1006.29
1006.29
1006.29
1006.29
1006.29
1006.29
1006.29
1006.29
1006.29
1006.29
1006.29
1006.29
1006.29
1006.29
1006.29
1006.29
1006.29
1006.29
1006.29
1006.29
1006.29
1006.29
1006.29
1006.29
1006.29
1006.29
1006.29
1006.29
1006.29
1006.29
1006.29
1006.29
1006.29
1006.29
1006.29
1006.29
1006.29
1006.29
1006.29
1006.29
1006.29
1006.29
1006.29
1006.29
1006.29
1006.29
1006.29
1006.29
1006.29
1006.29
1006.29
1006.29
1006.29
1006.29
1006.29
1006.29
1006.29
1006.29
1006.29
1006.29
1006.29
1006.29
1006.29
1006.29
1006.29
1006.29
1006.29
1006.29
1006.29
1006.29
1006.29
1006.29
1006.29
1006.29
1006.29
1006.29
1006.29
1006.29
1006.29
1006.29
1006.29
1006.29
1006.29
1006.29
1006.29
1006.29
1006.29
1006.29
1006.29
1006.29
1006.29
1006.29
1006.29
1006.29
1006.29
1006.29
1006.29
1006.29
1006.29
1006.29
1006.29
1006.29
1006.29
1006.29
1006.29
1006.29
1006.29
1006.29
1006.29
1006.29
1006.29
1006.29
1006.29
1006.29
1006.29
1006.29
1006.29
1006.29
1006.29
1006.29
1006.29
1006.29
1006.29
1006.29
1006.29
1006.29
1006.29
1006.29
1006.29
1006.29
1006.29
1006.29
1006.29
1006.29
1006.29
1006.29
1006.29
1006.29
1006.29
1006.29
1006.29
1006.29
1006.29
1006.29
1006.29
1006.29
1006.29
1006.29
1006.29
1006.29
1006.29
1006.29
1006.29
1006.29
1006.29
1006.29
1006.29
1006.29
1006.29
1006.29
1006.29
1006.29
1006.29
1006.29
1006.29
1006.29
1006.29
1006.29
1006.29
1006.29
1006.29
1006.29
1006.29
1006.29
1006.29
1006.29
1006.29
1006.29
1006.29
1006.29
1006.29
1006.29
1006.29
1006.29
1006.29
1006.29
1006.29
1006.29
1006.29
1006.29
1006.29
1006.29
1006.29
1006.29
1006.29
1006.29
1006.29
1006.29
1006.29
1006.29
1006.29
1006.29
1006.29
1006.29
1006.29
1006.29
1006.29
1006.29
1006.29
1006.29
1006.29
1006.29
1006.29
1006.29
1006.29
1006.29
1006.29
1006.29
1006.29
1006.29
1006.29
1006.29
1006.29
1006.29
1006.29
1006.29
1006.29
1006.29
1006.29
1006.29
1006.29
1006.29
1006.29
1006.29
1006.29
1006.29
1006.29
1006.29
1006.29
1006.29
1006.29
1006.29
1006.29
1006.29
1006.29
1006.29
1006.29
1006.29
1006.29
1006.29
1006.29
1006.29
1006.29
1006.29
1006.29
1006.29
1006.29
1006.29
1006.29
1006.29
1006.29
1006.29
1006.29
1006.29
1006.29
1006.29
1006.29
1006.29
1006.29
1006.29
1006.29
1006.29
1006.29
1006.29
1006.29
1006.29
1006.29
1006.29
1006.29
1006.29
1006.29
1006.29
1006.29
1006.29
1006.29
1006.29
1006.29
1006.29
1006.29
1006.29
1006.29
1006.29
1006.29
1006.29
1006.29
1006.29
1006.29
1006.29
1006.29
1006.29
1006.29
1006.29
1006.29
1006.29
1006.29
1006.29
1006.29
1006.29
1006.29
1006.29
1006.29
1006.29
1006.29
1006.29
1006.29
1006.29
1006.29
1006.29
1006.29
1006.29
1006.29
1006.29
1006.29
1006.29
1006.29
1006.29
1006.29
1006.29
1006.29
1006.29
1006.29
1006.29
1006.29
1006.29
1006.29
1006.29
1006.29
1006.29
1006.29
1006.29
1006.29
1006.29
1006.29
1006.29
1006.29
1006.29
1006.29
1006.29
1006.29
1006.29
1006.29
1006.29
1006.29
1006.29
1006.29
1006.29
1006.29
1006.29
1006.29
1006.29
1006.29
1006.29
1006.29
1006.29
1006.29
1006.29
1006.29
1006.29
1006.29
1006.29
1006.29
1006.29
1006.29
1006.29
1006.29
1006.29
1006.29
1006.29
1006.29
1006.29
1006.29
1006.29
1006.29
1006.29
1006.29
1006.29
1006.29
1006.29
1006.29
1006.29
1006.29
1006.29
1006.29
1006.29
1006.29
1006.29
1006.29
1006.29
1006.29
1006.29
1006.29
1006.29
1006.29
1006.29
1006.29
1006.29
1006.29
1006.29
1006.29
1006.29
1006.29
1006.29
1006.29
1006.29
1006.29
1006.29
1006.29
1006.29
1006.29
1006.29
1006.29
1006.29
1006.29
1006.29
1006.29
1006.29
1006.29
1006.29
1006.29
1006.29
1006.29
1006.29
1006.29
1006.29
1006.29
1006.29
1006.29
1006.29
1006.29
1006.29
1006.29
1006.29
1006.29
1006.29
1006.29
1006.29
1006.29
1006.29
1006.29
1006.29
1006.29
1006.29
1006.29
1006.29
1006.29
1006.29
1006.29
1006.29
1006.29
1006.29
1006.29
1006.29
1006.29
1006.29
1006.29
1006.29
1006.29
1006.29
1006.29
1006.29
1006.29
1006.29
1006.29
1006.29
1006.29
1006.29
1006.29
1006.29
1006.29
1006.29
1006.29
1006.29
1006.29
1006.29
1006.29
1006.29
1006.29
1006.29
1006.29
1006.29
1006.29
1006.29
1006.29
1006.29
1006.29
1006.29
1006.29
1006.29
1006.29
1006.29
1006.29
1006.29
1006.29
1006.29
1006.29
1006.29
1006.29
1006.29
1006.29
1006.29
1006.29
1006.29
1006.29
1006.29
1006.29
1006.29
1006.29
1006.29
1006.29
1006.29
1006.29
1006.29
1006.29
1006.29
1006.29
1006.29
1006.29
1006.29
1006.29
1006.29
1006.29
1006.29
1006.29
1006.29
1006.29
1006.29
1006.29
1006.29
1006.29
1006.29
1006.29
1006.29
1006.29
1006.29
1006.29
1006.29
1006.29
1006.29
1006.29
1006.29
1006.29
1006.29
1006.29
1006.29
1006.29
1006.29
1006.29
1006.29
1006.29
1006.29
1006.29
1006.29
1006.29
1006.29
1006.29
1006.29
1006.29
1006.29
1006.29
1006.29
1006.29
1006.29
1006.29
1006.29
1006.29
1006.29
1006.29
1006.29
1006.29
1006.29
1006.29
1006.29
1006.29
1006.29
1006.29
1006.29
1006.29
1006.29
1006.29
1006.29
1006.29
1006.29
1006.29
1006.29
1006.29
1006.29
1006.29
1006.29
1006.29
1006.29
1006.29
1006.29
1006.29
1006.29
1006.29
1006.29
1006.29
1006.29
1006.29
1006.29
1006.29
1006.29
1006.29
1006.29
1006.29
1006.29
1006.29
1006.29
1006.29
1006.29
1006.29
1006.29
1006.29
1006.29
1006.29
1006.29
1006.29
1006.29
1006.29
1006.29
1006.29
1006.29
1006.29
1006.29
1006.29
1006.29
1006.29
1006.29
1006.29
1006.29
1006.29
1006.29
1006.29
1006.29
1006.29
1006.29
1006.29
1006.29
1006.29
1006.29
1006.29
1006.29
1006.29
1006.29
1006.29
1006.29
1006.29
1006.29
1006.29
1006.29
1006.29
1006.29
1006.29
1006.29
1006.29
1006.29
1006.29
1006.29
1006.29
1006.29
1006.29
1006.29
1006.29
1006.29
1006.29
1006.29
1006.29
1006.29
1006.29
1006.29
1006.29
1006.29
1006.29
1006.29
1006.29
1006.29
1006.29
1006.29
1006.29
1006.29
1006.29
1006.29
1006.29
1006.29
1006.29
1006.29
1006.29
1006.29
1006.29
1006.29
1006.29
1006.29
1006.29
1006.29
1006.29
1006.29
1006.29
1006.29
1006.29
1006.29
1006.29
1006.29
1006.29
1006.29
1006.29
1006.29
1006.29
1006.29
1006.29
1006.29
1006.29
1006.29
1006.29
1006.29
1006.29
1006.29
1006.29
1006.29
1006.29
1006.29
1006.29
1006.29
1006.29
1006.29
1006.29
1006.29
1006.29
1006.29
1006.29
1006.29
1006.29
1006.29
1006.29
1006.29
1006.29
1006.29
1006.29
1006.29
1006.29
1006.29
1006.29
1006.29
1006.29
1006.29
1006.29
1006.29
1006.29
1006.29
1006.29
1006.29
1006.29
1006.29
1006.29
1006.29
1006.29
1006.29
1006.29
1006.29
1006.29
1006.29
1006.29
1006.29
1006.29
1006.29
1006.29
1006.29
1006.29
1006.29
1006.29
1006.29
1006.29
1006.29
1006.29
1006.29
1006.29
1006.29
1006.29
1006.29
1006.29
1006.29
1006.29
1006.29
1006.29
1006.29
1006.29
1006.29
1006.29
1006.29
1006.29
1006.29
1006.29
1006.29
1006.29
1006.29
1006.29
1006.29
1006.29
1006.29
1006.29
1006.29
1006.29
1006.29
1006.29
1006.29
1006.29
1006.29
1006.29
1006.29
1006.29
1006.29
1006.29
1006.29
1006.29
1006.29
1006.29
1006.29
1006.29
1006.29
1006.29
1006.29
1006.29
1006.29
1006.29
1006.29
1006.29
1006.29
1006.29
1006.29
1006.29
1006.29
1006.29
1006.29
1006.29
1006.29
1006.29
1006.29
1006.29
1006.29
1006.29
1006.29
1006.29
1006.29
1006.29
1006.29
1006.29
1006.29
1006.29
1006.29
1006.29
1006.29
1006.29
1006.29
1006.29
1006.29
1006.29
1006.29
1006.29
1006.29
1006.29
1006.29
1006.29
1006.29
1006.29
1006.29
1006.29
1006.29
1006.29
1006.29
1006.29
1006.29
1006.29
1006.29
1006.29
1006.29
1006.29
1006.29
1006.29
1006.29
1006.29
1006.29
1006.29
1006.29
1006.29
1006.29
1006.29
1006.29
1006.29
1006.29
1006.29
1006.29
1006.29
1006.29
1006.29
1006.29
1006.29
1006.29
1006.29
1006.29
1006.29
1006.29
1006.29
1006.29
1006.29
1006.29
1006.29
1006.29
1006.29
1006.29
1006.29
1006.29
1006.29
1006.29
1006.29
1006.29
1006.29
1006.29
1006.29
1006.29
1006.29
1006.29
1006.29
1006.29
1006.29
1006.29
1006.29
1006.29
1006.29
1006.29
1006.29
1006.29
1006.29
1006.29
1006.29
1006.29
1006.29
1006.29
1006.29
1006.29
1006.29
1006.29
1006.29
1006.29
1006.29
1006.29
1006.29
1006.29
1006.29
1006.29
1006.29
1006.29
1006.29
1006.29
1006.29
1006.29
1006.29
1006.29
1006.29
1006.29
1006.29
1006.29
1006.29
1006.29
1006.29
1006.29
1006.29
1006.29
1006.29
1006.29
1006.29
1006.29
1006.29
1006.29
1006.29
1006.29
1006.29
1006.29
1006.29
1006.29
1006.29
1006.29
1006.29
1006.29
1006.29
1006.29
1006.29
1006.29
1006.29
1006.29
1006.29
1006.29
1006.29
1006.29
1006.29
1006.29
1006.29
1006.29
1006.29
1006.29
1006.29
1006.29
1006.29
1006.29
1006.29
1006.29
1006.29
1006.29
)
;

boundaryField
{
    emptyPatches_empt
    {
        type            empty;
    }
    top_cyc
    {
        type            cyclic;
    }
    bottom_cyc
    {
        type            cyclic;
    }
    inlet_cyc
    {
        type            cyclic;
    }
    outlet_cyc
    {
        type            cyclic;
    }
}


// ************************************************************************* //
