/*--------------------------------*- C++ -*----------------------------------*\
  =========                 |
  \\      /  F ield         | OpenFOAM: The Open Source CFD Toolbox
   \\    /   O peration     | Website:  https://openfoam.org
    \\  /    A nd           | Version:  6
     \\/     M anipulation  |
\*---------------------------------------------------------------------------*/
FoamFile
{
    version     2.0;
    format      ascii;
    class       volScalarField;
    location    "3.73";
    object      epsilon;
}
// * * * * * * * * * * * * * * * * * * * * * * * * * * * * * * * * * * * * * //

dimensions      [0 2 -3 0 0 0 0];

internalField   nonuniform List<scalar> 
4214
(
0.0152356
0.00777565
0.00470521
0.00338511
0.00287288
0.00282492
0.00316381
0.00399608
0.00565505
0.00886881
0.0151021
0.0270609
0.048944
0.0859639
0.14125
0.194638
0.188341
0.140947
0.122079
0.112006
0.096972
0.0859136
0.0813045
0.0804945
0.0802568
0.0777792
0.0717214
0.0624674
0.0512437
0.0394343
0.0285159
0.0195537
0.0129337
0.00845752
0.00568126
0.00415758
0.00358408
0.00388815
0.00533936
0.00893094
0.0177265
0.00702372
0.00428792
0.00313166
0.00266894
0.00258763
0.00280639
0.00338098
0.0045144
0.00665484
0.0107147
0.0184689
0.0330695
0.0592137
0.102301
0.163828
0.214854
0.197437
0.150512
0.136152
0.128934
0.115345
0.104918
0.10164
0.103228
0.106018
0.10665
0.102885
0.0939953
0.0809829
0.0652532
0.0490207
0.0343762
0.0227362
0.0144285
0.00901933
0.00579585
0.00408437
0.00342867
0.00363864
0.00486413
0.00797138
0.00363205
0.00282365
0.00247256
0.00239464
0.00254213
0.00295267
0.00375598
0.00523224
0.00794732
0.0130167
0.0225491
0.0401446
0.0709146
0.12034
0.187001
0.232755
0.208022
0.162252
0.150922
0.147348
0.137106
0.128643
0.127343
0.131852
0.138558
0.142998
0.142072
0.135485
0.122734
0.104267
0.0823791
0.0602105
0.0408308
0.0259693
0.0157617
0.00941017
0.00578704
0.0039204
0.00315673
0.00311943
0.00370753
0.00261774
0.002325
0.00224458
0.00234245
0.00264382
0.00323397
0.00429278
0.0061744
0.00957332
0.0158295
0.0274083
0.0483598
0.0841638
0.140204
0.211601
0.251769
0.221696
0.178985
0.169926
0.17164
0.166141
0.160155
0.161001
0.168503
0.179055
0.188733
0.192622
0.189424
0.178619
0.159166
0.132522
0.10197
0.0721236
0.0470807
0.0286547
0.0166093
0.0094954
0.00562139
0.00369625
0.00288744
0.00271009
0.00217785
0.00211001
0.00218035
0.00240997
0.00286114
0.00365297
0.00501308
0.00737442
0.0115716
0.0191824
0.0330305
0.0575842
0.0986049
0.161505
0.236109
0.271881
0.240471
0.199582
0.190475
0.198323
0.200457
0.198879
0.202846
0.214285
0.229902
0.246023
0.2565
0.258806
0.25138
0.232525
0.202762
0.164396
0.122279
0.0831164
0.0519485
0.0301609
0.0167318
0.00920018
0.00527714
0.00339503
0.00259793
0.00198551
0.00204414
0.00222739
0.0025842
0.00320284
0.00423163
0.00594697
0.00886391
0.013963
0.023059
0.0393096
0.0675261
0.113667
0.182232
0.259407
0.294088
0.265129
0.22515
0.212833
0.225046
0.237777
0.24309
0.251212
0.268098
0.29206
0.319302
0.339899
0.349707
0.348094
0.331313
0.299075
0.253363
0.197773
0.140304
0.0911978
0.0542577
0.0300908
0.0160342
0.00852734
0.00479246
0.00309454
0.00192923
0.00208115
0.00237378
0.0028733
0.00369058
0.0049995
0.00712585
0.0106642
0.016736
0.0273674
0.0459855
0.0776006
0.128205
0.200836
0.279963
0.318674
0.296882
0.25766
0.238768
0.24853
0.270999
0.286307
0.300695
0.322639
0.353729
0.392891
0.429812
0.45518
0.467636
0.461114
0.430685
0.377114
0.307064
0.22676
0.153036
0.0944057
0.0534236
0.0283567
0.0145788
0.00756954
0.00431281
0.00196565
0.00220881
0.00262784
0.00329925
0.00435604
0.00599093
0.00857755
0.0127763
0.0198281
0.0319106
0.0526008
0.0869006
0.140303
0.214761
0.29533
0.343088
0.334878
0.300413
0.274161
0.273801
0.296023
0.318104
0.339111
0.363419
0.394866
0.435017
0.482349
0.529909
0.5709
0.596684
0.592696
0.544138
0.457259
0.352648
0.246132
0.157443
0.0917926
0.0493719
0.0251634
0.012556
0.00657565
0.00208416
0.0024351
0.00301356
0.00389638
0.0052404
0.00724319
0.0103222
0.0151724
0.0231136
0.0363697
0.0584879
0.0941586
0.14805
0.221215
0.301636
0.360476
0.373202
0.352969
0.3256
0.312584
0.321009
0.336727
0.353158
0.370131
0.391324
0.422493
0.468081
0.528206
0.598602
0.668751
0.718247
0.719651
0.654276
0.52917
0.38099
0.24994
0.150617
0.0827661
0.0424679
0.0208833
0.0103771
0.00229498
0.00278454
0.00357103
0.00471215
0.00639523
0.00879529
0.0123707
0.0177946
0.0264085
0.0403281
0.0628458
0.0980181
0.149467
0.217645
0.294294
0.360257
0.39669
0.400846
0.386224
0.369623
0.361695
0.360081
0.36038
0.361552
0.366088
0.378742
0.40771
0.460624
0.540962
0.644563
0.753257
0.828816
0.825817
0.725242
0.557417
0.379971
0.233462
0.131338
0.0684498
0.0336612
0.0162266
0.00262654
0.00329901
0.00435988
0.00580971
0.00788578
0.0106903
0.0147312
0.0205699
0.0295128
0.0433718
0.0649754
0.0974954
0.143549
0.203169
0.271112
0.336115
0.38625
0.415132
0.422916
0.41684
0.405165
0.391641
0.377381
0.363208
0.350816
0.344851
0.353722
0.38814
0.457415
0.567579
0.710616
0.851776
0.930067
0.890739
0.734383
0.524736
0.333383
0.192802
0.102569
0.0508366
0.0242486
0.00312985
0.00404291
0.00546671
0.00727332
0.00979933
0.0129861
0.0174338
0.0234584
0.0323139
0.0452964
0.0646747
0.0926488
0.130873
0.179066
0.233993
0.289654
0.339684
0.378676
0.402566
0.41082
0.406412
0.39332
0.375458
0.355799
0.336568
0.324186
0.323746
0.34441
0.399474
0.501789
0.654151
0.83171
0.972432
0.999559
0.877986
0.656276
0.427388
0.250953
0.136016
0.0690224
0.0332171
0.00389146
0.00511422
0.00701984
0.00922157
0.0122647
0.0157812
0.0205792
0.0265381
0.0349371
0.0463544
0.0625953
0.0848746
0.114134
0.149921
0.190198
0.232267
0.273047
0.308961
0.335364
0.349697
0.352544
0.345587
0.332935
0.318156
0.304893
0.296567
0.298132
0.317734
0.369113
0.468481
0.625268
0.823153
1.00265
1.07279
0.975153
0.746242
0.49128
0.289241
0.15741
0.0807576
0.0396428
0.00506212
0.00666706
0.00921841
0.0118354
0.0154883
0.0192593
0.0244016
0.0300904
0.0378631
0.0473862
0.0602705
0.0768395
0.0977072
0.12254
0.150064
0.179651
0.209249
0.237211
0.259518
0.273527
0.279549
0.278298
0.273091
0.266677
0.26195
0.262837
0.272765
0.30018
0.358521
0.465743
0.635863
0.855241
1.05954
1.14319
1.03738
0.785015
0.507593
0.292992
0.157571
0.080858
0.0401946
0.00691758
0.00895872
0.0123968
0.0154168
0.0198211
0.0237516
0.0293317
0.0346493
0.0419383
0.0497161
0.0598419
0.0717869
0.0861497
0.103117
0.121558
0.142759
0.163936
0.185365
0.203334
0.215599
0.2227
0.224784
0.225007
0.224816
0.22722
0.236224
0.255076
0.294535
0.367398
0.493326
0.689633
0.935443
1.15529
1.21794
1.06386
0.76372
0.46956
0.259409
0.13617
0.0692961
0.0350457
0.0099983
0.012441
0.01718
0.0204973
0.0258939
0.0298244
0.0360679
0.0409664
0.0482208
0.0547222
0.0632612
0.0723298
0.0827233
0.0954866
0.108464
0.125823
0.141745
0.159326
0.173745
0.18454
0.191759
0.19532
0.198419
0.201256
0.207629
0.223331
0.250291
0.306392
0.399601
0.551222
0.783426
1.05253
1.27743
1.26765
1.03153
0.671228
0.386925
0.19884
0.103623
0.0520354
0.0275961
0.01549
0.0178861
0.0248686
0.0279529
0.0349298
0.0383521
0.0457462
0.0498857
0.0578408
0.0633168
0.0716112
0.0793856
0.0879639
0.0998014
0.109538
0.126754
0.138274
0.15492
0.165135
0.175486
0.181399
0.185361
0.188765
0.192797
0.200834
0.226158
0.25847
0.345365
0.462023
0.662489
0.902741
1.18363
1.38755
1.23197
0.94848
0.508754
0.295201
0.131006
0.0758415
0.0353351
0.021842
0.0106239
0.0143339
0.0178742
0.0201145
0.0197799
0.0168628
0.0128674
0.00907811
0.0061082
0.00406945
0.00285223
0.00229293
0.00228826
0.00296972
0.00529548
0.0159471
0.0417906
0.00703123
0.00815978
0.00950572
0.0104257
0.0103364
0.00919871
0.00749814
0.00575759
0.00428524
0.00319827
0.00250522
0.00217742
0.00222559
0.0028541
0.0050865
0.0161194
0.0423583
0.00417473
0.00484604
0.0054348
0.00581748
0.00581417
0.00539398
0.004699
0.00392244
0.00321056
0.00264534
0.00226399
0.00208883
0.00218206
0.00278747
0.0049524
0.0162871
0.0431157
0.00342334
0.00351489
0.00364734
0.00374464
0.0037272
0.00356246
0.0032788
0.00293729
0.00259977
0.00231359
0.00211318
0.00203519
0.00216134
0.00275233
0.00488936
0.0162684
0.0443491
0.00292008
0.00289991
0.00289013
0.00287266
0.00282736
0.00273892
0.00260765
0.00244844
0.00228392
0.00213815
0.00203647
0.00201626
0.00216485
0.00274699
0.00484735
0.0161145
0.0454706
0.0028336
0.00272498
0.00263868
0.00256415
0.00249299
0.00241764
0.0023337
0.00224234
0.0021504
0.00206941
0.00201736
0.0020291
0.00219188
0.00276587
0.00481047
0.0157306
0.0462894
0.00279789
0.00268823
0.0025879
0.00249612
0.00241229
0.00233466
0.002261
0.0021903
0.00212454
0.00207002
0.00204072
0.00206915
0.00224011
0.00280234
0.00476051
0.0150882
0.0467632
0.00281896
0.0027132
0.00261353
0.00252039
0.00243422
0.00235513
0.00228277
0.00221702
0.00215926
0.0021144
0.00209501
0.00213214
0.00230622
0.00284932
0.00468879
0.0142436
0.0471438
0.00287248
0.00277416
0.00267915
0.00258834
0.0025028
0.00242338
0.00235071
0.00228558
0.00222987
0.0021886
0.00217408
0.00221574
0.00238799
0.00290409
0.00460688
0.0133348
0.0479042
0.00291331
0.00282899
0.00274506
0.00266304
0.0025841
0.00250934
0.0024399
0.00237732
0.0023243
0.0022864
0.00227576
0.00231978
0.00248665
0.00297272
0.00454439
0.0125415
0.0496711
0.00299805
0.00291688
0.00283889
0.00276302
0.00268933
0.00261857
0.00255212
0.00249201
0.00244151
0.00240657
0.00239897
0.00244441
0.00260646
0.00306852
0.00453865
0.0120111
0.0529375
0.0030487
0.00298261
0.0029155
0.00284889
0.00278373
0.00272095
0.00266188
0.00260857
0.00256445
0.0025357
0.0025343
0.00258569
0.0027512
0.00320556
0.00462214
0.0118365
0.0580408
0.00314843
0.00307897
0.00301323
0.00294982
0.00288858
0.0028302
0.00277613
0.00272868
0.00269159
0.00267152
0.00268108
0.00274633
0.00292807
0.00339722
0.00482002
0.0120694
0.0651468
0.00320751
0.00315516
0.00310029
0.00304513
0.00299127
0.00294041
0.00289456
0.0028564
0.0028301
0.00282307
0.00284913
0.00293616
0.00314726
0.00365729
0.00515753
0.0127536
0.0743019
0.00331837
0.00325923
0.00320458
0.00315309
0.00310516
0.00306205
0.00302565
0.0029987
0.00298589
0.00299569
0.00304385
0.0031615
0.0034177
0.00400214
0.00566934
0.0139434
0.085489
0.00338609
0.00334614
0.00330351
0.0032621
0.00322445
0.00319268
0.00316902
0.00315674
0.00316147
0.00319333
0.00327098
0.0034308
0.00375316
0.00445757
0.0064076
0.0157059
0.0986571
0.00350761
0.00345947
0.00341867
0.00338434
0.00335709
0.00333816
0.00332961
0.00333526
0.00336206
0.00342249
0.00353941
0.00375733
0.00417561
0.00506347
0.00744548
0.0181346
0.113722
0.00358699
0.00356084
0.00353491
0.00351456
0.00350223
0.00349983
0.00351019
0.00353841
0.0035936
0.0036917
0.00386173
0.00416106
0.00471844
0.00587743
0.0088788
0.0213547
0.130459
0.0037208
0.00368809
0.00366881
0.00366125
0.00366523
0.00368209
0.00371543
0.00377215
0.00386428
0.00401279
0.00425608
0.00467094
0.0054285
0.00697448
0.0108208
0.0255188
0.148572
0.00381731
0.00381074
0.00381086
0.00382236
0.00384705
0.00388774
0.00394999
0.00404348
0.00418459
0.00440172
0.00474727
0.00532565
0.00636514
0.00844135
0.0133895
0.0307948
0.167933
0.00396648
0.00395862
0.00397229
0.00400314
0.00405143
0.00412104
0.00421985
0.00436136
0.00456813
0.00487934
0.00536702
0.00617236
0.00759524
0.0103655
0.0166893
0.037339
0.188223
0.0040867
0.00410983
0.00414766
0.00420326
0.00428041
0.00438608
0.00453177
0.00473635
0.00503115
0.00547017
0.00615126
0.00726129
0.00918461
0.0128255
0.0208122
0.0453686
0.209967
0.00425454
0.00428469
0.00434335
0.0044259
0.00453729
0.00468765
0.00489314
0.00517991
0.00559092
0.00619924
0.0071342
0.00863554
0.0111819
0.0158663
0.0258013
0.0550706
0.233629
0.00440471
0.00446992
0.00455733
0.00467227
0.00482497
0.00503043
0.00531116
0.00570273
0.00626267
0.00708679
0.00833999
0.0103194
0.013605
0.0194892
0.0316367
0.0664831
0.25997
0.00459365
0.00467644
0.00479279
0.00494475
0.00514643
0.00541839
0.00579121
0.00631191
0.00705505
0.00814151
0.0097738
0.0123085
0.0164298
0.0236485
0.0382718
0.0793577
0.289383
0.00477623
0.00489718
0.00504919
0.00524472
0.00550384
0.00585407
0.0063358
0.00700915
0.00796736
0.00935722
0.0114189
0.0145685
0.0195963
0.0282495
0.045536
0.0928152
0.321171
0.00498248
0.0051342
0.00532614
0.00557233
0.00589786
0.00633786
0.00694346
0.00778903
0.00898687
0.0107092
0.0132319
0.0170285
0.0229941
0.0331191
0.053083
0.106138
0.353455
0.0051908
0.005382
0.00561991
0.00592433
0.0063253
0.00686555
0.00760651
0.00863651
0.0100859
0.0121502
0.0151371
0.0195696
0.0264334
0.0379312
0.0602786
0.118293
0.38275
0.00540516
0.0056358
0.00592373
0.0062923
0.00677613
0.00742434
0.00830688
0.00952377
0.0112174
0.0136002
0.0170016
0.021978
0.0295851
0.0421759
0.0663237
0.127789
0.403642
0.00562036
0.00589171
0.00623053
0.00666416
0.00723191
0.00798792
0.00900698
0.0103937
0.0122978
0.0149384
0.0186543
0.0240152
0.0321014
0.0453228
0.0703573
0.13296
0.410469
0.00583367
0.00614474
0.00653212
0.0070262
0.00766965
0.00851998
0.00965418
0.0111772
0.0132349
0.0160394
0.0199195
0.0254305
0.0336284
0.0468675
0.0716362
0.132595
0.399796
0.00604538
0.00639463
0.00682687
0.00737361
0.00807829
0.008998
0.0102076
0.0118067
0.013931
0.016775
0.0206389
0.0260328
0.0339383
0.0465562
0.0699222
0.126662
0.372383
0.00625684
0.00664311
0.00711637
0.00770759
0.00845811
0.0094207
0.0106627
0.0122715
0.0143651
0.0171124
0.0207758
0.0258081
0.0330848
0.044571
0.0656344
0.116263
0.332984
0.0064705
0.00689352
0.00740554
0.00803511
0.00881918
0.00980333
0.0110437
0.0126113
0.0146018
0.0171547
0.0204917
0.0250017
0.0314426
0.0415109
0.0598017
0.103365
0.288048
0.00668997
0.00715175
0.00770332
0.00837008
0.0091834
0.0101805
0.0114056
0.0129133
0.0147779
0.0171112
0.0200989
0.0240732
0.0296858
0.0383613
0.0538854
0.0902823
0.243262
0.00691938
0.00742482
0.00802161
0.00873206
0.00958253
0.0106033
0.0118292
0.0133033
0.0150853
0.0172697
0.020021
0.0236431
0.0287109
0.0363901
0.0496199
0.0793785
0.20233
0.00716202
0.00772003
0.00837327
0.00914265
0.0100522
0.0111291
0.0124049
0.01392
0.0157333
0.0179423
0.020723
0.0243959
0.0295138
0.0370075
0.0489498
0.0731652
0.167011
0.00741664
0.00804103
0.00876895
0.00962183
0.0106256
0.0118105
0.0132137
0.0148858
0.0169037
0.0193992
0.0226122
0.0269613
0.033063
0.0416745
0.0541242
0.0748505
0.137678
0.0076672
0.00837533
0.00920446
0.0101766
0.0113225
0.0126833
0.0143136
0.0162913
0.0187386
0.021869
0.0260705
0.0319806
0.0403716
0.051946
0.0678275
0.0892837
0.113927
0.00786888
0.00865859
0.00960827
0.0107463
0.0121088
0.0137482
0.0157456
0.0182301
0.0214162
0.0256918
0.0317481
0.0405473
0.0529785
0.0700999
0.0941475
0.125321
0.0950139
0.0183202
0.0196696
0.0210959
0.0224956
0.0237947
0.024939
0.0258992
0.0266563
0.0272071
0.0275554
0.0277152
0.0277063
0.0275518
0.0272749
0.0268894
0.0263995
0.0257917
0.0250474
0.0241565
0.0231303
0.0215872
0.0201389
0.0191617
0.0182192
0.0173114
0.0164396
0.0156051
0.0148098
0.0140546
0.0133403
0.0126649
0.0120265
0.0114205
0.0108416
0.0102835
0.0097479
0.00924588
0.00880149
0.00843939
0.00817193
0.00799037
0.0208054
0.022514
0.0242794
0.0259687
0.0275004
0.0288278
0.0299233
0.0307723
0.0313711
0.031726
0.0318534
0.0317763
0.0315215
0.0311132
0.0305669
0.0298858
0.0290621
0.0280872
0.0269673
0.0257289
0.0239941
0.0223646
0.0212289
0.0201433
0.0191068
0.0181198
0.0171829
0.016296
0.0154599
0.0146722
0.0139319
0.013234
0.0125749
0.0119453
0.0113374
0.0107475
0.0101857
0.00967866
0.00926091
0.00895684
0.00876674
0.0236898
0.0258698
0.0280451
0.0300684
0.0318712
0.0334173
0.0346822
0.0356497
0.0363141
0.0366816
0.0367703
0.0366065
0.0362204
0.0356389
0.0348805
0.0339538
0.0328607
0.0316088
0.0302214
0.0287377
0.0267859
0.0249498
0.0236296
0.0223777
0.0211922
0.0200726
0.0190178
0.0180271
0.0170987
0.0162295
0.0154166
0.0146553
0.0139396
0.0132593
0.0126022
0.0119593
0.0113351
0.0107556
0.0102641
0.00990227
0.00968923
0.0270515
0.0298195
0.0324642
0.0348673
0.0369914
0.0388103
0.0402947
0.0414213
0.0421783
0.0425693
0.0426134
0.0423401
0.0417841
0.0409778
0.0399473
0.0387127
0.0372925
0.0357136
0.0340159
0.0322486
0.0300483
0.0279757
0.0264402
0.0249945
0.0236362
0.022363
0.0211726
0.0200625
0.0190289
0.0180673
0.0171735
0.0163421
0.0155663
0.0148344
0.0141309
0.0134396
0.0127557
0.0120981
0.0115134
0.0110633
0.0107985
0.0309863
0.0344416
0.0376029
0.0404425
0.0429603
0.0451286
0.0469032
0.0482443
0.049131
0.0495618
0.0495556
0.0491458
0.048374
0.0472829
0.0459128
0.0443026
0.042493
0.0405321
0.0384753
0.0363793
0.033892
0.0315469
0.0297598
0.0280883
0.0265289
0.0250775
0.02373
0.0224822
0.0213276
0.0202606
0.0192754
0.0183657
0.0175246
0.0167398
0.0159933
0.0152623
0.0145293
0.0137976
0.0131057
0.0125289
0.0121605
0.0356153
0.0398153
0.0435364
0.046893
0.0499051
0.0525235
0.0546776
0.0563049
0.0573691
0.0578621
0.0578011
0.0572248
0.0561861
0.0547446
0.0529627
0.0509054
0.0486396
0.0462351
0.043762
0.0412835
0.038462
0.0358017
0.0337202
0.0317849
0.0299908
0.0283319
0.026802
0.0253944
0.0241005
0.0229122
0.0218227
0.0208248
0.0199113
0.0190706
0.0182845
0.0175253
0.0167629
0.0159775
0.0151819
0.0144427
0.0138894
0.0410923
0.0460335
0.0503736
0.0543604
0.0579938
0.0611839
0.0638241
0.0658238
0.0671256
0.0677103
0.0675939
0.066822
0.0654644
0.0636055
0.0613381
0.0587589
0.0559642
0.0530463
0.0500896
0.0471643
0.0439519
0.0409249
0.0384984
0.036254
0.0341851
0.0322838
0.0305413
0.028948
0.0274925
0.0261648
0.0249559
0.0238578
0.0228632
0.0219617
0.0211374
0.0203622
0.0195976
0.0187995
0.0179378
0.0170303
0.016191
0.0475991
0.0532273
0.0582854
0.0630481
0.0674496
0.0713485
0.0745964
0.0770682
0.0786796
0.079396
0.0792309
0.0782405
0.0765172
0.0741779
0.0713524
0.068174
0.0647714
0.0612608
0.0577421
0.0542946
0.0506233
0.0471682
0.0443365
0.0417291
0.0393375
0.0371519
0.0351604
0.0333501
0.0317069
0.0302181
0.0288727
0.0276611
0.0265756
0.0256075
0.0247442
0.0239624
0.0232241
0.0224709
0.0216266
0.0206184
0.0194293
0.0552778
0.0615995
0.067537
0.0732445
0.0785719
0.0833258
0.0873133
0.0903682
0.0923733
0.0932737
0.0930798
0.0918612
0.0897377
0.0868642
0.0834129
0.079558
0.0754632
0.0712717
0.0671017
0.0630448
0.0588349
0.0548782
0.0515707
0.0485361
0.0457648
0.0432446
0.0409603
0.0388958
0.0370338
0.0353589
0.0338577
0.0325185
0.0313328
0.0302925
0.0293891
0.0286063
0.0279161
0.0272653
0.0265565
0.0256244
0.0241941
0.0642848
0.0714588
0.0785232
0.0853554
0.0917691
0.0975255
0.102388
0.106143
0.108636
0.109787
0.109603
0.108166
0.105628
0.102183
0.0980498
0.093446
0.0885741
0.0836087
0.0786905
0.0739272
0.069087
0.0645435
0.0606776
0.0571403
0.0539216
0.0510066
0.0483771
0.0460137
0.0438962
0.0420062
0.0403277
0.038847
0.0375538
0.0364399
0.0354991
0.034722
0.0340943
0.0335844
0.0331172
0.0325119
0.0312659
0.0752174
0.0833957
0.0917908
0.0999566
0.107614
0.114509
0.120373
0.124942
0.12802
0.129502
0.129387
0.127771
0.124833
0.120806
0.115956
0.110547
0.104824
0.0989962
0.0932324
0.0876611
0.0820913
0.0768662
0.0723488
0.0682225
0.0644775
0.0610969
0.0580602
0.0553452
0.052929
0.0507906
0.0489115
0.047276
0.045872
0.0446903
0.0437254
0.042972
0.0424264
0.0420803
0.0419071
0.0418171
0.0413693
0.0894337
0.0985912
0.108215
0.117864
0.126929
0.135071
0.142032
0.147506
0.151257
0.153156
0.153191
0.151466
0.148182
0.143607
0.138048
0.131814
0.125196
0.11844
0.11175
0.105278
0.098882
0.0928797
0.0876135
0.0828052
0.0784467
0.0745211
0.071007
0.0678806
0.065117
0.0626935
0.0605899
0.0587888
0.0572767
0.0560437
0.0550843
0.0543954
0.0539792
0.053841
0.0539966
0.054461
0.0550667
0.108489
0.118796
0.12947
0.140356
0.150924
0.160375
0.168458
0.174868
0.179342
0.18173
0.18201
0.180282
0.17676
0.171735
0.165546
0.158542
0.151052
0.143364
0.135717
0.128291
0.121001
0.114147
0.108048
0.102472
0.0974157
0.0928663
0.0888039
0.085205
0.0820452
0.0793015
0.076953
0.0749826
0.0733763
0.0721241
0.0712213
0.0706672
0.0704708
0.070648
0.0712408
0.0722756
0.073675
0.134759
0.146239
0.158031
0.169829
0.181448
0.192164
0.201264
0.208515
0.213666
0.216565
0.217174
0.215585
0.212004
0.206728
0.200109
0.19252
0.184317
0.175822
0.167304
0.158975
0.150811
0.143105
0.136148
0.129764
0.123962
0.118738
0.114079
0.109966
0.106377
0.103294
0.100697
0.098572
0.0969059
0.0956912
0.0949253
0.0946109
0.0947723
0.0954388
0.0966405
0.0983507
0.100492
0.172426
0.184793
0.197366
0.209845
0.221833
0.233113
0.242889
0.250645
0.256237
0.259542
0.260514
0.259223
0.255853
0.250675
0.244027
0.23627
0.227766
0.218845
0.209796
0.200853
0.192057
0.18369
0.176018
0.168931
0.16246
0.156616
0.151401
0.146808
0.142824
0.139439
0.136641
0.13442
0.13277
0.131687
0.131174
0.13124
0.131936
0.13326
0.135202
0.137732
0.140812
0.228976
0.241334
0.253668
0.265747
0.277223
0.287733
0.297114
0.30459
0.310024
0.313377
0.314608
0.313762
0.310977
0.30647
0.300514
0.293415
0.285486
0.277027
0.268309
0.259564
0.250882
0.242526
0.234721
0.227438
0.220733
0.214642
0.209189
0.204388
0.200245
0.196766
0.193952
0.191804
0.190325
0.189519
0.189398
0.189982
0.191307
0.193316
0.196016
0.199394
0.203348
0.318741
0.328585
0.338081
0.347187
0.355686
0.363362
0.370032
0.375541
0.379538
0.382097
0.383193
0.382852
0.38115
0.378208
0.374187
0.369269
0.363648
0.35752
0.351071
0.344471
0.337818
0.331297
0.32507
0.31917
0.313667
0.308617
0.304066
0.30005
0.296597
0.293732
0.291473
0.289836
0.288833
0.288472
0.288775
0.28975
0.291372
0.29363
0.296499
0.299942
0.303747
0.0354115
0.014092
0.00542007
0.00325938
0.00240631
0.00202964
0.00187098
0.00183018
0.00186899
0.00198019
0.00217564
0.00248416
0.00295727
0.00368886
0.00485729
0.00678673
0.00998074
0.0356055
0.0159538
0.00565873
0.00327158
0.00238722
0.00201017
0.00185494
0.00181299
0.00184164
0.00193003
0.00208741
0.0023426
0.0027517
0.0034186
0.00453781
0.00647031
0.00976018
0.0367591
0.017981
0.00588583
0.00328472
0.00237726
0.00200336
0.00185356
0.0018133
0.00183648
0.00190836
0.00203312
0.00223277
0.00255417
0.003088
0.00401214
0.00568599
0.0088587
0.0392852
0.0198097
0.00607749
0.00329518
0.00237688
0.00201008
0.00186747
0.00183085
0.00185147
0.00191029
0.00200383
0.00214049
0.00234235
0.00265246
0.0031457
0.00394361
0.00523283
0.0428744
0.021238
0.00619081
0.00329798
0.00238586
0.00203147
0.0018987
0.00186876
0.00189252
0.0019497
0.00203499
0.00215457
0.00232836
0.0025992
0.00304679
0.00379605
0.00501866
0.047023
0.0220432
0.00620792
0.00329227
0.00240429
0.00206776
0.00194722
0.00192597
0.00195578
0.00201625
0.00210075
0.00221235
0.00236437
0.00258858
0.00295539
0.00359909
0.00476407
0.0509852
0.0220579
0.00612456
0.00327994
0.00243331
0.0021192
0.00201173
0.00199834
0.00203244
0.00209363
0.00217394
0.00227247
0.00239302
0.00254395
0.00274134
0.00301546
0.00341527
0.0541346
0.0212602
0.00595547
0.00326807
0.00247673
0.00218802
0.00209357
0.00208675
0.00212303
0.00218221
0.00225587
0.00234256
0.00244575
0.00257346
0.00273887
0.00296197
0.0032724
0.0563735
0.019827
0.0057355
0.00326762
0.00253932
0.00227641
0.00219437
0.00219443
0.00223493
0.00229611
0.00236872
0.00245003
0.002542
0.00265126
0.00279058
0.002982
0.0032634
0.0583187
0.0181099
0.00551783
0.00329284
0.00262578
0.00238405
0.00230958
0.00231244
0.00235437
0.0024164
0.00248874
0.00256702
0.00265033
0.00274022
0.00284084
0.00295937
0.00310539
0.0610042
0.0165063
0.00535823
0.0033578
0.00274161
0.00251333
0.00243979
0.00243912
0.00247606
0.00253259
0.00259867
0.00266919
0.00274233
0.00281828
0.00289874
0.00298746
0.00309083
0.0653324
0.0153139
0.00529894
0.00347229
0.00289077
0.00266795
0.00259112
0.00258506
0.002617
0.00266978
0.00273311
0.00280085
0.00287
0.00293968
0.00300983
0.00308028
0.0031501
0.0718125
0.0147032
0.00537023
0.00364387
0.00307512
0.00284729
0.00276093
0.00274506
0.00276855
0.00281525
0.00287526
0.00294206
0.00301179
0.00308318
0.0031573
0.00323656
0.0033233
0.080605
0.0147569
0.00559788
0.00388011
0.00329796
0.00305363
0.0029513
0.0029207
0.00293069
0.00296545
0.0030155
0.00307424
0.00313662
0.00319901
0.00326014
0.00332221
0.00339097
0.0916519
0.0154861
0.00600518
0.00419087
0.00356412
0.00329089
0.00316718
0.0031195
0.00311506
0.00313736
0.00317725
0.00322864
0.00328643
0.00334546
0.00340041
0.00344589
0.00347521
0.104859
0.0168865
0.00663455
0.00459656
0.00388305
0.00356374
0.0034107
0.00334168
0.00332014
0.00332778
0.00335518
0.00339711
0.00345012
0.0035109
0.00357608
0.00364303
0.00371065
0.119944
0.018963
0.00754221
0.00513063
0.00427173
0.00388177
0.00368781
0.00359129
0.00354874
0.00353843
0.00354911
0.00357506
0.00361309
0.00366037
0.00371338
0.00376936
0.00382994
0.13665
0.021824
0.00881095
0.00584381
0.00475802
0.00426078
0.00400818
0.00387524
0.00380714
0.00377688
0.00377025
0.00378
0.0038027
0.00383608
0.00387618
0.00391461
0.00393501
0.154697
0.0256363
0.0105604
0.00680974
0.00538583
0.00472647
0.00438692
0.00420228
0.00410009
0.00404509
0.00401865
0.00401094
0.00401757
0.00403785
0.00407303
0.00412342
0.00418387
0.173865
0.0306308
0.0129274
0.00812414
0.00621809
0.0053181
0.00484827
0.00458742
0.00443678
0.00434824
0.00429643
0.00426729
0.00425324
0.00425118
0.00426213
0.0042916
0.00434879
0.194168
0.037048
0.0160455
0.00989424
0.00733396
0.00608988
0.00542779
0.00505369
0.00483229
0.0046965
0.00461092
0.00455578
0.00451947
0.00449542
0.00448116
0.00447671
0.00447975
0.215964
0.0450677
0.0200191
0.0122189
0.00881755
0.00710627
0.0061716
0.00563263
0.00530781
0.00510398
0.00497129
0.00488167
0.00481836
0.00477207
0.00473981
0.00472318
0.00474026
0.239718
0.054604
0.0248787
0.0151593
0.0107377
0.00842923
0.00712965
0.00636163
0.00588993
0.00558921
0.00539014
0.00525297
0.00515378
0.00507887
0.00502069
0.00497603
0.00497353
0.266114
0.0651621
0.0305716
0.0187227
0.0131289
0.0101031
0.00834524
0.00727787
0.00660799
0.0061741
0.0058835
0.00568142
0.00553435
0.00542238
0.00533201
0.00525334
0.00518319
0.295456
0.0765082
0.037007
0.0228664
0.0159814
0.0121405
0.00984199
0.00840813
0.00748705
0.00687976
0.006468
0.00617965
0.00596956
0.00580977
0.0056815
0.00557298
0.00548012
0.327096
0.0889097
0.0440724
0.0275051
0.0192433
0.0145179
0.0116163
0.00976041
0.00854086
0.00772133
0.00715773
0.00675958
0.00646873
0.0062476
0.00607169
0.00592474
0.00579755
0.358985
0.102071
0.0515705
0.0324968
0.0228191
0.0171754
0.0136355
0.0113211
0.0097679
0.00870414
0.00796121
0.00743067
0.00704103
0.0067446
0.00651009
0.00631369
0.00614483
0.38787
0.114767
0.0590281
0.0375729
0.0265358
0.0199998
0.0158282
0.0130486
0.0111467
0.00981985
0.00887804
0.00819678
0.0076922
0.00730751
0.00700371
0.00675359
0.00653984
0.408452
0.125427
0.0656809
0.0422882
0.030113
0.0228086
0.0180745
0.014866
0.0126304
0.0110424
0.00989593
0.00905448
0.00842452
0.00794158
0.00756014
0.00725025
0.00698551
0.415139
0.132257
0.0706359
0.0461187
0.0332159
0.0253802
0.0202281
0.0166779
0.0141592
0.0123365
0.0109967
0.00999783
0.00924171
0.00865877
0.00819874
0.00782353
0.00750766
0.404509
0.13373
0.0730418
0.0485365
0.035497
0.02748
0.02213
0.0183793
0.0156664
0.0136633
0.0121629
0.011027
0.0101597
0.00948925
0.00895727
0.00851523
0.00813445
0.377365
0.129231
0.0724635
0.0492231
0.0367221
0.0289384
0.0236604
0.0198875
0.017099
0.0149958
0.0133944
0.0121665
0.0112103
0.0104459
0.00981474
0.00927787
0.00880428
0.338551
0.119902
0.0693129
0.0483429
0.0369545
0.0297746
0.0248195
0.0211985
0.0184599
0.0163535
0.0147128
0.0134116
0.0123571
0.0114836
0.0107434
0.0101005
0.00952944
0.2944
0.108192
0.0647081
0.0465663
0.0366311
0.0302761
0.0257971
0.0224425
0.0198463
0.0177938
0.0161349
0.0147649
0.0136131
0.0126285
0.0117723
0.0110128
0.0103293
0.250373
0.0962782
0.060183
0.0450083
0.0365568
0.0310184
0.0269994
0.0239097
0.0214552
0.0194469
0.0177571
0.0163059
0.0150413
0.013926
0.0129309
0.0120335
0.0112127
0.209982
0.0865954
0.0576665
0.0451249
0.0378151
0.0327993
0.0290113
0.0260167
0.0235781
0.0215227
0.0197339
0.0181452
0.0167183
0.0154274
0.0142527
0.0131776
0.0121898
0.174855
0.0819348
0.0593884
0.0485533
0.0416051
0.0365093
0.032498
0.0292587
0.0265836
0.0242895
0.0222537
0.0204114
0.0187292
0.0171873
0.015771
0.0144681
0.0132699
0.145302
0.0858469
0.0678579
0.0569799
0.0491218
0.0430317
0.038113
0.0341048
0.0308057
0.0279889
0.0254907
0.0232268
0.0211551
0.0192545
0.017512
0.015916
0.0144562
0.12093
0.10354
0.0860991
0.0722655
0.061612
0.0532519
0.0465175
0.0410417
0.0365957
0.0328707
0.0296196
0.0267072
0.0240708
0.0216773
0.019503
0.0175301
0.015743
0.101075
0.144374
0.118505
0.0968818
0.0806326
0.0682288
0.0585047
0.0506565
0.0443509
0.0392035
0.0348243
0.0309796
0.0275613
0.0245053
0.0217688
0.0193202
0.0171339
0.0263
0.0388309
0.0503597
0.0620959
0.0757042
0.0922559
0.113519
0.14043
0.164915
0.180965
0.1879
0.196351
0.253751
0.480838
0.910431
1.36661
0.936042
0.274256
0.0679411
0.0207163
0.0385681
0.0537375
0.066192
0.0780426
0.0917768
0.108687
0.13036
0.155765
0.177704
0.191326
0.195396
0.203919
0.278028
0.57063
1.09264
1.44898
0.78341
0.194105
0.0559251
0.0199883
0.0572789
0.0750654
0.087894
0.0991707
0.11242
0.129345
0.151165
0.175321
0.195559
0.205175
0.20597
0.216209
0.317214
0.706237
1.31716
1.4325
0.611595
0.143187
0.0542497
0.0214028
0.0852157
0.104935
0.117068
0.126836
0.138729
0.155014
0.176578
0.199745
0.216291
0.221467
0.218796
0.234318
0.399349
0.91643
1.50173
1.31799
0.444418
0.12168
0.059432
0.0247683
0.125774
0.145904
0.155647
0.162999
0.173053
0.188269
0.208413
0.228532
0.240088
0.2396
0.234112
0.270668
0.595346
1.14657
1.56953
1.12277
0.317055
0.122651
0.0697396
0.0302994
0.183187
0.20154
0.206556
0.21044
0.217472
0.229795
0.246989
0.262605
0.267304
0.259747
0.257614
0.41657
0.865691
1.36183
1.52423
0.893656
0.236546
0.136035
0.0858183
0.0384411
0.263061
0.276573
0.273275
0.269245
0.271081
0.280727
0.293917
0.302429
0.297819
0.28757
0.368923
0.656943
1.10811
1.46919
1.37658
0.655605
0.199223
0.157283
0.109226
0.0497901
0.369879
0.372311
0.356195
0.343784
0.339288
0.343846
0.3497
0.347491
0.338129
0.387202
0.580601
0.91158
1.27734
1.45626
1.15813
0.476724
0.192672
0.189992
0.142127
0.065381
0.495616
0.479114
0.447818
0.427475
0.416624
0.414106
0.409914
0.403968
0.439236
0.57411
0.808476
1.10977
1.3473
1.34785
0.940455
0.348002
0.205471
0.241716
0.189692
0.0872223
0.615272
0.581653
0.538919
0.512264
0.494461
0.484146
0.479858
0.50396
0.601817
0.764656
0.99289
1.21835
1.32343
1.18842
0.730686
0.263504
0.229668
0.313989
0.260605
0.118657
0.714825
0.675674
0.62869
0.597817
0.574259
0.56344
0.576671
0.641517
0.75407
0.919523
1.1026
1.23374
1.2312
0.998399
0.551264
0.217548
0.255107
0.391248
0.360437
0.163914
0.806824
0.773824
0.724762
0.690061
0.6638
0.656554
0.686053
0.759511
0.870733
1.00771
1.12992
1.1806
1.09368
0.814398
0.41657
0.197411
0.271026
0.445436
0.485379
0.231332
0.907256
0.88189
0.82908
0.788582
0.758818
0.751617
0.779422
0.840256
0.930613
1.02712
1.09242
1.08436
0.945801
0.665873
0.329254
0.199711
0.288899
0.467608
0.613449
0.335544
1.0109
0.993965
0.933925
0.881525
0.840668
0.823942
0.835935
0.877512
0.939043
1.0016
1.02452
0.976896
0.823149
0.569074
0.287676
0.231128
0.3238
0.478562
0.715845
0.479611
1.10302
1.09577
1.02931
0.964617
0.908908
0.877194
0.873328
0.895033
0.929981
0.960275
0.957586
0.888971
0.750174
0.539295
0.299011
0.301153
0.380598
0.499449
0.767878
0.665976
1.15932
1.17054
1.11006
1.04397
0.981428
0.933628
0.907422
0.903322
0.9146
0.926916
0.901221
0.839336
0.731334
0.562058
0.402639
0.407442
0.455664
0.538323
0.765154
0.860399
1.1459
1.18293
1.15054
1.10309
1.04842
0.996307
0.957601
0.934267
0.9229
0.917596
0.893154
0.843663
0.755053
0.622668
0.547822
0.527088
0.540852
0.593383
0.745107
1.02472
1.05424
1.10785
1.12297
1.12172
1.10786
1.08523
1.05991
1.03649
1.01589
0.996031
0.965544
0.913252
0.837127
0.7517
0.692027
0.653772
0.642485
0.665842
0.761093
1.05883
1.00592
1.06269
1.11436
1.16483
1.20208
1.22855
1.24
1.24015
1.2279
1.1998
1.15269
1.08652
1.00838
0.930859
0.868466
0.822563
0.794503
0.781352
0.803457
1.04398
1.26674
1.34246
1.40879
1.5221
1.62228
1.70347
1.7718
1.82076
1.84882
1.85055
1.81279
1.73056
1.62223
1.49804
1.38921
1.2888
1.19069
1.08943
0.981294
0.882692
0.671236
1.22561
1.22314
0.891786
0.532898
0.311566
0.186255
0.119519
0.0803763
0.0558446
0.0399104
0.0292163
0.0218253
0.0166284
0.012939
0.0102943
0.00845018
0.00732154
0.00679392
0.00672276
0.446507
1.22348
0.847954
0.406363
0.202617
0.11128
0.067736
0.0442207
0.0304466
0.0218727
0.0162717
0.0124774
0.00983712
0.00795828
0.00659375
0.00558427
0.00482321
0.00424506
0.00381973
0.00353079
0.25559
1.01875
0.412035
0.171288
0.0839931
0.0484068
0.0309855
0.021368
0.015563
0.0118133
0.00927278
0.00749397
0.00622122
0.00529694
0.00461683
0.00410853
0.00372131
0.0034202
0.00318106
0.00298891
0.119262
0.587668
0.193478
0.0806439
0.0435702
0.0273506
0.0187778
0.0136429
0.0103311
0.00810532
0.00657654
0.00551346
0.00476688
0.00423617
0.00385215
0.00356737
0.00334968
0.0031777
0.00303723
0.00291955
0.0545916
0.301302
0.0992072
0.0481303
0.0290702
0.0194415
0.013745
0.0101342
0.00778647
0.00624646
0.00523121
0.00455685
0.00410247
0.00378881
0.00356438
0.0033962
0.00326352
0.00315366
0.00305895
0.00297524
0.0316974
0.167146
0.0635686
0.0356005
0.0227346
0.0153508
0.0108049
0.00798115
0.00623831
0.00516623
0.00450314
0.00408591
0.00381485
0.00362985
0.00349504
0.00338934
0.00330068
0.00322245
0.00315114
0.00308521
0.0292866
0.109352
0.0490253
0.0294984
0.0189131
0.0125259
0.00872156
0.00651803
0.0052633
0.00454952
0.00413613
0.00388742
0.00372839
0.00361777
0.00353295
0.0034617
0.00339759
0.0033375
0.00328017
0.00322535
0.029793
0.0783985
0.0411737
0.0255853
0.0160102
0.0103295
0.0071958
0.00554325
0.00468491
0.00423366
0.00398669
0.00384207
0.00374887
0.00368124
0.00362587
0.00357591
0.00352797
0.00348056
0.00343348
0.00338715
0.0283437
0.0577637
0.0363992
0.0226938
0.0136308
0.00860862
0.0061169
0.00493711
0.00437895
0.00410551
0.00396223
0.00387963
0.00382579
0.0037852
0.00374996
0.00371599
0.00368131
0.00364501
0.00360751
0.00356932
0.0265949
0.0478564
0.0338139
0.0203207
0.0116127
0.00729124
0.00539903
0.00459731
0.00424874
0.0040876
0.00400666
0.00396195
0.00393404
0.00391332
0.00389468
0.00387534
0.00385393
0.00382963
0.00380324
0.00377488
0.0249883
0.0443245
0.0321593
0.0181755
0.00990624
0.00633097
0.00496155
0.00443789
0.00422481
0.0041316
0.00408897
0.00406975
0.00406163
0.00405808
0.0040554
0.00405149
0.0040452
0.00403573
0.00402409
0.00400946
0.0236661
0.0435041
0.0307879
0.0161662
0.00850757
0.00567896
0.00472834
0.00439252
0.00426206
0.00421022
0.00419328
0.00419367
0.0042029
0.00421608
0.00423027
0.0042438
0.00425569
0.00426534
0.00427385
0.00427937
0.0226427
0.0437777
0.0294825
0.0142919
0.0074188
0.0052777
0.00463313
0.00441491
0.00433417
0.00430943
0.00431195
0.00432939
0.00435534
0.00438589
0.00441866
0.00445227
0.004486
0.00451966
0.00455457
0.00458927
0.0218988
0.0443067
0.0281628
0.0125715
0.00662518
0.00506457
0.00462492
0.00447695
0.00442769
0.00442279
0.00444172
0.00447513
0.00451795
0.004567
0.00462031
0.00467679
0.00473597
0.00479815
0.00486501
0.00493739
0.0214135
0.0449655
0.0267943
0.0110342
0.00609788
0.00498211
0.00466976
0.00456393
0.00453659
0.00454777
0.00458152
0.00463042
0.00469047
0.00475915
0.00483486
0.00491668
0.00500439
0.00509866
0.0052012
0.00531505
0.0211735
0.0458018
0.0251649
0.00971711
0.00579476
0.00498449
0.00474781
0.00466909
0.00465855
0.00468368
0.00473134
0.00479545
0.00487306
0.0049623
0.00506187
0.00517087
0.00528887
0.00541612
0.0055541
0.00570601
0.0211785
0.0470622
0.0233636
0.0086498
0.0056621
0.00503974
0.00484854
0.00479
0.00479341
0.00483082
0.00489116
0.00496973
0.00506443
0.00517415
0.00529805
0.00543537
0.00558538
0.00574756
0.0059218
0.00610873
0.0214344
0.0489171
0.0212986
0.00784401
0.00564293
0.00513349
0.00496722
0.00492381
0.00493968
0.00498893
0.0050616
0.00515392
0.00526476
0.00539394
0.00554144
0.00570703
0.00589011
0.00608959
0.00630376
0.00653015
0.0219494
0.0504793
0.0188623
0.00732713
0.00570976
0.00524615
0.00509889
0.00507033
0.00509896
0.00516043
0.00524537
0.00535066
0.00547597
0.00562212
0.00579022
0.00598123
0.00619571
0.00643346
0.00669324
0.00697248
0.0218832
0.0505685
0.0157713
0.00712068
0.00580142
0.00537622
0.00524565
0.00523176
0.0052742
0.00534925
0.00544756
0.00556605
0.00570468
0.0058648
0.00604847
0.00625795
0.00649549
0.00676324
0.00706322
0.00739695
0.0104958
0.0116049
0.0109123
0.0104939
0.0103083
0.0102812
0.0104064
0.0105601
0.0105428
0.0101808
0.0102223
0.0106526
0.0114697
0.0126681
0.0142784
0.0163748
0.0190321
0.0224677
0.0265407
0.0277166
0.0216313
0.0209983
0.020147
0.0197434
0.0199357
0.0204125
0.0213902
0.0224463
0.0228352
0.0210396
0.0198877
0.0203827
0.0220628
0.0243854
0.0270665
0.030144
0.0331091
0.0366616
0.0390872
0.0434417
0.00796602
0.00838913
0.00876927
0.00908656
0.00938549
0.00974091
0.0101916
0.0107038
0.0110716
0.0109269
0.0104453
0.0105305
0.0110921
0.0118253
0.0125235
0.0131108
0.0134312
0.0133003
0.0127507
0.0115864
0.00651191
0.00667087
0.00683695
0.00696656
0.00710439
0.00727503
0.00750103
0.00774858
0.00792675
0.00792559
0.00760208
0.00760117
0.0078111
0.00806277
0.00822989
0.00828661
0.00819965
0.00795545
0.00757469
0.00710885
0.00644021
0.00654714
0.00662868
0.00667939
0.00672191
0.00678097
0.00687488
0.00698107
0.00705311
0.00703962
0.00668545
0.00663826
0.00670396
0.0067839
0.00680375
0.00675213
0.00662379
0.00642432
0.00617731
0.00590999
0.00669113
0.00679611
0.0068648
0.00688838
0.00688662
0.00688425
0.00690129
0.00692589
0.00693351
0.00688589
0.0064516
0.00637758
0.00636993
0.00636525
0.00631689
0.00622037
0.00608053
0.00590696
0.00571495
0.00552196
0.00707612
0.00720813
0.00728894
0.0073097
0.00728699
0.00724663
0.00721186
0.00718189
0.00714581
0.00706392
0.00653056
0.00643162
0.00637248
0.0063091
0.00621255
0.00608273
0.00592752
0.00575622
0.00557953
0.00540852
0.0075417
0.0077161
0.00782422
0.00785536
0.00782409
0.00775756
0.00768327
0.00761127
0.00754024
0.00742378
0.00678322
0.00665616
0.00655023
0.00643422
0.00629207
0.00612717
0.0059483
0.00576374
0.00558175
0.0054103
0.00807048
0.00830048
0.00844732
0.00849792
0.00846555
0.00837903
0.00827098
0.00816201
0.00805841
0.00790443
0.00715159
0.00699013
0.00683471
0.00666447
0.00647382
0.00626904
0.0060589
0.00585076
0.00565189
0.00546882
0.00865465
0.00895427
0.00915127
0.00922955
0.00920178
0.00909908
0.00895997
0.00881525
0.00867787
0.00848076
0.0076118
0.00740693
0.00719548
0.00696611
0.00672197
0.00647169
0.00622359
0.00598441
0.00576128
0.00556049
0.00929125
0.00967637
0.00993616
0.0100508
0.010033
0.00991706
0.00974811
0.00956702
0.00939257
0.00914433
0.00815602
0.00789592
0.00761976
0.00732462
0.00702092
0.00671906
0.00642684
0.00615048
0.00589774
0.00567558
0.00998006
0.010469
0.0108062
0.0109672
0.0109652
0.0108385
0.0106403
0.0104212
0.0102051
0.00989545
0.00878489
0.00845498
0.00810387
0.00773512
0.00736496
0.00700502
0.00666255
0.0063433
0.00605649
0.00581057
0.0107223
0.0113366
0.0117688
0.0119881
0.0120084
0.0118739
0.0116465
0.0113873
0.0111238
0.0107396
0.00950404
0.00908705
0.00864936
0.00819799
0.00775361
0.00732861
0.00692944
0.0065614
0.0062363
0.00596496
0.0115202
0.0122859
0.0128343
0.0131269
0.0131781
0.0130389
0.012782
0.0124797
0.0121615
0.011686
0.0103225
0.00979841
0.00926099
0.00871675
0.00818943
0.00769175
0.00722889
0.00680566
0.00643794
0.00613983
0.0123765
0.0133248
0.0140164
0.0144016
0.0144946
0.014355
0.0140684
0.0137191
0.0133361
0.0127475
0.0112517
0.0105979
0.00994584
0.00929708
0.00867707
0.00809833
0.00756409
0.00707855
0.0066633
0.00633709
0.0132952
0.0144629
0.0153311
0.0158345
0.0159849
0.0158511
0.0155344
0.0151327
0.0146705
0.0139413
0.0123054
0.0114968
0.0107131
0.00994657
0.00922295
0.00855388
0.00793971
0.00738368
0.00691498
0.00655897
0.0142805
0.0157097
0.0167966
0.0174526
0.0176822
0.017564
0.0172178
0.0167558
0.0161936
0.0152897
0.0134996
0.012509
0.0115743
0.0106749
0.00983537
0.00906559
0.0083618
0.00772567
0.00719588
0.00680762
0.0153366
0.0170738
0.0184325
0.0192866
0.0196261
0.0195393
0.0191662
0.018633
0.0179408
0.0168215
0.0148536
0.0136516
0.0125439
0.0114942
0.0105247
0.00964226
0.00883774
0.00811
0.00750896
0.00708485
0.0164656
0.0185607
0.0202593
0.0213718
0.0218644
0.0218334
0.021439
0.0208178
0.0199543
0.0185731
0.0163909
0.0149463
0.0136402
0.01242
0.0113038
0.0102945
0.00937626
0.00854301
0.00785718
0.00739195
0.017666
0.0201747
0.0222985
0.0237485
0.0244547
0.0245158
0.0241082
0.0233736
0.0222843
0.0205898
0.0181421
0.0164213
0.0148873
0.0134718
0.0121883
0.0110346
0.00998751
0.00903241
0.00824386
0.00772961
0.015084
0.0232631
0.036704
0.0583397
0.0921458
0.143405
0.219782
0.329785
0.480656
0.648879
0.787231
0.882965
0.957456
1.02799
1.08606
1.11113
1.08509
1.03452
1.05398
1.26354
0.00691254
0.0104144
0.0165495
0.0271155
0.0448391
0.0735162
0.1183
0.186596
0.287652
0.432496
0.610925
0.791904
0.941179
1.04458
1.10172
1.10672
1.04841
0.939235
0.809099
0.607988
0.00370411
0.00454125
0.00605049
0.00873194
0.0133955
0.0212667
0.0340864
0.0541952
0.0846428
0.129594
0.195908
0.289373
0.412775
0.564827
0.7378
0.909031
1.01584
0.956973
0.598873
0.454075
0.00321763
0.003351
0.00357688
0.00397281
0.00467493
0.00590038
0.00798239
0.011404
0.016821
0.0250729
0.0372271
0.0549644
0.0813082
0.12026
0.179461
0.279382
0.430562
0.645656
0.720454
0.279252
0.0034778
0.00350938
0.00354633
0.00359777
0.00368065
0.0038227
0.00407303
0.00451395
0.0052765
0.00655827
0.00864106
0.0119194
0.0169871
0.0248777
0.037681
0.060072
0.10494
0.214056
0.456672
0.155486
0.00391034
0.00392613
0.00393063
0.0039305
0.00393087
0.00393637
0.00395367
0.00399486
0.0040825
0.00425743
0.00459087
0.00519991
0.0062654
0.00806874
0.0111035
0.0164347
0.0269831
0.0528375
0.139542
0.0543856
0.00444975
0.00446504
0.00445457
0.00443146
0.00440059
0.00436573
0.00433033
0.00429852
0.00427585
0.0042714
0.00430282
0.00440573
0.00464812
0.00515405
0.00614818
0.00806755
0.0119381
0.0205533
0.0450383
0.0165469
0.00512155
0.00513283
0.00510471
0.00505785
0.00499845
0.00492966
0.00485475
0.00477788
0.00470363
0.0046371
0.00458519
0.00455974
0.00458585
0.00472509
0.00513355
0.00619379
0.00885044
0.0146557
0.0244494
0.0120235
0.0060169
0.00598596
0.00592077
0.00583345
0.00573178
0.00561993
0.00550033
0.00537636
0.0052524
0.00513328
0.00502464
0.00493338
0.00487055
0.00486379
0.00500988
0.00564642
0.00805577
0.0145184
0.0234339
0.0113272
0.00726778
0.00714414
0.00699578
0.0068305
0.00665457
0.00647254
0.00628788
0.00610347
0.00592237
0.00574772
0.00558276
0.00543105
0.00529937
0.00520387
0.00520333
0.00555073
0.00777616
0.015538
0.0272288
0.0111641
0.00906351
0.00876683
0.00846855
0.00817052
0.00787509
0.00758556
0.00730526
0.00703644
0.00677962
0.00653362
0.00629646
0.00606768
0.00585168
0.00566458
0.00554043
0.00567728
0.00753759
0.0166412
0.0321187
0.0113708
0.0114694
0.0109858
0.0105345
0.0100986
0.00966983
0.00924623
0.0088286
0.00841858
0.00801736
0.00762563
0.00724445
0.00687704
0.0065302
0.00621845
0.00595813
0.00590267
0.00698464
0.0170334
0.0367291
0.0119033
0.0148225
0.0141115
0.0134013
0.0126935
0.0119948
0.0113108
0.0106458
0.0100031
0.00938527
0.00879401
0.00823073
0.00769777
0.0072004
0.0067518
0.00637407
0.00617375
0.00655878
0.0146925
0.0388514
0.012216
)
;

boundaryField
{
    inlet
    {
        type            turbulentMixingLengthDissipationRateInlet;
        mixingLength    0.01;
        phi             phi;
        k               k;
        value           uniform 0.471671;
    }
    outlet
    {
        type            inletOutlet;
        inletValue      uniform 0.01;
        value           nonuniform List<scalar> 
41
(
0.0152356
0.00777565
0.00470521
0.00338511
0.00287288
0.00282492
0.00316381
0.00399608
0.00565505
0.00886881
0.0151021
0.0270609
0.048944
0.0859639
0.14125
0.194638
0.188341
0.140947
0.122079
0.112006
0.096972
0.0859136
0.0813045
0.0804945
0.0802568
0.0777792
0.0717214
0.0624674
0.0512437
0.0394343
0.0285159
0.0195537
0.0129337
0.00845752
0.00568126
0.00415758
0.00358408
0.00388815
0.00533936
0.00893094
0.0177265
)
;
    }
    dymWall
    {
        Cmu             0.09;
        kappa           0.41;
        E               9.8;
        type            epsilonWallFunction;
        value           nonuniform List<scalar> 
73
(
0.671236
0.446507
0.25559
0.119262
0.0545916
0.0316974
0.0292866
0.029793
0.0283437
0.0265949
0.0249883
0.0236661
0.0226427
0.0218988
0.0214135
0.0211735
0.0211785
0.0214344
0.0219494
0.0218832
1.26674
1.34246
1.40879
1.5221
1.62228
1.70347
1.7718
1.82076
1.84882
1.85055
1.81279
1.73056
1.62223
1.49804
1.38921
1.2888
1.19069
1.08943
0.981294
0.882692
1.26354
0.607988
0.454075
0.279252
0.155486
0.0543856
0.0165469
0.0120235
0.0113272
0.0111641
0.0113708
0.0119033
0.012216
0.0104958
0.0116049
0.0109123
0.0104939
0.0103083
0.0102812
0.0104064
0.0105601
0.0105428
0.0101808
0.0102223
0.0106526
0.0114697
0.0126681
0.0142784
0.0163748
0.0190321
0.0224677
0.0265407
0.0277166
)
;
    }
    AMI1
    {
        type            cyclicAMI;
        value           nonuniform List<scalar> 
73
(
0.0226681
0.0339444
0.044786
0.0562333
0.069672
0.086134
0.107466
0.135143
0.161631
0.17929
0.18732
0.196335
0.247272
0.441989
0.846775
1.32462
1.00583
0.334351
0.084565
0.0243059
0.00771481
0.00372623
0.00295865
0.00286553
0.00292607
0.00304133
0.00318611
0.00335328
0.00354232
0.00375725
0.00400504
0.0042931
0.00462635
0.00500033
0.00539991
0.00580588
0.00621604
0.0066438
0.00710122
0.00754113
0.0181796
0.0209115
0.0232981
0.0249853
0.0258718
0.0260413
0.0256648
0.0248794
0.0236558
0.0217774
0.0191589
0.0172698
0.0155911
0.01405
0.0126593
0.0114147
0.0102897
0.00926384
0.00841519
0.00787011
0.0128359
0.00601065
0.00349296
0.00316567
0.00344726
0.00388961
0.00442802
0.00510383
0.00602081
0.00733035
0.00922381
0.0117305
0.0151455
)
;
    }
    AMI2
    {
        type            cyclicAMI;
        value           nonuniform List<scalar> 
162
(
0.0222171
0.0230612
0.0330391
0.03443
0.0434275
0.0452593
0.0540694
0.0566592
0.065815
0.0699362
0.0788752
0.0860206
0.0940251
0.106676
0.114096
0.133501
0.140858
0.159836
0.165895
0.178199
0.181541
0.186635
0.188746
0.194611
0.201203
0.240537
0.266023
0.417664
0.490563
0.798367
0.926265
1.28683
1.35661
1.05994
0.910118
0.368147
0.272059
0.0920132
0.06843
0.0260242
0.0204154
0.00813083
0.0066135
0.00378747
0.00344061
0.00295862
0.00291134
0.00286056
0.00287366
0.00292059
0.00295001
0.00303472
0.00307325
0.00317727
0.00322341
0.00334136
0.0033954
0.00352624
0.00359086
0.003736
0.00381583
0.00397825
0.00407856
0.00426151
0.0043868
0.00459234
0.00474341
0.00496762
0.00513767
0.00537215
0.00554469
0.00578149
0.00594496
0.00618934
0.00633879
0.00660923
0.00674196
0.00705707
0.007172
0.0075056
0.00757817
0.0179322
0.0184773
0.0205539
0.0211556
0.0228082
0.0234609
0.0245352
0.025076
0.0256131
0.0259154
0.0260294
0.0260592
0.025878
0.0256732
0.0252942
0.0248929
0.0243228
0.0236853
0.0228475
0.0218823
0.020581
0.0191545
0.0183239
0.0173236
0.0165929
0.0156534
0.0150092
0.0141172
0.0135619
0.0127283
0.0122583
0.0114842
0.0110883
0.0103603
0.0100249
0.00933235
0.00906473
0.00846792
0.00830064
0.00789982
0.00782809
0.01313
0.0129617
0.0125003
0.00636923
0.00604552
0.00588916
0.00370884
0.0034778
0.00346413
0.00318546
0.00314236
0.00317614
0.00335821
0.00342066
0.00347605
0.00373134
0.00385349
0.0039281
0.00419795
0.00437603
0.0044718
0.00475432
0.00501458
0.00516586
0.00548668
0.00586605
0.00610345
0.00651148
0.00708863
0.00741596
0.00799342
0.00891474
0.00932069
0.009992
0.0113378
0.0118198
0.0125904
0.0146566
0.0152143
0.0158624
)
;
    }
    walls
    {
        Cmu             0.09;
        kappa           0.41;
        E               9.8;
        type            epsilonWallFunction;
        value           nonuniform List<scalar> 
80
(
0.0417906
0.0423583
0.0431157
0.0443491
0.0454706
0.0462894
0.0467632
0.0471438
0.0479042
0.0496711
0.0529375
0.0580408
0.0651468
0.0743019
0.085489
0.0986571
0.113722
0.130459
0.148572
0.167933
0.188223
0.209967
0.233629
0.25997
0.289383
0.321171
0.353455
0.38275
0.403642
0.410469
0.399796
0.372383
0.332984
0.288048
0.243262
0.20233
0.167011
0.137678
0.113927
0.0950139
0.0354115
0.0356055
0.0367591
0.0392852
0.0428744
0.047023
0.0509852
0.0541346
0.0563735
0.0583187
0.0610042
0.0653324
0.0718125
0.080605
0.0916519
0.104859
0.119944
0.13665
0.154697
0.173865
0.194168
0.215964
0.239718
0.266114
0.295456
0.327096
0.358985
0.38787
0.408452
0.415139
0.404509
0.377365
0.338551
0.2944
0.250373
0.209982
0.174855
0.145302
0.12093
0.101075
)
;
    }
    front
    {
        type            empty;
    }
    back
    {
        type            empty;
    }
}


// ************************************************************************* //
