/*--------------------------------*- C++ -*----------------------------------*\
  =========                 |
  \\      /  F ield         | OpenFOAM: The Open Source CFD Toolbox
   \\    /   O peration     | Website:  https://openfoam.org
    \\  /    A nd           | Version:  6
     \\/     M anipulation  |
\*---------------------------------------------------------------------------*/
FoamFile
{
    version     2.0;
    format      ascii;
    class       volScalarField;
    location    "1.07";
    object      p;
}
// * * * * * * * * * * * * * * * * * * * * * * * * * * * * * * * * * * * * * //

dimensions      [1 -1 -2 0 0 0 0];

internalField   nonuniform List<scalar> 
7606
(
3
3
3
3
3
3
3
3
3
3
3
3
3
3
3
3
3
3
3
3
3
3
3
3
3
3
3
3
3
3
3
3
3
3
3
3
3
3
3
3
3
3
3
3
3
3
3
3
2.99999
3
3
3
3
3
3
3
3
3
3
3
3
2.99999
3
3
3
3
3
3
3
3
3
3
2.99999
3
3
2.99999
3
3
3
3
3
3
3
3
2.99996
2.99999
3
3
3
2.99993
3
3
3
3
3
3
3
3
3
3
3
3
3
3
3
3
3
3
3
3
3
3
3
3
3
3
3
3
3
2.99997
3
3
2.99999
3
3
3
2.99989
3
3
3
3
3
3
3
3
3
3
3
3
3
3
3
3
3
3
3
3
3
3
3
3
3
3
3
3
3
3
3
3
3
3
3
3
3
3
3
3
3
3
2.99995
3
3
2.9999
3
3
3
3
3
2.99999
3
3
3
3
3
3
3
3
3
3
3
3
3
3
3
3
3
3
3
3
3
3
3
3
3
3
3
3
3
3
3
3
3
3
3
3
3
2.99976
2.99996
2.99998
3
3
3
3
3
2.99958
3
3
3
3
3
3
3
3
3
3
3
3
3
3
3
3
3
3
3
3
3
3
3
3
3
3
3
3
3
3
3
3
3
3
3
3
3
3
3
3
3
3
3
3
3
3
3
3
3
3
3
3
3
3
3
2.99978
3
2.99993
3
3
3
3
3
2.99998
3
3
2.99936
3
3
3
3
3
3
3
3
3
3
3
3
3
3
3
3
3
3
3
3
3
3
3
3
3
3
3
3
3
3
3
3
3
3
3
3
3
3
3
3
3
3
3
3
3
3
3
3
3
3
3
3
3
3
3
3
3
3
3
3
3
3
2.99966
2.99994
3
3
3
2.99997
3
2.99942
3
3
3
3
3
3
3
3
3
3
3
3
3
2.99983
3
3
3
3
3
3
3
3
3
2.99998
2.9987
2.99999
3
3
2.9979
3
3
3
3
3
3
3
3
3
3
3
3
3
3
3
3
3
3
3
3
3
3
3
3
2.99999
3
3
3
3
3
3
3
3
3
3
3
3
3
3
3
3
3
3
3
3
3
3
2.99999
3
3
2.99884
3
2.99695
2.99997
2.99999
3
3
3
3
2.99988
2.99961
3
3
3
3
3
3
3
3
3
3
3
3
3
3
3
3
3
2.99999
3
3
3
3
3
3
3
3
3
3
2.99978
3
2.99978
3
3
3
2.99999
3
3
3
3
2.99724
2.9983
3
2.99999
3
2.99997
3
3
3
3
2.99995
3
3
3
3
3
3
3
3
2.99998
2.99996
2.99446
3
2.99993
3
2.9915
3
3
2.9987
2.99987
2.99924
3
3
3
3
3
3
3
3
3
3
3
2.99992
3
3
3
2.99999
2.99998
3
2.99999
3
2.99506
2.99994
3
2.98836
3
2.99995
2.99812
3
3
3
2.99981
2.99936
3
3
3
3
3
3
3
2.99969
3
3
3
3
3
3
3
3
2.99972
3
3
3
3
3
3
3
3
3
3
3
3
3
3
3
2.99313
2.99997
2.99994
2.98946
3
2.99992
2.99839
2.99906
2.99984
3
3
3
2.99951
3
3
2.99985
2.99998
3
2.99975
3
3
3
2.99965
2.99936
2.99995
3
3
3
3
3
2.99832
3
3
3
3
3
3
2.99999
3
2.99999
2.99998
2.99282
3
2.99907
2.99972
2.99986
2.9831
2.99961
2.99999
2.99996
2.99727
3
3
2.96444
3
3
2.99992
3
3
3
2.99753
3
3
3
3
3
3
2.99998
3
3
2.99282
2.99959
2.99925
2.99963
3
2.99978
3
2.99997
2.99994
3
2.98895
2.99999
2.9999
2.99998
2.98305
2.99981
2.99975
2.99987
3
2.99913
2.9483
2.92916
2.99862
2.99996
3
2.99998
2.97907
2.99999
2.99622
3
2.99998
3
3
3
2.99645
2.9988
2.99067
3
3
2.99963
2.99997
3
2.99999
3
2.99991
2.99971
2.97805
2.9999
2.99983
2.97548
2.99918
2.95384
3
3
2.99999
3
2.98636
2.91335
2.99795
3
3
3
2.99998
3
3
3
3
3
3
3
3
2.98775
2.99972
2.99999
2.99974
2.99985
2.99998
2.9812
2.99985
2.99973
2.96782
2.99877
2.94272
3
2.99898
2.99999
2.99994
2.99944
2.99484
2.99989
2.99162
3
3
3
2.99999
2.99998
2.99998
2.99551
2.92152
2.99551
2.99806
2.97514
2.97514
2.96978
2.99939
3
3
2.95618
3
2.99897
3
2.99902
3
3
2.93316
3
3
3
3
3
2.99999
2.99995
3
2.99999
2.9986
2.99983
2.99995
2.99588
2.98915
3
2.99957
3
3
2.99998
3
2.97448
2.99998
2.99946
3
3
3
3
2.99967
3
3
3
3
2.94636
2.99847
3
2.99853
2.91711
3
2.99988
3
3
3
3
3
2.99999
3
3
2.99987
3
3
3
3
3
3
2.99999
2.99893
2.99941
2.99992
2.99985
3
2.99458
2.99121
2.99822
3
2.99814
2.99481
2.99996
2.97127
3
3
2.9683
2.99918
2.99997
2.99995
2.99921
3
2.95405
2.99863
3
2.99965
2.98586
3
2.99998
3
3
2.97831
2.99939
3
3
3
2.99968
2.99999
3
3
2.99997
3
3
2.99621
3
3
3
3
3
3
3
2.99999
2.99983
3
2.97401
2.99999
3
2.99963
2.99995
3
3
3
2.99991
2.99998
2.99943
2.99992
2.99854
3
2.99571
2.99805
3
3
2.99713
2.99971
2.98871
2.99166
2.99998
2.99984
2.98944
2.98944
2.98842
2.97151
3
3
2.99994
2.99975
2.96262
2.9224
2.99906
3
2.99983
2.99859
2.9038
3
2.99963
2.97344
3
3
2.99909
2.99999
3
2.99804
3
3
3
3
2.99913
3
3
2.99998
2.99985
3
2.99994
2.99584
2.99163
2.99956
2.92218
2.97143
3
2.99985
3
2.9841
2.9991
2.99901
2.99999
2.95149
2.99962
3
2.92917
3
2.9979
2.9979
2.88207
2.998
2.99947
3
2.99968
2.99818
2.99966
2.99828
2.99733
2.99923
2.99996
3
3
3
3
2.99987
2.99988
3
2.99995
3
3
2.99997
2.99975
2.99953
3
2.92771
2.99987
2.99993
3
3
3
2.99985
3
3
3
3
3
2.99125
3
3
2.99961
2.99223
3
2.99012
2.99983
2.99976
2.99919
2.99864
2.99999
2.99994
2.99763
3
3
3
2.99969
3
3
2.99931
2.93138
2.98689
2.97483
2.96519
2.99992
3
2.99881
3
3
2.99952
3
3
3
3
3
2.99977
2.98922
2.99946
2.99928
2.99916
2.98223
2.98021
2.96908
3
3
2.99991
3
3
2.99999
2.99361
2.99657
3
2.97402
2.99996
2.99998
3
3
3
2.99993
2.98817
3
2.99994
2.99989
3
3
2.95725
2.99263
3
2.97347
3
3
3
3
3
2.9952
2.99996
2.99969
2.95998
2.98599
2.99706
2.99043
2.99633
3
3
2.99854
3
3
3
3
3
2.99961
2.99999
2.99999
3
2.99654
2.99943
2.99998
2.99998
3
2.99969
2.99974
2.99984
3
3
3
2.99994
3
3
2.99999
2.99998
2.99878
2.99196
2.99421
2.9948
2.99996
2.99993
2.99975
2.99996
3
3
3
2.99991
3
2.99988
3
3
2.99984
3
3
3
2.99993
2.99988
3
2.99999
2.99998
3
2.99934
3
2.9698
2.99442
2.99771
3
3
3
3
3
3
2.99998
3
2.99992
2.99997
2.99989
2.97935
2.99995
2.99986
3
2.99986
2.99998
2.99659
3
3
3
3
3
3
2.91036
2.99997
3
2.99998
3
2.99972
2.99532
2.99999
2.99999
2.99999
2.99999
2.99999
3
2.99989
3
2.9998
3
3
2.99891
3
3
3
3
2.99998
3
3
3
2.99996
3
3
2.99999
3
3
2.99996
2.99992
3
2.99964
2.99934
3
3
2.99999
2.99999
2.99999
3
3
2.99992
3
3
2.99999
2.97326
2.99998
2.99999
3
2.99928
2.99997
3
3
3
2.99994
2.99997
2.99999
3
2.99998
2.99998
2.99999
2.99995
3
3
3
3
2.99835
2.98569
3
2.99999
3
3
3
3
3
2.99999
3
2.99995
2.99948
3
3
3
3
3
2.99998
2.998
3
3
3
2.99999
2.99999
3
3
3
2.99867
2.9977
2.99434
3
2.99546
2.99527
2.99958
2.99388
3
3
3
2.99854
3
3
2.99747
2.99227
3
2.99257
3
3
3
3
3
3
3
2.95586
3
3
3
3
3
3
3
2.90455
3
2.99997
3
3
2.99993
3
2.95201
2.88334
2.96291
2.99811
2.99716
2.99872
2.99588
2.98851
2.99985
2.99944
2.99914
2.99964
2.99977
3
2.98427
2.99997
3
2.99978
2.99912
2.99854
3
2.99994
2.92032
2.96767
3
3
2.99955
2.99962
3
3
3
3
2.89596
2.97253
3
2.99978
2.99995
2.94599
3
3
2.95149
3
2.99991
2.98451
3
2.99912
2.99999
2.99986
3
3
3
2.99715
2.99937
3
2.99783
3
3
3
3
2.99991
3
3
3
3
2.99999
3
3
3
3
3
2.99998
3
3
3
3
2.99989
3
3
3
2.98597
2.99956
2.9987
3
3
3
2.95986
2.99933
2.90257
2.99952
2.93298
2.99976
2.94667
2.97142
3
3
2.99997
2.99909
2.99952
2.99407
2.99835
3
3
2.97848
2.99923
2.9972
3
3
3
3
3
2.99999
3
3
2.99996
2.99996
3
2.99984
3
2.99996
3
3
2.99471
3
3
2.99988
2.99915
3
3
3
2.99928
3
3
3
3
3
2.92634
2.95824
3
2.93473
3
3
2.99968
2.99982
3
3
3
2.965
3
3
2.99989
3
2.99996
2.99142
2.99971
2.98499
2.99998
3
2.9995
3
2.99931
2.99263
2.99549
2.99999
2.99838
2.9979
3
2.9978
3
2.89262
3
2.99988
2.99998
3
3
2.99996
2.99895
2.99998
2.99313
3
2.9958
2.99997
3
2.99485
3
3
3
3
3
2.99968
3
3
3
3
3
3
3
3
3
3
3
3
3
3
3
3
3
3
2.99988
3
2.996
3
3
3
3
3
2.99942
2.99771
3
3
3
3
3
3
2.98948
2.99956
3
3
3
2.99983
3
3
3
3
3
3
2.8994
2.99617
2.99997
2.99864
3
3
3
3
3
3
3
3
3
3
3
3
2.99892
3
2.99821
2.99821
2.99712
3
3
3
2.99999
3
2.99999
3
3
3
3
2.99995
3
3
2.99558
3
2.99995
3
2.8317
3
3
2.99981
2.99503
3
2.99965
2.99194
3
2.99578
3
2.99981
2.99973
3
2.93396
3
2.9954
3
3
3
3
2.85479
3
3
3
3
2.99934
2.99913
3
3
3
2.99959
3
2.99852
2.99999
2.90821
2.9978
2.99818
2.99973
3
2.99999
2.8878
3
2.99999
2.96434
2.99774
2.99958
3
2.95386
3
3
3
3
3
3
3
3
2.99989
2.99902
2.99204
3
3
2.99999
3
2.99996
2.99999
3
2.99999
3
3
2.99997
2.99994
3
3
3
2.98488
2.94419
3
3
2.99745
2.99999
3
3
3
3
3
3
3
2.99727
3
2.99999
3
2.99994
3
3
3
3
2.99604
2.99999
2.99999
3
3
2.99999
3
3
3
3
2.99946
3
3
3
3
3
3
2.99946
3
3
3
3
3
3
3
3
2.99917
3
3
2.99999
2.99999
3
3
3
3
3
3
3
3
2.99991
3
3
3
2.99986
2.99983
3
3
3
2.99667
3
3
3
3
3
3
3
3
2.96903
3
3
2.99999
3
3
3
3
3
3
3
3
2.99998
2.99994
2.99994
3
3
3
3
3
3
2.99986
3
3
3
3
3
3
3
3
3
3
3
3
3
3
3
3
3
3
3
3
3
3
3
3
3
3
3
3
3
3
2.99535
3
2.99993
2.99973
3
3
3
2.99748
3
2.99996
2.99887
3
3
2.99997
2.99997
3
3
3
2.99952
2.99864
2.97525
3
3
3
3
3
3
3
3
3
3
3
3
2.84309
3
3
3
3
2.99998
3
2.9966
3
3
3
3
3
3
3
3
2.99919
3
3
3
2.99372
3
3
3
3
3
3
3
3
2.85097
2.99692
3
3
2.99869
2.99987
3
3
3
3
3
2.99999
3
3
3
3
3
3
3
3
3
3
3
3
3
3
3
3
3
3
3
3
3
3
3
3
2.99997
2.99801
2.99999
3
3
3
3
3
3
3
3
3
3
3
3
3
3
3
3
3
3
3
3
3
2.99999
3
3
3
2.99994
2.99926
2.98839
3
3
3
2.98681
2.99159
2.97989
2.98681
3
3
3
3
3
3
3
3
3
3
3
3
3
3
3
3
3
3
2.9979
2.88242
2.99821
2.89431
3
3
3
3
3
3
3
3
3
3
3
3
3
3
3
3
3
3
3
3
3
3
3
3
3
3
3
3
3
3
3
2.99995
3
3
2.92938
2.99897
3
2.99569
3
2.87575
2.99916
2.93996
3
3
3
3
3
2.99999
3
3
3
3
3
2.99746
3
2.99746
3
3
3
3
3
3
3
3
3
2.99994
3
3
3
2.99992
3
3
3
3
3
3
3
3
2.99942
3
3
3
2.99123
3
3
3
3
3
3
3
3
2.99986
2.90957
2.99959
2.99969
2.96608
2.97274
3
3
3
3
3
3
3
3
3
2.99981
3
3
3
3
2.99995
3
3
3
3
3
3
3
3
3
3
3
3
3
3
3
3
2.99987
3
3
2.98698
3
3
3
2.99011
3
2.99993
3
3
3
3
3
3
3
2.99989
3
3
3
2.99956
2.99986
3
3
3
3
3
3
3
3
3
3
3
3
3
3
3
3
3
3
3
3
3
2.99942
2.99973
3
2.99973
3
3
3
3
3
3
3
3
3
3
2.70909
3
3
2.98341
3
3
3
3
3
3
3
3
3
3
3
3
3
3
2.99951
2.99984
3
3
3
3
3
3
2.99885
3
3
2.99433
3
2.99347
2.99979
3
3
3
2.95511
2.93447
3
3
3
3
3
3
3
3
3
3
3
3
3
3
3
3
3
3
3
3
2.99752
3
3
3
2.99859
2.99999
3
3
3
3
2.98255
2.7338
3
3
2.99999
2.99973
3
3
3
3
3
3
3
2.99652
2.99973
3
3
3
3
3
3
3
2.99955
3
3
3
3
3
3
3
3
3
3
3
3
3
3
3
3
3
3
3
2.98274
2.74842
3
2.99999
3
3
3
3
3
2.99944
3
3
3
3
3
3
3
3
3
2.99995
2.99014
2.99999
3
3
3
3
2.99997
3
3
2.9999
2.9999
3
2.98454
2.98454
2.99999
3
2.99999
3
3
3
3
3
3
3
3
3
3
3
3
3
3
3
3
3
3
3
3
3
3
3
3
3
2.99999
3
3
2.83935
3
3
2.99966
3
2.99981
2.97643
3
3
3
3
3
2.98463
2.8043
2.9987
2.9822
2.99678
2.97092
3
3
3
3
3
3
3
3
3
3
3
3
3
3
3
3
2.99994
3
3
3
3
3
3
3
3
3
3
3
3
2.83301
3
3
3
3
3
3
2.9999
3
3
3
2.99601
3
3
3
3
2.9768
3
3
2.99997
2.72125
3
3
2.82491
2.98562
3
2.9998
2.99752
2.99341
3
3
2.99989
3
3
3
2.76085
2.97823
3
2.99999
3
3
3
3
3
3
3
3
3
3
3
3
3
3
3
3
3
3
3
3
3
3
3
3
3
2.67788
2.70827
3
3
3
3
2.99997
3
2.99931
3
3
3
2.81619
3
2.99517
3
3
3
3
3
3
2.99981
3
3
3
3
2.99999
3
3
3
3
3
3
2.97662
3
2.69222
3
3
2.99917
3
3
3
2.98969
3
3
3
3
3
3
3
3
3
2.9997
3
3
3
2.99158
3
3
2.90244
2.98067
2.80578
2.9914
2.99998
2.83163
3
2.9904
2.99998
3
3
3
3
2.99997
3
3
3
3
3
3
3
3
3
3
3
3
3
2.99436
2.83638
2.9961
3
3
3
2.9995
2.97114
2.73851
3
3
3
3
2.99997
3
3
3
3
3
2.99995
3
2.99916
3
3
3
3
2.72745
2.68492
2.99954
3
3
3
3
3
3
3
2.99998
3
2.99996
3
2.99999
3
3
3
2.99387
2.99995
2.94573
2.99995
3
3
3
3
3
3
3
3
3
3
2.97262
2.76264
3
3
3
2.99996
3
3
3
3
3
2.86213
3
3
2.99702
3
2.99999
3
2.99996
3
3
3
3
3
3
3
2.95684
2.75587
3
2.67362
2.9227
3
3
3
2.89535
2.99359
3
3
3
3
3
3
2.99487
2.95661
3
2.99991
2.89008
2.99785
2.96892
2.67781
3
3
2.94824
2.6507
3
2.92564
2.9903
3
3
2.83667
2.97847
2.99781
3
3
3
3
3
3
3
2.7436
2.70349
3
2.99998
2.99996
3
3
3
3
3
2.99418
2.99418
2.86798
2.86798
3
3
3
3
3
3
3
2.99999
2.91026
3
2.9999
2.99713
2.99808
2.91711
2.86061
2.83867
2.99853
2.88971
2.80264
2.96743
3
2.66503
3
2.69424
3
2.9539
3
3
3
3
3
3
2.80234
2.80234
2.63342
2.93426
3
3
2.81985
3
2.81985
3
3
3
3
3
3
3
2.97962
2.99723
3
3
3
3
2.99998
3
3
3
3
3
2.99999
3
2.99987
2.94089
2.8351
2.86339
2.99905
2.948
2.99617
2.67097
3
2.89671
2.97115
2.72599
2.79544
2.94223
3
3
3
3
3
3
3
3
2.99077
2.78269
3
2.9931
2.72846
2.95177
2.99999
3
2.597
2.98722
3
3
2.95024
3
3
3
3
2.9846
3
3
3
2.9978
3
2.99992
2.91852
2.97044
3
2.96016
2.99536
2.66378
2.96901
2.99998
2.98713
2.99942
2.6307
2.99074
2.94768
2.87634
3
3
3
2.84337
2.60868
2.87601
3
2.85642
2.70107
2.72727
2.82425
2.96333
3
2.95785
2.94812
2.99986
3
2.68034
3
2.64719
3
2.77418
3
3
2.99206
2.99998
2.74326
3
3
3
2.78982
2.71216
2.74915
3
2.89561
2.61324
2.72297
3
2.72498
2.92383
2.98157
2.63857
2.9219
2.99975
2.97241
2.90131
3
2.99999
2.99708
3
3
2.99972
3
2.69923
2.93679
2.74189
2.76473
3
2.97461
2.69949
2.99966
2.98844
2.98282
2.65554
3
2.64503
2.9524
2.9339
2.99999
3
2.98907
2.85164
3
3
3
3
3
3
2.99902
3
3
2.99999
3
2.99817
2.97937
2.77358
2.59051
2.87639
2.73203
2.80299
2.65085
3
3
3
2.71946
2.74006
2.99969
2.98457
2.75184
2.97333
2.64231
2.93907
2.93079
2.84639
2.79375
2.96541
2.89766
3
3
3
2.76223
3
2.73121
2.9847
2.62472
2.6303
3
2.73327
2.69864
2.6699
2.66489
2.98288
3
2.99705
3
3
2.99999
2.59875
2.91679
3
3
2.96759
2.99384
3
2.99995
3
2.98419
2.75674
2.99853
2.88888
2.62341
2.77648
2.96164
2.78318
2.76593
2.73333
3
2.91685
2.58937
2.99998
2.98037
2.76764
3
2.61616
2.97062
2.79571
2.99212
2.551
2.85729
3
2.93592
2.91694
2.99129
2.875
2.81996
2.82264
2.83839
2.85057
2.81141
2.67985
2.83598
2.93735
2.79775
2.5576
2.97135
2.9557
3
2.80083
2.63864
3
2.99803
2.9607
3
2.99803
3
2.92426
2.73179
2.68753
2.98613
2.97939
2.94294
2.97516
3
2.99506
3
2.99062
2.81615
2.54896
2.88106
2.99326
2.99389
3
2.64177
2.60486
3
2.99999
3
3
2.99976
2.59579
2.77349
2.9894
2.93374
3
2.82315
2.83257
2.99999
2.57813
2.92574
3
2.69962
2.86744
2.78888
2.81903
2.8611
2.97834
2.96288
2.8968
2.99339
2.82452
2.61732
2.99999
2.84739
2.98343
2.56213
2.9314
3
2.95923
2.9959
2.9959
3
3
2.99998
2.70685
2.99962
2.98161
2.5656
2.92853
2.85047
2.99346
2.54771
2.88617
2.9993
2.87673
2.99998
2.85626
2.99611
2.93686
2.8691
2.58148
2.91703
2.95536
2.84943
2.80998
2.67746
3
2.55436
2.83842
3
2.63596
2.77242
2.87103
2.97722
2.8409
3
2.96874
3
2.71561
2.97631
3
3
3
2.91008
2.58023
2.88968
2.9149
2.88077
2.60759
2.92255
2.8863
2.88165
2.87601
2.72727
2.77137
3
3
2.81895
2.99234
3
3
2.98972
2.89509
2.64711
2.61072
2.99685
2.99764
2.99563
3
2.77693
2.98797
2.99925
3
3
3
3
3
3
2.86315
3
2.99477
3
2.74377
2.7014
3
3
2.57831
2.91645
2.96433
3
2.80343
2.90813
3
2.95889
2.63158
2.89913
2.93804
2.92862
2.89423
2.87256
2.98408
2.9756
2.79693
2.71094
2.89089
2.98752
2.99494
2.63452
2.95063
3
3
3
3
2.80189
3
2.98985
3
2.99526
3
2.99947
3
3
3
2.94058
3
2.99999
3
3
2.99846
2.59875
2.97044
2.97867
2.98503
2.62497
2.93222
2.97867
2.91679
3
2.94164
2.91071
3
2.91883
2.79829
2.89153
2.91004
3
2.73955
2.78173
2.99387
2.90643
3
2.9914
2.82763
2.98705
2.99698
2.98829
2.99365
2.96421
2.6825
3
2.93163
2.99255
2.97086
2.86919
2.71891
2.93056
2.99514
2.8348
3
2.90222
2.95221
2.99662
2.99882
3
2.99996
2.72119
2.76085
2.99942
2.99999
2.87241
2.99999
2.99438
3
3
2.93398
2.99828
2.99531
2.81094
3
2.99793
2.98511
2.99052
2.99453
2.68103
2.96677
2.96931
2.98846
2.94312
2.97798
3
2.95513
2.9867
2.93856
3
2.75014
2.89017
3
2.94131
2.82476
2.94577
3
3
3
3
2.75217
2.9727
2.97715
2.99951
2.89289
2.99551
3
3
3
2.99062
2.99386
2.98631
2.99518
2.99774
3
2.71247
2.97452
2.98694
2.95127
2.97926
2.74557
2.9505
2.88184
2.8507
2.99271
2.99031
2.91663
2.99537
3
3
2.97892
2.99985
2.96611
2.98263
2.96743
3
2.99965
2.9755
2.99768
2.99768
3
3
2.95787
2.9988
3
3
3
3
3
3
2.99997
2.99354
2.99037
2.98487
2.85664
3
2.99712
3
2.99642
2.95141
3
2.9746
2.99935
2.94179
2.9979
2.93291
2.91235
3
2.98864
3
2.80629
2.97895
2.97182
2.99298
2.95264
2.99988
2.86446
2.98407
2.97397
2.91523
2.97848
3
3
2.87284
3
2.86558
2.99698
2.98792
2.86558
3
2.98792
2.98959
3
2.99054
3
2.99999
2.99999
2.99237
2.95382
2.99999
3
2.86351
3
3
2.99308
2.99454
3
2.99841
3
3
2.99996
2.98594
2.98945
2.99126
3
2.97717
3
2.97637
3
2.97806
2.98581
3
3
2.98351
3
3
2.96788
3
3
2.99853
2.99981
2.90662
3
2.92621
3
2.99343
2.98552
3
2.99966
2.94142
3
2.94142
2.99311
3
3
2.99496
3
2.9922
3
3
2.94401
2.92683
3
3
3
2.91839
2.61732
2.99833
3
3
2.97882
2.99937
3
2.90618
2.99223
2.99993
2.98884
2.94144
2.99078
3
3
3
3
3
3
3
2.99991
3
3
2.94193
2.99572
2.99236
3
3
3
2.98946
3
2.93155
2.99375
3
2.98203
3
2.99988
3
2.99867
2.99992
3
3
3
3
2.99368
3
2.98412
3
2.99955
2.92447
2.99318
3
2.96734
2.94034
3
3
3
3
3
2.93131
3
3
2.56232
3
2.99412
3
3
2.58831
2.988
2.58831
2.57606
2.57606
2.87196
2.87196
3
2.60003
2.98542
3
2.98542
3
3
2.99999
3
3
3
2.99988
3
3
3
3
3
3
3
3
3
2.96399
2.96289
3
3
3
2.99938
3
3
3
3
3
3
2.99548
3
2.99761
3
2.99506
2.98372
3
3
3
3
3
3
3
3
3
2.97058
2.96382
2.97312
2.99953
3
2.99647
3
2.56867
3
2.99998
3
3
3
3
3
3
3
3
3
2.99598
2.99946
2.99762
2.99491
2.99999
3
3
3
3
2.99974
3
3
3
3
3
3
2.99828
3
2.99997
3
3
3
3
3
3
3
2.99999
2.99998
3
3
2.99999
3
3
3
3
3
2.98001
3
2.99879
3
3
3
3
3
3
3
3
3
3
2.99998
3
3
2.98652
3
3
2.99739
3
2.97248
2.97984
3
2.88133
3
2.99834
2.78897
2.98289
3
2.99979
3
3
3
3
3
3
3
2.99998
3
3
3
2.99968
3
3
3
3
3
3
3
3
3
3
2.99739
3
2.99928
3
3
2.9899
3
2.99987
3
3
3
3
3
3
3
3
3
3
2.97946
3
3
2.99683
2.99845
3
3
3
3
3
3
3
3
3
3
3
3
3
3
3
3
3
3
3
3
3
3
3
3
3
3
3
3
3
3
3
3
3
3
3
3
2.96901
2.95588
2.93893
2.95588
3
3
3
3
2.99672
2.99805
2.81953
2.81953
3
3
3
3
3
3
3
3
3
3
3
3
3
3
3
3
3
3
3
3
3
3
3
3
3
3
2.99013
2.99646
3
3
3
3
2.99963
3
3
3
3
3
3
3
3
3
2.99993
3
3
3
3
3
3
3
3
3
3
3
3
3
3
3
3
3
3
3
3
3
2.9958
3
3
3
2.99669
3
3
2.99602
2.99385
3
3
2.99728
3
3
3
3
3
3
3
3
2.8499
3
3
3
3
3
3
3
3
3
3
3
3
3
3
3
3
3
3
2.98962
2.99953
3
2.99998
2.99712
3
2.99354
3
3
3
2.99997
3
3
3
2.99999
3
3
3
3
3
3
3
3
3
3
3
3
3
3
3
3
3
3
3
3
3
3
2.99732
3
3
3
3
3
3
3
3
3
2.99274
3
2.89438
3
3
3
3
3
3
3
3
3
3
3
2.99803
3
2.99055
3
3
3
3
3
2.99999
3
2.99983
3
3
3
3
3
3
3
3
3
3
3
3
3
3
3
3
2.99808
2.99883
2.99998
2.99997
3
3
3
2.98996
3
3
2.99827
3
3
3
3
3
3
3
3
3
3
3
2.91468
2.97421
3
2.91468
2.98288
2.97421
2.96225
3
3
3
3
3
3
2.99853
3
2.99971
3
3
3
3
3
3
3
3
3
3
3
3
2.99944
2.99977
3
2.99995
2.99609
3
3
3
3
2.99892
2.98893
3
3
3
3
3
2.98962
3
3
3
3
3
2.99999
3
3
3
3
3
3
3
3
3
3
2.98888
2.9991
3
3
3
3
3
3
3
2.93298
2.99723
3
2.99997
3
3
3
3
3
3
3
3
3
3
3
3
3
3
3
3
3
3
3
3
3
3
3
2.99999
3
3
3
3
3
3
3
2.93079
3
3
3
3
3
3
3
2.99987
2.99987
3
3
2.9929
2.99975
3
2.99912
2.99794
2.98939
2.98939
3
3
2.99987
3
2.99996
2.99993
2.99993
3
3
2.99998
3
3
3
3
2.99868
3
3
2.975
3
3
3
3
3
2.95791
3
2.99948
2.99821
3
3
2.99985
3
3
3
3
3
3
3
3
3
3
2.99564
2.9999
3
3
3
3
3
3
3
3
3
3
3
3
3
3
3
3
3
2.99789
3
3
3
2.9986
3
2.99775
3
3
2.94998
2.94998
3
3
3
3
3
3
3
3
3
3
3
3
3
3
3
3
3
3
3
3
3
2.99999
3
3
3
3
3
3
3
3
3
3
3
2.81069
3
2.98945
3
3
3
3
3
3
3
3
3
3
3
3
3
3
3
3
3
3
3
3
2.97583
2.97583
3
2.84567
2.87667
2.81225
2.84567
3
3
2.96788
2.96788
3
3
3
3
3
3
3
3
3
3
3
3
3
3
3
3
3
3
2.99698
3
3
2.99592
2.95186
3
3
2.9979
3
3
3
3
3
3
3
3
3
3
3
3
3
2.99878
3
3
3
3
3
3
3
3
3
3
3
3
3
3
3
3
3
3
3
3
3
3
3
3
3
3
3
2.96486
3
3
3
3
3
3
3
3
3
3
3
3
3
3
3
3
3
2.83569
2.83569
3
3
2.99225
2.99959
3
3
3
3
3
3
3
3
3
3
3
3
2.99848
3
3
2.99369
2.99817
3
3
3
3
3
3
3
3
3
2.99478
3
3
3
2.97727
3
3
3
3
3
3
3
3
3
3
3
2.97617
3
3
3
3
3
3
3
3
3
3
3
3
3
3
3
3
3
3
3
3
3
3
3
3
3
3
3
3
3
3
3
3
3
3
3
3
3
3
2.99992
3
3
3
3
3
3
3
2.99865
3
2.95596
2.99865
3
3
2.95596
3
3
3
3
3
3
3
3
3
3
3
3
3
3
3
3
3
3
3
3
3
3
3
3
3
3
3
3
3
3
3
3
3
3
3
3
3
3
3
3
3
3
3
3
3
3
3
3
3
3
3
3
3
3
3
3
3
3
3
3
3
3
3
3
3
3
3
3
3
3
3
3
3
3
3
3
3
3
3
3
3
3
3
3
3
3
3
3
3
3
3
3
3
3
3
3
3
3
3
3
3
3
3
3
3
3
3
3
3
3
3
3
3
3
3
3
3
3
3
3
3
3
3
3
3
3
3
3
3
3
3
3
3
3
3
3
3
3
3
3
3
3
3
3
3
3
3
3
3
3
3
3
3
3
3
3
3
3
3
3
3
3
3
3
3
3
3
3
3
3
3
3
3
3
3
3
3
3
3
3
3
3
3
3
3
3
3
3
3
3
3
3
3
3
3
3
3
3
3
3
3
3
3
3
3
3
3
3
3
3
3
3
3
3
3
3
3
3
3
3
3
3
3
3
3
3
3
3
3
3
3
3
3
3
3
3
3
3
3
3
3
3
3
3
3
3
3
3
3
3
3
3
3
3
3
3
3
3
3
3
3
3
3
3
3
3
3
3
3
3
3
3
3
3
2.92581
3
3
3
3
3
3
3
3
3
3
3
3
3
3
3
3
3
3
3
3
3
3
3
3
3
3
3
3
3
3
3
3
3
3
3
3
3
3
3
3
3
3
3
3
3
3
3
3
3
3
3
3
3
3
3
3
3
3
3
3
3
3
3
3
3
3
3
3
3
3
3
3
3
3
3
3
3
3
3
3
3
3
3
3
3
3
3
3
3
3
3
3
3
3
3
3
3
3
3
3
3
3
3
3
3
3
3
3
3
3
3
3
3
3
3
3
3
3
3
3
3
3
3
3
3
3
3
3
3
3
3
3
3
3
3
3
3
3
3
3
3
3
3
3
3
3
3
3
3
3
3
3
3
3
3
3
3
3
3
3
3
3
3
3
3
3
3
3
3
3
3
3
3
3
3
3
3
3
3
3
3
3
3
3
3
3
3
3
3
3
3
3
3
3
3
3
2.99219
3
2.99912
3
3
3
2.99278
3
3
3
3
3
3
3
2.99881
3
3
3
3
3
3
3
3
3
3
3
3
3
3
3
3
3
3
2.86129
3
3
3
3
3
3
3
3
3
3
3
3
3
3
3
3
3
3
3
3
3
3
3
3
3
3
3
3
3
3
3
3
3
3
3
3
3
3
3
3
3
3
3
2.99991
3
3
3
3
3
3
3
3
3
3
3
3
3
2.9608
3
3
3
3
3
3
3
3
3
2.992
2.99939
3
3
3
3
3
3
3
2.93574
2.93574
3
3
3
3
3
3
3
3
3
3
2.99966
3
3
3
3
3
3
3
3
3
3
3
3
3
3
3
3
2.98407
3
3
3
3
3
3
3
3
3
3
3
3
3
3
3
3
3
3
3
2.99732
2.99999
2.99549
3
2.99261
2.99549
3
3
3
3
3
3
3
3
3
3
3
2.99996
3
3
2.99901
2.99979
3
3
3
3
3
3
3
3
3
3
3
3
3
3
2.99866
3
3
3
3
3
3
3
3
3
3
3
3
3
3
3
3
3
2.94586
3
3
3
3
3
3
3
3
2.98971
2.98971
3
3
3
3
3
3
3
2.99972
3
2.9989
3
3
3
3
3
3
3
3
3
3
3
2.99471
2.99978
3
3
3
3
3
3
3
3
3
2.99758
3
3
3
2.99992
3
3
3
3
3
3
3
3
3
3
3
2.99997
2.99997
3
3
2.99938
3
2.99861
3
3
3
2.99999
3
3
2.99921
3
2.99853
3
3
3
3
3
3
3
3
3
3
3
2.99354
3
3
3
3
3
3
3
3
3
3
3
2.97144
2.9985
3
3
3
2.99843
2.99857
2.99913
2.99997
3
2.99999
3
3
2.99999
2.99939
3
3
3
2.99999
3
3
3
2.9982
3
3
3
3
3
3
3
3
3
3
3
3
3
3
3
3
3
3
3
3
2.99451
2.99973
3
3
2.99711
3
2.99858
3
3
3
3
3
2.99745
3
3
3
3
3
3
3
3
3
3
3
3
3
3
3
3
3
3
3
3
3
2.99998
3
3
2.99867
3
2.99671
3
3
3
2.99553
2.99898
3
3
2.99952
3
3
3
3
3
3
3
3
3
3
3
3
3
3
3
3
3
3
3
3
2.99495
2.99999
3
3
3
3
3
2.99518
2.99996
3
2.99909
3
3
2.99766
2.96495
3
2.99865
2.99865
2.97431
2.97431
2.99999
2.99924
2.98169
2.99446
2.97661
2.97661
3
2.99941
2.99999
3
3
3
3
3
3
3
3
3
3
3
3
3
3
3
3
2.99962
2.99936
2.99436
3
3
3
3
3
3
2.99999
3
2.9995
2.99982
2.99997
2.99947
2.99998
3
3
3
3
3
3
3
3
3
3
3
3
3
2.99996
3
3
2.99966
3
2.99952
2.99933
2.99995
2.99974
3
2.99932
3
3
3
2.99897
2.99933
3
3
3
3
3
3
3
3
2.99942
3
3
3
3
3
3
3
3
3
2.99841
3
3
3
3
3
3
2.99692
2.99692
2.99946
2.99822
3
3
3
2.99768
3
2.99999
3
3
3
3
3
3
3
3
3
3
3
3
3
3
2.99955
3
2.98137
2.99753
2.99995
3
2.99965
3
3
3
3
3
3
3
3
3
3
3
3
3
3
2.99978
3
2.99835
3
3
3
2.99982
2.99727
3
3
3
3
3
3
3
3
3
3
3
3
3
3
3
3
3
3
3
3
3
2.99983
3
3
2.99904
2.99998
3
3
2.99817
3
3
3
3
3
3
3
3
3
3
3
3
3
3
3
3
3
3
3
3
3
3
3
3
3
3
3
3
3
3
3
3
3
3
3
2.99993
3
3
3
3
3
3
3
3
3
3
3
3
3
3
3
2.99998
2.99989
3
3
3
3
3
3
3
3
3
3
3
3
3
3
3
3
3
3
3
3
3
2.99978
2.99989
2.99994
2.99989
3
2.99902
2.99902
2.99972
2.99661
2.9982
3
3
3
3
3
3
3
3
3
3
3
3
2.99952
3
3
2.99999
2.99999
2.99999
2.99922
2.99922
3
3
2.99999
3
3
3
3
3
3
2.9996
2.9998
3
3
3
3
3
3
3
3
3
2.99955
3
2.99995
2.99999
2.9999
2.9996
3
3
2.99957
3
2.99905
2.99968
3
2.99995
3
2.99966
2.99956
2.99999
2.99853
3
3
2.99997
2.99965
3
3
2.99879
3
3
2.99983
3
3
3
3
3
3
2.99832
3
3
3
3
2.99996
2.99988
3
2.99989
3
3
3
3
3
3
3
3
3
3
3
3
3
3
3
3
3
3
3
2.99999
3
3
3
3
3
3
3
3
3
2.99999
3
3
3
3
2.99994
3
3
3
3
3
3
2.99983
2.99884
3
3
3
3
3
3
2.99998
3
3
3
3
3
3
3
3
3
3
3
2.99997
2.99997
2.99998
3
3
3
3
2.99997
3
3
3
2.99993
2.99999
2.99999
2.99866
2.9999
2.99989
2.99991
2.99989
2.99965
2.99983
3
2.99991
2.99989
3
2.9998
3
3
3
2.99994
2.99954
3
3
3
3
2.99947
3
2.99996
3
2.99952
2.99946
2.99994
2.99997
3
3
2.99997
2.99991
3
3
3
2.99992
3
2.99995
3
3
3
3
3
3
3
3
2.99998
3
2.99994
3
3
3
3
2.99991
2.99973
3
2.99993
2.99996
2.99997
2.99965
2.99979
2.99987
2.99993
2.99993
3
2.99966
3
2.99995
2.99879
2.99999
2.99997
2.99998
2.99969
2.99999
2.99995
2.99997
3
3
3
2.99999
3
3
3
3
3
3
3
2.99994
3
2.99999
2.99992
2.99999
3
2.99997
2.99999
2.99995
3
3
3
3
2.99995
2.99995
2.99997
3
2.99992
3
3
3
3
3
3
3
3
2.99999
3
2.99999
2.99998
3
2.99997
2.99997
3
3
2.99999
3
3
2.99999
2.99997
3
3
2.99999
3
3
3
2.99999
3
3
3
2.99997
3
3
3
3
2.99999
3
3
2.99999
3
3
3
3
3
2.99999
3
3
3
3
3
3
3
3
3
2.99999
2.99999
3
3
3
3
3
3
3
2.99999
3
3
3
3
3
3
3
3
3
3
3
2.99999
3
3
3
3
2.99996
3
2.99999
3
3
2.99997
3
3
3
3
2.99999
3
3
3
3
3
3
3
3
3
3
3
3
3
3
2.99998
3
3
3
3
3
3
2.99999
3
3
3
3
2.99992
3
3
2.99995
3
3
3
2.99999
3
3
3
3
3
2.99997
3
3
2.99999
3
3
3
3
3
3
3
3
3
3
3
3
3
3
3
3
3
3
3
3
3
3
3
3
3
3
3
3
3
3
3
3
2.99998
3
3
3
3
3
3
3
3
3
3
3
3
3
3
3
3
3
3
2.99998
3
3
3
3
3
3
3
3
3
3
3
3
3
3
3
2.99999
3
3
3
3
3
3
3
3
3
3
3
3
3
3
3
3
3
3
3
3
3
3
3
3
3
3
3
2.99999
3
3
3
3
3
3
3
2.99999
3
3
3
3
3
3
3
3
3
3
3
3
3
3
3
3
3
2.99998
3
3
3
3
3
3
3
3
3
3
3
3
3
3
3
3
3
3
3
3
3
3
3
3
3
3
3
3
3
3
2.99999
3
3
2.99999
2.99999
3
3
2.99983
2.99979
2.99978
2.99981
2.99989
2.99999
2.99998
2.99994
2.99996
2.99993
2.99997
2.99996
2.99998
2.99998
3
2.99996
3
2.99996
2.99996
3
3
3
3
2.99998
3
3
2.99997
3
3
3
2.99999
3
2.99999
3
3
3
3
3
3
3
3
3
3
3
3
3
3
3
3
3
3
2.99982
3
2.99995
3
2.99769
2.99769
2.99975
3
3
2.99989
2.99981
2.99991
2.99878
2.99902
2.99976
2.99974
2.99894
3
2.99936
2.99928
2.99971
2.9998
2.99972
2.99967
2.99975
2.99997
2.99986
2.99973
3
2.99983
3
3
2.99998
2.99991
2.99991
3
3
3
3
3
3
3
3
3
3
3
3
3
3
3
3
3
3
3
3
3
3
3
3
3
3
3
3
3
2.99998
2.99923
3
3
3
2.99997
3
3
2.99847
3
3
3
3
3
3
2.99999
2.99999
2.9999
3
3
3
3
3
3
3
3
3
3
3
3
3
2.99999
2.99928
2.99993
2.99988
3
3
3
2.99955
3
3
2.99733
3
2.99981
2.99981
2.99986
2.99976
2.99976
2.99959
3
3
3
3
3
2.99994
2.99994
3
3
3
2.99991
2.99991
2.99941
2.99941
2.99997
2.99974
2.99974
2.99815
2.99815
3
3
3
3
3
2.99999
2.99998
2.99968
2.99948
2.99968
2.99999
2.99981
3
2.99993
3
3
3
3
2.99994
2.9999
2.99973
3
3
3
3
3
3
2.99999
3
2.99995
2.99995
3
3
3
2.9998
2.9998
2.99994
2.99994
3
2.99995
2.99995
2.99999
2.99999
3
3
3
3
3
3
3
3
3
3
3
3
2.99993
3
2.99999
3
2.99999
3
2.99999
2.99999
3
2.99999
2.99996
2.99999
2.99996
3
3
3
3
3
3
3
3
3
3
3
3
3
3
3
3
3
2.99999
2.99999
2.99999
3
2.99999
3
3
3
2.99997
3
3
3
3
3
3
2.99999
3
3
3
3
3
2.99999
3
3
3
3
3
3
3
3
3
3
3
3
3
3
3
3
2.99986
3
3
2.99997
2.99996
2.99997
2.99999
3
3
2.99875
2.99985
2.99953
2.99992
2.99986
2.99999
3
3
3
3
3
3
3
3
3
3
3
3
3
3
3
3
3
3
3
3
3
3
3
3
3
3
3
3
3
3
3
3
3
3
3
3
3
3
3
3
3
3
3
3
3
3
3
3
3
3
3
3
3
3
3
3
3
3
3
3
3
3
3
3
3
3
3
3
3
3
3
3
3
3
3
3
3
3
3
3
3
3
3
3
3
3
3
3
3
3
3
3
3
3
3
3
3
3
3
3
3
3
3
3
3
3
3
3
3
3
3
3
3
3
3
3
3
3
3
3
3
3
3
3
3
3
3
3
3
3
3
3
3
3
3
3
3
3
3
3
3
3
3
3
3
3
3
3
3
3
3
3
3
3
3
3
3
3
3
3
3
3
3
3
3
3
3
3
3
3
3
3
3
3
3
3
3
3
3
3
3
3
3
3
3
3
3
3
3
3
3
3
3
3
3
3
3
3
3
3
3
3
3
3
3
3
3
3
3
3
3
3
3
3
3
3
3
3
3
3
3
3
3
3
3
3
3
3
3
3
3
3
3
3
3
3
3
3
3
3
3
3
3
3
3
3
3
3
3
3
3
3
3
3
3
3
3
3
3
3
3
3
3
3
3
3
3
3
3
3
3
3
3
3
3
3
3
3
3
3
3
3
3
3
3
3
3
3
3
3
3
3
3
3
3
3
3
3
3
3
3
3
3
3
3
3
3
3
3
3
3
3
3
3
3
3
3
3
3
3
3
3
3
3
3
3
3
3
3
3
3
3
3
3
3
3
3
3
3
3
3
3
3
3
3
3
3
3
3
3
3
3
3
3
3
3
3
3
3
3
3
3
3
3
3
3
3
3
3
3
3
3
3
3
3
3
3
3
3
3
3
3
3
3
3
3
3
3
3
3
3
3
3
3
3
3
3
3
3
3
3
3
3
3
3
3
3
3
3
3
3
3
3
3
3
3
3
3
3
3
3
3
3
3
3
3
3
3
3
3
3
3
3
3
3
3
3
3
3
3
3
3
3
3
3
3
3
3
3
3
3
3
3
3
3
3
3
3
3
3
3
3
3
3
3
3
3
3
3
3
3
3
3
3
3
3
3
3
3
3
3
3
3
3
3
3
3
3
3
3
3
3
3
3
3
3
3
3
3
3
3
3
3
3
3
3
3
3
3
3
3
3
3
3
3
3
3
3
3
3
3
3
3
3
3
3
3
3
3
3
3
3
3
3
3
3
3
3
3
3
3
3
3
3
3
3
3
3
3
3
3
3
3
3
3
3
3
3
3
3
3
3
3
3
3
3
3
3
3
3
3
3
3
3
3
3
3
3
3
3
3
3
3
3
3
3
3
3
3
3
3
3
3
3
3
3
3
3
3
3
3
3
3
3
3
3
3
3
3
3
3
3
3
3
3
3
3
3
3
3
3
3
3
3
3
3
3
3
3
3
3
3
3
3
3
3
3
3
3
3
3
3
3
3
3
3
3
3
3
3
3
3
3
3
3
3
3
3
3
3
3
3
3
3
3
3
3
3
3
3
3
3
3
3
3
3
3
3
3
3
3
3
3
3
3
3
3
3
3
3
3
3
3
3
3
3
3
3
3
3
3
3
3
3
3
3
3
3
3
3
3
3
3
3
3
3
3
3
3
3
3
3
3
3
3
3
3
3
3
3
3
3
3
3
3
3
3
3
3
3
3
3
3
3
3
3
3
3
3
3
3
3
3
3
3
3
3
3
3
3
3
3
3
3
3
3
3
3
3
3
3
3
3
3
3
3
3
3
3
3
3
3
3
3
3
3
3
3
3
3
3
3
3
3
3
3
3
3
3
3
3
3
3
3
3
3
3
3
3
3
3
3
3
3
3
3
3
3
3
3
3
3
3
3
3
3
3
3
3
3
3
3
3
3
3
3
3
3
3
3
3
3
3
3
3
3
3
3
3
3
3
3
3
3
3
3
3
3
3
3
3
3
3
3
3
3
3
3
3
3
3
3
3
3
3
3
3
3
3
3
3
3
3
3
3
3
3
3
3
3
3
3
3
3
3
3
3
3
3
3
3
3
3
3
3
3
3
3
3
3
3
3
3
3
3
3
3
3
3
3
3
3
3
3
3
3
3
3
3
3
3
3
3
3
3
3
3
3
3
3
3
3
3
3
3
3
3
3
3
3
3
3
3
3
3
3
3
3
3
3
3
3
3
3
3
3
3
3
3
3
3
3
3
3
3
3
3
3
3
3
3
3
3
3
3
3
3
3
3
3
3
3
3
3
3
3
3
3
3
3
3
3
3
3
3
3
3
3
3
3
3
3
3
3
3
3
3
3
3
3
3
3
3
3
3
3
3
3
3
3
3
3
3
3
3
3
3
3
3
3
3
3
3
3
3
3
3
3
3
3
3
3
3
3
3
3
3
3
3
3
3
3
3
3
3
3
3
3
3
3
3
3
3
3
3
3
3
3
3
3
3
3
3
3
3
3
3
3
3
3
3
3
3
3
3
3
3
3
3
3
3
3
3
3
3
3
3
3
3
3
3
3
3
3
3
3
3
3
3
3
3
3
3
3
3
3
3
3
3
3
3
3
3
3
3
3
3
3
3
3
3
3
3
3
3
3
3
3
3
3
3
3
3
3
3
3
3
3
3
3
3
3
3
3
3
3
3
3
3
3
3
3
3
3
3
3
3
3
3
3
3
3
3
3
3
3
3
3
3
3
3
3
3
3
3
3
3
3
3
3
3
3
3
3
3
3
3
3
3
3
3
3
3
3
3
3
3
3
3
3
3
3
3
3
)
;

boundaryField
{
    emptyPatches_empt
    {
        type            fixedValue;
        value           uniform 3;
    }
    top_cyc
    {
        type            fixedValue;
        value           uniform 3;
    }
    bottom_cyc
    {
        type            fixedValue;
        value           uniform 3;
    }
    inlet_cyc
    {
        type            fixedValue;
        value           uniform 3;
    }
    outlet_cyc
    {
        type            fixedValue;
        value           uniform 3;
    }
}


// ************************************************************************* //
