/*--------------------------------*- C++ -*----------------------------------*\
  =========                 |
  \\      /  F ield         | OpenFOAM: The Open Source CFD Toolbox
   \\    /   O peration     | Website:  https://openfoam.org
    \\  /    A nd           | Version:  6
     \\/     M anipulation  |
\*---------------------------------------------------------------------------*/
FoamFile
{
    version     2.0;
    format      ascii;
    class       surfaceScalarField;
    location    "4.71";
    object      meshPhi;
}
// * * * * * * * * * * * * * * * * * * * * * * * * * * * * * * * * * * * * * //

dimensions      [0 3 -1 0 0 0 0];

internalField   nonuniform List<scalar> 
8193
(
0.00198842
-0.00235348
-0.000692986
0.00325718
-0.0044231
0.00444264
-0.00625107
0.00549162
-0.0078095
0.00635852
-0.00908169
0.00700861
-0.010061
0.00742002
-0.0107498
0.0075847
-0.0111573
0.00750817
-0.0112985
0.00720834
-0.0111923
0.00671361
-0.0108603
0.0060605
-0.0103252
0.00529096
-0.00961026
0.00444974
-0.00873861
0.00358182
-0.00773252
0.00273012
-0.00661334
0.00193361
-0.00540136
0.00122569
-0.00411591
0.000633056
-0.00277542
0.000174874
-0.00139767
-0.000137728
-4.41163e-21
-0.000301818
0.00140041
-0.000322556
0.00278628
-0.000212796
0.00414
7.60446e-06
0.0054433
0.000312779
0.00667709
0.000672175
0.00782122
0.00105221
0.0088544
0.00141823
0.0097541
0.00173677
0.0104968
0.00197801
0.011058
0.00211818
0.011413
0.00214202
0.0115375
0.00204473
0.0114085
0.00183343
0.0110057
0.00152779
0.010313
0.00115961
0.00931979
0.000771243
0.00802305
0.000412823
0.0064288
0.000138311
0.00455353
0.00242533
6.203e-07
0.0077957
-0.00727284
-0.00377152
0.0116015
-0.0111495
0.0150376
-0.01446
0.0179707
-0.0171649
0.0202946
-0.0192511
0.0219365
-0.0207283
0.0228596
-0.0216246
0.0230642
-0.0219817
0.0225856
-0.0218501
0.0214894
-0.0212851
0.0198664
-0.0203432
0.017826
-0.0190792
0.0154887
-0.017544
0.01298
-0.015784
0.0104235
-0.0138401
0.00793567
-0.0117477
0.00562102
-0.00953747
0.00356863
-0.00723578
0.00184931
-0.00486556
0.00051377
-0.00244732
-0.000408413
0
-0.000909142
0.00245801
-0.00100148
0.00490797
-0.000718657
0.00732987
-0.000112466
0.00970146
0.000749141
0.0119973
0.00178517
0.0141881
0.00290555
0.0162393
0.00401587
0.0181113
0.0050229
0.0197583
0.00584062
0.0211289
0.00639656
0.0221666
0.00663796
0.022811
0.00653739
0.0230001
0.00609709
0.0226731
0.00535166
0.0217746
0.00436839
0.0202584
0.00324489
0.0180928
0.00210388
0.0152657
0.00108502
0.0117888
0.00770162
0.000334213
0.0171354
-0.0146384
-0.0104936
0.0231862
-0.0198752
0.0284427
-0.0241819
0.0327391
-0.0275281
0.0359564
-0.0299248
0.0380271
-0.0314169
0.0389371
-0.0320754
0.0387237
-0.0319886
0.0374711
-0.031254
0.035303
-0.0299715
0.0323739
-0.0282372
0.0288596
-0.0261394
0.0249476
-0.0237559
0.0208277
-0.0211523
0.0166838
-0.0183821
0.0126867
-0.0154873
0.00898828
-0.0124997
0.00571676
-0.00944263
0.00297363
-0.00633277
0.000831369
-0.00318217
-0.000667642
8.82326e-21
-0.00151146
0.00320557
-0.00171806
0.00642565
-0.00133401
0.00964885
-0.000432414
0.0128595
0.000890096
0.0160358
0.00251734
0.019148
0.0043186
0.0221566
0.00615475
0.0250105
0.00788541
0.0276464
0.00937692
0.0299877
0.0105109
0.031945
0.0111929
0.0334183
0.0113603
0.0342995
0.0109894
0.0344771
0.0101005
0.0338427
0.00875969
0.0322983
0.00707845
0.0297647
0.00520889
0.0261908
0.00333556
0.021562
0.0159074
0.0016637
0.0300473
-0.0240213
-0.0212028
0.0378067
-0.030048
0.0442744
-0.0347902
0.0492986
-0.0382448
0.0527881
-0.0404618
0.0547156
-0.0415334
0.0551152
-0.041582
0.0540788
-0.0407483
0.0517483
-0.0391795
0.0483061
-0.0370204
0.0439647
-0.0344049
0.0389553
-0.0314514
0.0335174
-0.0282591
0.027888
-0.0249072
0.0222928
-0.0214549
0.0169391
-0.0179434
0.0120091
-0.014398
0.00765571
-0.0108314
0.00399941
-0.00724631
0.00112601
-0.00363857
-0.000914224
8.13808e-15
-0.00210665
0.00367895
-0.00247164
0.00740663
-0.00206308
0.0111876
-0.000966224
0.0150201
0.000705473
0.018893
0.00281446
0.0227832
0.00520432
0.0266524
0.00770622
0.030445
0.0101465
0.034085
0.0123552
0.0374755
0.0141757
0.040498
0.0154739
0.0430146
0.0161483
0.0448711
0.0161378
0.0459035
0.0154288
0.0459459
0.0140595
0.044841
0.012121
0.0424519
0.00975537
0.038675
0.00714906
0.0334526
0.0267843
0.00452364
0.0462265
-0.0347235
-0.0358585
0.0549709
-0.0409255
0.0619255
-0.0455418
0.0669895
-0.0486081
0.0701296
-0.0502209
0.0713796
-0.0505234
0.0708359
-0.0496903
0.0686506
-0.0479124
0.0650224
-0.0453829
0.0601861
-0.0422858
0.0544011
-0.0387868
0.0479399
-0.0350274
0.0410773
-0.0311216
0.0340802
-0.0271549
0.0271993
-0.0231859
0.0206616
-0.0192487
0.0146653
-0.0153564
0.00937561
-0.0115056
0.00492193
-0.00768
0.00139635
-0.00385479
-0.00114699
1.76465e-20
-0.00269179
0.00391588
-0.00325877
0.00792263
-0.00290425
0.012045
-0.00171796
0.0162993
0.000179836
0.0206898
0.00264221
0.0252049
0.00550045
0.0298128
0.00857011
0.0344584
0.0116582
0.0390593
0.0145714
0.043504
0.0171253
0.0476509
0.019154
0.0513296
0.0205194
0.0543455
0.0211207
0.0564858
0.0209015
0.0575299
0.0198561
0.057262
0.0180322
0.0554856
0.0155314
0.0520395
0.0125058
0.0468144
0.0397672
0.00915197
0.0650174
-0.0458598
-0.0539896
0.073919
-0.0516597
0.0805995
-0.0556563
0.0850318
-0.057928
0.0872561
-0.0586175
0.0873755
-0.0579156
0.0855501
-0.0560432
0.0819885
-0.0532338
0.076938
-0.0497181
0.0706737
-0.0457105
0.0634876
-0.0413999
0.0556777
-0.0369427
0.0475379
-0.0324601
0.0393487
-0.0280377
0.0313703
-0.0237276
0.0238358
-0.019552
0.016947
-0.0155082
0.010871
-0.0115734
0.0057382
-0.00770989
0.00164136
-0.00386991
-0.00136481
-1.76465e-20
-0.00326321
0.00395487
-0.00407341
0.00804745
-0.00385026
0.0123244
-0.00268195
0.016822
-0.000687432
0.0215623
0.0019869
0.0265478
0.00517143
0.0317572
0.00867861
0.03714
0.0123092
0.0426125
0.0158594
0.0480547
0.0191295
0.0533086
0.0219319
0.0581793
0.0241006
0.0624393
0.0254991
0.0658355
0.0260287
0.0681004
0.0256345
0.0689662
0.0243097
0.0681819
0.0220979
0.0655316
0.0190924
0.0608536
0.0540576
0.0154333
0.0854508
-0.0564675
-0.0747023
0.0936751
-0.0613948
0.0993658
-0.0643991
0.102577
-0.0655979
0.103424
-0.0651738
0.102076
-0.0633564
0.0987471
-0.0604028
0.0936923
-0.0565786
0.0871937
-0.052141
0.079552
-0.047325
0.071076
-0.0423331
0.0620737
-0.0373286
0.0528426
-0.032433
0.0436631
-0.0277265
0.0347917
-0.0232506
0.026456
-0.0190126
0.018852
-0.0149918
0.0121405
-0.0111449
0.00644697
-0.00741204
0.00186034
-0.00372265
-0.00156662
-1.76465e-20
-0.00381667
0.00383406
-0.00490715
0.00785482
-0.00488866
0.0121304
-0.0038433
0.0167174
-0.00188257
0.0216558
0.000855392
0.0269637
0.00420923
0.0326317
0.00799865
0.0386171
0.0120295
0.0448392
0.0160998
0.0511745
0.0200063
0.0574555
0.0235523
0.0634706
0.0265543
0.0689686
0.0288504
0.073666
0.0303064
0.0772589
0.0308223
0.0794381
0.0303368
0.0799078
0.0288307
0.0784056
0.0263278
0.0747235
0.0687271
0.0228951
0.10632
-0.0656273
-0.0967459
0.113123
-0.0693667
0.11723
-0.0711586
0.11877
-0.0711514
0.117922
-0.0695576
0.114907
-0.0666344
0.109982
-0.0626631
0.103431
-0.0579297
0.0955549
-0.0527072
0.0866643
-0.0472409
0.0770698
-0.0417383
0.0670749
-0.0363628
0.0569681
-0.0312307
0.0470178
-0.0264127
0.0374666
-0.0219368
0.0285283
-0.0177944
0.0203853
-0.013946
0.0131868
-0.0103283
0.00704862
-0.00686054
0.00205286
-0.0034505
-0.0017514
1.18221e-14
-0.00434739
0.00359031
-0.00574956
0.00741639
-0.00600234
0.0115662
-0.00517871
0.016115
-0.00337837
0.0211199
-0.000725674
0.0266142
0.00263306
0.0326009
0.00653276
0.039047
0.0107936
0.0458769
0.0152253
0.0529684
0.0196329
0.0601497
0.0238215
0.0672001
0.0276031
0.0738532
0.0308019
0.0798054
0.0332601
0.0847275
0.0348431
0.0882809
0.0354438
0.0901371
0.0349861
0.0899986
0.0334269
0.0876214
0.082835
0.0307581
0.126287
-0.0725773
-0.118627
0.131101
-0.0749883
0.133212
-0.0755069
0.132807
-0.0743026
0.130112
-0.0716062
0.125383
-0.0676911
0.118899
-0.0628513
0.110958
-0.0573823
0.101862
-0.0515626
0.0919186
-0.0456398
0.0814255
-0.0398193
0.0706705
-0.034259
0.0599231
-0.0290661
0.0494306
-0.0242993
0.0394149
-0.0199724
0.0300695
-0.0160604
0.0215587
-0.0125061
0.014016
-0.00922772
0.00754495
-0.00612565
0.0022188
-0.00308874
-0.00191824
-5.44378e-15
-0.00485028
0.00325831
-0.00658855
0.00679999
-0.00717032
0.0107302
-0.00665755
0.0151404
-0.00513559
0.0201028
-0.00271148
0.0256645
0.000487953
0.0318405
0.0043184
0.0386072
0.00862089
0.0458961
0.013225
0.0535886
0.0179524
0.0615135
0.0226211
0.0694463
0.0270496
0.0771134
0.0310608
0.0841998
0.0344867
0.0903617
0.037172
0.0952426
0.0389778
0.0984931
0.0397844
0.0997932
0.0394945
0.0988743
0.0955406
0.0380349
0.144012
-0.0768019
-0.138761
0.146504
-0.0779106
0.146425
-0.0772385
0.144001
-0.0749663
0.13948
-0.0713334
0.133135
-0.0666185
0.125252
-0.061119
0.116121
-0.0551306
0.106038
-0.0489298
0.0952887
-0.0427595
0.0841521
-0.0368182
0.0728902
-0.0312543
0.0617462
-0.026164
0.0509411
-0.0215931
0.0406711
-0.017541
0.0311062
-0.0139676
0.0223896
-0.0107998
0.0146374
-0.00793998
0.00793909
-0.00527229
0.00235831
-0.00266978
-0.00206633
8.82326e-21
-0.00532006
0.00286985
-0.00741088
0.00606809
-0.00836849
0.00971379
-0.00824318
0.0139117
-0.00710472
0.0187466
-0.00504118
0.0242771
-0.00215756
0.0305284
0.00142573
0.0374859
0.00557466
0.0450884
0.0101437
0.0532225
0.0149779
0.06172
0.0199159
0.0703573
0.024792
0.0788591
0.0294391
0.0869067
0.0336917
0.09415
0.0373881
0.100225
0.0403733
0.104771
0.0425012
0.107458
0.0436378
0.108002
0.106195
0.0436629
0.158282
-0.0780851
-0.155638
0.158382
-0.0780519
0.15615
-0.0763811
0.151826
-0.0732567
0.145664
-0.0689187
0.137934
-0.0636434
0.128911
-0.0577238
0.11887
-0.0514495
0.108084
-0.0450892
0.0968134
-0.0388766
0.0853083
-0.0330002
0.0738006
-0.027597
0.0625032
-0.0227513
0.0516077
-0.0184961
0.0412826
-0.0148177
0.0316731
-0.0116627
0.0229005
-0.00894485
0.0150628
-0.00655305
0.00823533
-0.00435877
0.00247176
-0.00222258
-0.00219498
-2.30138e-15
-0.00575142
0.00245327
-0.00820252
0.00527657
-0.0095706
0.00859955
-0.00989437
0.012537
-0.0092281
0.0171832
-0.00764068
0.0226056
-0.00521478
0.0288378
-0.00204594
0.0358726
0.00175846
0.0436554
0.0060803
0.0520783
0.0107919
0.0609778
0.0157571
0.0701336
0.020833
0.079273
0.0258709
0.0880787
0.0307179
0.0962012
0.0352186
0.103275
0.0392162
0.10894
0.0425552
0.112861
0.0450832
0.114753
0.114397
0.0466537
0.16813
-0.0765197
-0.167989
0.166026
-0.0755919
0.161892
-0.0731796
0.15596
-0.0694648
0.148477
-0.0646823
0.139696
-0.0591007
0.129871
-0.0530036
0.119252
-0.0466701
0.108082
-0.0403576
0.0965913
-0.0342883
0.0849979
-0.0286387
0.0735013
-0.023534
0.0622829
-0.0190468
0.0515045
-0.0151983
0.0413072
-0.0119637
0.0318115
-0.00927839
0.0231176
-0.0070456
0.0153062
-0.00514415
0.00843887
-0.00343584
0.00255977
-0.00177215
-0.00230364
-2.11073e-15
-0.00613925
0.002033
-0.00894926
0.00447385
-0.0107492
0.00745939
-0.0115669
0.0111113
-0.0114422
0.0155303
-0.0104258
0.0207901
-0.00857886
0.0269302
-0.00597291
0.0339488
-0.00268902
0.0417968
0.00118233
0.0503714
0.00554159
0.0595138
0.0102804
0.0690089
0.0152817
0.0785888
0.0204205
0.087941
0.0255635
0.0967209
0.0305703
0.104568
0.0352941
0.111126
0.0395832
0.116065
0.0432829
0.119099
0.120012
0.0462383
0.172934
-0.0724745
-0.174919
0.169033
-0.0709338
0.163417
-0.0680562
0.156305
-0.0640186
0.14792
-0.0590468
0.138492
-0.0533988
0.128248
-0.0473456
0.117409
-0.0411534
0.106184
-0.0350665
0.0947744
-0.0292941
0.0833632
-0.0240006
0.072119
-0.0192997
0.0611929
-0.0152529
0.0507182
-0.0118716
0.0408105
-0.00912166
0.0315676
-0.00692991
0.0230703
-0.00519171
0.0153832
-0.00377869
0.0085557
-0.00254608
0.00262316
-0.00133935
-0.00239192
1.94307e-15
-0.00647872
0.00162935
-0.00963707
0.00370022
-0.0118765
0.00635365
-0.0132153
0.00971516
-0.0136802
0.0138892
-0.0133056
0.0189529
-0.0121333
0.0249493
-0.0102128
0.0318802
-0.00760083
0.0397001
-0.00436181
0.0483104
-0.000568354
0.057557
0.00369842
0.0672298
0.00834823
0.0770671
0.0132811
0.0867633
0.0183871
0.0959813
0.0235459
0.104369
0.0286275
0.111578
0.033493
0.117285
0.0379964
0.121213
0.123148
0.0419875
0.172474
-0.0665252
-0.176009
0.167336
-0.0646397
0.160775
-0.0615519
0.152987
-0.057431
0.144173
-0.0524924
0.134534
-0.0469809
0.124268
-0.0411539
0.113565
-0.0352633
0.102606
-0.0295395
0.0915586
-0.0241786
0.0805775
-0.019333
0.0698015
-0.0151056
0.0593543
-0.0115484
0.0493442
-0.0086646
0.0398638
-0.00641272
0.030991
-0.00471339
0.0227897
-0.00345664
0.0153106
-0.00250956
0.00859235
-0.00172353
0.00266291
-0.000940746
-0.00245959
0
-0.00676551
0.00125833
-0.0102527
0.00298761
-0.0129255
0.0053304
-0.0147943
0.00841348
-0.0158744
0.0123424
-0.0161863
0.0171955
-0.0157552
0.0230169
-0.0146112
0.0298101
-0.0127897
0.0375316
-0.0103324
0.0460857
-0.00728743
0.055322
-0.00371111
0.0650357
0.000331249
0.0749713
0.00476408
0.0848308
0.0095006
0.0942861
0.0144422
0.102995
0.0194783
0.11062
0.0244871
0.116847
0.0293373
0.121407
0.124095
0.0338905
0.166947
-0.0593612
-0.171346
0.161205
-0.0573511
0.154281
-0.0542582
0.146348
-0.0502427
0.137582
-0.0455081
0.128158
-0.0402856
0.118247
-0.0348176
0.108013
-0.0293413
0.0976079
-0.024073
0.087173
-0.0191962
0.0768358
-0.0148517
0.0667105
-0.0111327
0.0568972
-0.00808296
0.0474829
-0.00569897
0.038541
-0.00393396
0.0301327
-0.00270439
0.0223078
-0.00189713
0.0151055
-0.00137698
0.00855577
-0.000993725
0.00268017
-0.000588618
-0.00250663
1.66388e-15
-0.00699593
0.000931735
-0.0107839
0.00235957
-0.0138709
0.00442534
-0.0162604
0.00725492
-0.0179587
0.0109529
-0.0189746
0.0155965
-0.0193197
0.0212293
-0.0190079
0.0278545
-0.0180572
0.035429
-0.0164895
0.0438589
-0.0143327
0.0529965
-0.0116216
0.0626414
-0.00839991
0.0725443
-0.00472143
0.0824152
-0.000651816
0.0919354
0.00373061
0.100773
0.00833441
0.108603
0.0130555
0.115121
0.0177787
0.12007
0.12325
0.0223799
0.156938
-0.051685
-0.16151
0.151215
-0.0497047
0.144487
-0.0467482
0.136905
-0.0429656
0.128625
-0.0385475
0.119798
-0.0337106
0.110575
-0.0286822
0.101094
-0.0236845
0.0914856
-0.01892
0.0818676
-0.0145595
0.0723461
-0.0107333
0.0630148
-0.00752551
0.053955
-0.00497317
0.0452361
-0.00306732
0.0369164
-0.00175747
0.0290438
-0.000957613
0.0216568
-0.000553246
0.0147856
-0.00040867
0.00845308
-0.000373933
0.00267621
-0.000291141
-0.00253317
-1.54466e-15
-0.00716704
0.00065729
-0.0112203
0.00183154
-0.0146897
0.00366211
-0.0175736
0.00627222
-0.019871
0.00976369
-0.0215816
0.0142111
-0.0227057
0.0196557
-0.0232448
0.0260988
-0.0232025
0.0334967
-0.0225852
0.0417556
-0.0214042
0.0507298
-0.0196767
0.0602226
-0.0174285
0.0699903
-0.0146954
0.0797505
-0.0115249
0.0891942
-0.00797775
0.0980006
-0.00412818
0.105855
-6.40349e-05
0.112466
0.00411476
0.117586
0.121025
0.00829849
0.14335
-0.147491
0.138186
0.132128
0.125312
0.117878
0.109959
0.101685
0.0931789
0.0845508
0.0759014
0.0673197
0.0588835
0.0506594
0.0427035
0.0350624
0.0277737
0.0208677
0.0143677
0.00829149
0.0026524
-0.00253958
-0.00727678
-0.0115529
-0.0153622
-0.0186985
-0.0215554
-0.0239254
-0.0258002
-0.0271717
-0.028032
-0.0283757
-0.0282007
-0.0275107
-0.0263167
-0.0246398
-0.0225125
-0.0199804
-0.0171028
-0.0139529
-0.0106161
-0.00718826
-0.123159
-0.00632402
-0.119987
0.00707952
-0.113343
0.0193557
-0.103855
0.0295749
-0.0923539
0.0370443
-0.0797578
0.0413731
-0.0669573
0.0425023
-0.054708
0.0406939
-0.0435565
0.0364846
-0.0338068
0.0306069
-0.0255321
0.0238902
-0.0186292
0.0171537
-0.0129033
0.0111044
-0.00816844
0.00625261
-0.00434251
0.00285624
-0.00151912
0.000899657
0.000109626
-0.123066
-0.00552467
-0.120221
0.0059545
-0.114217
0.0165504
-0.105581
0.0255263
-0.0950062
0.0323163
-0.0832704
0.0365738
-0.0711426
0.0381968
-0.0592998
0.0373271
-0.048263
0.0343234
-0.0383624
0.0297124
-0.0297349
0.0241238
-0.0223545
0.0182153
-0.0160893
0.0125979
-0.0107761
0.00776793
-0.00629778
0.00405518
-0.00265256
0.00159137
0.000303051
-0.121186
-0.00473647
-0.118745
0.0049904
-0.113452
0.0140416
-0.105739
0.0218373
-0.0961765
0.0279186
-0.085412
0.0319836
-0.0740999
0.0339082
-0.0628356
0.0337502
-0.0521019
0.0317358
-0.0422354
0.0282304
-0.0334157
0.0236974
-0.0256791
0.0186479
-0.0189536
0.0135878
-0.0131112
0.00896622
-0.00802713
0.00513193
-0.00364
0.00230052
0.000536603
-0.117608
-0.00392412
-0.115617
0.00422882
-0.111072
0.0118773
-0.104318
0.0185684
-0.0958164
0.0239331
-0.0860981
0.027713
-0.075711
0.0297768
-0.0651685
0.0301268
-0.0549068
0.0288933
-0.045253
0.0263186
-0.036411
0.0227318
-0.0284634
0.0185166
-0.0213907
0.0140753
-0.0151054
0.00979182
-0.0094948
0.00599739
-0.00446788
0.00294175
0.000772386
-0.112495
-0.00307089
-0.110969
0.00368686
-0.107175
0.010077
-0.101381
0.0157488
-0.0939538
0.0204083
-0.0853201
0.0238378
-0.0759308
0.0259094
-0.0662204
0.0265911
-0.056573
0.0259466
-0.0472948
0.0241267
-0.038598
0.0213554
-0.0305962
0.01791
-0.023313
0.0140979
-0.0167011
0.010231
-0.0106713
0.00660096
-0.0051269
0.00345585
0.0009812
-0.106062
-0.00217699
-0.104991
0.00335986
-0.101923
0.00863522
-0.0970604
0.0133797
-0.0906874
0.0173616
-0.0831418
0.0204008
-0.0747871
0.0223791
-0.0659838
0.0232461
-0.057062
0.0230209
-0.0482989
0.0217889
-0.0399025
0.0196946
-0.0320043
0.0169295
-0.0246594
0.0137188
-0.0178569
0.010304
-0.0115366
0.00692626
-0.00561259
0.00380925
0.00114343
-0.098567
-0.00125655
-0.0979197
0.00322536
-0.0955282
0.00752519
-0.0915422
0.0114381
-0.0861761
0.0147835
-0.0796906
0.0174147
-0.0723734
0.0192271
-0.0645172
0.0201627
-0.0563992
0.0202131
-0.0482625
0.0194187
-0.0403022
0.0178654
-0.0326555
0.0156789
-0.025399
0.0130161
-0.0185514
0.0100552
-0.0120821
0.00698461
-0.00592573
0.00399117
0.0012487
-0.0902898
-0.000333961
-0.0900173
0.00324774
-0.0882367
0.00670458
-0.0850529
0.00988244
-0.080623
0.0126423
-0.0751436
0.0148668
-0.068837
0.0164663
-0.0619356
0.0173826
-0.0546665
0.017592
-0.0472372
0.0171054
-0.0398231
0.0159681
-0.0325588
0.0142563
-0.0255324
0.0120735
-0.0187845
0.00954413
-0.0123114
0.00680728
-0.00607224
0.00400901
0.00129467
-0.0815125
0.000559967
-0.0815564
0.00338293
-0.0803089
0.00612049
-0.0778395
0.00865804
-0.0742589
0.0108899
-0.0697111
0.0127239
-0.0643635
0.0140855
-0.0583962
0.0149209
-0.0519906
0.0151993
-0.0453188
0.0149141
-0.0385334
0.0140833
-0.0317594
0.0127483
-0.0250887
0.0109721
-0.018576
0.00883641
-0.0122395
0.00643775
-0.00606268
0.00388313
0.00128523
-0.0725039
0.00139155
-0.0728004
0.00358283
-0.0720026
0.00571449
-0.0701523
0.0077024
-0.0673239
0.00946742
-0.063619
0.0109385
-0.0591601
0.0120553
-0.0540828
0.0127709
-0.0485284
0.013053
-0.0426357
0.0128859
-0.0365329
0.0122708
-0.0303317
0.0112255
-0.0241209
0.00978431
-0.017963
0.00799655
-0.0118916
0.00592456
-0.00591143
0.00364148
0.00122845
-0.0635052
0.00212711
-0.0639898
0.00379889
-0.0635573
0.00542679
-0.0622288
0.00694997
-0.0600509
0.00831015
-0.0570921
0.00945358
-0.0534386
0.0103329
-0.0491898
0.0109088
-0.0444523
0.0111514
-0.0393347
0.0110412
-0.0339419
0.01057
-0.0283694
0.00974131
-0.022699
0.00857011
-0.0169947
0.00708262
-0.0112999
0.00531553
-0.00563558
0.00331489
0.0011347
-0.0547199
0.002735
-0.0553307
0.00398478
-0.055182
0.00519947
-0.0542803
0.00633586
-0.0526516
0.00735183
-0.050339
0.00820765
-0.0474008
0.00886716
-0.0439069
0.00929888
-0.0399353
0.00947697
-0.0355685
0.00938205
-0.0308892
0.0090019
-0.0259767
0.00833187
-0.0209027
0.00737514
-0.0157284
0.00614276
-0.0105015
0.00465348
-0.00525375
0.0029333
0.00101494
-0.0463071
0.00318666
-0.046987
0.00409798
-0.0470467
0.0049786
-0.0464826
0.00579848
-0.045306
0.0065279
-0.0435416
0.00713828
-0.0412264
0.00760289
-0.0384072
0.00789753
-0.0351393
0.00800127
-0.031483
0.00789692
-0.0275016
0.00757163
-0.0232585
0.00701723
-0.0188141
0.00623054
-0.0142237
0.0052136
-0.00953478
0.00397364
-0.00478488
0.00252312
0.000879483
-0.0383796
0.00345678
-0.0390781
0.00410032
-0.039278
0.00471518
-0.0389702
0.00528105
-0.0381558
0.00577759
-0.0368467
0.00618493
-0.0350642
0.00648404
-0.032838
0.00665721
-0.0302053
0.00668844
-0.0272087
0.00656381
-0.023895
0.00627186
-0.0203129
0.00580388
-0.0165115
0.00515413
-0.0125383
0.00432009
-0.00843727
0.00330255
-0.00424717
0.0021057
0.000737151
-0.031005
0.00352263
-0.0316781
0.00395766
-0.0319589
0.00436521
-0.0318351
0.00473208
-0.031302
0.00504494
-0.0303628
0.00529058
-0.0290281
0.00545611
-0.0273152
0.00552929
-0.0252476
0.00549869
-0.0228542
0.00535398
-0.0201681
0.00508611
-0.0172256
0.00468753
-0.0140647
0.00415237
-0.0107245
0.00347658
-0.00724316
0.00265807
-0.0036572
0.00169681
0.000594872
-0.0242096
0.00336289
-0.0248201
0.00363887
-0.0251307
0.00388895
-0.0251283
0.00410505
-0.0248054
0.00427897
-0.02416
0.00440248
-0.0231957
0.00446748
-0.0219214
0.00446611
-0.020351
0.00439091
-0.0185029
0.00423491
-0.0163994
0.00399179
-0.0140663
0.00365599
-0.0115319
0.0032228
-0.0088267
0.00268847
-0.00598196
0.00205033
-0.00302937
0.00130683
0.000457594
-0.0179847
0.00295606
-0.0185012
0.00311436
-0.0187984
0.00324965
-0.0188641
0.00335746
-0.0186902
0.0034332
-0.0182724
0.00347228
-0.0176103
0.00347014
-0.0167075
0.00342231
-0.0155712
0.0033245
-0.0142124
0.00317263
-0.0126454
0.0029629
-0.0108873
0.00269189
-0.00895827
0.00235655
-0.0068804
0.00195431
-0.00467773
0.00148311
-0.00237557
0.000941453
0.000328439
-0.0122939
0.00227873
-0.0126898
0.00235446
-0.0129371
0.00241209
-0.0130263
0.00244954
-0.01295
0.00246471
-0.0127037
0.00245549
-0.0122852
0.00241977
-0.0116954
0.00235551
-0.0109373
0.00226073
-0.0100168
0.00213355
-0.00894228
0.00197221
-0.00772439
0.00177508
-0.006376
0.0015407
-0.004912
0.00126784
-0.00334902
0.000955424
-0.00170522
0.000602663
0.000208998
-0.00708017
0.00130397
-0.00733259
0.00132779
-0.00749969
0.00134103
-0.00757517
0.00134303
-0.00755408
0.0013332
-0.00743291
0.0013109
-0.00720964
0.00127557
-0.0068838
0.00122662
-0.00645642
0.00116352
-0.00593011
0.00108577
-0.00530899
0.000992923
-0.00459867
0.000884555
-0.00380618
0.000760313
-0.00293989
0.0006199
-0.00200941
0.000463084
-0.00102553
0.000289704
9.96716e-05
-0.00227386
2.40689e-18
-0.00236264
1.90873e-18
-0.0024239
2.04571e-18
-0.0024554
1.99068e-18
-0.00245532
1.54947e-18
-0.00242234
1.47473e-18
-0.00235559
1.40342e-18
-0.0022547
1.05187e-18
-0.00211981
7.31814e-19
-0.00195159
5.22073e-19
-0.00175119
2.95081e-19
-0.0015203
2.96597e-19
-0.00126107
3.68632e-19
-0.000976135
2.58388e-19
-0.000668581
1.31938e-19
-0.000341908
5.28873e-20
1.05832e-20
0.0022003
-0.00167065
0.00229349
-0.00166715
0.00235972
-0.00164948
0.00239665
-0.00161781
0.00240236
-0.00157237
0.00237538
-0.00151342
0.00231475
-0.00144129
0.00221998
-0.00135635
0.00209109
-0.00125901
0.00192861
-0.0011497
0.00173359
-0.0010289
0.00150758
-0.000897095
0.00125261
-0.000754797
0.000971202
-0.000602523
0.000666312
-0.000440798
0.000341322
-0.000270144
-9.10824e-05
0.00641657
-0.00375147
0.00670886
-0.00371598
0.00692091
-0.00364814
0.00704547
-0.00354912
0.00707656
-0.00342028
0.00700966
-0.00326311
0.00684168
-0.00307925
0.00657106
-0.00287043
0.00619775
-0.00263847
0.00572326
-0.00238524
0.00515059
-0.00211264
0.00448425
-0.0018226
0.00373014
-0.001517
0.00289555
-0.0011977
0.00198902
-0.000866489
0.00102026
-0.000525083
-0.000175075
0.0104422
-0.0062915
0.0109497
-0.00619247
0.011323
-0.0060384
0.0115495
-0.00583251
0.0116193
-0.00557835
0.0115247
-0.00527974
0.0112608
-0.00494074
0.0108251
-0.00456555
0.010218
-0.00415848
0.00944196
-0.00372387
0.00850239
-0.00326602
0.00740685
-0.00278916
0.00616516
-0.00229736
0.00478917
-0.00179449
0.00329258
-0.00128414
0.00169066
-0.000769612
-0.000253837
0.0143317
-0.00934424
0.0150697
-0.00914502
0.0156165
-0.00886315
0.0159546
-0.00850518
0.0160701
-0.00807818
0.0159527
-0.00758965
0.0155962
-0.00704738
0.0149981
-0.0064593
0.0141595
-0.00583337
0.0130854
-0.00517746
0.0117839
-0.00449921
0.0102662
-0.00380589
0.00854631
-0.00310431
0.00664073
-0.00240072
0.00456775
-0.00170067
0.00234723
-0.00100897
-0.00032959
0.0181216
-0.0129657
0.0191041
-0.0126225
0.0198338
-0.0121637
0.0202883
-0.0116009
0.0204503
-0.0109465
0.0203078
-0.0102131
0.0198545
-0.00941399
0.019089
-0.00856222
0.0180148
-0.00767069
0.0166403
-0.00675182
0.0149777
-0.00581737
0.0130428
-0.00487816
0.0108543
-0.00394395
0.00843315
-0.00302322
0.00580171
-0.00212305
0.00298301
-0.00124899
-0.000404975
0.0218258
-0.0172117
0.0230649
-0.0166715
0.0239833
-0.0159772
0.0245539
-0.0151476
0.0247571
-0.0142025
0.0245806
-0.0131621
0.0240195
-0.0120467
0.0230753
-0.0108763
0.0217562
-0.00967013
0.0200755
-0.008446
0.0180511
-0.00722036
0.0157046
-0.00600769
0.0130598
-0.00482032
0.0101422
-0.00366818
0.00697711
-0.0025586
0.00358896
-0.00149627
-0.000483106
0.0254313
-0.022135
0.0269367
-0.0213335
0.0280456
-0.0203336
0.0287268
-0.0191642
0.0289599
-0.0178555
0.0287341
-0.0164379
0.0280483
-0.014941
0.0269097
-0.0133937
0.0253331
-0.0118225
0.0233393
-0.0102518
0.0209538
-0.00870266
0.018205
-0.00719272
0.0151226
-0.00573576
0.0117358
-0.00434147
0.0080717
-0.00301525
0.0041537
-0.00175827
-0.000567554
0.0288943
-0.0277814
0.030673
-0.0266409
0.0319697
-0.0252519
0.0327509
-0.0236576
0.0329969
-0.0219019
0.0327012
-0.0200287
0.0318696
-0.0180799
0.0305178
-0.0160949
0.0286706
-0.0141092
0.0263589
-0.0121536
0.0236176
-0.0102535
0.0204833
-0.00842834
0.0169914
-0.00669127
0.0131742
-0.00504892
0.00905846
-0.00350151
0.00466357
-0.00204313
-0.000662196
0.0321391
-0.034186
0.0341946
-0.0326138
0.0356722
-0.0307375
0.0365376
-0.0286195
0.0367748
-0.0263226
0.0363847
-0.0239077
0.0353835
-0.0214324
0.0337998
-0.0189485
0.0316715
-0.0165014
0.0290424
-0.0141282
0.025959
-0.0118571
0.0224666
-0.00970687
0.0186063
-0.00768667
0.0144117
-0.00579613
0.00990654
-0.004026
0.00510295
-0.00235896
-0.00077083
0.0350573
-0.04137
0.0373899
-0.0392566
0.0390377
-0.0367786
0.0399676
-0.0340243
0.0401707
-0.0310809
0.0396595
-0.0280316
0.0384654
-0.0249526
0.0366338
-0.0219106
0.0342198
-0.0189609
0.031283
-0.0161456
0.0278831
-0.0134933
0.0240743
-0.0110181
0.019902
-0.0087204
0.015399
-0.00658771
0.0105828
-0.00459616
0.00545486
-0.00271252
-0.000896496
0.0375107
-0.049337
0.040118
-0.0465553
0.0419224
-0.0433446
0.0428947
-0.0398271
0.0430371
-0.0361219
0.042379
-0.03234
0.0409718
-0.0285802
0.0388829
-0.0249254
0.0361885
-0.0214404
0.0329666
-0.0181699
0.0292907
-0.0151381
0.0252237
-0.0123492
0.0208129
-0.0097886
0.016087
-0.0074255
0.011054
-0.00521604
0.00570183
-0.00310708
-0.00104045
0.0393365
-0.0580712
0.0422148
-0.054476
0.0441611
-0.0503844
0.0451536
-0.0459632
0.0452105
-0.041372
0.0443835
-0.0367562
0.0427505
-0.032241
0.0404054
-0.0279267
0.0374495
-0.0238853
0.0339811
-0.0201598
0.0300877
-0.0167639
0.0258384
-0.013684
0.0212793
-0.0108833
0.0164313
-0.00830581
0.0112895
-0.00588287
0.00582698
-0.00353939
-0.00120079
0.0403559
-0.0675352
0.0435021
-0.0629639
0.0455774
-0.0578269
0.0465709
-0.0523487
0.0465226
-0.0467403
0.0455132
-0.0411889
0.0436527
-0.0358498
0.0410674
-0.03084
0.0378862
-0.0262356
0.0342289
-0.0220706
0.0301951
-0.0183394
0.0258568
-0.0150018
0.0212546
-0.0119895
0.0163969
-0.00921524
0.0112639
-0.00658255
0.00581512
-0.00399588
-0.00137086
0.0403859
-0.0776704
0.0438001
-0.071944
0.0459962
-0.0655822
0.0469787
-0.0588831
0.0468151
-0.0521217
0.0456221
-0.0455355
0.0435485
-0.0393127
0.0407573
-0.0335858
0.0374075
-0.0284279
0.0336392
-0.0238545
0.0295608
-0.0198294
0.0252421
-0.0162743
0.0207122
-0.0130809
0.0159633
-0.0101254
0.0109601
-0.0072842
0.00565398
-0.00444833
-0.00153745
0.0392535
-0.0883976
0.042942
-0.0813237
0.0452595
-0.0735448
0.0462299
-0.0654524
0.045955
-0.0574006
0.0445945
-0.0496859
0.0423421
-0.0425322
0.0394012
-0.0360826
0.0359617
-0.0303978
0.0321808
-0.0254616
0.0281701
-0.021193
0.0239898
-0.017463
0.0196513
-0.0141148
0.0151278
-0.0109868
0.0103713
-0.00793413
0.00533518
-0.00484952
-0.00167923
0.0368113
-0.0996185
0.04079
-0.0909951
0.043242
-0.0815974
0.0442149
-0.0719339
0.0438511
-0.0624557
0.0423604
-0.0535279
0.0399869
-0.0454109
0.036977
-0.0382508
0.0335494
-0.0320821
0.0298729
-0.0268399
0.026054
-0.0223814
0.0221344
-0.0185136
0.0181017
-0.0150257
0.0139088
-0.0117216
0.00950218
-0.00844997
0.00485496
-0.00512944
-0.0017655
0.0329542
-0.111219
0.0372512
-0.10084
0.0398673
-0.089616
0.0408766
-0.0782019
0.0404687
-0.0671661
0.0389097
-0.0569526
0.0364988
-0.0478564
0.0335254
-0.0400158
0.0302327
-0.0334201
0.0267924
-0.0279344
0.0232946
-0.0233344
0.0197527
-0.0193514
0.0161244
-0.0157189
0.0123452
-0.0122179
0.00836951
-0.00871582
0.00421457
-0.00519288
-0.00175582
0.0276336
-0.123071
0.0322918
-0.110733
0.0351206
-0.0974754
0.0362229
-0.0841335
0.0358407
-0.0714171
0.0343021
-0.0598594
0.0319641
-0.0497863
0.0291568
-0.0413112
0.0261401
-0.0343545
0.0230764
-0.0286851
0.0200255
-0.0239768
0.0169618
-0.0198752
0.0138098
-0.0160639
0.0104952
-0.0123243
0.0070007
-0.0085795
0.00342024
-0.00491928
-0.00160069
0.0208702
-0.135039
0.025948
-0.120548
0.0290588
-0.105055
0.030335
-0.0896145
0.0300746
-0.0751058
0.0286723
-0.0621616
0.026543
-0.0511311
0.0240525
-0.0420807
0.0214653
-0.0348312
0.0189187
-0.029025
0.0164268
-0.0242133
0.013914
-0.0199516
0.0112721
-0.0158901
0.00843124
-0.0118467
0.00543142
-0.00785284
0.00248269
-0.00416546
-0.00124368
0.0127615
-0.146975
0.0183319
-0.130161
0.0218148
-0.112243
0.0233696
-0.0945443
0.0233531
-0.0781456
0.0222282
-0.0637899
0.0204658
-0.0518377
0.0184581
-0.042279
0.0164588
-0.0347978
0.0145605
-0.0288764
0.0127141
-0.0239242
0.0107856
-0.0194108
0.00863976
-0.0149833
0.00623353
-0.0105496
0.003702
-0.00631608
0.00141633
-0.00277215
-0.000625084
-0.0090429
0.0792881
0.00770434
-0.0104149
0.0881734
-0.0118208
0.0969511
-0.0132503
0.105301
-0.0146816
0.112885
-0.0160819
0.119361
-0.0174082
0.124407
-0.0186094
0.127737
-0.019628
0.129115
-0.020403
0.128369
-0.0208717
0.125401
-0.0209722
0.120188
-0.020645
0.11278
-0.0198348
0.103301
-0.0184918
0.0919344
-0.0165721
0.0789204
-0.0140392
0.0645417
-0.0108639
0.0491143
-0.00702538
0.0329776
-0.00251146
0.0164859
0.00268052
0
0.00854289
-0.0161198
0.0150567
-0.03152
0.0221907
-0.0458608
0.0299002
-0.0588227
0.038126
-0.0701144
0.046794
-0.0794807
0.0558146
-0.0867123
0.065083
-0.0916546
0.0744801
-0.0942166
0.0838741
-0.094379
0.0931235
-0.0921988
0.10208
-0.087812
0.110594
-0.0814312
0.118517
-0.0733392
0.125708
-0.0638776
0.132042
-0.0534319
0.13741
-0.0424123
0.141724
-0.0312331
0.144923
-0.0202918
-0.00994846
-0.0236278
0.0779074
0.0230498
-0.0241661
0.0870164
-0.0246762
0.096052
-0.0251592
0.104683
-0.0256054
0.112557
-0.0259946
0.119321
-0.0262969
0.124641
-0.0264744
0.12822
-0.0264832
0.129815
-0.0262757
0.129247
-0.0258022
0.126414
-0.0250134
0.121289
-0.0238616
0.113923
-0.0223026
0.104439
-0.0202962
0.0930238
-0.0178072
0.079918
-0.0148062
0.0654074
-0.0112702
0.0498109
-0.00718276
0.0334714
-0.00253479
0.0167463
0.00267459
0
0.00843737
-0.0164032
0.0147356
-0.0321056
0.0215402
-0.0467626
0.0288102
-0.0600496
0.0364912
-0.0716695
0.044515
-0.0813613
0.052799
-0.088909
0.0612462
-0.0941518
0.0697464
-0.0969926
0.0781771
-0.0974067
0.0864066
-0.0954469
0.0942965
-0.0912465
0.101707
-0.0850173
0.108499
-0.0770437
0.114544
-0.0676713
0.119724
-0.0572915
0.123939
-0.0463228
0.127113
-0.0351891
0.129195
-0.0242977
-0.0140189
-0.036825
0.0742539
0.0367224
-0.0367843
0.0835901
-0.0366215
0.0928938
-0.0363493
0.101824
-0.0359709
0.110018
-0.0354801
0.117111
-0.0348621
0.12276
-0.0340952
0.126659
-0.033152
0.128555
-0.0320017
0.128266
-0.0306113
0.125683
-0.0289475
0.120777
-0.0269781
0.113598
-0.024673
0.104267
-0.022005
0.0929707
-0.0189502
0.0799511
-0.0154889
0.0654942
-0.0116059
0.04992
-0.00729101
0.0335725
-0.00253937
0.0168105
0.00264743
5.72347e-15
0.00826069
-0.016493
0.0142835
-0.0323084
0.0206898
-0.0470992
0.0274429
-0.0605373
0.0344947
-0.072322
0.0417845
-0.0821879
0.0492388
-0.0899146
0.0567709
-0.0953362
0.0642817
-0.098351
0.0716608
-0.0989298
0.0787886
-0.0971221
0.0855393
-0.0930587
0.0917848
-0.0869507
0.097399
-0.0790836
0.102262
-0.0698061
0.106268
-0.0595149
0.109325
-0.0486351
0.111365
-0.0375989
0.112343
-0.0268224
-0.0166841
-0.0476135
0.0687932
0.0475737
-0.0473669
0.0782985
-0.0468642
0.0878206
-0.0461296
0.0970114
-0.04518
0.1055
-0.0440249
0.112915
-0.0426673
0.118903
-0.0411044
0.123149
-0.0393288
0.125397
-0.0373302
0.125457
-0.0350962
0.123216
-0.0326137
0.118642
-0.0298699
0.11178
-0.0268525
0.102751
-0.0235506
0.0917382
-0.019955
0.0789823
-0.0160581
0.0647678
-0.0118551
0.049413
-0.00734336
0.0332606
-0.00252385
0.016668
0.00259865
-6.14099e-18
0.00801451
-0.016378
0.0137082
-0.0321065
0.0196571
-0.0468381
0.0258303
-0.0602443
0.0321875
-0.072023
0.0386779
-0.0819069
0.0452396
-0.0896731
0.0517989
-0.0951528
0.058271
-0.0982412
0.0645608
-0.0989061
0.0705644
-0.097194
0.0761715
-0.0932338
0.0812691
-0.0872355
0.085745
-0.0794849
0.0894927
-0.0703324
0.0924157
-0.0601782
0.0944327
-0.049452
0.0954816
-0.0385917
0.0955233
-0.0280197
-0.0181201
-0.0552257
0.062106
0.0547862
-0.0552022
0.0716578
-0.0547523
0.0812848
-0.0539098
0.0906358
-0.0527048
0.0993356
-0.0511628
0.107007
-0.0493055
0.11329
-0.0471513
0.117867
-0.0447157
0.120474
-0.0420121
0.120917
-0.0390525
0.119078
-0.0358479
0.114922
-0.0324085
0.108489
-0.0287437
0.0998946
-0.0248625
0.0893195
-0.0207732
0.076999
-0.0164836
0.0632131
-0.0120011
0.0482757
-0.00733301
0.0325245
-0.00248702
0.0163124
0.00252806
5.8722e-15
0.00770141
-0.0160516
0.0130192
-0.0314865
0.0184632
-0.0459605
0.0240097
-0.0591474
0.0296282
-0.0707471
0.0352801
-0.0804931
0.0409177
-0.0881627
0.0464839
-0.0935867
0.0519115
-0.096659
0.0571241
-0.0973456
0.062037
-0.0956911
0.0665588
-0.0918225
0.0705945
-0.0859482
0.0740484
-0.0783527
0.0768282
-0.0693864
0.0788489
-0.0594497
0.0800377
-0.0489742
0.0803378
-0.0383997
0.0797121
-0.0281508
-0.0186137
-0.0592239
0.0547988
0.0579604
-0.0598354
0.0642233
-0.059831
0.073788
-0.0592488
0.0831435
-0.0581275
0.0919146
-0.0565064
0.0997228
-0.0544249
0.106208
-0.0519225
0.111047
-0.0490386
0.113976
-0.0458127
0.114795
-0.0422836
0.113385
-0.0384891
0.109702
-0.034466
0.103783
-0.0302485
0.0957379
-0.0258688
0.0857388
-0.0213556
0.074014
-0.0167345
0.0608355
-0.0120275
0.0465088
-0.00725329
0.0313631
-0.00242775
0.0157428
0.00243566
0
0.00732483
-0.0155121
0.012228
-0.0304453
0.0171323
-0.0444623
0.0220228
-0.0572433
0.0268806
-0.0684935
0.0316817
-0.0779509
0.0363958
-0.0853962
0.040985
-0.0906621
0.0454033
-0.0936436
0.0495962
-0.0943066
0.0535013
-0.0926943
0.057049
-0.0889315
0.0601643
-0.0832238
0.0627694
-0.0758527
0.0647863
-0.067165
0.0661409
-0.057558
0.0667665
-0.04746
0.0666075
-0.0373078
0.065623
-0.0275226
-0.0184872
-0.0595368
0.0474163
0.0571468
-0.0611069
0.0565152
-0.0618802
0.0658185
-0.0618884
0.0749849
-0.061171
0.083646
-0.0597746
0.0914282
-0.0577518
0.0979749
-0.0551604
0.102966
-0.0520626
0.106137
-0.0485234
0.107287
-0.0446092
0.106293
-0.0403866
0.103108
-0.0359203
0.0977616
-0.0312722
0.0903544
-0.0264994
0.08105
-0.0216537
0.0700654
-0.0167804
0.0576606
-0.0119179
0.0441286
-0.00709784
0.0297856
-0.00234508
0.014963
0.00232166
0
0.00688891
-0.014763
0.0113474
-0.0289898
0.0156907
-0.0423548
0.0199137
-0.0545488
0.0240113
-0.0652864
0.0279762
-0.074314
0.0317977
-0.0814192
0.0354599
-0.0864397
0.0389406
-0.0892739
0.0422097
-0.0898886
0.0452291
-0.0883264
0.0479525
-0.0847091
0.0503257
-0.0792377
0.0522882
-0.0721871
0.0537748
-0.0638967
0.0547187
-0.0547548
0.0550541
-0.0451801
0.0547195
-0.0355994
0.0536616
-0.0264234
-0.0180236
-0.056454
0.040372
0.052819
-0.0591591
0.0489557
-0.0609281
0.0577951
-0.061772
0.0665657
-0.0617187
0.0749142
-0.0608116
0.0824802
-0.0591086
0.0889178
-0.0566797
0.0939155
-0.0536051
0.0972131
-0.0499728
0.0986138
-0.0458752
0.0979924
-0.0414067
0.0952982
-0.0366606
0.0905535
-0.0317266
0.0838489
-0.0266883
0.0753357
-0.0216215
0.0652163
-0.0165924
0.0537349
-0.011657
0.0411673
-0.00686078
0.0278121
-0.0022382
0.0139826
0.00218644
1.19616e-14
0.00639837
-0.0138131
0.0103912
-0.0271378
0.0141657
-0.0396648
0.0177279
-0.0511006
0.0210875
-0.0611738
0.0242557
-0.0696436
0.0272431
-0.0763077
0.0300577
-0.0810124
0.0327022
-0.0836611
0.0351723
-0.0842231
0.0374547
-0.0827401
0.0395259
-0.0793294
0.0413512
-0.0741844
0.0428846
-0.0675692
0.0440697
-0.0598096
0.0448404
-0.0512779
0.0451241
-0.0423752
0.0448436
-0.0335089
0.0439206
-0.0250697
-0.0174087
-0.0505765
0.0339082
0.0457944
-0.0544104
0.0418266
-0.0572421
0.0500256
-0.0590452
0.0582071
-0.0598211
0.0660432
-0.0595971
0.0731961
-0.0584251
0.0793401
-0.0563779
0.0841798
-0.0535467
0.0874669
-0.0500362
0.0890121
-0.0459607
0.0886925
-0.0414393
0.0864551
-0.0365917
0.0823153
-0.0315342
0.0763525
-0.0263761
0.0687031
-0.0212169
0.0595522
-0.0161439
0.0491237
-0.0112308
0.037672
-0.00653689
0.0254728
-0.0021065
0.0128163
0.00203055
3.5293e-20
0.00585833
-0.0126765
0.00937377
-0.024917
0.0125851
-0.0364341
0.0155102
-0.0469548
0.0181744
-0.0562267
0.0206079
-0.0640258
0.0228435
-0.0701642
0.0249128
-0.074499
0.0268439
-0.076941
0.0286574
-0.0774625
0.0303634
-0.0761032
0.0319588
-0.072974
0.0334247
-0.0682563
0.0347248
-0.0621977
0.0358041
-0.055103
0.0365899
-0.0473198
0.0369922
-0.0392214
0.0369063
-0.0311855
0.0362162
-0.0235719
-0.0167005
-0.0427342
0.028092
0.0371114
-0.0475011
0.0352548
-0.0512955
0.0426846
-0.0540384
0.05012
-0.0556898
0.0572687
-0.0562471
0.0638267
-0.0557434
0.0694982
-0.0542433
0.0740135
-0.0518387
0.0771442
-0.0486431
0.0787146
-0.0447852
0.078609
-0.0404032
0.0767747
-0.0356388
0.0732213
-0.030631
0.0680168
-0.0255123
0.0612812
-0.0204036
0.0531791
-0.0154118
0.0439107
-0.0106271
0.0337043
-0.00612182
0.0228082
-0.00194959
0.0114838
0.00185467
0
0.00527418
-0.0113724
0.00830927
-0.0223654
0.0109758
-0.0327187
0.0133034
-0.0421851
0.0153326
-0.0505359
0.0171124
-0.0575681
0.0186963
-0.0631116
0.0201389
-0.0670371
0.0214911
-0.0692641
0.0227959
-0.0697676
0.0240834
-0.0685842
0.0253661
-0.0658146
0.0266355
-0.0616235
0.0278576
-0.056235
0.0289717
-0.0499242
0.0298884
-0.0430044
0.0304908
-0.0358102
0.0306359
-0.0286781
0.0301587
-0.0219261
-0.0158323
-0.0338769
0.0228491
0.0278831
-0.0392167
0.0292276
-0.0437159
0.035816
-0.0472337
0.0423975
-0.0496778
0.048725
-0.0510041
0.0545385
-0.051215
0.0595825
-0.0503554
0.0636225
-0.048507
0.0664585
-0.0457814
0.0679356
-0.0423131
0.0679506
-0.0382511
0.0664551
-0.0337515
0.0634551
-0.0289705
0.0590075
-0.0240581
0.053215
-0.0191527
0.0462195
-0.0143774
0.0381946
-0.0098361
0.0293385
-0.00561227
0.0198675
-0.00176731
0.0100097
0.00165965
3.5293e-20
0.00465137
-0.00992473
0.00721156
-0.0195299
0.00936325
-0.0285875
0.0111466
-0.0368807
0.0126162
-0.0442092
0.0138373
-0.0503947
0.0148819
-0.055288
0.0158239
-0.0587752
0.0167334
-0.0607854
0.0176708
-0.0612958
0.0186804
-0.0603376
0.0197846
-0.0579973
0.0209777
-0.054417
0.0222212
-0.0497902
0.0234402
-0.0443537
0.0245214
-0.0383763
0.0253131
-0.0321435
0.0256277
-0.0259406
0.025246
-0.0200337
-0.0146512
-0.0249563
0.0180286
0.0191455
-0.030398
0.0236356
-0.0352197
0.0293573
-0.0392195
0.0350257
-0.0422499
0.0404453
-0.0442193
0.0454078
-0.0450914
0.0497064
-0.0448818
0.0531504
-0.0436516
0.0555762
-0.0415004
0.0568566
-0.0385574
0.0569067
-0.0349724
0.0556864
-0.0309068
0.0532008
-0.0265252
0.049497
-0.0219878
0.0446603
-0.017444
0.0388087
-0.0130272
0.0320867
-0.00885087
0.0246597
-0.00500615
0.0167081
-0.00155976
0.00842272
0.00144642
0
0.00399526
-0.00836163
0.00609351
-0.0164655
0.00777009
-0.0241202
0.00907376
-0.0311438
0.0100699
-0.0373675
0.0108366
-0.0426414
0.0114596
-0.0468391
0.0120267
-0.0498639
0.012621
-0.0516545
0.0133138
-0.0521894
0.0141568
-0.0514915
0.0151748
-0.0496295
0.0163581
-0.0467174
0.0176572
-0.042911
0.0189775
-0.0384013
0.0201778
-0.0334042
0.0210701
-0.0281482
0.0214231
-0.0228596
0.0209686
-0.0177467
-0.0129849
-0.0168114
0.0134875
0.0117233
-0.0218483
0.0183363
-0.0265395
0.0231849
-0.0306362
0.0279127
-0.0339437
0.0323773
-0.0363261
0.0364253
-0.0377073
0.0399041
-0.0380685
0.0426718
-0.0374431
0.0446071
-0.035909
0.0456158
-0.0335801
0.0456359
-0.0305957
0.0446396
-0.0271115
0.0426335
-0.0232899
0.0396567
-0.0192914
0.0357777
-0.0152672
0.0310899
-0.0113538
0.0257078
-0.00766776
0.0197617
-0.00430273
0.0133941
-0.00132731
0.00675516
0.00121603
3.5293e-20
0.00331098
-0.00671478
0.00496662
-0.0132338
0.00621572
-0.0194055
0.00711229
-0.0250857
0.00772806
-0.0301403
0.00814809
-0.0344494
0.00846534
-0.0379115
0.00877416
-0.0404477
0.00916289
-0.042006
0.00970569
-0.0425653
0.010454
-0.0421382
0.0114282
-0.040772
0.0126092
-0.038549
0.0139328
-0.0355826
0.0152844
-0.0320128
0.0164972
-0.027998
0.0173538
-0.0237056
0.0175912
-0.0193001
0.0169093
-0.0149316
-0.0107245
-0.0100728
0.00917933
0.00612951
-0.0142483
0.0132274
-0.018353
0.017171
-0.0221192
0.0209302
-0.0253266
0.0244112
-0.0278092
0.0275137
-0.0294592
0.0301382
-0.0302263
0.0321929
-0.0301138
0.0336001
-0.0291723
0.0343008
-0.027491
0.0342581
-0.0251886
0.0334584
-0.022403
0.0319116
-0.0192821
0.0296501
-0.0159748
0.0267262
-0.0126232
0.0232095
-0.00935677
0.0191839
-0.00628675
0.0147444
-0.00350283
0.00999415
-0.00107062
0.005042
0.000969608
-1.14704e-14
0.00260324
-0.0050186
0.00384059
-0.00990127
0.00471537
-0.0145382
0.0052821
-0.0188241
0.00561259
-0.022661
0.00579138
-0.0259603
0.00591006
-0.0286458
0.00606049
-0.030657
0.00632713
-0.0319514
0.00677858
-0.0325076
0.00745881
-0.0323273
0.00837858
-0.0314357
0.00950765
-0.029882
0.0107685
-0.0277365
0.0120328
-0.0250879
0.0131199
-0.0220377
0.0138004
-0.0186936
0.0138031
-0.0151621
0.0128254
-0.0115407
-0.00791036
-0.00509757
0.00522916
0.00251385
-0.00808828
0.00831834
-0.0112192
0.0112464
-0.0142442
0.0139645
-0.0169506
0.0164185
-0.0191695
0.0185534
-0.0207804
0.020316
-0.0217134
0.0216592
-0.0219473
0.0225447
-0.0215046
0.0229458
-0.020445
0.0228482
-0.0188571
0.0222516
-0.0168496
0.0211687
-0.0145431
0.019625
-0.0120614
0.0176572
-0.00952449
0.0153116
-0.00704275
0.0126425
-0.00471176
0.00971036
-0.00260887
0.00658017
-0.000790676
0.00332007
0.000708335
-1.12857e-14
0.00187622
-0.00330938
0.00272305
-0.00653776
0.00327953
-0.00961627
0.00359463
-0.0124785
0.00373231
-0.015062
0.00376721
-0.0173092
0.00377936
-0.0191698
0.00384781
-0.0206015
0.00404351
-0.0215725
0.00442148
-0.0220625
0.0050129
-0.0220642
0.00581741
-0.0215838
0.00679643
-0.0206407
0.00786822
-0.0192675
0.00890533
-0.0175071
0.00973529
-0.0154113
0.010145
-0.0130366
0.009889
-0.0104407
0.00870224
-0.00767904
-0.00480038
-0.00194186
0.00198038
0.000665159
-0.0036251
0.00378516
-0.00553053
0.00545595
-0.00747944
0.00696711
-0.00931057
0.0082944
-0.0108892
0.00941584
-0.012113
0.0103127
-0.0129151
0.0109702
-0.0132639
0.0113786
-0.0131608
0.0115331
-0.0126358
0.0114346
-0.011742
0.0110892
-0.0105492
0.0105085
-0.00913768
0.00970826
-0.00759209
0.00870875
-0.00599576
0.00753343
-0.00442613
0.00620854
-0.00295087
0.00476241
-0.00162498
0.00322492
-0.000488736
0.00162695
0.000433446
1.10689e-14
0.00113348
-0.00162421
0.00161924
-0.00321406
0.00191355
-0.00473832
0.00205238
-0.0061666
0.0020823
-0.00746967
0.00205718
-0.00862005
0.00203401
-0.00959248
0.00206814
-0.0103646
0.00220772
-0.0109176
0.00248795
-0.0112369
0.00292513
-0.0113125
0.0035112
-0.0111396
0.0042092
-0.010719
0.00495021
-0.0100567
0.00563241
-0.00916388
0.00612285
-0.00805629
0.00626218
-0.00675356
0.00587256
-0.00527822
0.00476881
-0.00365473
-0.00190854
-0.00037454
6.72817e-05
-0.000868399
-0.00148283
-0.00215041
-0.00280762
-0.00339914
-0.0038809
-0.00422187
-0.00440459
-0.00442465
-0.00428928
-0.00401536
-0.00362703
-0.00315319
-0.00262505
-0.00207389
-0.00152906
-0.0010164
-0.000557026
-0.000166388
0.000146213
0.000377847
0.000531839
0.000617346
0.000648628
0.000643984
0.000624378
0.000611726
0.000626912
0.000687557
0.000805684
0.000985401
0.00122081
0.00149439
0.00177604
0.00202311
0.0021816
0.00218857
0.00197596
0.00147557
0.00170049
-0.00159574
0.00528315
-0.00646183
0.0104005
-0.0146162
0.0164349
-0.0261281
0.0225634
-0.040748
0.0278617
-0.0579003
0.0314309
-0.0767142
0.0325253
-0.0960906
0.0306631
-0.114799
0.0256995
-0.131591
0.0178545
-0.145324
0.00768709
-0.155068
-0.00397601
-0.1602
-0.016149
-0.160461
-0.0278141
-0.155975
-0.0380493
-0.147231
-0.135022
0.00290352
-0.00237359
0.00730902
-0.00867241
0.0127627
-0.0177968
0.0186184
-0.0296204
0.0241093
-0.0437708
0.0284411
-0.059643
0.0308938
-0.0764385
0.0309159
-0.0932261
0.028199
-0.109018
0.0227226
-0.122855
0.0147609
-0.133888
0.00485287
-0.141456
-0.00626019
-0.145138
-0.0177225
-0.144794
-0.0286627
-0.140566
-0.0382919
-0.132865
-0.12232
0.00389143
-0.0029999
0.00887834
-0.0103525
0.0144516
-0.0200119
0.0199816
-0.0317294
0.0247867
-0.045079
0.028211
-0.0594798
0.0297007
-0.074235
0.0288708
-0.0885817
0.0255521
-0.101748
0.0198144
-0.113015
0.0119617
-0.121768
0.00250062
-0.127549
-0.00791307
-0.130091
-0.018544
-0.129333
-0.0286537
-0.125426
-0.0375747
-0.118709
-0.109683
0.00466355
-0.00345856
0.010014
-0.0114846
0.0155326
-0.0212889
0.020641
-0.0325623
0.0247602
-0.0448767
0.0273707
-0.0577105
0.0280676
-0.070481
0.0266039
-0.0825832
0.0229178
-0.0934315
0.0171412
-0.1025
0.00958785
-0.109358
0.000723368
-0.113701
-0.00887948
-0.11537
-0.0185954
-0.114359
-0.0278049
-0.110814
-0.0359495
-0.105017
-0.0973617
0.00522738
-0.00374472
0.010753
-0.012083
0.0160858
-0.0216992
0.0207222
-0.0322709
0.0241929
-0.0434038
0.0261062
-0.0546537
0.026185
-0.0655525
0.024293
-0.0756364
0.0204476
-0.0844742
0.0148193
-0.0916934
0.00771655
-0.0970029
-0.000441182
-0.10021
-0.00915999
-0.101232
-0.0179138
-0.100096
-0.0261879
-0.096939
-0.0335206
-0.0919913
-0.085562
0.0055965
-0.00386426
0.0111406
-0.0121899
0.0161964
-0.0213485
0.020348
-0.0310378
0.0232343
-0.0409178
0.0245778
-0.0506282
0.0242071
-0.0598075
0.0220712
-0.0681125
0.0182427
-0.0752363
0.0129119
-0.0809248
0.00637107
-0.0849902
-0.00100867
-0.0873196
-0.00880667
-0.0878803
-0.0165848
-0.0867193
-0.0239201
-0.0839586
-0.0304345
-0.0797859
-0.0744414
0.0057886
-0.00383228
0.0112258
-0.0118685
0.0159476
-0.0203654
0.0196298
-0.0290609
0.0220116
-0.0376782
0.0229128
-0.0459382
0.0222467
-0.053573
0.0200245
-0.0603381
0.0163541
-0.0660239
0.0114314
-0.070465
0.00552535
-0.0735476
-0.00104122
-0.0752135
-0.00791431
-0.0754622
-0.0147329
-0.0743488
-0.0211525
-0.0719797
-0.0268669
-0.0685055
-0.0641118
0.00582373
-0.00367083
0.011057
-0.0111965
0.0154149
-0.0188907
0.0186618
-0.0265406
0.0206246
-0.0339327
0.0212032
-0.0408608
0.0203747
-0.047135
0.0181936
-0.0525889
0.0147872
-0.0570862
0.0103465
-0.0605256
0.00511291
-0.0628448
-0.000636941
-0.0640215
-0.00660861
-0.0640739
-0.0125075
-0.0630579
-0.018056
-0.061064
-0.0230084
-0.0582116
-0.0546427
0.00572276
-0.00340627
0.0106793
-0.0102583
0.0146634
-0.0170661
0.0175186
-0.0236674
0.0191458
-0.0299061
0.0195065
-0.0356374
0.0186242
-0.0407335
0.0165806
-0.045087
0.0135103
-0.048615
0.00959221
-0.0512612
0.00503848
-0.0529971
8.27536e-05
-0.0538227
-0.00503278
-0.0537652
-0.0100701
-0.052877
-0.0148075
-0.0512332
-0.0190495
-0.0489272
-0.0460666
0.00550627
-0.00306676
0.0101331
-0.00913837
0.013746
-0.0150261
0.0162558
-0.0206135
0.0176215
-0.0257929
0.0178508
-0.0304685
0.0169974
-0.0345594
0.0151579
-0.0380014
0.0124653
-0.0407484
0.00908186
-0.0427741
0.00519063
-0.0440712
0.000986272
-0.0446518
-0.00333415
-0.0445461
-0.0075802
-0.0438005
-0.0115762
-0.0424756
-0.0151684
-0.0406435
-0.0383849
0.00519369
-0.00267992
0.00945274
-0.0079159
0.0127037
-0.0128907
0.014911
-0.0175262
0.0160772
-0.021753
0.0162408
-0.0255122
0.0154741
-0.0287565
0.0138782
-0.0314514
0.0115787
-0.0335754
0.00871894
-0.0351206
0.005454
-0.0360919
0.00194403
-0.0365068
-0.00165232
-0.0363944
-0.00518408
-0.0357938
-0.00851339
-0.034753
-0.0115202
-0.0333265
-0.031574
0.00480276
-0.0022711
0.00866689
-0.00666061
0.0115673
-0.0107615
0.0135082
-0.0145252
0.0145217
-0.0179108
0.0146655
-0.0208851
0.0140201
-0.023424
0.0126844
-0.0255121
0.0107724
-0.0271428
0.00840774
-0.0283186
0.00571978
-0.0290503
0.00283854
-0.0293564
-0.000109655
-0.0292627
-0.00300624
-0.0288007
-0.00574398
-0.0280073
-0.00822993
-0.0269232
-0.0255915
0.00434922
-0.00186211
0.0077988
-0.00543045
0.0103588
-0.00871952
0.0120603
-0.0117021
0.0129533
-0.0143564
0.0131048
-0.0166666
0.0125957
-0.0186229
0.0115181
-0.020221
0.00997197
-0.0214628
0.00806187
-0.0223556
0.0058937
-0.0229116
0.00357162
-0.0231479
0.00119508
-0.0230857
-0.00114377
-0.0227497
-0.00336233
-0.0221671
-0.00538934
-0.0213675
-0.0203816
0.00384665
-0.00147062
0.00686696
-0.00427075
0.00909371
-0.00682554
0.0105734
-0.00912164
0.0113643
-0.0111495
0.011535
-0.0129035
0.0111617
-0.0143817
0.0103261
-0.0155858
0.00911344
-0.0165212
0.00761001
-0.0171962
0.005901
-0.0176224
0.00406855
-0.0178139
0.00218989
-0.0177871
0.000335759
-0.0175602
-0.00143095
-0.0171529
-0.00305621
-0.0165858
-0.0158801
0.00330654
-0.00111006
0.0058859
-0.00321468
0.00778264
-0.00512163
0.00904931
-0.00682572
0.00974503
-0.00832415
0.00993402
-0.00961643
0.00968403
-0.0107043
0.00906483
-0.0115917
0.00814669
-0.0122845
0.00699893
-0.0127902
0.00568862
-0.0131182
0.00427926
-0.0132791
0.00282981
-0.0132848
0.00139365
-0.013148
1.79532e-05
-0.012882
-0.00125695
-0.0125009
-0.0120185
0.00273828
-0.000789942
0.00486686
-0.00228455
0.00643305
-0.003634
0.0074881
-0.00483712
0.00808617
-0.00589409
0.0082833
-0.00680638
0.00813643
-0.00757668
0.00770237
-0.00820879
0.00703693
-0.00870758
0.006194
-0.0090788
0.00522477
-0.00932903
0.00417706
-0.00946554
0.00309472
-0.00949614
0.0020171
-0.00942907
0.000978736
-0.00927286
9.04391e-06
-0.0090362
-0.00872782
0.00214942
-0.000516377
0.00381847
-0.00149372
0.00505025
-0.00237628
0.00588923
-0.00316428
0.0063806
-0.00385866
0.00656962
-0.00446097
0.00650106
-0.00497337
0.00621855
-0.00539857
0.00576414
-0.00573974
0.00517772
-0.0060005
0.0044967
-0.00618486
0.00375556
-0.00629711
0.00298561
-0.0063418
0.00221475
-0.00632364
0.00146729
-0.0062475
0.000763863
-0.00611827
-0.00594084
0.00154585
-0.000292802
0.00274731
-0.000848735
0.00363824
-0.00135296
0.00425255
-0.00180581
0.00462384
-0.00220789
0.00478506
-0.00256008
0.00476815
-0.00286352
0.00460376
-0.00311955
0.00432095
-0.00332973
0.00394701
-0.0034958
0.00350718
-0.00361964
0.00302454
-0.00370328
0.00251987
-0.00374881
0.00201154
-0.00375845
0.00151549
-0.00373442
0.00104517
-0.00367902
-0.00359451
0.000932111
-0.00012066
0.00165838
-0.000351304
0.00220017
-0.000562538
0.00257853
-0.000754403
0.00281396
-0.000927019
0.00292632
-0.00108059
0.00293459
-0.00121538
0.00285682
-0.00133174
0.00270992
-0.00143007
0.00250965
-0.00151082
0.00227044
-0.0015745
0.00200542
-0.00162166
0.00172632
-0.00165289
0.00144344
-0.00166881
0.00116568
-0.00167007
0.000900535
-0.00165733
-0.00163126
0.000311744
0
0.000555575
0
0.000738725
0
0.000868256
1.15912e-19
0.000951001
2.60505e-19
0.000993521
1.44593e-19
0.00100205
0
0.000982488
0
0.000940317
0
0.00088062
0
0.000808041
-1.55591e-19
0.000726772
1.32472e-20
0.000640541
3.50692e-19
0.000552614
1.81854e-19
0.000465793
-2.07125e-19
0.000382421
1.22195e-20
2.19345e-19
-0.000312331
7.00938e-05
-0.000557844
0.000208545
-0.000743658
0.000341344
-0.000876712
0.000468021
-0.000963721
0.00058809
-0.00101112
0.000701061
-0.00102503
0.000806438
-0.00101121
0.000903731
-0.000975034
0.000992456
-0.000921456
0.00107215
-0.000855001
0.00114236
-0.00077974
0.00120266
-0.000699286
0.00125267
-0.00061679
0.00129203
-0.000534943
0.00132044
-0.000455982
0.00133762
0.00134336
-0.000937378
9.1271e-05
-0.00167877
0.00027901
-0.00224451
0.00046895
-0.00265457
0.00065972
-0.00292839
0.000849809
-0.00308472
0.00103759
-0.00314144
0.00122133
-0.00311548
0.00139924
-0.00302266
0.00156947
-0.00287761
0.00173014
-0.00269369
0.00187937
-0.00248294
0.00201532
-0.00225602
0.00213618
-0.00202221
0.00224022
-0.00178941
0.0023258
-0.00156414
0.00239142
0.00243569
-0.00156041
6.58993e-05
-0.00280375
0.000217343
-0.00376107
0.000390974
-0.00446339
0.000584514
-0.00494138
0.000795251
-0.00522494
0.00102008
-0.00534298
0.00125555
-0.00532306
0.00149793
-0.00519116
0.00174325
-0.00497146
0.00198736
-0.00468616
0.00222601
-0.00435529
0.00245491
-0.00399665
0.00266975
-0.0036257
0.00286632
-0.00325554
0.00304055
-0.00289691
0.00318856
0.00330672
-0.00217776
-2.75762e-06
-0.00392845
3.12471e-05
-0.00528993
0.000117006
-0.00630119
0.000252074
-0.00700177
0.000433022
-0.00743113
0.0006555
-0.00762807
0.000914327
-0.00763024
0.00120358
-0.00747356
0.0015167
-0.00719185
0.00184661
-0.00681642
0.00218583
-0.00637571
0.0025266
-0.00589508
0.00286101
-0.00539657
0.00318116
-0.00489882
0.00347924
-0.00441695
0.00374769
0.00397931
-0.00278463
-0.000110214
-0.00504711
-0.000268886
-0.0068266
-0.000340508
-0.00816574
-0.000325918
-0.00910965
-0.000227824
-0.009705
-5.07344e-05
-0.00999901
0.000199154
-0.0100386
0.000514088
-0.00986942
0.000884925
-0.00953521
0.00130131
-0.00907693
0.0017519
-0.0085322
0.00222455
-0.00793473
0.0027066
-0.00731397
0.00318505
-0.00669472
0.00364689
-0.006097
0.00407926
0.00446978
-0.00337478
-0.00025036
-0.00615194
-0.000668783
-0.00836491
-0.000964387
-0.0100542
-0.00113337
-0.011266
-0.00117507
-0.012051
-0.00109194
-0.0124628
-0.000889472
-0.0125562
-0.000576013
-0.0123865
-0.00016259
-0.0120076
0.000337367
-0.0114708
0.000908342
-0.0108242
0.00153308
-0.010111
0.00219297
-0.00936924
0.00286847
-0.00863107
0.00353955
-0.00792216
0.0041861
0.00478841
-0.00394012
-0.000415072
-0.00723253
-0.00114905
-0.00989623
-0.00173063
-0.0119623
-0.002147
-0.0134722
-0.00239009
-0.0144762
-0.0024567
-0.0150311
-0.00234857
-0.0151983
-0.00207228
-0.0150418
-0.00163903
-0.0146259
-0.00106435
-0.0140136
-0.000367662
-0.0132645
0.000428222
-0.0124333
0.0012977
-0.0115683
0.00221303
-0.0107104
0.00314507
-0.00989215
0.00406399
0.00494006
-0.00447053
-0.000593967
-0.00827512
-0.00168418
-0.0114083
-0.00260651
-0.013883
-0.00333357
-0.0157285
-0.00384436
-0.0169888
-0.00412493
-0.0177198
-0.00416866
-0.0179868
-0.00397645
-0.0178614
-0.00355667
-0.0174187
-0.00292485
-0.0167341
-0.00210324
-0.0158807
-0.00112011
-0.0149268
-8.9122e-06
-0.0139332
0.00119272
-0.0129517
0.00244406
-0.0120235
0.00370251
0.00492484
-0.00495356
-0.000774395
-0.00926182
-0.00224206
-0.012884
-0.0035492
-0.0158046
-0.00464746
-0.0180317
-0.00549622
-0.0195958
-0.00606398
-0.0205462
-0.00632941
-0.0209483
-0.00628205
-0.0208795
-0.00592268
-0.0204251
-0.00526328
-0.0196741
-0.00432661
-0.0187154
-0.0031455
-0.017633
-0.00176166
-0.0165035
-0.000224361
-0.0153921
0.00141129
-0.0143509
0.00308616
0.00473911
-0.00537441
-0.00094181
-0.0101698
-0.00278437
-0.0142994
-0.00450539
-0.017708
-0.00602924
-0.0203722
-0.00728816
-0.0222996
-0.00822496
-0.0235257
-0.00879537
-0.0241108
-0.00896979
-0.0241347
-0.00873458
-0.0236921
-0.00809259
-0.0228866
-0.00706323
-0.0218243
-0.0056817
-0.0206088
-0.00399774
-0.0193355
-0.00207376
-0.0180866
1.75284e-05
-0.0169278
0.0021959
0.00437668
-0.00571587
-0.00108059
-0.0109707
-0.00326806
-0.0156219
-0.00541234
-0.0195637
-0.00740553
-0.0227295
-0.00914537
-0.0250929
-0.0105399
-0.0266665
-0.0115121
-0.0274979
-0.012003
-0.0276652
-0.0119754
-0.0272701
-0.0114149
-0.0264307
-0.0103314
-0.0252731
-0.00875876
-0.0239234
-0.00675334
-0.0225
-0.00439185
-0.0211062
-0.00176808
-0.0198247
0.00101111
0.00383045
-0.00595847
-0.00117536
-0.0116294
-0.0036481
-0.0168082
-0.00620053
-0.0213279
-0.00869068
-0.0250668
-0.0109759
-0.0279522
-0.0129204
-0.0299618
-0.0144031
-0.0311217
-0.0153237
-0.0315011
-0.0156088
-0.0312052
-0.0152163
-0.030366
-0.0141375
-0.0291312
-0.0123985
-0.0276531
-0.0100597
-0.0260776
-0.00721231
-0.0245341
-0.003975
-0.0231265
-0.000487805
0.00309454
-0.00608085
-0.00121272
-0.0121045
-0.00388147
-0.0178025
-0.00679827
-0.0229395
-0.00979052
-0.0273266
-0.0126726
-0.0308313
-0.0152575
-0.033383
-0.0173681
-0.0349739
-0.0188488
-0.0356555
-0.0195752
-0.0355308
-0.0194623
-0.0347433
-0.0184707
-0.0334634
-0.0166099
-0.0318734
-0.0139385
-0.0301518
-0.010562
-0.0284592
-0.00662763
-0.0269256
-0.0023163
0.00216685
-0.00606035
-0.00118338
-0.0123478
-0.0039323
-0.0185357
-0.00713802
-0.0243167
-0.0106084
-0.029425
-0.0141181
-0.0336542
-0.0174243
-0.0368701
-0.0202835
-0.0390162
-0.0224691
-0.0401141
-0.0237875
-0.0402563
-0.0240929
-0.0395938
-0.0232984
-0.0383197
-0.0213834
-0.0366493
-0.018397
-0.0347991
-0.0144565
-0.0329671
-0.00974117
-0.0313142
-0.00448201
0.00105202
-0.0058739
-0.00108429
-0.012306
-0.00377766
-0.0189254
-0.00716416
-0.0253561
-0.0110532
-0.0312488
-0.0151911
-0.0363102
-0.0192807
-0.0403252
-0.0230041
-0.0431715
-0.0260481
-0.0448253
-0.0281298
-0.0453569
-0.0290196
-0.0449184
-0.0285613
-0.0437238
-0.0266866
-0.0420238
-0.0234232
-0.0400785
-0.0188952
-0.0381292
-0.0133172
-0.0363738
-0.00698081
-0.000235308
-0.00549932
-0.000920677
-0.0119221
-0.00341336
-0.0188781
-0.00684156
-0.0259335
-0.0110489
-0.0326547
-0.0157757
-0.0386502
-0.0206803
-0.0436069
-0.0253678
-0.0473166
-0.0294247
-0.049691
-0.0324561
-0.0507631
-0.0341222
-0.0506763
-0.0341701
-0.0496615
-0.03246
-0.0480064
-0.0289809
-0.0460193
-0.0238565
-0.0439913
-0.0173391
-0.0421627
-0.00979283
-0.00166739
-0.00491687
-0.000707478
-0.0111393
-0.00285907
-0.0182928
-0.00616412
-0.0259073
-0.0105453
-0.0334709
-0.0157723
-0.0404872
-0.0214804
-0.0465282
-0.0272031
-0.051278
-0.0324169
-0.054561
-0.0365924
-0.0563534
-0.0392487
-0.0567763
-0.0400029
-0.0560711
-0.0386128
-0.054562
-0.0350062
-0.0526097
-0.0292941
-0.0505613
-0.0217681
-0.0487047
-0.0128789
-0.00320061
-0.00411119
-0.000469839
-0.00990478
-0.00216177
-0.0170676
-0.00516211
-0.0251254
-0.00952822
-0.0335041
-0.015109
-0.0416012
-0.0215525
-0.0488598
-0.0283379
-0.0548325
-0.0348286
-0.0592308
-0.0403403
-0.0619503
-0.0442167
-0.0630716
-0.0459051
-0.0628365
-0.0450223
-0.0616033
-0.0414044
-0.0597879
-0.0351337
-0.0577992
-0.0265403
-0.0559775
-0.0161775
-0.00477366
-0.0030734
-0.000242429
-0.00817539
-0.00139671
-0.0151076
-0.00390715
-0.0234356
-0.00802874
-0.0325498
-0.0137534
-0.0417493
-0.020795
-0.0503376
-0.0286107
-0.0577136
-0.0364587
-0.0634463
-0.043483
-0.0673223
-0.0488168
-0.069359
-0.0516907
-0.0697845
-0.0515333
-0.0689859
-0.0480498
-0.0674361
-0.0412712
-0.0656102
-0.0315644
-0.0639042
-0.0196039
-0.00630705
-0.00180328
-0.00592366
-0.0123354
-0.0206985
-0.030407
-0.0406798
-0.0506772
-0.0596231
-0.0669129
-0.072191
-0.0753841
-0.0766879
-0.0765099
-0.0753795
-0.0738411
-0.0723484
0.0879956
-0.0795304
-0.0906055
0.0829422
-0.0681517
0.0760246
-0.0523043
0.0676448
-0.0349638
0.0580223
-0.0191431
0.0473009
-0.00713328
0.0356912
-8.39667e-06
0.0235643
0.00250925
0.0114568
0.00186648
4.96186e-10
0.000308329
-0.0101718
0.000448888
-0.0184824
0.00485711
-0.0244233
0.0156652
-0.0275361
0.0341815
-0.0274202
0.0605202
-0.0238109
0.0933276
-0.0167299
0.129736
-0.00665135
0.165667
0.00541151
0.196512
0.21806
0.0179817
0.0808192
-0.0730115
-0.0838706
0.0757355
-0.0619718
0.0691768
-0.0471252
0.0615105
-0.0311026
0.0529015
-0.0165622
0.0434033
-0.00555083
0.0330888
0.000937054
0.0221549
0.0031111
0.0109604
0.00226653
4.78664e-10
0.00047982
-0.0101513
0.000217612
-0.0188866
0.00392642
-0.025593
0.0136309
-0.0296714
0.0305519
-0.0305846
0.0547739
-0.0279604
0.0850328
-0.0217426
0.118721
-0.0123384
0.152187
-0.000685096
0.181333
0.202399
0.0118264
0.0735022
-0.0663677
-0.0768458
0.0685125
-0.0558479
0.0624002
-0.0421422
0.0554896
-0.0275511
0.0478904
-0.0143885
0.0395745
-0.00444814
0.0304975
0.00137962
0.0207094
0.00326282
0.0104183
0.00235372
4.57587e-10
0.000540071
-0.0100275
9.52936e-05
-0.0190416
0.00328865
-0.0263528
0.0119945
-0.0312542
0.0273299
-0.0330998
0.0493613
-0.0314272
0.0769399
-0.0261064
0.107738
-0.0174717
0.138534
-0.00637386
0.165724
0.18598
0.00589529
0.0662443
-0.0597414
-0.0697418
0.0614549
-0.0498994
0.0558526
-0.037442
0.0497131
-0.0243554
0.0430917
-0.0126231
0.0358899
-0.00378572
0.0279673
0.00138539
0.0192558
0.0030354
0.00984132
0.00218106
4.33389e-10
0.000508077
-0.00980395
6.4173e-05
-0.0189461
0.00290162
-0.0266884
0.0107132
-0.0322491
0.0245006
-0.0349036
0.0443193
-0.0341183
0.0691519
-0.0296967
0.0969601
-0.0218979
0.124942
-0.0114779
0.149969
0.169129
0.000380636
0.0592225
-0.0532603
-0.0627504
0.0547186
-0.0442254
0.0496655
-0.0330872
0.0442864
-0.0215358
0.038586
-0.0112428
0.0324073
-0.00350319
0.0255367
0.00103683
0.0178166
0.00251136
0.00923915
0.00180841
4.06529e-10
0.000405162
-0.00948613
0.000104076
-0.018606
0.00271553
-0.0265996
0.00973113
-0.0326425
0.0220299
-0.0359613
0.0396605
-0.0359723
0.0617435
-0.0324223
0.0865283
-0.025496
0.111618
-0.0158503
0.134334
0.152159
-0.00455062
0.0525847
-0.047035
-0.056037
0.0484293
-0.0389025
0.04394
-0.0291158
0.0392872
-0.019089
0.0344299
-0.0102043
0.0291669
-0.00352483
0.023233
0.000426515
0.0164092
0.00177903
0.00862015
0.00129843
3.77481e-10
0.000253495
-0.00908169
0.000193881
-0.0180344
0.00267692
-0.0261
0.00898438
-0.0324421
0.01987
-0.0362668
0.0353773
-0.0369616
0.054764
-0.0342287
0.0765565
-0.0281825
0.0987398
-0.0193798
0.119056
0.135362
-0.00876412
0.0464445
-0.0411556
-0.0497354
0.0426779
-0.0339848
0.0387446
-0.0255431
0.034764
-0.0169918
0.0306567
-0.00944901
0.0261916
-0.00376563
0.0210729
-0.000349122
0.0150456
0.000926996
0.00799151
0.000712777
3.46729e-10
7.47449e-05
-0.00860006
0.000312858
-0.0172505
0.0027324
-0.0252162
0.00840641
-0.0316759
0.0179651
-0.0358415
0.0314471
-0.0370925
0.0482403
-0.0350998
0.0671303
-0.0299146
0.0864553
-0.0219957
0.104345
0.119002
-0.0121633
0.0408789
-0.0356911
-0.0439432
0.0375198
-0.0295038
0.034115
-0.0223642
0.030737
-0.0152047
0.0272771
-0.00890865
0.0234879
-0.00413748
0.019063
-0.00119581
0.0137334
3.90324e-05
0.0073593
0.000108742
3.14766e-10
-0.000111102
-0.00805218
0.000441844
-0.0162791
0.00283197
-0.0239865
0.00793285
-0.0303907
0.0162572
-0.034733
0.0278376
-0.036404
0.0421815
-0.0350576
0.0583102
-0.0306906
0.0748813
-0.0236694
0.0903755
0.103314
-0.0146927
0.0359274
-0.0306887
-0.0387212
0.0329747
-0.0254708
0.030055
-0.0195571
0.0272001
-0.0136777
0.0242812
-0.00851106
0.0210484
-0.00455516
0.0172015
-0.00202692
0.0124762
-0.000810243
0.00672864
-0.000463584
2.82086e-10
-0.00028671
-0.0074502
0.000564201
-0.0151496
0.00293169
-0.0224585
0.0075057
-0.0286494
0.0146905
-0.033012
0.0245122
-0.0349654
0.0365835
-0.0341602
0.0501346
-0.0305495
0.0641059
-0.024415
0.0772895
0.0884946
-0.0163388
0.0315938
-0.0261742
-0.0340931
0.0290295
-0.021879
0.0265398
-0.0170876
0.0241235
-0.0123549
0.0216418
-0.00818588
0.018854
-0.00494172
0.0154798
-0.00276812
0.0112747
-0.00155889
0.00610389
-0.00096346
2.49181e-10
-0.00043812
-0.00680714
0.000666537
-0.0138948
0.00299586
-0.0206875
0.00707666
-0.0265279
0.0132166
-0.0307688
0.0214345
-0.0328721
0.0314337
-0.0324979
0.042624
-0.029567
0.0541903
-0.0242864
0.0651959
0.0747049
-0.017129
0.0278492
-0.0221541
-0.0300486
0.0256418
-0.0187069
0.0235204
-0.014913
0.0214592
-0.01118
0.0193183
-0.00786969
0.0168766
-0.00523306
0.0138842
-0.00336095
0.0101271
-0.00216017
0.00548882
-0.00136095
2.16536e-10
-0.000555219
-0.00613656
0.000739178
-0.0125497
0.00299846
-0.0187342
0.0066096
-0.0241115
0.0117972
-0.0281083
0.0185728
-0.0302403
0.026715
-0.030188
0.0357843
-0.0278514
0.0451717
-0.0233736
0.0541712
0.0620674
-0.0171285
0.0246377
-0.0186172
-0.0265474
0.0227461
-0.0159219
0.0209291
-0.0129874
0.0191448
-0.0101008
0.0172607
-0.00751027
0.0150826
-0.00538142
0.0123984
-0.00376527
0.00903051
-0.002584
0.00488683
-0.00163764
1.84622e-10
-0.00063195
-0.00545213
0.000776369
-0.0111502
0.00292377
-0.0166618
0.00608189
-0.0214915
0.0104067
-0.0251458
0.015903
-0.0272013
0.0224101
-0.0273683
0.0296114
-0.0255364
0.0370667
-0.0217966
0.0442613
0.0506662
-0.0164348
0.0218825
-0.0155379
-0.0235258
0.0202601
-0.0134843
0.0186861
-0.0112652
0.0171103
-0.00907335
0.0154145
-0.00706991
0.0134362
-0.00535745
0.0110046
-0.0039604
0.00798152
-0.00281729
0.00430112
-0.00178663
1.53895e-10
-0.000666267
-0.00476734
0.000776235
-0.00973203
0.00276646
-0.0145338
0.00548483
-0.0187608
0.00903302
-0.0220005
0.0134104
-0.0238947
0.0185039
-0.0241897
0.024094
-0.0227738
0.0298745
-0.0196974
0.0354848
0.0405488
-0.0151711
0.019494
-0.0128799
-0.0209033
0.0180928
-0.011351
0.0167063
-0.00970557
0.0152835
-0.00806499
0.0137248
-0.00652729
0.0119022
-0.00515111
0.00968609
-0.00394487
0.00697716
-0.00286325
0.00373491
-0.00181182
1.24791e-10
-0.000659839
-0.00409512
0.000740489
-0.00832956
0.00253082
-0.0124118
0.00482292
-0.0160101
0.00767779
-0.0187912
0.0110909
-0.020462
0.0149856
-0.0208083
0.0192162
-0.019725
0.0235798
-0.0172323
0.0278354
0.0317282
-0.013478
0.0173777
-0.0105991
-0.0185909
0.0161517
-0.00947939
0.0149065
-0.00827482
0.0135959
-0.00705614
0.0121417
-0.00587811
0.0104495
-0.00477097
0.00842898
-0.00373507
0.00601567
-0.00273971
0.00319156
-0.00172658
9.77202e-11
-0.000617558
-0.00344756
0.000673938
-0.00697463
0.00222954
-0.010353
0.0041123
-0.0133247
0.00635474
-0.0156304
0.00895026
-0.0170391
0.0118492
-0.0173775
0.01496
-0.0165519
0.0181559
-0.0145623
0.0212853
0.0241856
-0.0115054
0.0154424
-0.00864794
-0.016499
0.0143509
-0.00783011
0.0132122
-0.00694871
0.0119884
-0.00604099
0.0106234
-0.00513433
0.00905384
-0.00424232
0.00722337
-0.00336255
0.00509708
-0.00247651
0.00267472
-0.00155189
7.30637e-11
-0.000546856
-0.00283562
0.000583813
-0.00569568
0.00188181
-0.00840817
0.00337825
-0.0107807
0.00508744
-0.0126196
0.00700245
-0.0137511
0.00909289
-0.0140404
0.0113053
-0.0134089
0.0135664
-0.0118438
0.015788
0.0178745
-0.0094028
0.013608
-0.00697896
-0.0145458
0.0126181
-0.00636976
0.0115631
-0.00571337
0.0104157
-0.00502686
0.00914004
-0.00432203
0.0076994
-0.003604
0.00606477
-0.00287053
0.00422378
-0.00211226
0.0021884
-0.00131402
5.11708e-11
-0.000456893
-0.00226893
0.00047896
-0.00451704
0.00151119
-0.00662047
0.00265212
-0.0084425
0.00390598
-0.00984579
0.0052669
-0.0107056
0.00671783
-0.0109228
0.0082306
-0.0104342
0.00976717
-0.00922071
0.0112818
0.0127241
-0.00731085
0.0118125
-0.00554777
-0.0126641
0.0109009
-0.0050725
0.00991894
-0.00456525
0.00885029
-0.00403242
0.00767641
-0.00347822
0.00638098
-0.00290425
0.00495486
-0.0023095
0.00340076
-0.00169052
0.00173703
-0.00104202
3.23552e-11
-0.000357652
-0.00175559
0.000368947
-0.00345831
0.00114306
-0.00502386
0.00196777
-0.00636076
0.00284304
-0.00737731
0.00376493
-0.00798923
0.00472521
-0.00812716
0.00571133
-0.00774321
0.00670672
-0.00681594
0.00769153
0.00864362
-0.00535331
0.0100175
-0.00431606
-0.0108076
0.00917101
-0.00392103
0.00826247
-0.00351006
0.00728516
-0.0030849
0.00623337
-0.00264667
0.00510464
-0.00219587
0.00390195
-0.00173243
0.00263577
-0.00125577
0.00132545
-0.000764976
1.68921e-11
-0.000258995
-0.00130211
0.00026313
-0.00253401
0.000802017
-0.00364249
0.00135771
-0.00457082
0.00192945
-0.00526217
0.00251554
-0.00566335
0.0031132
-0.00572862
0.00371853
-0.00542304
0.00432659
-0.00472538
0.00493146
0.00552645
-0.00363009
0.00821203
-0.00895529
0.00742783
0.00660202
0.00573493
0.00482869
0.00388802
0.00292092
0.00193923
0.000958871
5.01525e-12
-0.000913292
-0.00175346
-0.00249033
-0.00309211
-0.00352662
-0.00376271
-0.00377161
-0.00352835
-0.00301305
-0.00221199
-0.00728321
-0.00065661
-0.011362
-0.00159771
-0.0165565
-0.00280913
-0.0229222
-0.00422587
-0.0304906
-0.00575148
-0.0392702
-0.0072637
-0.0492479
-0.00862204
-0.0603893
-0.00967666
-0.0726392
-0.0102782
-0.0859206
-0.0102877
-0.100134
-0.00958675
-0.115157
-0.00808597
-0.130839
-0.00573269
-0.147004
-0.00251638
-0.163447
0.00152802
-0.179933
0.00631938
-0.196198
0.0117322
-0.211949
0.017601
-0.22687
0.0237272
0.0298874
-0.00672976
0.000691539
-0.0107189
0.00024904
-0.0158863
-0.000409041
-0.0223056
-0.00122717
-0.0300194
-0.00211812
-0.0390395
-0.00296862
-0.0493454
-0.00364714
-0.0608855
-0.0040131
-0.0735759
-0.00392713
-0.0873013
-0.00326169
-0.101915
-0.00191129
-0.117237
0.000198238
-0.133058
0.00310201
-0.149137
0.00679055
-0.165203
0.0112067
-0.180958
0.0162454
-0.196079
0.0217562
-0.210222
0.0275485
-0.223028
0.0333998
0.0390654
-0.00610278
0.00178523
-0.00989261
0.00182125
-0.0148729
0.00170932
-0.0211295
0.00149243
-0.0287114
0.00124327
-0.0376283
0.00105886
-0.0478492
0.00105322
-0.0593011
0.00134835
-0.0718691
0.00206424
-0.0853971
0.00330854
-0.0996895
0.00516643
-0.114513
0.00769164
-0.129599
0.0108989
-0.144648
0.0147589
-0.159335
0.0191953
-0.173312
0.0240851
-0.186213
0.0292615
-0.197666
0.0345202
-0.207295
0.0396281
0.0443333
-0.0054089
0.00258331
-0.00889488
0.0030363
-0.013531
0.00341332
-0.0194084
0.00374291
-0.0265772
0.00407913
-0.0350422
0.00449703
-0.0447597
0.00508607
-0.0556363
0.00594211
-0.0675288
0.00715841
-0.0802456
0.00881622
-0.09355
0.0109757
-0.107164
0.0136676
-0.120777
0.016887
-0.134046
0.0205879
-0.146611
0.0246821
-0.158098
0.0290387
-0.16813
0.0334881
-0.176337
0.037828
-0.18236
0.0418318
0.0452591
-0.0046567
0.00305242
-0.007744
0.00382221
-0.0118899
0.00458323
-0.0171839
0.00534922
-0.0236726
0.00615379
-0.0313544
0.00704677
-0.040175
0.00808905
-0.0500259
0.00934599
-0.0607445
0.0108801
-0.0721163
0.0127433
-0.08388
0.0149693
-0.0957339
0.0175672
-0.107344
0.0205156
-0.118355
0.0237594
-0.128398
0.0272079
-0.137106
0.0307358
-0.144122
0.0341861
-0.149111
0.0373762
-0.15177
0.0401052
0.0421637
-0.00385644
0.00316838
-0.00646438
0.00412166
-0.00999301
0.00511973
-0.0145236
0.00616317
-0.0200961
0.00726602
-0.0267031
0.00845326
-0.0342845
0.00975713
-0.0427265
0.0112125
-0.0518614
0.0128515
-0.061471
0.0146981
-0.0712922
0.0167621
-0.0810256
0.0190353
-0.0903452
0.0214865
-0.0989104
0.0240597
-0.106379
0.0266731
-0.112418
0.0292195
-0.116723
0.0315696
-0.11902
0.0335763
-0.119088
0.035081
0.0359211
-0.00301992
0.0029175
-0.0050858
0.00389559
-0.00789621
0.00495069
-0.0115188
0.0060739
-0.0159849
0.00726365
-0.0212834
0.00852429
-0.027356
0.00986394
-0.0340958
0.0112918
-0.0413475
0.0128147
-0.0489115
0.0144342
-0.0565492
0.016143
-0.0639924
0.017922
-0.070953
0.0197382
-0.0771363
0.0215434
-0.082253
0.0232733
-0.0860333
0.0248491
-0.0882396
0.0261787
-0.0886781
0.0271604
-0.0872088
0.0276871
0.0276514
-0.0021601
0.00229741
-0.0036425
0.00312601
-0.00566587
0.00403665
-0.00828033
0.00501647
-0.0115078
0.00605512
-0.0153367
0.00714424
-0.0197185
0.00827662
-0.0245661
0.00944499
-0.0297544
0.0106407
-0.0351239
0.0118523
-0.0404856
0.0130642
-0.045629
0.0142551
-0.0503309
0.0153976
-0.0543668
0.0164575
-0.0575217
0.0173936
-0.0596021
0.0181587
-0.0604466
0.0187002
-0.059936
0.0189624
-0.0580008
0.0188886
0.0184236
-0.00129076
0.0013177
-0.00217182
0.00181789
-0.00337588
0.00237463
-0.00493318
0.00297787
-0.00685632
0.00361743
-0.00913676
0.00428305
-0.0117425
0.00496421
-0.014617
0.00565004
-0.01768
0.00632905
-0.0208294
0.00698895
-0.0239452
0.00761639
-0.0268946
0.00819683
-0.0295385
0.00871445
-0.0317386
0.00915213
-0.0333654
0.00949168
-0.0343058
0.00971403
-0.0344708
0.00979977
-0.0338014
0.00972965
-0.0322739
0.00948534
0.00905022
-0.000426113
3.92557e-12
-0.000712834
1.31393e-11
-0.00110427
2.49314e-11
-0.00161029
3.89821e-11
-0.00223485
5.49203e-11
-0.00297481
7.23309e-11
-0.00381911
9.07613e-11
-0.00474848
1.09729e-10
-0.00573559
1.2873e-10
-0.00674591
1.47247e-10
-0.00773893
1.64759e-10
-0.00867013
1.80749e-10
-0.00949314
1.94715e-10
-0.0101624
2.06176e-10
-0.0106357
2.14683e-10
-0.0108774
2.19827e-10
-0.0108603
2.21245e-10
-0.0105684
2.18629e-10
-0.0099984
2.11733e-10
2.00375e-10
0.000419638
-0.00162226
0.000695304
-0.00227542
0.00107039
-0.0030138
0.00155424
-0.00382052
0.00215054
-0.00467579
0.00285616
-0.00555742
0.00366029
-0.0064414
0.0045442
-0.00730263
0.0054814
-0.00811576
0.00643843
-0.00885597
0.00737619
-0.00949984
0.00825172
-0.0100261
0.0090205
-0.0104165
0.00963893
-0.010656
0.0100671
-0.0107336
0.0102714
-0.0106425
0.010227
-0.0103799
0.0099203
-0.00994728
0.00935016
-0.00934976
-0.00859576
0.00123274
-0.0035045
0.00201492
-0.00493416
0.00307281
-0.00655765
0.00443215
-0.00833582
0.0061031
-0.0102212
0.00807699
-0.0121595
0.0103241
-0.0140914
0.0127926
-0.0159551
0.0154096
-0.0176881
0.0180825
-0.0192307
0.0207033
-0.0205278
0.0231533
-0.0215319
0.0253095
-0.0222047
0.0270512
-0.022519
0.0282677
-0.0224599
0.0288659
-0.0220248
0.0287768
-0.0212236
0.0279616
-0.0200778
0.0264166
-0.0186186
-0.0168853
0.00200029
-0.00559214
0.0032114
-0.00788261
0.00483465
-0.0104913
0.00690781
-0.0133534
0.00944611
-0.0163887
0.0124374
-0.0195046
0.015839
-0.0225991
0.0195763
-0.0255658
0.0235433
-0.0282979
0.0276058
-0.0306938
0.0316068
-0.0326617
0.0353728
-0.0341242
0.0387234
-0.0350223
0.0414806
-0.0353181
0.0434795
-0.034997
0.0445789
-0.0340683
0.0446712
-0.0325642
0.0436908
-0.030538
0.0416209
-0.0280608
-0.0252172
0.00271066
-0.00782196
0.00425467
-0.0110115
0.00629783
-0.0146497
0.00888439
-0.0186455
0.0120327
-0.0228845
0.01573
-0.0272337
0.0199282
-0.0315464
0.0245426
-0.035669
0.0294528
-0.039448
0.0345052
-0.0427377
0.0395193
-0.0454078
0.0442947
-0.0473497
0.048621
-0.0484827
0.0522885
-0.0487586
0.0550995
-0.048164
0.05688
-0.0467211
0.0574906
-0.0444869
0.0568358
-0.0415496
0.0548719
-0.0380236
-0.0340428
0.00335383
-0.0101239
0.00512039
-0.0142002
0.00741744
-0.0188511
0.0102892
-0.023961
0.0137546
-0.0293839
0.0178023
-0.034949
0.0223869
-0.040468
0.0274272
-0.0457432
0.0328069
-0.0505774
0.0383772
-0.0547835
0.0439618
-0.0581945
0.0493633
-0.0606717
0.0543722
-0.0621132
0.0587761
-0.0624587
0.0623701
-0.0616936
0.0649672
-0.0598496
0.0664082
-0.0570032
0.0665707
-0.0532717
0.0653762
-0.0488065
-0.0437844
0.00392168
-0.0124232
0.00579093
-0.0173219
0.00816384
-0.0229058
0.0110775
-0.0290389
0.0145482
-0.0355492
0.0185671
-0.0422354
0.0230974
-0.048875
0.0280728
-0.0552346
0.033398
-0.0610813
0.03895
-0.0661936
0.044582
-0.0703736
0.0501278
-0.0734565
0.055408
-0.0753202
0.0602369
-0.0758913
0.06443
-0.0751495
0.0678112
-0.0731289
0.0702206
-0.069916
0.0715215
-0.0656453
0.0716056
-0.0604916
-0.0546607
0.00440818
-0.0146422
0.00625602
-0.0202492
0.00852406
-0.0266262
0.0112354
-0.033623
0.0143995
-0.0410498
0.0180094
-0.0486849
0.0220401
-0.056283
0.0264475
-0.0635871
0.0311685
-0.07034
0.0361215
-0.0762969
0.0412079
-0.0812378
0.0463144
-0.0849783
0.0513158
-0.0873792
0.0560782
-0.0883538
0.0604629
-0.0878723
0.0643299
-0.0859634
0.0675424
-0.0827123
0.0699703
-0.0782566
0.0714942
-0.0727783
-0.0664943
0.00480957
-0.016703
0.00651301
-0.0228593
0.00850224
-0.0298362
0.0107803
-0.0374763
0.0133453
-0.0455821
0.0161896
-0.0539225
0.0193
-0.0622433
0.0226566
-0.0702775
0.0262334
-0.0777577
0.0299972
-0.0844287
0.0339075
-0.0900594
0.0379162
-0.0944543
0.0419669
-0.0974627
0.0459945
-0.0989861
0.0499253
-0.0989829
0.0536766
-0.0974702
0.0571574
-0.0945226
0.0602688
-0.0902677
0.0629058
-0.0848796
-0.0785692
0.00512435
-0.0185296
0.00656682
-0.0250395
0.00811917
-0.0323805
0.00975989
-0.0403956
0.0114716
-0.0488887
0.0132424
-0.0576319
0.0150674
-0.0663749
0.0169485
-0.0748552
0.0188944
-0.0828093
0.0209193
-0.0899848
0.0230409
-0.0961518
0.0252778
-0.101113
0.027646
-0.104713
0.0301556
-0.106845
0.0328068
-0.107457
0.0355868
-0.106551
0.0384666
-0.104183
0.0413991
-0.100464
0.0443177
-0.0955457
-0.0896213
0.00535329
-0.0200497
0.00642943
-0.0266916
0.00741087
-0.0341329
0.00824934
-0.0422229
0.00890909
-0.0507762
0.00937019
-0.0595787
0.0096308
-0.0683959
0.00970829
-0.0769823
0.00963892
-0.0850912
0.00947616
-0.0924854
0.00928758
-0.0989471
0.00915052
-0.104287
0.00914679
-0.108353
0.00935669
-0.111035
0.00985273
-0.112272
0.0106936
-0.112052
0.0119186
-0.110411
0.0135429
-0.107435
0.0155549
-0.103251
-0.0980217
0.00686652
0.00941739
-0.0088824
0.00494778
0.00878236
0.00319511
0.00803762
0.00167387
0.00718899
0.000443271
0.0062453
-0.000446125
0.0052183
-0.000954695
0.00412239
-0.00105565
0.00297429
-0.000736512
0.0017925
5.01525e-12
0.000596759
0.00113565
-0.000592624
0.00263704
-0.00175546
0.00445656
-0.00287235
0.006534
-0.00392537
0.00879858
-0.00489863
0.0111715
-0.00577877
0.0135687
-0.00655536
0.015904
-0.00722109
0.0180916
-0.00777192
-0.008207
0.00978648
0.0139068
-0.012254
0.00731377
0.0133175
0.00495108
0.0124749
0.00281555
0.0113826
0.00101998
0.0100541
-0.000333676
0.00851269
-0.00116061
0.00679124
-0.00139876
0.00493099
-0.00101337
0.00298005
1.68921e-11
0.000991311
0.00161419
-0.000980016
0.00377102
-0.00287902
0.00638384
-0.00465374
0.00934178
-0.0062577
0.0125155
-0.00765201
0.0157641
-0.00880708
0.0189422
-0.00970368
0.0219078
-0.0103334
0.0245293
-0.0106984
-0.0108109
0.0132109
0.0194291
-0.0161154
0.0101586
0.0190327
0.00712427
0.0181857
0.00428566
0.0168784
0.00182205
0.0151222
-9.80372e-05
0.0129513
-0.001329
0.010422
-0.00175955
0.00761144
-0.00132221
0.00461356
3.23552e-11
0.00153471
0.00217042
-0.00151264
0.00509953
-0.00441639
0.00864972
-0.00707158
0.0126437
-0.00938659
0.0168758
-0.0112884
0.0211252
-0.0127264
0.0251704
-0.0136746
0.0288028
-0.0141319
0.0318394
-0.0141207
-0.013684
0.0170576
0.0259783
-0.0203662
0.0134207
0.0259625
0.00967314
0.0252439
0.00606037
0.023783
0.00283948
0.021578
0.000260155
0.0186695
-0.00145547
0.0151412
-0.00213231
0.0111178
-0.001659
0.00675899
5.11708e-11
0.00224949
0.00279833
-0.00221253
0.00660852
-0.00642907
0.0112298
-0.0102161
0.0164021
-0.0134163
0.0218253
-0.0159093
0.0271817
-0.0176195
0.032159
-0.0185187
0.036473
-0.0186262
0.0398863
-0.0180045
-0.0167517
0.0212109
0.0335119
-0.0248744
0.0170053
0.0341002
0.0125259
0.0336812
0.00809012
0.0321628
0.0040423
0.0295136
0.000726551
0.025772
-0.00154351
0.021051
-0.00251463
0.0155355
-0.00202025
0.0094724
7.30637e-11
0.00315498
0.00349009
-0.0030986
0.00827813
-0.00896945
0.014088
-0.0141629
0.0205611
-0.0184314
0.0272853
-0.0215927
0.0338296
-0.0235425
0.0397785
-0.024259
0.044765
-0.0238001
0.0484971
-0.0222944
-0.0199253
0.025527
0.0419531
-0.0294825
0.0207888
0.0433988
0.0155834
0.0434849
0.0103015
0.0420394
0.00538166
0.0389786
0.00127353
0.0343264
-0.00160438
0.0282237
-0.0029074
0.0209275
-0.00240303
0.0127964
9.77203e-11
0.00426606
0.00423609
-0.00418541
0.0100829
-0.0120774
0.0171776
-0.0189678
0.0250478
-0.0244908
0.0331537
-0.0283866
0.0409365
-0.0305203
0.0478675
-0.0308882
0.0534924
-0.0296107
0.0574669
-0.0269144
-0.0231048
0.0298402
0.0511939
-0.0340146
0.0246244
0.0537713
0.0187235
0.0545973
0.0126004
0.0533866
0.00679185
0.0499762
0.00186138
0.0443574
-0.00165661
0.0366953
-0.00331463
0.0273297
-0.00280493
0.0167568
1.24791e-10
0.00559199
0.0050251
-0.00548203
0.0119921
-0.0157769
0.0204413
-0.0246621
0.0297737
-0.0316226
0.0393079
-0.0363045
0.0483458
-0.0385422
0.0562381
-0.038366
0.0624422
-0.035988
0.0665665
-0.0317708
-0.026183
0.0339714
0.0610989
-0.0382854
0.0283491
0.0650938
0.0218069
0.0669158
0.0148764
0.0661295
0.00819331
0.0624596
0.00244014
0.0558428
-0.00172495
0.046461
-0.00374309
0.0347467
-0.00322405
0.0213597
1.53895e-10
0.00713541
0.00584441
-0.006991
0.0139705
-0.0200736
0.0238134
-0.0312488
0.0346371
-0.0398196
0.0456083
-0.0453213
0.0558814
-0.0475598
0.0646827
-0.0466189
0.071383
-0.0428365
0.0755514
-0.0367544
-0.0290499
0.037737
0.0715103
-0.0421089
0.0317917
0.0772092
0.0246842
0.0802964
0.0170082
0.0801454
0.00949654
0.0763317
0.00295207
0.0687114
-0.00183911
0.0574725
-0.00420175
0.0431486
-0.00365886
0.0265896
1.84622e-10
0.00889149
0.0066801
-0.00870754
0.0159789
-0.0249521
0.027221
-0.0386992
0.0395262
-0.0490362
0.051903
-0.0553716
0.0633543
-0.0574864
0.0729816
-0.0555411
0.0800741
-0.0500378
0.0841712
-0.0417449
-0.031597
0.040958
0.082253
-0.0453083
0.0347817
0.0899324
0.0272032
0.094557
0.0188699
0.095266
0.0106065
0.0914456
0.00333463
0.0828418
-0.00203204
0.0696359
-0.00470107
0.0524692
-0.00410806
0.0324071
2.16536e-10
0.0108474
0.00751732
-0.0106189
0.0179757
-0.0303747
0.0305864
-0.0469514
0.0443228
-0.0591874
0.0580332
-0.066349
0.0705693
-0.0681979
0.0809115
-0.064997
0.088275
-0.0574543
0.0921808
-0.0466155
-0.0337223
0.0434696
0.0931407
-0.0477249
0.0371585
0.103056
0.0292169
0.109483
0.0203369
0.111282
0.0114278
0.107608
0.00352378
0.0980643
-0.00233804
0.082812
-0.0052522
0.0626051
-0.00457043
0.0387488
2.49181e-10
0.0129817
0.0083406
-0.0127042
0.0199173
-0.0362807
0.0338292
-0.0559096
0.0489056
-0.0701484
0.0638383
-0.0781073
0.0773325
-0.0795355
0.0882546
-0.0748256
0.0957551
-0.0649347
0.0993497
-0.0512376
-0.0353348
0.04513
0.103981
-0.0492271
0.0387794
0.116358
0.0305915
0.124836
0.0212932
0.127951
0.0118692
0.124583
0.00345755
0.114164
-0.00279067
0.0968178
-0.00586599
0.0734164
-0.0050446
0.0455272
2.82086e-10
0.015265
0.00913423
-0.0149342
0.0217598
-0.0425865
0.0368693
-0.0654445
0.0531553
-0.0817565
0.0691624
-0.0904639
0.0834587
-0.0913105
0.0948066
-0.0848456
0.102304
-0.072319
0.105472
-0.0554867
-0.0363581
0.0458283
0.114581
-0.0497169
0.0395276
0.129607
0.0312134
0.140357
0.0216375
0.145001
0.0118495
0.142101
0.00307962
0.130886
-0.00342057
0.11143
-0.00655209
0.0847288
-0.00552886
0.0526313
3.14766e-10
0.0176593
0.00988262
-0.0172717
0.0234604
-0.0491861
0.0396289
-0.0753954
0.0569582
-0.0938142
0.0738596
-0.103204
0.0887785
-0.10331
0.100386
-0.0948621
0.107738
-0.0794452
0.110377
-0.0592471
-0.0367344
0.0454906
0.124754
-0.0491365
0.0393193
0.142571
0.0309959
0.15578
0.0212889
0.162141
0.0113018
0.159863
0.00234283
0.14794
-0.00425333
0.126391
-0.0073179
0.0963371
-0.00602091
0.0599293
3.46729e-10
0.0201195
0.0105707
-0.0196721
0.0249782
-0.0559539
0.0420358
-0.0855737
0.0602103
-0.106094
0.0778
-0.116088
0.0931454
-0.115303
0.10484
-0.104674
0.111912
-0.086156
0.113931
-0.0624174
-0.0364273
0.0440846
0.134322
-0.047471
0.0381079
0.155023
0.0298845
0.170835
0.020192
0.179073
0.0101777
0.177551
0.00121241
0.165014
-0.00530744
0.141413
-0.00816766
0.10801
-0.00651768
0.0672706
3.77481e-10
0.0225937
0.0111842
-0.0220844
0.026276
-0.0627467
0.0440256
-0.0957671
0.0628214
-0.118346
0.0808744
-0.128856
0.0964408
-0.127051
0.108053
-0.11408
0.11472
-0.0923047
0.116049
-0.0649143
-0.0354233
0.0416221
0.143121
-0.0447507
0.0358882
0.166746
0.0278603
0.185261
0.0183208
0.195494
0.00845125
0.19484
-0.000331301
0.181774
-0.00659248
0.156187
-0.00910156
0.119494
-0.00701512
0.0744902
4.06529e-10
0.0250248
0.0117102
-0.0244525
0.0273211
-0.0694075
0.0455438
-0.105746
0.0647185
-0.130302
0.0829986
-0.14124
0.0985795
-0.138311
0.109948
-0.122889
0.116103
-0.0977611
0.116695
-0.0666766
-0.0337332
0.0381593
0.151004
-0.04105
0.0326967
0.177544
0.0249424
0.198808
0.015681
0.211112
0.00612108
0.211403
-0.00229061
0.197882
-0.00810761
0.170394
-0.010115
0.130525
-0.00750803
0.0814124
4.33389e-10
0.0273518
0.0121372
-0.0267165
0.0280869
-0.07577
0.0465481
-0.115268
0.0658484
-0.141685
0.0841164
-0.152969
0.0995123
-0.148852
0.110492
-0.130925
0.116049
-0.102417
0.115882
-0.0676677
-0.0313917
0.0337946
0.157844
-0.0364847
0.0286114
0.187238
0.0211877
0.21125
0.0123113
0.22565
0.00321211
0.226922
-0.00464896
0.213001
-0.00984042
0.183709
-0.0111979
0.140831
-0.00798992
0.0878562
4.57587e-10
0.0295118
0.0124559
-0.0288144
0.0285531
-0.0816633
0.0470099
-0.124089
0.0661798
-0.15222
0.0842023
-0.163778
0.0992281
-0.158452
0.109694
-0.138032
0.114596
-0.106189
0.113671
-0.0678769
-0.0284565
0.0286648
0.163536
-0.0312068
0.0237488
0.19568
0.0166898
0.222385
0.00828278
0.238854
-0.000224169
0.2411
-0.00737022
0.226807
-0.0117663
0.195813
-0.0123347
0.15014
-0.00845296
0.0936404
4.78665e-10
0.0314414
0.0126588
-0.0306842
0.0287068
-0.0869168
0.0469155
-0.131965
0.0657045
-0.16164
0.083262
-0.17342
0.0977536
-0.166915
0.107609
-0.144082
0.111823
-0.109023
0.110169
-0.0673196
-0.0250059
0.0229389
-0.0253979
0.0182587
0.0115751
0.00369676
-0.00411052
-0.0103988
-0.013848
-0.0135035
-0.00888796
4.96186e-10
0.0127407
0.0285432
0.0462665
0.0644382
0.081332
0.0951524
0.10433
0.107852
0.105523
-0.12458
-0.0924223
-0.112287
-0.0865724
-0.0999947
-0.0801372
-0.0879541
-0.0733685
-0.0763731
-0.0665017
-0.0654153
-0.0597458
-0.0552026
-0.0532754
-0.0458187
-0.0472252
-0.0373138
-0.0416873
-0.02971
-0.0367112
-0.0230078
-0.0323059
-0.0171909
-0.028445
-0.0122312
-0.0250732
-0.00809213
-0.0221149
-0.00473166
-0.0194836
-0.0021027
-0.017091
-0.000153247
-0.0148567
0.00117494
-0.0127162
0.00194828
-0.0106282
-0.00857921
-0.110526
-0.0847472
-0.102333
-0.080733
-0.093425
-0.0758578
-0.0840715
-0.0703857
-0.074523
-0.0645689
-0.0650068
-0.0586367
-0.0557243
-0.0527862
-0.0468492
-0.047176
-0.0385273
-0.0419226
-0.0308753
-0.0370994
-0.0239823
-0.0327387
-0.0179098
-0.0288363
-0.0126931
-0.0253583
-0.00834216
-0.022249
-0.00484315
-0.0194406
-0.00215942
-0.0168622
-0.000233248
-0.0144496
0.00101249
-0.0121528
0.0016722
-0.00994336
-0.00781849
-0.0790499
-0.0684444
-0.0761535
-0.066615
-0.0720605
-0.0638046
-0.0669644
-0.0602454
-0.0610779
-0.0561643
-0.0546254
-0.0517715
-0.0478359
-0.0472527
-0.0409341
-0.0427626
-0.0341333
-0.0384214
-0.0276274
-0.0343132
-0.0215845
-0.0304875
-0.0161415
-0.0269628
-0.0113998
-0.0237321
-0.00742248
-0.020769
-0.00423404
-0.0180363
-0.00182093
-0.0154928
-0.000134512
-0.0131016
0.000904541
-0.0108364
0.00140027
-0.00868661
-0.00666115
-0.043667
-0.0472362
-0.0448213
-0.0471366
-0.0447831
-0.0461794
-0.0435993
-0.0445242
-0.0413743
-0.0423299
-0.0382598
-0.0397478
-0.0344442
-0.036915
-0.0301392
-0.0339503
-0.0255665
-0.0309505
-0.0209442
-0.0279899
-0.0164746
-0.0251205
-0.0123326
-0.0223741
-0.00865783
-0.0197657
-0.00554816
-0.0172973
-0.00305708
-0.0149631
-0.00119374
-0.0127541
7.38137e-05
-0.0106629
0.000812797
-0.00868756
0.00111758
-0.00683491
-0.00512248
-0.0160646
-0.0257319
-0.0187404
-0.0263805
-0.0206201
-0.0264985
-0.021626
-0.0261578
-0.0217517
-0.0254334
-0.0210536
-0.0243986
-0.0196395
-0.023123
-0.0176558
-0.0216697
-0.0152725
-0.0200942
-0.0126684
-0.018443
-0.0100178
-0.0167542
-0.0074775
-0.0150575
-0.00517741
-0.0133759
-0.00321334
-0.0117269
-0.0016433
-0.0101243
-0.000486931
-0.00858003
0.000271816
-0.00710592
0.000679331
-0.00571521
0.000804693
-0.00442355
-0.00324966
-0.00165622
-0.00740862
-0.0035807
-0.0078095
-0.0051872
-0.00805605
-0.00638106
-0.00815911
-0.00711646
-0.00813117
-0.00739183
-0.00798577
-0.00724305
-0.00773708
-0.00673498
-0.00739947
-0.00595215
-0.00698723
-0.00498924
-0.00651429
-0.00394197
-0.00599406
-0.00289902
-0.00543941
-0.0019355
-0.00486255
-0.00110822
-0.00427516
-0.000453045
-0.00368838
1.56383e-05
-0.00311287
0.00030352
-0.00255892
0.00043318
-0.00203644
0.000439544
-0.00155497
-0.00112363
-1.63353e-10
0.00616304
-6.91725e-11
0.00668657
1.34236e-11
0.00709573
7.93355e-11
0.00738598
1.25899e-10
0.00755506
1.53011e-10
0.00760321
1.6117e-10
0.00753336
1.54747e-10
0.00735119
1.3645e-10
0.00706504
1.10969e-10
0.00668573
8.26659e-11
0.00622628
5.43591e-11
0.00570154
2.99399e-11
0.00512768
1.07126e-11
0.00452175
-2.22209e-12
0.00390111
-9.03468e-12
0.00328289
-1.05017e-11
0.00268349
-8.26587e-12
0.00211813
-4.23135e-12
0.00160039
0.00114197
-0.00784903
0.0150023
-0.00588154
0.0168021
-0.00402801
0.0183793
-0.00241471
0.0196799
-0.00111981
0.0206583
-0.000177202
0.0212799
0.000417374
0.0215233
0.000698596
0.0213819
0.000722849
0.0208639
0.000559227
0.0199924
0.000280902
0.0188038
-4.25669e-05
0.0173461
-0.000351506
0.0156765
-0.000600647
0.0138585
-0.000761685
0.0119587
-0.000823848
0.0100437
-0.000792565
0.00817704
-0.0006865
0.00641669
-0.000533285
0.00481263
0.00340529
-0.0223253
0.0201505
-0.0191422
0.0233795
-0.0160227
0.0263708
-0.0131611
0.0289928
-0.0106834
0.0311294
-0.0086525
0.0326871
-0.00707685
0.0335994
-0.00592137
0.0338306
-0.00511972
0.0333769
-0.00458702
0.032266
-0.00423203
0.030555
-0.00396805
0.0283265
-0.0037217
0.0256831
-0.00343926
0.0227419
-0.00309004
0.019627
-0.00266699
0.0164637
-0.00218436
0.0133708
-0.00167305
0.010456
-0.00117405
0.00780998
0.00550377
-0.0432688
0.0231713
-0.0399223
0.0277889
-0.0363962
0.0321407
-0.0328738
0.036028
-0.0294861
0.0392749
-0.0263154
0.0417377
-0.0234021
0.0433128
-0.0207525
0.0439409
-0.0183478
0.0436093
-0.0161542
0.0423516
-0.0141313
0.040244
-0.0122409
0.0374
-0.0104534
0.033963
-0.00875177
0.0300971
-0.00713442
0.0259774
-0.00561451
0.02178
-0.0042176
0.0176726
-0.00297707
0.0138053
-0.001928
0.0103039
0.00726433
-0.0742668
0.0253745
-0.0713221
0.0310369
-0.0676999
0.0363463
-0.0635478
0.0410734
-0.0589998
0.0450174
-0.0541764
0.0480162
-0.0491851
0.049954
-0.0441209
0.050767
-0.0390685
0.0504453
-0.0341035
0.0490322
-0.0292942
0.04662
-0.0247031
0.0433441
-0.0203874
0.0393737
-0.0163999
0.0349022
-0.0127884
0.030135
-0.00959427
0.0252785
-0.00685076
0.0205284
-0.00458027
0.0160599
-0.00279116
0.0120188
0.00851525
-0.121015
0.026728
-0.117643
0.0328004
-0.112922
0.0384096
-0.107003
0.0433365
-0.100065
0.0473925
-0.0923044
0.050429
-0.0839343
0.052344
-0.0751731
0.0530866
-0.0662398
0.0526588
-0.0573466
0.0511141
-0.0486924
0.0485533
-0.0404568
0.0451187
-0.0327952
0.0409848
-0.0258347
0.0363489
-0.0196712
0.0314197
-0.014368
0.026406
-0.00995448
0.0215056
-0.00642688
0.0168954
-0.00374922
0.0127227
0.00909865
-0.1861
-0.179884
-0.171744
-0.161893
-0.150592
-0.138139
-0.124862
-0.111102
-0.0972011
-0.0834904
-0.0702774
-0.0578344
-0.0463898
-0.0361215
-0.0271523
-0.0195485
-0.0133207
-0.00842697
-0.00477795
)
;

boundaryField
{
    inlet
    {
        type            calculated;
        value           uniform 0;
    }
    outlet
    {
        type            calculated;
        value           uniform 0;
    }
    dymWall
    {
        type            calculated;
        value           nonuniform List<scalar> 
73
(
0.00423929
0.00381561
0.00338451
0.00294679
0.0025033
0.0020549
0.00160247
0.00114688
0.000689033
0.000229829
-0.000229829
-0.000689033
-0.00114688
-0.00160247
-0.0020549
-0.0025033
-0.00294679
-0.00338451
-0.00381561
-0.00423929
-0.00325376
-0.00290664
-0.00256086
-0.00221638
-0.00187311
-0.00153093
-0.0011897
-0.000849222
-0.000509306
-0.00016973
0.00016973
0.000509306
0.000849222
0.0011897
0.00153093
0.00187311
0.00221638
0.00256086
0.00290664
0.00325376
0.00224371
0.00185508
0.00147429
0.00109994
0.000730514
0.000364418
-2.2492e-16
-0.000364418
-0.000730514
-0.00109994
-0.00147429
-0.00185508
-0.00224371
-0.00592989
-0.00535409
-0.00476247
-0.0041567
-0.00353853
-0.00290978
-0.00227229
-0.00162798
-0.000978754
-0.00032658
0.00032658
0.000978754
0.00162798
0.00227229
0.00290978
0.00353853
0.0041567
0.00476247
0.00535409
0.00592989
)
;
    }
    AMI1
    {
        type            cyclicAMI;
        value           nonuniform List<scalar> 
73
(
0.085772
0.074251
0.0575697
0.0390625
0.0221027
0.00920944
0.00150068
-0.00140353
-0.00111169
-1.04763e-05
-0.000802936
-0.00611121
-0.0181212
-0.038209
-0.066535
-0.101692
-0.140585
-0.178718
-0.210958
-0.23263
-0.240624
-0.234127
-0.214729
-0.185868
-0.15184
-0.116757
-0.083753
-0.0546273
-0.0299036
-0.00916078
0.00852921
0.0241756
0.0384977
0.051612
0.0627959
0.0703988
0.072009
0.0649589
0.0471369
0.0179137
0.167995
0.202743
0.232041
0.2505
0.253662
0.238994
0.206403
0.158192
0.0985895
0.0330793
-0.0322659
-0.0913666
-0.138667
-0.169695
-0.181669
-0.174073
-0.148978
-0.110893
-0.0660362
-0.0211363
0.136581
0.117721
0.0805825
0.041336
0.0127456
-0.000440817
2.60575e-10
0.009755
0.0253074
0.046199
0.0763742
0.122912
0.190233
)
;
    }
    AMI2
    {
        type            cyclicAMI;
        value           nonuniform List<scalar> 
162
(
-0.0441182
-0.0422568
-0.0395159
-0.0360347
-0.0319902
-0.0275839
-0.023028
-0.0185296
-0.0142775
-0.0104306
-0.00710893
-0.00438876
-0.00230098
-0.000832522
6.96282e-05
0.000492621
0.000550957
0.000379429
0.000126343
-5.26506e-05
6.49392e-18
0.000438929
0.00141142
0.00305301
0.00548288
0.00879875
0.0130712
0.0183379
0.0245971
0.0318029
0.0398609
0.0486265
0.0579058
0.0674599
0.0770138
0.0862673
0.0949103
0.102639
0.109175
0.114279
0.11777
0.122523
0.122466
0.120537
0.116856
0.111606
0.105028
0.0973981
0.0890097
0.0801547
0.0711071
0.0621094
0.0533636
0.0450254
0.0372032
0.0299599
0.0233178
0.0172647
0.0117615
0.00675002
0.00216019
-0.00208288
-0.00605257
-0.00981493
-0.0134234
-0.016914
-0.0203004
-0.0235702
-0.026681
-0.0295592
-0.0320986
-0.0341632
-0.0355919
-0.0362061
-0.0358216
-0.0342618
-0.0313738
-0.0270453
-0.0212196
-0.0139099
-0.00520806
-0.0781223
-0.0868311
-0.0954039
-0.103534
-0.110895
-0.117161
-0.122021
-0.1252
-0.126469
-0.125666
-0.122694
-0.117533
-0.110234
-0.100918
-0.0897676
-0.0770183
-0.0629489
-0.0478712
-0.0321199
-0.0160443
5.36511e-15
0.015658
0.0305821
0.0444387
0.0569151
0.0677269
0.0766267
0.0834128
0.0879381
0.090119
0.0899422
0.0874699
0.082841
0.0762691
0.0680355
0.0584779
0.0479753
0.0369294
0.0257449
0.0148087
0.00447091
-0.0461358
-0.0459863
-0.0447735
-0.0425793
-0.0395369
-0.0358196
-0.0316256
-0.0271632
-0.0226361
-0.0182305
-0.0141058
-0.0103877
-0.00716617
-0.00449555
-0.00239787
-0.000867783
0.00012142
0.000611627
0.000654096
0.000304399
-0.000381707
-0.00135156
-0.00255819
-0.00396263
-0.00553596
-0.00726159
-0.00913745
-0.0111782
-0.0134167
-0.0159051
-0.0187133
-0.0219268
-0.0256404
-0.0299509
-0.0349465
-0.040695
-0.0472311
-0.0545443
-0.0625694
-0.0711794
)
;
    }
    walls
    {
        type            calculated;
        value           nonuniform List<scalar> 
80
(
0
0
0
0
0
0
0
0
0
0
0
0
0
0
0
0
0
0
0
0
0
0
0
0
0
0
0
0
0
0
0
0
0
0
0
0
0
0
0
0
0
0
0
0
0
0
0
0
0
0
0
0
0
0
0
0
0
-7.40149e-15
-7.40149e-15
0
0
1.4803e-14
-7.40149e-15
0
0
0
0
0
0
0
0
0
0
0
0
0
0
0
0
0
)
;
    }
    front
    {
        type            empty;
        value           nonuniform 0();
    }
    back
    {
        type            empty;
        value           nonuniform 0();
    }
}


// ************************************************************************* //
