/*--------------------------------*- C++ -*----------------------------------*\
  =========                 |
  \\      /  F ield         | OpenFOAM: The Open Source CFD Toolbox
   \\    /   O peration     | Website:  https://openfoam.org
    \\  /    A nd           | Version:  6
     \\/     M anipulation  |
\*---------------------------------------------------------------------------*/
FoamFile
{
    version     2.0;
    format      ascii;
    class       volScalarField;
    location    "2.15";
    object      rho;
}
// * * * * * * * * * * * * * * * * * * * * * * * * * * * * * * * * * * * * * //

dimensions      [1 -3 0 0 0 0 0];

internalField   nonuniform List<scalar> 
10000
(
1.40001
1.40001
1.40001
1.40001
1.40001
1.40001
1.40001
1.40001
1.40001
1.40001
1.40001
1.40001
1.40001
1.40001
1.40001
1.40001
1.40001
1.40001
1.40001
1.40001
1.40001
1.40001
1.40001
1.40001
1.40001
1.40001
1.4
1.40001
1.4
1.40001
1.40001
1.40001
1.40001
1.40001
1.40001
1.40001
1.40001
1.4
1.40001
1.4
1.40001
1.4
1.40001
1.4
1.4
1.4
1.4
1.4
1.4
1.4
1.4
1.4
1.4
1.4
1.4
1.4
1.4
1.4
1.4
1.40001
1.40001
1.40001
1.40001
1.40001
1.40001
1.40001
1.40001
1.40001
1.40001
1.40001
1.40001
1.40001
1.40001
1.40001
1.40001
1.40001
1.40001
1.40001
1.40001
1.40001
1.40001
1.40001
1.40001
1.40001
1.40001
1.40001
1.40001
1.40001
1.40001
1.40001
1.40001
1.40001
1.40001
1.40001
1.40001
1.40001
1.40001
1.40001
1.40001
1.40001
1.40001
1.40001
1.40001
1.40001
1.40001
1.40001
1.40001
1.40001
1.40001
1.40001
1.40001
1.40001
1.40001
1.40001
1.40001
1.40001
1.40001
1.40001
1.40001
1.40001
1.40001
1.40001
1.40001
1.40001
1.40001
1.40001
1.40001
1.40001
1.40001
1.40001
1.40001
1.40001
1.4
1.40001
1.40001
1.4
1.40001
1.4
1.40001
1.4
1.40001
1.4
1.40001
1.4
1.4
1.4
1.4
1.4
1.4
1.4
1.4
1.4
1.4
1.4
1.4
1.4
1.4
1.4
1.4
1.40001
1.40001
1.40001
1.40001
1.40001
1.40001
1.40001
1.40001
1.40001
1.40001
1.40001
1.40001
1.40001
1.40001
1.40001
1.40001
1.40001
1.40001
1.40001
1.40001
1.40001
1.40001
1.40001
1.40001
1.40001
1.40001
1.40001
1.40001
1.40001
1.40001
1.40001
1.40001
1.40001
1.40001
1.40001
1.40001
1.40001
1.40001
1.40001
1.40001
1.40001
1.40001
1.40001
1.40001
1.40001
1.40001
1.40001
1.40001
1.40001
1.40001
1.40001
1.40001
1.40001
1.40001
1.40001
1.40001
1.40001
1.40001
1.40001
1.40001
1.40001
1.40001
1.40001
1.40001
1.40001
1.40001
1.40001
1.4
1.40001
1.4
1.40001
1.4
1.40001
1.40001
1.40001
1.40001
1.4
1.40001
1.4
1.40001
1.4
1.40001
1.4
1.40001
1.4
1.4
1.4
1.4
1.4
1.4
1.4
1.4
1.4
1.4
1.4
1.4
1.4
1.4
1.4
1.4
1.40001
1.40001
1.40001
1.40001
1.40001
1.40001
1.40001
1.40001
1.40001
1.40001
1.40001
1.40001
1.40001
1.40001
1.40001
1.40001
1.40001
1.40001
1.40001
1.40001
1.40001
1.40001
1.40001
1.40001
1.40001
1.40001
1.40001
1.40001
1.40001
1.40001
1.40001
1.40001
1.40001
1.40001
1.40001
1.40001
1.40001
1.40001
1.40001
1.40001
1.40001
1.40001
1.40001
1.40001
1.40001
1.40001
1.40001
1.40001
1.40001
1.40001
1.40001
1.40001
1.40001
1.40001
1.40001
1.40001
1.40001
1.40001
1.40001
1.40001
1.40001
1.40001
1.40001
1.40001
1.40001
1.40001
1.40001
1.40001
1.40001
1.40001
1.40001
1.40001
1.40001
1.40001
1.40001
1.40001
1.4
1.40001
1.4
1.40001
1.4
1.40001
1.4
1.4
1.4
1.4
1.4
1.4
1.4
1.4
1.4
1.4
1.4
1.4
1.4
1.4
1.4
1.4
1.4
1.4
1.40001
1.40001
1.40001
1.40001
1.40001
1.40001
1.40001
1.40001
1.40001
1.40001
1.40001
1.40001
1.40001
1.40001
1.40001
1.40001
1.40001
1.40001
1.40001
1.40001
1.40001
1.40001
1.40001
1.40001
1.40001
1.40001
1.40001
1.40001
1.40001
1.40001
1.40001
1.40001
1.40001
1.40001
1.40001
1.40001
1.40001
1.40001
1.40001
1.40001
1.40001
1.40001
1.40001
1.40001
1.40001
1.40001
1.40001
1.40001
1.40001
1.40001
1.40001
1.40001
1.40001
1.40001
1.40001
1.40001
1.40001
1.40001
1.40001
1.40001
1.40001
1.40001
1.40001
1.40001
1.40001
1.4
1.40001
1.4
1.40001
1.4
1.40001
1.40001
1.40001
1.40001
1.4
1.40001
1.4
1.40001
1.4
1.40001
1.4
1.40001
1.4
1.4
1.4
1.4
1.4
1.4
1.4
1.4
1.4
1.4
1.4
1.39999
1.39999
1.39999
1.39999
1.4
1.4
1.4
1.40001
1.40001
1.40001
1.40001
1.40002
1.40002
1.40002
1.40002
1.40001
1.40001
1.40001
1.40001
1.40001
1.40001
1.40001
1.40001
1.40001
1.40001
1.40001
1.40001
1.40001
1.40001
1.40001
1.40001
1.40001
1.40001
1.40001
1.40001
1.40001
1.40001
1.40001
1.40001
1.40001
1.40001
1.40001
1.40001
1.40001
1.40001
1.40001
1.40001
1.40001
1.40001
1.40001
1.40001
1.40001
1.40001
1.40001
1.40001
1.40001
1.40001
1.40001
1.40001
1.40001
1.40001
1.40001
1.40001
1.40001
1.40001
1.40001
1.40001
1.40001
1.40001
1.40001
1.4
1.40001
1.4
1.40001
1.4
1.40001
1.4
1.40001
1.40001
1.4
1.40001
1.4
1.40001
1.40001
1.40001
1.4
1.40001
1.4
1.40001
1.4
1.4
1.4
1.4
1.4
1.4
1.4
1.4
1.39999
1.39999
1.39999
1.39999
1.39999
1.39999
1.39999
1.39999
1.4
1.4
1.40001
1.40001
1.40002
1.40002
1.40002
1.40002
1.40002
1.40002
1.40002
1.40002
1.40002
1.40001
1.40001
1.40001
1.40001
1.40001
1.40001
1.40001
1.40001
1.40001
1.40001
1.40001
1.40001
1.40001
1.40001
1.40001
1.40001
1.40001
1.40001
1.40001
1.40001
1.40001
1.40001
1.40001
1.40001
1.40001
1.40001
1.40001
1.40001
1.40001
1.40001
1.40001
1.40001
1.40001
1.40001
1.40001
1.40001
1.40001
1.40001
1.40001
1.40001
1.40001
1.40001
1.40001
1.40001
1.40001
1.40001
1.40001
1.40001
1.40001
1.40001
1.4
1.40001
1.4
1.40001
1.4
1.40001
1.4
1.40001
1.4
1.40001
1.40001
1.4
1.40001
1.4
1.40001
1.40001
1.40001
1.4
1.40001
1.40001
1.4
1.4
1.4
1.4
1.4
1.4
1.4
1.4
1.39999
1.39999
1.39998
1.39998
1.39998
1.39998
1.39998
1.39998
1.39998
1.39999
1.4
1.40001
1.40002
1.40002
1.40003
1.40003
1.40003
1.40003
1.40003
1.40003
1.40002
1.40002
1.40002
1.40001
1.40001
1.40001
1.40001
1.40001
1.40001
1.40001
1.40001
1.40001
1.40001
1.40001
1.40001
1.40001
1.40001
1.40001
1.40001
1.40001
1.40001
1.40001
1.40001
1.40001
1.40001
1.40001
1.40001
1.40001
1.40001
1.40001
1.40001
1.40001
1.40001
1.40001
1.40001
1.40001
1.40001
1.40001
1.40001
1.40001
1.40001
1.40001
1.40001
1.40001
1.40001
1.40001
1.40001
1.40001
1.4
1.40001
1.4
1.40001
1.4
1.40001
1.4
1.40001
1.4
1.40001
1.4
1.40001
1.4
1.40001
1.40001
1.4
1.40001
1.4
1.40001
1.40001
1.40001
1.4
1.40001
1.40001
1.4
1.4
1.4
1.4
1.4
1.4
1.4
1.39999
1.39999
1.39998
1.39997
1.39997
1.39996
1.39996
1.39996
1.39997
1.39997
1.39998
1.4
1.40001
1.40002
1.40003
1.40004
1.40005
1.40005
1.40005
1.40005
1.40004
1.40004
1.40003
1.40002
1.40002
1.40002
1.40001
1.40001
1.40001
1.40001
1.40001
1.40001
1.40001
1.40001
1.40001
1.40001
1.40001
1.40001
1.40001
1.40001
1.40001
1.40001
1.40001
1.40001
1.40001
1.40001
1.40001
1.40001
1.40001
1.40001
1.40001
1.40001
1.40001
1.40001
1.40001
1.40001
1.40001
1.40001
1.40001
1.40001
1.40001
1.40001
1.40001
1.40001
1.40001
1.40001
1.40001
1.40001
1.40001
1.4
1.40001
1.4
1.40001
1.4
1.40001
1.4
1.40001
1.4
1.40001
1.40001
1.40001
1.40001
1.40001
1.40001
1.4
1.40001
1.4
1.40001
1.4
1.40001
1.4
1.40001
1.40001
1.40001
1.4
1.4
1.4
1.4
1.4
1.39999
1.39998
1.39998
1.39997
1.39996
1.39995
1.39995
1.39994
1.39994
1.39995
1.39996
1.39998
1.39999
1.40001
1.40003
1.40005
1.40006
1.40007
1.40007
1.40007
1.40007
1.40006
1.40005
1.40004
1.40003
1.40003
1.40002
1.40002
1.40001
1.40001
1.40001
1.40001
1.40001
1.40001
1.40001
1.40001
1.40001
1.40001
1.40001
1.40001
1.40001
1.40001
1.40001
1.40001
1.40001
1.40001
1.40001
1.40001
1.40001
1.40001
1.40001
1.40001
1.40001
1.40001
1.40001
1.40001
1.40001
1.40001
1.40001
1.40001
1.40001
1.40001
1.40001
1.40001
1.40001
1.40001
1.40001
1.40001
1.4
1.40001
1.4
1.40001
1.4
1.40001
1.4
1.40001
1.4
1.40001
1.40001
1.4
1.40001
1.4
1.40001
1.4
1.40001
1.4
1.40001
1.4
1.40001
1.40001
1.40001
1.4
1.40001
1.40001
1.40001
1.4
1.4
1.4
1.4
1.39999
1.39998
1.39997
1.39996
1.39995
1.39994
1.39993
1.39992
1.39992
1.39992
1.39993
1.39995
1.39997
1.39999
1.40002
1.40005
1.40007
1.40009
1.4001
1.4001
1.4001
1.4001
1.40009
1.40007
1.40006
1.40005
1.40004
1.40003
1.40002
1.40001
1.40001
1.40001
1.40001
1.40001
1.40001
1.40001
1.4
1.4
1.4
1.4
1.40001
1.40001
1.40001
1.40001
1.40001
1.40001
1.40001
1.40001
1.40001
1.40001
1.40001
1.40001
1.40001
1.40001
1.40001
1.40001
1.40001
1.40001
1.40001
1.40001
1.40001
1.40001
1.40001
1.40001
1.40001
1.40001
1.40001
1.40001
1.40001
1.4
1.40001
1.4
1.40001
1.40001
1.40001
1.40001
1.40001
1.40001
1.40001
1.40001
1.4
1.40001
1.40001
1.40001
1.4
1.40001
1.40001
1.40001
1.4
1.40001
1.40001
1.40001
1.40001
1.40001
1.40001
1.40001
1.4
1.4
1.4
1.39999
1.39999
1.39997
1.39996
1.39994
1.39993
1.39991
1.39989
1.39988
1.39988
1.39989
1.3999
1.39993
1.39996
1.4
1.40004
1.40008
1.40011
1.40013
1.40015
1.40015
1.40015
1.40014
1.40012
1.4001
1.40009
1.40007
1.40005
1.40004
1.40003
1.40002
1.40001
1.40001
1.40001
1.40001
1.40001
1.4
1.4
1.4
1.4
1.4
1.4
1.4
1.40001
1.40001
1.40001
1.40001
1.40001
1.40001
1.40001
1.40001
1.40001
1.40001
1.40001
1.40001
1.40001
1.40001
1.40001
1.40001
1.40001
1.40001
1.40001
1.40001
1.40001
1.40001
1.40001
1.40001
1.40001
1.40001
1.40001
1.4
1.40001
1.40001
1.40001
1.40001
1.4
1.40001
1.40001
1.40001
1.4
1.40001
1.4
1.40001
1.40001
1.40001
1.4
1.40001
1.40001
1.40001
1.40001
1.40001
1.40001
1.40001
1.40001
1.40001
1.40001
1.40001
1.40001
1.4
1.4
1.39999
1.39998
1.39996
1.39994
1.39992
1.3999
1.39987
1.39985
1.39984
1.39984
1.39985
1.39988
1.39992
1.39996
1.40002
1.40007
1.40012
1.40017
1.4002
1.40022
1.40022
1.40022
1.4002
1.40018
1.40015
1.40012
1.40009
1.40007
1.40005
1.40004
1.40002
1.40002
1.40001
1.40001
1.40001
1.4
1.4
1.4
1.4
1.4
1.4
1.4
1.4
1.4
1.40001
1.40001
1.40001
1.40001
1.40001
1.40001
1.40001
1.40001
1.40001
1.40001
1.40001
1.40001
1.40001
1.40001
1.40001
1.40001
1.40001
1.40001
1.40001
1.40001
1.40001
1.40001
1.40001
1.40001
1.40001
1.40001
1.40001
1.40001
1.40001
1.4
1.40001
1.4
1.40001
1.40001
1.40001
1.40001
1.40001
1.40001
1.4
1.40001
1.4
1.40001
1.40001
1.4
1.40001
1.4
1.40001
1.40001
1.40001
1.40001
1.40001
1.40001
1.40001
1.40001
1.4
1.4
1.39999
1.39997
1.39995
1.39992
1.39989
1.39986
1.39983
1.39981
1.3998
1.3998
1.39982
1.39986
1.39992
1.39999
1.40006
1.40014
1.40021
1.40026
1.4003
1.40032
1.40033
1.40031
1.40029
1.40025
1.40021
1.40017
1.40013
1.4001
1.40007
1.40005
1.40003
1.40002
1.40001
1.40001
1.40001
1.4
1.4
1.4
1.4
1.4
1.4
1.4
1.4
1.4
1.40001
1.40001
1.40001
1.40001
1.40001
1.40001
1.40001
1.40001
1.40001
1.40001
1.40001
1.40001
1.40001
1.40001
1.40001
1.40001
1.40001
1.40001
1.40001
1.40001
1.40001
1.40001
1.40001
1.40001
1.40001
1.40001
1.40001
1.40001
1.40001
1.4
1.40001
1.4
1.40001
1.40001
1.40001
1.4
1.40001
1.40001
1.4
1.40001
1.40001
1.40001
1.4
1.40001
1.40001
1.40001
1.40001
1.40001
1.40001
1.40001
1.40001
1.40001
1.40001
1.40001
1.4
1.4
1.39998
1.39996
1.39993
1.3999
1.39986
1.39982
1.39978
1.39976
1.39976
1.39977
1.39981
1.39988
1.39996
1.40006
1.40016
1.40026
1.40035
1.40042
1.40046
1.40048
1.40048
1.40045
1.4004
1.40035
1.40029
1.40023
1.40018
1.40013
1.40009
1.40006
1.40004
1.40002
1.40001
1.40001
1.4
1.4
1.4
1.4
1.4
1.4
1.4
1.4
1.4
1.4
1.4
1.40001
1.40001
1.40001
1.40001
1.40001
1.40001
1.40001
1.40001
1.40001
1.40001
1.40001
1.40001
1.40001
1.40001
1.40001
1.40001
1.40001
1.40001
1.40001
1.40001
1.40001
1.40001
1.40001
1.40001
1.40001
1.40001
1.4
1.40001
1.4
1.40001
1.4
1.40001
1.40001
1.40001
1.40001
1.40001
1.40001
1.40001
1.4
1.40001
1.4
1.40001
1.40001
1.40001
1.40001
1.40001
1.40001
1.40001
1.40001
1.40001
1.40001
1.40001
1.40001
1.40001
1.39999
1.39998
1.39995
1.39991
1.39987
1.39982
1.39978
1.39974
1.39973
1.39974
1.39978
1.39985
1.39995
1.40007
1.40021
1.40035
1.40048
1.40059
1.40067
1.40072
1.40072
1.4007
1.40065
1.40058
1.40049
1.4004
1.40032
1.40024
1.40017
1.40012
1.40008
1.40005
1.40003
1.40001
1.40001
1.4
1.4
1.4
1.4
1.4
1.4
1.4
1.4
1.4
1.4
1.4
1.4
1.40001
1.40001
1.40001
1.40001
1.40001
1.40001
1.40001
1.40001
1.40001
1.40001
1.40001
1.40001
1.40001
1.40001
1.40001
1.40001
1.40001
1.40001
1.40001
1.40001
1.40001
1.40001
1.40001
1.40001
1.40001
1.4
1.40001
1.4
1.40001
1.40001
1.40001
1.40001
1.40001
1.4
1.40001
1.40001
1.40001
1.4
1.40001
1.40001
1.4
1.40001
1.40001
1.40001
1.40001
1.40001
1.40001
1.40001
1.40001
1.40002
1.40002
1.40002
1.40001
1.4
1.39998
1.39994
1.3999
1.39985
1.39979
1.39975
1.39972
1.39973
1.39977
1.39985
1.39998
1.40014
1.40033
1.40053
1.40072
1.40088
1.40101
1.40109
1.40113
1.40111
1.40104
1.40094
1.40082
1.40069
1.40056
1.40043
1.40032
1.40023
1.40015
1.4001
1.40005
1.40003
1.40001
1.4
1.4
1.4
1.4
1.4
1.4
1.4
1.4
1.4
1.4
1.4
1.4
1.4
1.4
1.40001
1.40001
1.40001
1.40001
1.40001
1.40001
1.40001
1.40001
1.40001
1.40001
1.40001
1.40001
1.40001
1.40001
1.40001
1.40001
1.40001
1.40001
1.40001
1.40001
1.40001
1.40001
1.40001
1.40001
1.4
1.40001
1.4
1.40001
1.40001
1.4
1.40001
1.40001
1.4
1.40001
1.4
1.40001
1.4
1.40001
1.4
1.40001
1.40001
1.40001
1.40001
1.40001
1.40001
1.40001
1.40001
1.40002
1.40002
1.40003
1.40002
1.40002
1.4
1.39998
1.39994
1.39989
1.39983
1.39978
1.39975
1.39975
1.39979
1.3999
1.40006
1.40028
1.40054
1.40082
1.4011
1.40136
1.40157
1.40172
1.40179
1.40178
1.4017
1.40157
1.40139
1.40119
1.40098
1.40078
1.40059
1.40043
1.4003
1.4002
1.40012
1.40006
1.40003
1.40001
1.4
1.39999
1.39999
1.39999
1.4
1.4
1.4
1.4
1.4
1.4
1.4
1.4
1.4
1.4
1.40001
1.40001
1.40001
1.40001
1.40001
1.40001
1.40001
1.40001
1.40001
1.40001
1.40001
1.40001
1.40001
1.40001
1.40001
1.40001
1.40001
1.40001
1.40001
1.40001
1.40001
1.40001
1.40001
1.40001
1.4
1.40001
1.40001
1.40001
1.40001
1.4
1.40001
1.40001
1.40001
1.4
1.40001
1.4
1.40001
1.4
1.4
1.40001
1.40001
1.40001
1.40001
1.40001
1.40001
1.40002
1.40002
1.40002
1.40003
1.40004
1.40004
1.40003
1.40002
1.39999
1.39994
1.39989
1.39984
1.39981
1.39981
1.39986
1.39999
1.4002
1.4005
1.40086
1.40127
1.4017
1.4021
1.40245
1.40271
1.40286
1.40289
1.40282
1.40263
1.40238
1.40207
1.40173
1.4014
1.40109
1.40082
1.40059
1.4004
1.40025
1.40015
1.40008
1.40003
1.4
1.39999
1.39998
1.39999
1.39999
1.39999
1.4
1.4
1.4
1.4
1.4
1.4
1.4
1.4
1.4
1.4
1.40001
1.40001
1.40001
1.40001
1.40001
1.40001
1.40001
1.40001
1.40001
1.40001
1.40001
1.40001
1.40001
1.40001
1.40001
1.40001
1.40001
1.40001
1.40001
1.40001
1.40001
1.40001
1.40001
1.40001
1.40001
1.40001
1.4
1.40001
1.4
1.40001
1.40001
1.4
1.40001
1.40001
1.4
1.40001
1.40001
1.4
1.40001
1.40001
1.40001
1.40001
1.40001
1.40001
1.40002
1.40003
1.40003
1.40005
1.40005
1.40006
1.40005
1.40004
1.40001
1.39997
1.39992
1.39989
1.3999
1.39997
1.40013
1.40041
1.40081
1.40131
1.4019
1.40254
1.40316
1.40374
1.4042
1.40452
1.40467
1.40463
1.40443
1.40408
1.40362
1.4031
1.40256
1.40203
1.40156
1.40115
1.40081
1.40054
1.40033
1.40019
1.40009
1.40003
1.39999
1.39998
1.39997
1.39997
1.39998
1.39999
1.39999
1.4
1.4
1.4
1.4
1.4
1.4
1.4
1.4
1.4
1.40001
1.40001
1.40001
1.40001
1.40001
1.40001
1.40001
1.40001
1.40001
1.40001
1.40001
1.40001
1.40001
1.40001
1.40001
1.40001
1.40001
1.40001
1.40001
1.40001
1.40001
1.40001
1.40001
1.40001
1.40001
1.4
1.40001
1.40001
1.40001
1.40001
1.40001
1.40001
1.40001
1.40001
1.4
1.40001
1.4
1.40001
1.40001
1.40001
1.40001
1.40001
1.40001
1.40002
1.40003
1.40004
1.40005
1.40006
1.40008
1.40009
1.40009
1.40008
1.40005
1.40002
1.4
1.40002
1.40011
1.40031
1.40066
1.40117
1.40186
1.40269
1.40362
1.40457
1.40549
1.40629
1.40691
1.4073
1.40743
1.40728
1.40688
1.40626
1.4055
1.40465
1.40379
1.40298
1.40225
1.40163
1.40113
1.40074
1.40045
1.40024
1.40011
1.40002
1.39998
1.39996
1.39995
1.39996
1.39997
1.39998
1.39998
1.39999
1.4
1.4
1.4
1.4
1.4
1.4
1.4
1.4
1.4
1.40001
1.40001
1.40001
1.40001
1.40001
1.40001
1.40001
1.40001
1.40001
1.40001
1.40001
1.40001
1.40001
1.40001
1.40001
1.40001
1.40001
1.40001
1.40001
1.40001
1.40001
1.40001
1.40001
1.40001
1.40001
1.40001
1.40001
1.4
1.40001
1.40001
1.4
1.40001
1.40001
1.4
1.40001
1.4
1.40001
1.40001
1.40001
1.40001
1.40001
1.40002
1.40002
1.40003
1.40005
1.40007
1.40009
1.40011
1.40013
1.40013
1.40013
1.40012
1.40012
1.40015
1.40026
1.40049
1.40092
1.40156
1.40246
1.40358
1.40488
1.40628
1.40768
1.40899
1.4101
1.41092
1.41139
1.41147
1.41116
1.41048
1.40948
1.40827
1.40695
1.40563
1.40438
1.40328
1.40235
1.4016
1.40103
1.40061
1.40032
1.40013
1.40002
1.39996
1.39993
1.39993
1.39994
1.39995
1.39996
1.39998
1.39998
1.39999
1.4
1.4
1.4
1.4
1.4
1.4
1.4
1.4
1.40001
1.40001
1.40001
1.40001
1.40001
1.40001
1.40001
1.40001
1.40001
1.40001
1.40001
1.40001
1.40001
1.40001
1.40001
1.40001
1.40001
1.40001
1.40001
1.40001
1.40001
1.40001
1.4
1.40001
1.4
1.40001
1.40001
1.4
1.40001
1.4
1.40001
1.40001
1.4
1.40001
1.40001
1.4
1.40001
1.40001
1.40001
1.40001
1.40001
1.40002
1.40003
1.40005
1.40007
1.40009
1.40012
1.40015
1.40018
1.4002
1.40022
1.40023
1.40028
1.40041
1.40067
1.40116
1.40192
1.40303
1.40447
1.40622
1.40817
1.4102
1.41218
1.41398
1.41546
1.41653
1.4171
1.41713
1.4166
1.41556
1.41407
1.41226
1.41029
1.4083
1.40644
1.40479
1.40341
1.40231
1.40147
1.40087
1.40045
1.40018
1.40002
1.39994
1.3999
1.3999
1.39991
1.39993
1.39995
1.39996
1.39998
1.39999
1.39999
1.4
1.4
1.4
1.4
1.4
1.4
1.4
1.4
1.40001
1.40001
1.40001
1.40001
1.40001
1.40001
1.40001
1.40001
1.40001
1.40001
1.40001
1.40001
1.40001
1.40001
1.40001
1.40001
1.40001
1.40001
1.4
1.40001
1.40001
1.40001
1.40001
1.4
1.40001
1.40001
1.40001
1.40001
1.4
1.40001
1.4
1.40001
1.4
1.40001
1.40001
1.40001
1.40001
1.40001
1.40001
1.40002
1.40003
1.40004
1.40006
1.40009
1.40012
1.40016
1.40021
1.40025
1.40029
1.40034
1.40041
1.40055
1.40083
1.40135
1.40221
1.4035
1.40527
1.40748
1.41006
1.41285
1.41567
1.41835
1.42071
1.42261
1.42394
1.42462
1.42459
1.42384
1.42238
1.42031
1.41776
1.41494
1.41208
1.40937
1.40697
1.40495
1.40335
1.40213
1.40125
1.40065
1.40027
1.40004
1.39992
1.39987
1.39986
1.39988
1.3999
1.39993
1.39995
1.39997
1.39998
1.39999
1.4
1.4
1.4
1.4
1.4
1.4
1.4
1.4
1.40001
1.40001
1.40001
1.40001
1.40001
1.40001
1.40001
1.40001
1.40001
1.40001
1.40001
1.40001
1.40001
1.40001
1.40001
1.40001
1.40001
1.40001
1.4
1.40001
1.4
1.40001
1.4
1.40001
1.4
1.40001
1.40001
1.4
1.40001
1.4
1.4
1.40001
1.40001
1.4
1.40001
1.40001
1.40001
1.40001
1.40001
1.40002
1.40003
1.40005
1.40008
1.40011
1.40016
1.40022
1.40028
1.40034
1.40042
1.40051
1.40066
1.40095
1.40148
1.40239
1.40381
1.40585
1.40851
1.41174
1.41537
1.41915
1.42287
1.42628
1.42921
1.4315
1.43307
1.43384
1.43377
1.43283
1.431
1.42833
1.42497
1.42117
1.41723
1.41344
1.41003
1.40715
1.40484
1.40309
1.40183
1.40096
1.40041
1.40008
1.39991
1.39983
1.39982
1.39984
1.39987
1.3999
1.39993
1.39995
1.39997
1.39998
1.39999
1.4
1.4
1.4
1.4
1.4
1.4
1.4
1.4
1.40001
1.40001
1.40001
1.40001
1.40001
1.40001
1.40001
1.40001
1.40001
1.40001
1.40001
1.40001
1.40001
1.40001
1.40001
1.4
1.40001
1.4
1.40001
1.4
1.40001
1.4
1.40001
1.4
1.40001
1.4
1.4
1.40001
1.4
1.4
1.40001
1.4
1.40001
1.40001
1.40001
1.40001
1.40001
1.40002
1.40003
1.40004
1.40006
1.4001
1.40015
1.40021
1.40028
1.40037
1.40046
1.40058
1.40075
1.40103
1.40155
1.40245
1.40392
1.40613
1.40917
1.41301
1.41748
1.4223
1.42715
1.43171
1.43574
1.43908
1.4416
1.44328
1.44409
1.44403
1.44303
1.441
1.43792
1.43385
1.42906
1.42392
1.41884
1.41418
1.41018
1.40694
1.40447
1.40267
1.40144
1.40065
1.40017
1.39992
1.3998
1.39977
1.39979
1.39983
1.39987
1.39991
1.39994
1.39996
1.39998
1.39999
1.39999
1.4
1.4
1.4
1.4
1.4
1.4
1.4
1.40001
1.40001
1.40001
1.40001
1.40001
1.40001
1.40001
1.40001
1.40001
1.40001
1.40001
1.40001
1.40001
1.40001
1.40001
1.4
1.40001
1.4
1.40001
1.40001
1.40001
1.40001
1.40001
1.4
1.40001
1.4
1.40001
1.40001
1.4
1.40001
1.40001
1.4
1.40001
1.40001
1.40001
1.40001
1.40001
1.40002
1.40003
1.40005
1.40008
1.40012
1.40019
1.40026
1.40036
1.40047
1.40061
1.40079
1.40107
1.40156
1.4024
1.40384
1.40609
1.40935
1.41367
1.41892
1.42478
1.43081
1.43656
1.4417
1.44598
1.44931
1.4517
1.45321
1.45395
1.45396
1.45315
1.45133
1.44828
1.4439
1.43838
1.43212
1.42568
1.41958
1.41421
1.4098
1.40638
1.40387
1.40214
1.40101
1.40033
1.39996
1.39978
1.39973
1.39974
1.39979
1.39984
1.39988
1.39992
1.39995
1.39997
1.39998
1.39999
1.4
1.4
1.4
1.4
1.4
1.4
1.4
1.4
1.40001
1.40001
1.40001
1.40001
1.40001
1.40001
1.40001
1.40001
1.40001
1.40001
1.40001
1.40001
1.40001
1.40001
1.40001
1.40001
1.4
1.40001
1.4
1.40001
1.4
1.40001
1.4
1.40001
1.4
1.40001
1.40001
1.40001
1.4
1.40001
1.40001
1.40001
1.40001
1.40001
1.40001
1.40001
1.40002
1.40004
1.40006
1.4001
1.40016
1.40023
1.40033
1.40045
1.4006
1.40079
1.40107
1.40151
1.40227
1.40359
1.40575
1.40903
1.41363
1.41949
1.4263
1.4335
1.44047
1.44667
1.45174
1.45555
1.45815
1.45977
1.46067
1.46113
1.46129
1.46106
1.46009
1.45787
1.45399
1.44839
1.44145
1.43381
1.42624
1.41934
1.41352
1.40893
1.40551
1.40313
1.40156
1.40059
1.40005
1.39979
1.3997
1.3997
1.39974
1.3998
1.39985
1.3999
1.39994
1.39996
1.39998
1.39999
1.4
1.4
1.4
1.4
1.4
1.4
1.4
1.4
1.40001
1.40001
1.40001
1.40001
1.40001
1.40001
1.40001
1.40001
1.40001
1.40001
1.40001
1.40001
1.40001
1.40001
1.40001
1.4
1.40001
1.4
1.40001
1.4
1.40001
1.40001
1.4
1.40001
1.4
1.40001
1.40001
1.40001
1.4
1.40001
1.40001
1.40001
1.40001
1.40001
1.40001
1.40002
1.40003
1.40005
1.40008
1.40012
1.40019
1.40028
1.4004
1.40056
1.40075
1.40102
1.40141
1.40208
1.40323
1.40518
1.40829
1.41289
1.41908
1.42663
1.43492
1.44312
1.45039
1.45615
1.4601
1.46231
1.46313
1.4631
1.46278
1.46268
1.46308
1.46392
1.46466
1.46441
1.46228
1.45778
1.45105
1.44278
1.43396
1.42553
1.41816
1.4122
1.40768
1.40447
1.40232
1.40099
1.40022
1.39984
1.39968
1.39966
1.3997
1.39976
1.39982
1.39988
1.39992
1.39995
1.39997
1.39999
1.39999
1.4
1.4
1.4
1.4
1.4
1.4
1.4
1.40001
1.40001
1.40001
1.40001
1.40001
1.40001
1.40001
1.40001
1.40001
1.40001
1.40001
1.40001
1.40001
1.4
1.40001
1.40001
1.40001
1.40001
1.4
1.40001
1.40001
1.4
1.40001
1.40001
1.4
1.40001
1.4
1.40001
1.40001
1.4
1.40001
1.40001
1.40001
1.40001
1.40001
1.40002
1.40003
1.40005
1.40009
1.40015
1.40023
1.40034
1.40048
1.40067
1.40092
1.40128
1.40185
1.40282
1.40448
1.40725
1.41157
1.41772
1.42568
1.43487
1.44428
1.45272
1.4592
1.46317
1.46452
1.46367
1.4614
1.45869
1.45647
1.45551
1.45626
1.4587
1.46212
1.46521
1.46644
1.46467
1.45957
1.45172
1.44228
1.43258
1.42368
1.41621
1.41041
1.40621
1.40336
1.40155
1.40049
1.39993
1.39969
1.39963
1.39966
1.39972
1.39979
1.39985
1.3999
1.39994
1.39996
1.39998
1.39999
1.4
1.4
1.4
1.4
1.4
1.4
1.4
1.4
1.40001
1.40001
1.40001
1.40001
1.40001
1.40001
1.40001
1.40001
1.40001
1.40001
1.40001
1.40001
1.4
1.40001
1.40001
1.40001
1.40001
1.40001
1.40001
1.40001
1.40001
1.4
1.40001
1.40001
1.40001
1.4
1.40001
1.40001
1.40001
1.40001
1.40001
1.40001
1.40001
1.40001
1.40002
1.40004
1.40006
1.40011
1.40017
1.40027
1.4004
1.40057
1.4008
1.40112
1.4016
1.40239
1.40375
1.40608
1.40987
1.41562
1.42353
1.43325
1.44374
1.45348
1.46096
1.46513
1.46559
1.46258
1.45702
1.45027
1.44387
1.43913
1.43705
1.43828
1.44285
1.44992
1.45774
1.4641
1.46698
1.46535
1.45942
1.45043
1.44006
1.42985
1.4209
1.41372
1.40839
1.40469
1.40231
1.40088
1.4001
1.39974
1.39962
1.39962
1.39968
1.39976
1.39983
1.39989
1.39993
1.39996
1.39998
1.39999
1.4
1.4
1.4
1.4
1.4
1.4
1.4
1.4
1.40001
1.40001
1.40001
1.40001
1.40001
1.40001
1.40001
1.40001
1.40001
1.40001
1.4
1.40001
1.4
1.40001
1.40001
1.4
1.40001
1.40001
1.4
1.40001
1.40001
1.40001
1.4
1.40001
1.40001
1.4
1.4
1.40001
1.40001
1.40001
1.40001
1.40001
1.40001
1.40001
1.40003
1.40004
1.40007
1.40012
1.4002
1.4003
1.40046
1.40066
1.40094
1.40134
1.40198
1.40305
1.4049
1.40804
1.41306
1.42044
1.43016
1.44139
1.45246
1.46133
1.46629
1.46635
1.46141
1.4522
1.44031
1.42784
1.41688
1.40911
1.40576
1.40762
1.41482
1.42641
1.44026
1.4534
1.46288
1.46674
1.46457
1.45744
1.44734
1.43635
1.4261
1.41753
1.41098
1.40634
1.40327
1.4014
1.40035
1.39983
1.39963
1.3996
1.39966
1.39973
1.39981
1.39987
1.39992
1.39995
1.39997
1.39999
1.39999
1.4
1.4
1.4
1.4
1.4
1.4
1.4
1.40001
1.40001
1.40001
1.40001
1.40001
1.40001
1.40001
1.40001
1.40001
1.40001
1.40001
1.40001
1.40001
1.40001
1.40001
1.40001
1.40001
1.40001
1.40001
1.4
1.40001
1.40001
1.4
1.40001
1.4
1.4
1.40001
1.40001
1.4
1.40001
1.40001
1.40001
1.40001
1.40002
1.40003
1.40005
1.40008
1.40014
1.40022
1.40034
1.40051
1.40075
1.40108
1.40159
1.40241
1.40383
1.40629
1.41039
1.41681
1.42593
1.43732
1.44948
1.46005
1.46658
1.46728
1.46138
1.44918
1.43207
1.41246
1.39325
1.37707
1.36591
1.36118
1.36384
1.37413
1.39104
1.41204
1.43343
1.45125
1.46251
1.46598
1.46235
1.45373
1.44271
1.43154
1.42172
1.41394
1.40828
1.40445
1.40206
1.40069
1.39998
1.39968
1.39961
1.39964
1.39971
1.39979
1.39986
1.39991
1.39994
1.39997
1.39998
1.39999
1.4
1.4
1.4
1.4
1.4
1.4
1.4
1.40001
1.40001
1.40001
1.40001
1.40001
1.40001
1.40001
1.40001
1.40001
1.40001
1.4
1.40001
1.40001
1.40001
1.40001
1.40001
1.4
1.40001
1.4
1.40001
1.40001
1.40001
1.4
1.40001
1.4
1.40001
1.4
1.40001
1.40001
1.40001
1.40001
1.40001
1.40001
1.40002
1.40003
1.40005
1.40009
1.40015
1.40024
1.40038
1.40057
1.40084
1.40124
1.40186
1.40291
1.40475
1.4079
1.41311
1.42105
1.43187
1.44455
1.45677
1.46553
1.46814
1.46293
1.44941
1.42833
1.40191
1.37348
1.34674
1.3248
1.30992
1.30368
1.30726
1.32106
1.34404
1.37323
1.40413
1.43179
1.45211
1.46293
1.4644
1.45858
1.44845
1.43692
1.42611
1.41717
1.41047
1.40583
1.40287
1.40112
1.40019
1.39977
1.39963
1.39963
1.3997
1.39977
1.39984
1.3999
1.39994
1.39996
1.39998
1.39999
1.4
1.4
1.4
1.4
1.4
1.4
1.4
1.40001
1.40001
1.40001
1.40001
1.40001
1.40001
1.40001
1.40001
1.40001
1.40001
1.40001
1.40001
1.40001
1.4
1.40001
1.40001
1.4
1.40001
1.4
1.40001
1.4
1.40001
1.4
1.40001
1.4
1.40001
1.4
1.4
1.40001
1.40001
1.40001
1.40001
1.40001
1.40002
1.40003
1.40006
1.4001
1.40016
1.40026
1.40041
1.40062
1.40092
1.40139
1.40215
1.40346
1.40578
1.40973
1.41614
1.42563
1.43796
1.45132
1.46253
1.46812
1.46543
1.45296
1.43047
1.39925
1.3624
1.32427
1.28931
1.2611
1.24209
1.23409
1.23857
1.25625
1.28602
1.32442
1.36606
1.40487
1.43564
1.45525
1.46322
1.46144
1.45317
1.44193
1.43048
1.42055
1.41284
1.40738
1.40381
1.40165
1.40047
1.3999
1.39968
1.39964
1.39969
1.39976
1.39983
1.39989
1.39993
1.39996
1.39998
1.39999
1.4
1.4
1.4
1.4
1.4
1.4
1.4
1.40001
1.40001
1.40001
1.40001
1.40001
1.40001
1.40001
1.40001
1.40001
1.40001
1.40001
1.40001
1.40001
1.4
1.40001
1.4
1.40001
1.4
1.40001
1.40001
1.40001
1.4
1.40001
1.4
1.40001
1.40001
1.4
1.4
1.40001
1.40001
1.40001
1.40001
1.40001
1.40002
1.40003
1.40006
1.4001
1.40017
1.40027
1.40043
1.40066
1.40099
1.40154
1.40245
1.40405
1.40691
1.41174
1.41939
1.43036
1.44385
1.45711
1.46621
1.46748
1.45845
1.4378
1.4054
1.3631
1.31496
1.26637
1.22254
1.18749
1.16385
1.15367
1.15891
1.18071
1.21796
1.26656
1.32007
1.37121
1.41362
1.44319
1.45881
1.46213
1.45662
1.4463
1.43464
1.42393
1.41532
1.40905
1.40485
1.40226
1.4008
1.40007
1.39976
1.39967
1.3997
1.39976
1.39983
1.39989
1.39993
1.39996
1.39998
1.39999
1.4
1.4
1.4
1.4
1.4
1.4
1.4
1.40001
1.40001
1.40001
1.40001
1.40001
1.40001
1.40001
1.40001
1.40001
1.40001
1.40001
1.40001
1.40001
1.40001
1.40001
1.40001
1.40001
1.40001
1.40001
1.40001
1.4
1.40001
1.4
1.40001
1.4
1.40001
1.4
1.4
1.40001
1.40001
1.40001
1.40001
1.40001
1.40002
1.40003
1.40006
1.4001
1.40017
1.40028
1.40044
1.40068
1.40105
1.40168
1.40276
1.40468
1.40811
1.41386
1.42273
1.435
1.44918
1.46155
1.46758
1.46372
1.4478
1.41847
1.37562
1.32161
1.26152
1.20181
1.14851
1.10606
1.07728
1.06447
1.07026
1.0964
1.14169
1.20125
1.26749
1.33189
1.38687
1.42733
1.45148
1.46073
1.4587
1.4499
1.43843
1.42719
1.4178
1.41077
1.40597
1.40294
1.40119
1.40027
1.39986
1.39973
1.39972
1.39977
1.39983
1.39989
1.39993
1.39996
1.39998
1.39999
1.4
1.4
1.4
1.4
1.4
1.4
1.4
1.4
1.40001
1.40001
1.40001
1.40001
1.40001
1.40001
1.40001
1.40001
1.40001
1.40001
1.4
1.40001
1.40001
1.4
1.40001
1.4
1.4
1.40001
1.4
1.40001
1.4
1.40001
1.40001
1.4
1.4
1.40001
1.4
1.40001
1.40001
1.40001
1.40001
1.40001
1.40002
1.40004
1.40006
1.4001
1.40017
1.40028
1.40044
1.40069
1.40109
1.4018
1.40306
1.40531
1.40934
1.41601
1.42602
1.43932
1.45369
1.46448
1.46678
1.45739
1.43444
1.3964
1.34295
1.2769
1.20443
1.13312
1.06992
1.01974
0.98552
0.969819
0.976084
1.00681
1.06053
1.13134
1.21055
1.28853
1.35654
1.40844
1.44173
1.45749
1.45949
1.45268
1.44175
1.43023
1.42021
1.4125
1.40712
1.40366
1.40162
1.40052
1.39999
1.3998
1.39976
1.39979
1.39984
1.39989
1.39993
1.39996
1.39998
1.39999
1.4
1.4
1.4
1.4
1.4
1.4
1.4
1.40001
1.40001
1.40001
1.40001
1.40001
1.40001
1.40001
1.40001
1.40001
1.40001
1.40001
1.4
1.40001
1.40001
1.4
1.40001
1.40001
1.4
1.40001
1.4
1.4
1.40001
1.4
1.40001
1.40001
1.4
1.40001
1.4
1.40001
1.40001
1.40001
1.40001
1.40001
1.40002
1.40003
1.40006
1.4001
1.40017
1.40027
1.40043
1.40069
1.40111
1.4019
1.40335
1.40593
1.41054
1.41811
1.42913
1.44313
1.45723
1.46598
1.46423
1.44927
1.41955
1.37317
1.30938
1.23139
1.14645
1.06341
0.99027
0.93249
0.892971
0.874521
0.881508
0.917069
0.979246
1.06098
1.15256
1.24352
1.32424
1.38758
1.4302
1.45279
1.45916
1.45466
1.44456
1.43298
1.42247
1.41417
1.40826
1.4044
1.40207
1.40079
1.40015
1.39988
1.39981
1.39982
1.39986
1.3999
1.39994
1.39996
1.39998
1.39999
1.4
1.4
1.4
1.4
1.4
1.4
1.4
1.4
1.40001
1.40001
1.40001
1.40001
1.40001
1.40001
1.40001
1.40001
1.40001
1.40001
1.4
1.40001
1.4
1.40001
1.4
1.40001
1.4
1.40001
1.40001
1.40001
1.4
1.40001
1.4
1.40001
1.40001
1.40001
1.40001
1.4
1.40001
1.40001
1.40001
1.40001
1.40002
1.40003
1.40005
1.40009
1.40015
1.40025
1.40041
1.40067
1.40111
1.40197
1.4036
1.40651
1.41164
1.42005
1.43192
1.44631
1.45979
1.46632
1.46053
1.44024
1.40428
1.35032
1.277
1.18772
1.09077
0.996408
0.913844
0.849085
0.804929
0.78436
0.792504
0.832893
0.902986
0.994623
1.09721
1.19977
1.29206
1.36611
1.41774
1.44711
1.45796
1.45594
1.44685
1.43538
1.42452
1.41573
1.40935
1.40512
1.40253
1.40107
1.40032
1.39999
1.39987
1.39985
1.39988
1.39991
1.39994
1.39997
1.39998
1.39999
1.4
1.4
1.4
1.4
1.4
1.4
1.4
1.40001
1.40001
1.40001
1.40001
1.40001
1.40001
1.40001
1.40001
1.40001
1.40001
1.40001
1.4
1.40001
1.4
1.40001
1.40001
1.4
1.40001
1.40001
1.4
1.40001
1.40001
1.4
1.40001
1.4
1.4
1.40001
1.4
1.4
1.40001
1.40001
1.40001
1.40001
1.40002
1.40003
1.40005
1.40008
1.40014
1.40022
1.40037
1.40063
1.40109
1.402
1.40381
1.40701
1.4126
1.42173
1.43432
1.44882
1.46148
1.46585
1.45633
1.43112
1.38965
1.32925
1.24779
1.14858
1.04082
0.936202
0.845277
0.77458
0.726833
0.705016
0.714485
0.758992
0.83576
0.935781
1.04765
1.15995
1.26212
1.34556
1.40534
1.44103
1.45618
1.45664
1.44866
1.4374
1.42631
1.41713
1.41036
1.40581
1.40298
1.40136
1.40051
1.4001
1.39994
1.3999
1.39991
1.39993
1.39995
1.39997
1.39998
1.39999
1.4
1.4
1.4
1.4
1.4
1.4
1.4
1.40001
1.40001
1.40001
1.40001
1.40001
1.40001
1.40001
1.40001
1.40001
1.40001
1.40001
1.4
1.40001
1.4
1.40001
1.40001
1.4
1.40001
1.4
1.4
1.40001
1.40001
1.4
1.40001
1.40001
1.4
1.4
1.40001
1.40001
1.40001
1.40001
1.40001
1.40001
1.40002
1.40002
1.40004
1.40007
1.40011
1.40019
1.40031
1.40057
1.40104
1.40198
1.40394
1.40742
1.41337
1.42309
1.43626
1.45071
1.46244
1.46494
1.45222
1.42269
1.3765
1.31106
1.22346
1.11648
0.999909
0.886823
0.789016
0.71363
0.66347
0.641114
0.651413
0.698468
0.78004
0.886654
1.00596
1.12606
1.23617
1.32732
1.39398
1.43518
1.45418
1.45693
1.45002
1.43905
1.42782
1.41833
1.41125
1.40643
1.40341
1.40165
1.4007
1.40023
1.40002
1.39995
1.39994
1.39995
1.39997
1.39998
1.39999
1.4
1.4
1.4
1.4
1.4
1.4
1.4
1.4
1.40001
1.40001
1.40001
1.40001
1.40001
1.40001
1.40001
1.40001
1.40001
1.40001
1.40001
1.4
1.40001
1.4
1.40001
1.4
1.40001
1.4
1.40001
1.4
1.40001
1.40001
1.4
1.40001
1.4
1.40001
1.4
1.40001
1.40001
1.40001
1.40001
1.40001
1.40001
1.40001
1.40002
1.40003
1.40005
1.40008
1.40014
1.40025
1.40049
1.40097
1.40192
1.40397
1.40771
1.41393
1.42403
1.43771
1.45206
1.46287
1.46389
1.44874
1.41561
1.3655
1.29649
1.20512
1.09327
0.970754
0.851647
0.748776
0.670037
0.618563
0.596042
0.606166
0.653599
0.737604
0.848771
0.973618
1.09951
1.21552
1.31251
1.38453
1.43012
1.45228
1.45697
1.451
1.44032
1.42901
1.41931
1.41199
1.40697
1.40379
1.40191
1.40088
1.40035
1.40011
1.40001
1.39998
1.39997
1.39998
1.39999
1.39999
1.4
1.4
1.4
1.4
1.4
1.4
1.4
1.4
1.40001
1.40001
1.40001
1.40001
1.40001
1.40001
1.40001
1.40001
1.40001
1.40001
1.40001
1.4
1.40001
1.4
1.40001
1.4
1.40001
1.40001
1.4
1.40001
1.40001
1.4
1.40001
1.40001
1.4
1.40001
1.4
1.40001
1.4
1.40001
1.40001
1.40001
1.40001
1.40001
1.40001
1.40002
1.40003
1.40005
1.4001
1.40018
1.40039
1.40087
1.40183
1.40391
1.40784
1.41426
1.42454
1.4386
1.45295
1.46295
1.46288
1.44625
1.41051
1.35724
1.28592
1.19319
1.07978
0.954846
0.832771
0.726995
0.646319
0.594469
0.572036
0.580999
0.626528
0.710216
0.82355
0.951868
1.08144
1.20118
1.30198
1.37765
1.42634
1.45079
1.45691
1.45166
1.4412
1.42986
1.42003
1.41256
1.4074
1.40411
1.40215
1.40105
1.40048
1.40019
1.40007
1.40002
1.4
1.4
1.4
1.4
1.4
1.4
1.4
1.4
1.4
1.4
1.4
1.40001
1.40001
1.40001
1.40001
1.40001
1.40001
1.40001
1.40001
1.40001
1.40001
1.40001
1.40001
1.40001
1.40001
1.40001
1.40001
1.4
1.40001
1.40001
1.4
1.40001
1.40001
1.4
1.40001
1.40001
1.4
1.40001
1.4
1.40001
1.40001
1.4
1.40001
1.40001
1.40001
1.40001
1.40001
1.40001
1.40001
1.40002
1.40004
1.40011
1.40028
1.40074
1.40169
1.40375
1.40777
1.41436
1.42464
1.43888
1.45344
1.46292
1.4621
1.44489
1.40782
1.35236
1.27965
1.18743
1.07559
0.952008
0.830389
0.724154
0.643002
0.591577
0.569568
0.576941
0.61882
0.699427
0.81218
0.941644
1.07269
1.19389
1.29633
1.37379
1.42417
1.44991
1.45685
1.45202
1.4417
1.43036
1.42047
1.41293
1.40771
1.40436
1.40235
1.4012
1.40059
1.40028
1.40013
1.40006
1.40002
1.40001
1.40001
1.40001
1.4
1.4
1.4
1.4
1.4
1.4
1.40001
1.40001
1.40001
1.40001
1.40001
1.40001
1.40001
1.40001
1.40001
1.40001
1.40001
1.40001
1.40001
1.40001
1.4
1.40001
1.4
1.40001
1.40001
1.4
1.40001
1.4
1.40001
1.40001
1.4
1.40001
1.40001
1.4
1.40001
1.4
1.4
1.40001
1.4
1.4
1.4
1.4
1.4
1.4
1.39999
1.39998
1.39999
1.40003
1.40017
1.40058
1.40152
1.40351
1.40751
1.41419
1.42436
1.43854
1.45346
1.46292
1.4617
1.44467
1.40774
1.35143
1.27814
1.1875
1.07945
0.960423
0.842541
0.738349
0.658234
0.608042
0.586984
0.593108
0.630795
0.706282
0.815586
0.943498
1.07364
1.19401
1.2959
1.37324
1.42378
1.44976
1.45686
1.45211
1.44183
1.4305
1.42062
1.4131
1.40788
1.40453
1.4025
1.40133
1.40069
1.40036
1.40018
1.40009
1.40005
1.40003
1.40002
1.40001
1.40001
1.40001
1.40001
1.40001
1.40001
1.40001
1.40001
1.40001
1.40001
1.40001
1.40001
1.40001
1.40001
1.40001
1.40001
1.40001
1.40001
1.40001
1.4
1.40001
1.4
1.40001
1.4
1.40001
1.4
1.40001
1.4
1.40001
1.40001
1.4
1.40001
1.40001
1.4
1.40001
1.4
1.4
1.40001
1.4
1.4
1.4
1.4
1.4
1.39999
1.39998
1.39997
1.39995
1.39994
1.39995
1.40005
1.40041
1.4013
1.40321
1.40706
1.41373
1.42374
1.43763
1.45289
1.46296
1.46189
1.44552
1.41004
1.3547
1.28204
1.19356
1.09027
0.977688
0.865949
0.766013
0.688633
0.640828
0.621585
0.627456
0.661701
0.73131
0.83463
0.957889
1.08435
1.20149
1.30068
1.37602
1.42522
1.45035
1.45694
1.45192
1.44156
1.43027
1.42048
1.41305
1.40791
1.40461
1.4026
1.40143
1.40078
1.40042
1.40023
1.40013
1.40007
1.40004
1.40003
1.40002
1.40001
1.40001
1.40001
1.40001
1.40001
1.40001
1.40001
1.40001
1.40001
1.40001
1.40001
1.40001
1.40001
1.40001
1.40001
1.40001
1.40001
1.40001
1.4
1.40001
1.4
1.40001
1.4
1.40001
1.40001
1.4
1.4
1.40001
1.4
1.4
1.40001
1.4
1.4
1.40001
1.4
1.4
1.4
1.4
1.4
1.4
1.4
1.4
1.39999
1.39997
1.39995
1.39992
1.39989
1.39987
1.39994
1.40023
1.40105
1.40285
1.40648
1.41295
1.4228
1.43626
1.45163
1.46282
1.46278
1.44752
1.41432
1.36181
1.29167
1.2063
1.10806
1.00248
0.898027
0.804019
0.731285
0.687427
0.671061
0.677792
0.709861
0.773866
0.869466
0.984991
1.10468
1.21602
1.31037
1.38192
1.42835
1.45159
1.45703
1.45143
1.44088
1.42966
1.42004
1.41279
1.40781
1.4046
1.40265
1.4015
1.40085
1.40048
1.40028
1.40016
1.4001
1.40006
1.40003
1.40002
1.40001
1.40001
1.40001
1.40001
1.40001
1.40001
1.40001
1.40001
1.40001
1.40001
1.40001
1.40001
1.40001
1.40001
1.40001
1.40001
1.40001
1.40001
1.4
1.40001
1.4
1.40001
1.4
1.40001
1.40001
1.40001
1.40001
1.4
1.40001
1.4
1.40001
1.40001
1.40001
1.40001
1.4
1.40001
1.4
1.4
1.4
1.4
1.4
1.39999
1.39998
1.39996
1.39994
1.39989
1.39984
1.3998
1.39983
1.40007
1.40077
1.40243
1.40579
1.4119
1.42147
1.43452
1.44974
1.46214
1.46414
1.45079
1.42031
1.37193
1.30645
1.226
1.13361
1.03521
0.938377
0.851527
0.785296
0.746702
0.733743
0.741785
0.772437
0.831313
0.918306
1.02374
1.13386
1.23692
1.32442
1.39053
1.43288
1.45331
1.45702
1.45057
1.43978
1.42867
1.41931
1.41234
1.40757
1.40451
1.40264
1.40154
1.4009
1.40053
1.40031
1.40019
1.40011
1.40007
1.40004
1.40003
1.40002
1.40001
1.40001
1.40001
1.40001
1.40001
1.40001
1.40001
1.40001
1.40001
1.40001
1.40001
1.40001
1.40001
1.40001
1.40001
1.40001
1.40001
1.40001
1.40001
1.4
1.40001
1.4
1.40001
1.40001
1.40001
1.4
1.40001
1.4
1.40001
1.4
1.40001
1.4
1.40001
1.4
1.40001
1.4
1.4
1.4
1.4
1.4
1.39999
1.39998
1.39996
1.39992
1.39987
1.39981
1.39974
1.39973
1.39991
1.4005
1.40197
1.40503
1.41065
1.41976
1.4324
1.44734
1.46069
1.46536
1.45513
1.42801
1.38433
1.3251
1.25171
1.16689
1.07655
0.987949
0.909539
0.851155
0.818072
0.807905
0.816716
0.845859
0.899669
0.977605
1.07157
1.17015
1.26301
1.34199
1.40126
1.43842
1.45524
1.45677
1.44927
1.43823
1.42731
1.41831
1.41169
1.40721
1.40434
1.40258
1.40154
1.40092
1.40056
1.40034
1.40021
1.40013
1.40008
1.40005
1.40003
1.40002
1.40001
1.40001
1.40001
1.40001
1.40001
1.40001
1.40001
1.40001
1.40001
1.40001
1.40001
1.40001
1.40001
1.40001
1.40001
1.40001
1.40001
1.4
1.40001
1.4
1.40001
1.40001
1.4
1.40001
1.4
1.40001
1.40001
1.40001
1.4
1.40001
1.40001
1.4
1.40001
1.4
1.40001
1.4
1.4
1.40001
1.4
1.4
1.39999
1.39998
1.39995
1.39991
1.39986
1.39978
1.3997
1.39965
1.39976
1.40024
1.40149
1.40421
1.40928
1.41772
1.42984
1.44448
1.45847
1.46583
1.45979
1.43716
1.39871
1.34643
1.28159
1.2062
1.12547
1.04661
0.978146
0.927994
0.899477
0.890787
0.899363
0.926416
0.97484
1.04337
1.1252
1.21122
1.29268
1.36197
1.41334
1.44444
1.45704
1.45608
1.44747
1.43623
1.42561
1.41707
1.41089
1.40674
1.4041
1.40248
1.40151
1.40092
1.40057
1.40036
1.40022
1.40014
1.40009
1.40005
1.40003
1.40002
1.40001
1.40001
1.40001
1.40001
1.40001
1.40001
1.40001
1.40001
1.40001
1.40001
1.40001
1.40001
1.40001
1.40001
1.40001
1.40001
1.40001
1.40001
1.40001
1.4
1.40001
1.40001
1.40001
1.4
1.40001
1.4
1.40001
1.4
1.40001
1.4
1.40001
1.4
1.40001
1.4
1.40001
1.4
1.4
1.4
1.4
1.4
1.39999
1.39997
1.39995
1.39991
1.39985
1.39976
1.39966
1.39959
1.39964
1.4
1.40104
1.40338
1.40784
1.41546
1.42686
1.44113
1.45555
1.46519
1.46373
1.4468
1.41454
1.36968
1.31394
1.24897
1.17929
1.11197
1.05436
1.01168
0.986424
0.978274
0.985961
1.01033
1.05289
1.11176
1.18133
1.25455
1.32415
1.38309
1.42586
1.45031
1.45835
1.45477
1.44509
1.4338
1.4236
1.41562
1.40995
1.40619
1.4038
1.40234
1.40145
1.40091
1.40057
1.40036
1.40023
1.40014
1.40009
1.40005
1.40003
1.40002
1.40001
1.40001
1.40001
1.40001
1.40001
1.40001
1.40001
1.40001
1.40001
1.40001
1.40001
1.40001
1.40001
1.40001
1.40001
1.40001
1.40001
1.40001
1.40001
1.4
1.40001
1.40001
1.40001
1.4
1.40001
1.4
1.40001
1.4
1.4
1.40001
1.4
1.40001
1.40001
1.40001
1.4
1.40001
1.4
1.4
1.4
1.4
1.39999
1.39997
1.39995
1.39991
1.39984
1.39975
1.39965
1.39954
1.39954
1.3998
1.40062
1.40257
1.4064
1.4131
1.42352
1.43723
1.45189
1.46339
1.46621
1.45553
1.43054
1.39378
1.34725
1.29287
1.23507
1.18006
1.13265
1.09611
1.07355
1.06594
1.07254
1.09372
1.12999
1.17919
1.2369
1.29774
1.35562
1.40404
1.43785
1.45537
1.45876
1.45267
1.44211
1.43095
1.42133
1.41402
1.40892
1.40558
1.40347
1.40217
1.40137
1.40087
1.40056
1.40036
1.40023
1.40014
1.40009
1.40006
1.40003
1.40002
1.40001
1.40001
1.40001
1.40001
1.40001
1.40001
1.40001
1.40001
1.40001
1.40001
1.40001
1.40001
1.40001
1.40001
1.40001
1.40001
1.40001
1.40001
1.40001
1.40001
1.4
1.40001
1.4
1.40001
1.40001
1.4
1.40001
1.4
1.40001
1.4
1.40001
1.4
1.40001
1.4
1.40001
1.4
1.40001
1.4
1.4
1.4
1.39999
1.39998
1.39995
1.39991
1.39984
1.39975
1.39964
1.39952
1.39947
1.39964
1.40026
1.40184
1.40503
1.41074
1.41997
1.43281
1.44745
1.46041
1.46689
1.46225
1.44497
1.41676
1.37955
1.33578
1.28987
1.24619
1.20717
1.17603
1.15665
1.14999
1.15531
1.17289
1.20268
1.24261
1.28933
1.33872
1.38543
1.42346
1.44832
1.45897
1.45793
1.44964
1.43854
1.42775
1.41888
1.41233
1.40785
1.40493
1.4031
1.40197
1.40127
1.40082
1.40054
1.40035
1.40022
1.40014
1.40009
1.40005
1.40003
1.40002
1.40001
1.40001
1.40001
1.40001
1.40001
1.40001
1.40001
1.40001
1.40001
1.40001
1.40001
1.40001
1.40001
1.40001
1.40001
1.40001
1.40001
1.40001
1.40001
1.40001
1.40001
1.40001
1.40001
1.4
1.40001
1.4
1.40001
1.40001
1.40001
1.4
1.40001
1.40001
1.4
1.40001
1.4
1.4
1.4
1.4
1.4
1.4
1.39999
1.39998
1.39995
1.39991
1.39985
1.39976
1.39964
1.39951
1.39943
1.39951
1.39997
1.40119
1.40378
1.4085
1.4164
1.428
1.44218
1.45615
1.46567
1.46638
1.4564
1.43655
1.40856
1.37521
1.34012
1.30566
1.2738
1.24842
1.23277
1.22701
1.23077
1.24463
1.26824
1.29978
1.33676
1.37582
1.41207
1.44009
1.45631
1.46053
1.4556
1.44566
1.43443
1.42431
1.41634
1.41061
1.40676
1.40428
1.40273
1.40176
1.40116
1.40076
1.4005
1.40033
1.40021
1.40014
1.40008
1.40005
1.40003
1.40002
1.40001
1.40001
1.40001
1.40001
1.40001
1.40001
1.40001
1.40001
1.40001
1.40001
1.40001
1.40001
1.40001
1.40001
1.40001
1.40001
1.40001
1.40001
1.40001
1.4
1.40001
1.4
1.40001
1.40001
1.40001
1.4
1.40001
1.4
1.40001
1.40001
1.40001
1.4
1.40001
1.4
1.40001
1.4
1.4
1.4
1.4
1.4
1.39999
1.39998
1.39996
1.39992
1.39986
1.39977
1.39966
1.39953
1.39942
1.39944
1.39974
1.40066
1.40268
1.40649
1.41301
1.42304
1.4362
1.45057
1.46244
1.46768
1.4641
1.45192
1.43262
1.40864
1.38243
1.35567
1.33089
1.31155
1.29925
1.29393
1.29621
1.30678
1.32498
1.34929
1.37787
1.4077
1.43421
1.45278
1.46103
1.45965
1.4517
1.44082
1.42995
1.42076
1.41379
1.40892
1.4057
1.40365
1.40236
1.40155
1.40103
1.40069
1.40046
1.40031
1.4002
1.40013
1.40008
1.40005
1.40003
1.40002
1.40001
1.40001
1.40001
1.40001
1.40001
1.40001
1.40001
1.40001
1.40001
1.40001
1.40001
1.40001
1.40001
1.40001
1.40001
1.40001
1.4
1.40001
1.40001
1.40001
1.40001
1.4
1.40001
1.40001
1.4
1.40001
1.4
1.40001
1.4
1.40001
1.40001
1.4
1.4
1.40001
1.4
1.40001
1.4
1.4
1.4
1.4
1.39999
1.39998
1.39996
1.39993
1.39987
1.39979
1.39968
1.39955
1.39943
1.3994
1.39958
1.40024
1.40177
1.40475
1.40997
1.41826
1.42987
1.44379
1.45709
1.46593
1.46786
1.4625
1.45082
1.43459
1.4157
1.39606
1.37813
1.36387
1.35394
1.3491
1.35055
1.35854
1.3722
1.39044
1.41176
1.43321
1.45067
1.46064
1.46202
1.45626
1.44636
1.43533
1.42528
1.41724
1.41135
1.40733
1.40471
1.40305
1.40201
1.40134
1.40091
1.40062
1.40042
1.40028
1.40018
1.40012
1.40007
1.40005
1.40003
1.40002
1.40001
1.40001
1.40001
1.40001
1.40001
1.40001
1.40001
1.40001
1.40001
1.40001
1.40001
1.40001
1.40001
1.40001
1.40001
1.40001
1.40001
1.40001
1.40001
1.40001
1.40001
1.40001
1.4
1.40001
1.4
1.40001
1.4
1.40001
1.4
1.40001
1.4
1.40001
1.40001
1.4
1.4
1.40001
1.4
1.4
1.4
1.4
1.4
1.39998
1.39997
1.39994
1.39989
1.39981
1.39971
1.39959
1.39947
1.3994
1.39949
1.39994
1.40106
1.40331
1.40738
1.41396
1.42366
1.43626
1.44981
1.46111
1.46756
1.46803
1.46275
1.45304
1.44065
1.42746
1.41506
1.40446
1.39658
1.39282
1.39404
1.39993
1.40975
1.42281
1.43763
1.45136
1.46062
1.46325
1.45929
1.45065
1.43998
1.42953
1.42068
1.4139
1.40909
1.40588
1.40381
1.4025
1.40168
1.40114
1.40079
1.40054
1.40037
1.40025
1.40016
1.4001
1.40006
1.40004
1.40003
1.40002
1.40001
1.40001
1.40001
1.40001
1.40001
1.40001
1.40001
1.40001
1.40001
1.40001
1.40001
1.40001
1.40001
1.40001
1.40001
1.40001
1.4
1.40001
1.4
1.40001
1.40001
1.4
1.40001
1.4
1.40001
1.40001
1.4
1.40001
1.40001
1.4
1.40001
1.40001
1.4
1.4
1.40001
1.4
1.40001
1.4
1.4
1.4
1.4
1.39999
1.39997
1.39994
1.3999
1.39984
1.39974
1.39963
1.39951
1.39943
1.39945
1.39974
1.40053
1.40219
1.40524
1.41031
1.41804
1.42869
1.44129
1.45361
1.46319
1.46827
1.46839
1.4644
1.45775
1.44981
1.44157
1.43402
1.42848
1.42612
1.42711
1.43102
1.43747
1.44592
1.45478
1.46154
1.46387
1.46088
1.45342
1.44346
1.43308
1.42379
1.41635
1.41087
1.40709
1.4046
1.40302
1.40202
1.40138
1.40096
1.40067
1.40046
1.40032
1.40021
1.40014
1.40009
1.40006
1.40004
1.40002
1.40001
1.40001
1.40001
1.40001
1.40001
1.40001
1.40001
1.40001
1.40001
1.40001
1.40001
1.40001
1.40001
1.40001
1.40001
1.40001
1.40001
1.40001
1.40001
1.40001
1.40001
1.40001
1.40001
1.4
1.40001
1.4
1.40001
1.40001
1.4
1.40001
1.40001
1.40001
1.4
1.40001
1.4
1.4
1.40001
1.4
1.4
1.4
1.4
1.4
1.39999
1.39998
1.39995
1.39992
1.39986
1.39978
1.39968
1.39957
1.39948
1.39945
1.39963
1.40016
1.40135
1.40359
1.40736
1.41329
1.42177
1.43255
1.44441
1.45539
1.46354
1.46791
1.46873
1.46685
1.46313
1.45842
1.45386
1.45061
1.44925
1.44968
1.4517
1.45517
1.45944
1.46299
1.46395
1.46111
1.45454
1.44546
1.43554
1.42624
1.41846
1.41249
1.40824
1.40537
1.40352
1.40234
1.4016
1.40112
1.40079
1.40056
1.40039
1.40027
1.40018
1.40012
1.40008
1.40005
1.40003
1.40002
1.40001
1.40001
1.40001
1.40001
1.40001
1.40001
1.40001
1.40001
1.40001
1.40001
1.40001
1.40001
1.40001
1.40001
1.40001
1.40001
1.40001
1.40001
1.40001
1.40001
1.40001
1.4
1.40001
1.4
1.40001
1.40001
1.4
1.40001
1.4
1.40001
1.40001
1.40001
1.4
1.40001
1.40001
1.4
1.40001
1.4
1.4
1.4
1.4
1.4
1.39999
1.39998
1.39996
1.39993
1.39988
1.39982
1.39973
1.39963
1.39954
1.39949
1.39958
1.39993
1.40075
1.40235
1.40509
1.40947
1.41592
1.42454
1.43484
1.44554
1.455
1.46206
1.46641
1.46822
1.46796
1.46638
1.46446
1.46294
1.46206
1.4618
1.46218
1.46306
1.46375
1.46304
1.45986
1.45389
1.44574
1.4366
1.4277
1.41995
1.41377
1.40921
1.40605
1.40396
1.40262
1.40178
1.40124
1.40089
1.40064
1.40046
1.40032
1.40022
1.40015
1.4001
1.40007
1.40004
1.40003
1.40002
1.40001
1.40001
1.40001
1.40001
1.40001
1.40001
1.40001
1.40001
1.40001
1.40001
1.40001
1.40001
1.40001
1.40001
1.40001
1.40001
1.40001
1.40001
1.40001
1.4
1.40001
1.4
1.40001
1.40001
1.4
1.40001
1.40001
1.4
1.40001
1.40001
1.4
1.40001
1.4
1.40001
1.4
1.40001
1.40001
1.4
1.4
1.4
1.4
1.4
1.39999
1.39999
1.39997
1.39995
1.39991
1.39985
1.39978
1.39969
1.3996
1.39955
1.39959
1.3998
1.40036
1.40146
1.40341
1.40656
1.41128
1.4178
1.42605
1.43532
1.4445
1.45257
1.45886
1.46306
1.46533
1.46617
1.46623
1.46585
1.4652
1.46437
1.46349
1.46237
1.4604
1.45687
1.45141
1.44424
1.43611
1.42796
1.4206
1.41453
1.40987
1.40654
1.40429
1.40283
1.40191
1.40133
1.40095
1.40069
1.40051
1.40037
1.40026
1.40018
1.40013
1.40008
1.40005
1.40003
1.40002
1.40002
1.40001
1.40001
1.40001
1.40001
1.40001
1.40001
1.40001
1.40001
1.40001
1.40001
1.40001
1.40001
1.40001
1.40001
1.40001
1.40001
1.40001
1.40001
1.4
1.40001
1.4
1.40001
1.4
1.40001
1.40001
1.4
1.40001
1.4
1.40001
1.40001
1.4
1.40001
1.4
1.4
1.40001
1.40001
1.4
1.40001
1.4
1.4
1.4
1.4
1.4
1.39999
1.39998
1.39996
1.39993
1.39988
1.39982
1.39975
1.39967
1.39961
1.39962
1.39975
1.40012
1.40087
1.40222
1.40443
1.40778
1.41251
1.41871
1.42608
1.43397
1.44161
1.44828
1.45352
1.45722
1.45957
1.46081
1.46111
1.46061
1.45949
1.45781
1.45541
1.45193
1.44711
1.441
1.43406
1.42694
1.4203
1.41462
1.41012
1.40679
1.40447
1.40293
1.40196
1.40135
1.40097
1.40071
1.40053
1.4004
1.40029
1.40021
1.40015
1.4001
1.40007
1.40004
1.40003
1.40002
1.40001
1.40001
1.40001
1.40001
1.40001
1.40001
1.40001
1.40001
1.40001
1.40001
1.40001
1.40001
1.40001
1.40001
1.40001
1.40001
1.40001
1.40001
1.40001
1.40001
1.40001
1.40001
1.40001
1.40001
1.40001
1.4
1.40001
1.4
1.40001
1.40001
1.40001
1.4
1.40001
1.4
1.4
1.40001
1.40001
1.4
1.4
1.40001
1.4
1.4
1.4
1.4
1.39999
1.39998
1.39997
1.39994
1.39991
1.39986
1.3998
1.39974
1.39969
1.39967
1.39975
1.39999
1.40049
1.40141
1.40293
1.40525
1.40858
1.41303
1.4185
1.42469
1.43106
1.43707
1.44223
1.4463
1.44921
1.45094
1.45158
1.45123
1.45004
1.44803
1.44511
1.44117
1.43626
1.43062
1.42471
1.41904
1.41401
1.40988
1.40672
1.40445
1.40291
1.40192
1.40131
1.40093
1.40069
1.40052
1.4004
1.4003
1.40023
1.40016
1.40012
1.40008
1.40005
1.40004
1.40002
1.40002
1.40001
1.40001
1.40001
1.40001
1.40001
1.40001
1.40001
1.40001
1.40001
1.40001
1.40001
1.40001
1.40001
1.40001
1.40001
1.40001
1.40001
1.40001
1.40001
1.40001
1.40001
1.4
1.40001
1.40001
1.4
1.40001
1.4
1.40001
1.40001
1.4
1.40001
1.40001
1.4
1.40001
1.4
1.40001
1.4
1.4
1.40001
1.4
1.4
1.4
1.4
1.4
1.39999
1.39999
1.39998
1.39996
1.39993
1.39989
1.39985
1.3998
1.39975
1.39973
1.39978
1.39994
1.40027
1.40089
1.40192
1.40349
1.40577
1.40886
1.41274
1.41726
1.42214
1.42697
1.43136
1.43503
1.43779
1.43954
1.44026
1.44003
1.43892
1.43694
1.43409
1.43044
1.42615
1.42154
1.41695
1.41275
1.40917
1.40633
1.40422
1.40275
1.4018
1.4012
1.40084
1.40062
1.40048
1.40038
1.4003
1.40023
1.40017
1.40013
1.40009
1.40006
1.40004
1.40003
1.40002
1.40001
1.40001
1.40001
1.40001
1.40001
1.40001
1.40001
1.40001
1.40001
1.40001
1.40001
1.40001
1.40001
1.40001
1.40001
1.40001
1.40001
1.40001
1.40001
1.40001
1.40001
1.40001
1.40001
1.40001
1.40001
1.40001
1.40001
1.40001
1.4
1.40001
1.4
1.40001
1.4
1.40001
1.40001
1.40001
1.4
1.40001
1.4
1.4
1.40001
1.4
1.4
1.4
1.4
1.4
1.39999
1.39998
1.39997
1.39995
1.39992
1.39989
1.39985
1.39981
1.3998
1.39982
1.39992
1.40015
1.40056
1.40125
1.40232
1.40385
1.40592
1.40857
1.41173
1.41522
1.41879
1.42216
1.42508
1.42734
1.42882
1.42946
1.42929
1.42832
1.42658
1.42415
1.42115
1.41777
1.4143
1.41099
1.40806
1.40564
1.4038
1.40247
1.40158
1.40103
1.4007
1.40051
1.40039
1.40032
1.40026
1.40021
1.40017
1.40013
1.40009
1.40007
1.40005
1.40003
1.40002
1.40002
1.40001
1.40001
1.40001
1.40001
1.40001
1.40001
1.40001
1.40001
1.40001
1.40001
1.40001
1.40001
1.40001
1.40001
1.40001
1.40001
1.40001
1.40001
1.40001
1.40001
1.40001
1.40001
1.40001
1.40001
1.4
1.40001
1.4
1.40001
1.4
1.40001
1.40001
1.4
1.4
1.40001
1.4
1.4
1.40001
1.4
1.40001
1.40001
1.4
1.4
1.4
1.4
1.4
1.4
1.4
1.39999
1.39998
1.39997
1.39994
1.39992
1.39989
1.39986
1.39985
1.39986
1.39993
1.40009
1.40038
1.40084
1.40154
1.40256
1.40394
1.4057
1.40782
1.4102
1.41267
1.41506
1.41718
1.41885
1.41995
1.42042
1.42024
1.41944
1.41804
1.41613
1.41385
1.41139
1.40894
1.40668
1.40475
1.40321
1.40208
1.4013
1.40081
1.40052
1.40036
1.40028
1.40024
1.40021
1.40018
1.40015
1.40012
1.40009
1.40007
1.40005
1.40004
1.40003
1.40002
1.40001
1.40001
1.40001
1.40001
1.40001
1.40001
1.40001
1.40001
1.40001
1.40001
1.40001
1.40001
1.40001
1.40001
1.40001
1.40001
1.40001
1.40001
1.40001
1.40001
1.40001
1.40001
1.40001
1.40001
1.40001
1.40001
1.40001
1.40001
1.4
1.40001
1.4
1.40001
1.40001
1.4
1.40001
1.4
1.40001
1.40001
1.4
1.4
1.4
1.40001
1.4
1.40001
1.4
1.4
1.4
1.4
1.39999
1.39999
1.39997
1.39996
1.39994
1.39992
1.3999
1.39989
1.39991
1.39995
1.40006
1.40026
1.40058
1.40105
1.40172
1.40263
1.40378
1.40516
1.40671
1.40835
1.40995
1.41137
1.41249
1.41322
1.4135
1.41331
1.41266
1.41159
1.41018
1.40856
1.40685
1.40522
1.40376
1.40255
1.40163
1.40098
1.40057
1.40033
1.4002
1.40015
1.40014
1.40013
1.40013
1.40012
1.4001
1.40009
1.40007
1.40005
1.40004
1.40003
1.40002
1.40001
1.40001
1.40001
1.40001
1.40001
1.40001
1.40001
1.40001
1.40001
1.40001
1.40001
1.40001
1.40001
1.40001
1.40001
1.40001
1.40001
1.40001
1.40001
1.40001
1.40001
1.40001
1.40001
1.40001
1.40001
1.4
1.40001
1.4
1.40001
1.40001
1.4
1.40001
1.40001
1.4
1.40001
1.4
1.40001
1.40001
1.4
1.40001
1.40001
1.4
1.40001
1.40001
1.40001
1.4
1.4
1.4
1.4
1.4
1.39999
1.39999
1.39997
1.39996
1.39994
1.39993
1.39993
1.39994
1.39998
1.40006
1.4002
1.40041
1.40074
1.40118
1.40177
1.40251
1.4034
1.40439
1.40543
1.40644
1.40733
1.40803
1.40846
1.40858
1.40837
1.40785
1.40705
1.40606
1.40495
1.40383
1.40278
1.40188
1.40117
1.40065
1.40032
1.40013
1.40004
1.40002
1.40003
1.40005
1.40006
1.40007
1.40008
1.40007
1.40006
1.40005
1.40004
1.40003
1.40002
1.40002
1.40001
1.40001
1.40001
1.40001
1.40001
1.40001
1.40001
1.40001
1.40001
1.40001
1.40001
1.40001
1.40001
1.40001
1.40001
1.40001
1.40001
1.40001
1.40001
1.40001
1.40001
1.40001
1.40001
1.40001
1.40001
1.40001
1.40001
1.40001
1.40001
1.4
1.40001
1.4
1.40001
1.40001
1.4
1.40001
1.40001
1.40001
1.4
1.40001
1.40001
1.40001
1.4
1.40001
1.40001
1.4
1.4
1.4
1.4
1.4
1.4
1.39999
1.39998
1.39997
1.39997
1.39996
1.39996
1.39996
1.39999
1.40005
1.40015
1.40031
1.40053
1.40083
1.40122
1.4017
1.40226
1.40288
1.40351
1.40412
1.40465
1.40504
1.40525
1.40525
1.40505
1.40464
1.40406
1.40337
1.40263
1.40192
1.40128
1.40075
1.40036
1.4001
1.39996
1.3999
1.39989
1.39992
1.39996
1.4
1.40002
1.40004
1.40005
1.40004
1.40004
1.40003
1.40003
1.40002
1.40002
1.40001
1.40001
1.40001
1.40001
1.40001
1.40001
1.40001
1.40001
1.40001
1.40001
1.40001
1.40001
1.40001
1.40001
1.40001
1.40001
1.40001
1.40001
1.40001
1.40001
1.40001
1.40001
1.40001
1.40001
1.40001
1.40001
1.40001
1.40001
1.4
1.40001
1.4
1.40001
1.40001
1.40001
1.40001
1.4
1.40001
1.4
1.40001
1.40001
1.4
1.4
1.40001
1.40001
1.40001
1.40001
1.40001
1.4
1.4
1.4
1.4
1.4
1.4
1.39999
1.39999
1.39998
1.39998
1.39997
1.39998
1.40001
1.40005
1.40013
1.40024
1.4004
1.4006
1.40086
1.40117
1.40153
1.4019
1.40228
1.40263
1.40292
1.40311
1.40318
1.40312
1.40292
1.4026
1.40218
1.40172
1.40124
1.4008
1.40042
1.40013
1.39993
1.39982
1.39978
1.39979
1.39983
1.39988
1.39993
1.39997
1.4
1.40002
1.40003
1.40003
1.40003
1.40002
1.40002
1.40001
1.40001
1.40001
1.40001
1.40001
1.40001
1.40001
1.40001
1.40001
1.40001
1.40001
1.40001
1.40001
1.40001
1.40001
1.40001
1.40001
1.40001
1.40001
1.40001
1.40001
1.40001
1.40001
1.40001
1.40001
1.40001
1.40001
1.40001
1.4
1.40001
1.40001
1.4
1.40001
1.4
1.40001
1.40001
1.40001
1.40001
1.4
1.40001
1.4
1.40001
1.40001
1.4
1.40001
1.4
1.4
1.40001
1.4
1.40001
1.4
1.4
1.4
1.4
1.4
1.4
1.39999
1.39999
1.39998
1.39999
1.39999
1.40001
1.40005
1.4001
1.40019
1.4003
1.40044
1.40062
1.40082
1.40105
1.40128
1.4015
1.40169
1.40183
1.40191
1.4019
1.4018
1.40162
1.40138
1.40108
1.40076
1.40046
1.40019
1.39997
1.39983
1.39974
1.39971
1.39972
1.39977
1.39982
1.39987
1.39992
1.39996
1.39999
1.40001
1.40001
1.40002
1.40002
1.40002
1.40001
1.40001
1.40001
1.40001
1.40001
1.40001
1.40001
1.40001
1.40001
1.40001
1.40001
1.40001
1.40001
1.40001
1.40001
1.40001
1.40001
1.40001
1.40001
1.40001
1.40001
1.40001
1.40001
1.40001
1.40001
1.40001
1.40001
1.40001
1.4
1.40001
1.40001
1.40001
1.40001
1.4
1.40001
1.4
1.40001
1.40001
1.4
1.40001
1.40001
1.4
1.40001
1.40001
1.4
1.40001
1.4
1.40001
1.4
1.4
1.4
1.40001
1.4
1.4
1.4
1.4
1.4
1.4
1.4
1.39999
1.39999
1.4
1.40002
1.40004
1.40009
1.40015
1.40023
1.40033
1.40045
1.40059
1.40074
1.40088
1.40101
1.4011
1.40117
1.40117
1.40113
1.40102
1.40087
1.40068
1.40047
1.40025
1.40006
1.39989
1.39978
1.39971
1.39968
1.39969
1.39973
1.39978
1.39983
1.39988
1.39993
1.39996
1.39998
1.4
1.40001
1.40001
1.40001
1.40001
1.40001
1.40001
1.40001
1.40001
1.40001
1.40001
1.40001
1.40001
1.40001
1.40001
1.40001
1.40001
1.40001
1.40001
1.40001
1.40001
1.40001
1.40001
1.40001
1.40001
1.40001
1.40001
1.40001
1.40001
1.40001
1.40001
1.40001
1.40001
1.40001
1.40001
1.40001
1.40001
1.4
1.40001
1.40001
1.40001
1.40001
1.4
1.40001
1.4
1.40001
1.4
1.40001
1.4
1.40001
1.4
1.40001
1.4
1.40001
1.40001
1.40001
1.4
1.4
1.4
1.4
1.4
1.4
1.4
1.4
1.4
1.4
1.4
1.40002
1.40004
1.40007
1.40011
1.40018
1.40025
1.40033
1.40043
1.40052
1.40061
1.40068
1.40073
1.40075
1.40073
1.40067
1.40057
1.40045
1.4003
1.40015
1.4
1.39988
1.39978
1.39972
1.39969
1.3997
1.39972
1.39976
1.39981
1.39986
1.3999
1.39994
1.39996
1.39998
1.4
1.4
1.40001
1.40001
1.40001
1.40001
1.40001
1.40001
1.40001
1.40001
1.40001
1.40001
1.40001
1.40001
1.40001
1.40001
1.40001
1.40001
1.40001
1.40001
1.40001
1.40001
1.40001
1.40001
1.40001
1.40001
1.40001
1.40001
1.40001
1.40001
1.40001
1.40001
1.40001
1.4
1.40001
1.4
1.40001
1.40001
1.4
1.40001
1.40001
1.40001
1.40001
1.4
1.40001
1.4
1.40001
1.4
1.40001
1.4
1.40001
1.40001
1.4
1.4
1.4
1.40001
1.4
1.4
1.4
1.4
1.4
1.4
1.4
1.4
1.4
1.4
1.40001
1.40002
1.40003
1.40006
1.40009
1.40013
1.40018
1.40025
1.40031
1.40037
1.40043
1.40047
1.40049
1.40049
1.40046
1.40041
1.40032
1.40022
1.40011
1.40001
1.39991
1.39983
1.39977
1.39974
1.39973
1.39974
1.39977
1.39981
1.39985
1.39989
1.39992
1.39995
1.39997
1.39999
1.4
1.4
1.40001
1.40001
1.40001
1.40001
1.40001
1.40001
1.40001
1.40001
1.40001
1.40001
1.40001
1.40001
1.40001
1.40001
1.40001
1.40001
1.40001
1.40001
1.40001
1.40001
1.40001
1.40001
1.40001
1.40001
1.40001
1.40001
1.40001
1.40001
1.40001
1.40001
1.40001
1.40001
1.40001
1.40001
1.40001
1.40001
1.40001
1.40001
1.4
1.40001
1.4
1.40001
1.4
1.40001
1.4
1.40001
1.4
1.40001
1.4
1.4
1.40001
1.4
1.40001
1.4
1.40001
1.4
1.40001
1.4
1.4
1.4
1.4
1.4
1.4
1.40001
1.40001
1.40002
1.40003
1.40004
1.40007
1.4001
1.40014
1.40018
1.40022
1.40026
1.4003
1.40033
1.40034
1.40033
1.4003
1.40025
1.40018
1.40011
1.40003
1.39995
1.39988
1.39983
1.39979
1.39978
1.39978
1.3998
1.39982
1.39985
1.39988
1.39992
1.39994
1.39996
1.39998
1.39999
1.4
1.4
1.4
1.40001
1.40001
1.40001
1.40001
1.40001
1.40001
1.40001
1.40001
1.40001
1.40001
1.40001
1.40001
1.40001
1.40001
1.40001
1.40001
1.40001
1.40001
1.40001
1.40001
1.40001
1.40001
1.40001
1.40001
1.40001
1.40001
1.40001
1.40001
1.40001
1.40001
1.4
1.40001
1.4
1.40001
1.4
1.40001
1.4
1.40001
1.4
1.40001
1.4
1.40001
1.4
1.40001
1.4
1.40001
1.4
1.40001
1.4
1.40001
1.40001
1.4
1.40001
1.4
1.40001
1.4
1.4
1.4
1.40001
1.4
1.4
1.4
1.40001
1.40001
1.40001
1.40002
1.40003
1.40005
1.40007
1.4001
1.40013
1.40016
1.40019
1.40021
1.40023
1.40023
1.40022
1.4002
1.40016
1.40011
1.40005
1.39999
1.39994
1.39989
1.39986
1.39984
1.39983
1.39983
1.39985
1.39987
1.39989
1.39992
1.39994
1.39996
1.39997
1.39999
1.39999
1.4
1.4
1.4
1.4
1.40001
1.40001
1.40001
1.40001
1.40001
1.40001
1.40001
1.40001
1.40001
1.40001
1.40001
1.40001
1.40001
1.40001
1.40001
1.40001
1.40001
1.40001
1.40001
1.40001
1.40001
1.40001
1.40001
1.40001
1.40001
1.40001
1.40001
1.40001
1.40001
1.40001
1.40001
1.40001
1.40001
1.40001
1.40001
1.40001
1.4
1.40001
1.4
1.40001
1.4
1.40001
1.4
1.40001
1.4
1.4
1.4
1.40001
1.4
1.40001
1.40001
1.4
1.4
1.40001
1.4
1.40001
1.4
1.4
1.4
1.4
1.40001
1.40001
1.40001
1.40001
1.40002
1.40002
1.40004
1.40005
1.40007
1.40009
1.40011
1.40013
1.40015
1.40016
1.40016
1.40015
1.40013
1.4001
1.40007
1.40002
1.39998
1.39995
1.39991
1.39989
1.39988
1.39988
1.39988
1.39989
1.39991
1.39992
1.39994
1.39996
1.39997
1.39998
1.39999
1.4
1.4
1.4
1.4
1.4
1.40001
1.40001
1.40001
1.40001
1.40001
1.40001
1.40001
1.40001
1.40001
1.40001
1.40001
1.40001
1.40001
1.40001
1.40001
1.40001
1.40001
1.40001
1.40001
1.40001
1.40001
1.40001
1.40001
1.40001
1.40001
1.40001
1.40001
1.40001
1.40001
1.40001
1.40001
1.4
1.40001
1.4
1.40001
1.4
1.40001
1.4
1.40001
1.4
1.4
1.40001
1.40001
1.4
1.40001
1.40001
1.40001
1.4
1.40001
1.4
1.40001
1.4
1.40001
1.40001
1.40001
1.4
1.4
1.40001
1.4
1.40001
1.4
1.40001
1.40001
1.40001
1.40001
1.40002
1.40003
1.40004
1.40005
1.40006
1.40008
1.40009
1.4001
1.40011
1.40011
1.4001
1.40009
1.40007
1.40004
1.40001
1.39999
1.39996
1.39994
1.39992
1.39991
1.39991
1.39992
1.39993
1.39994
1.39995
1.39996
1.39997
1.39998
1.39999
1.39999
1.4
1.4
1.4
1.4
1.4
1.4
1.4
1.4
1.4
1.40001
1.40001
1.40001
1.40001
1.40001
1.40001
1.40001
1.40001
1.40001
1.40001
1.40001
1.40001
1.40001
1.40001
1.40001
1.40001
1.40001
1.40001
1.40001
1.40001
1.40001
1.40001
1.40001
1.40001
1.40001
1.40001
1.40001
1.40001
1.40001
1.40001
1.40001
1.40001
1.40001
1.40001
1.4
1.40001
1.40001
1.4
1.40001
1.4
1.4
1.40001
1.4
1.4
1.40001
1.40001
1.4
1.40001
1.40001
1.4
1.4
1.40001
1.4
1.4
1.40001
1.4
1.40001
1.4
1.40001
1.40001
1.40001
1.40001
1.40002
1.40003
1.40003
1.40004
1.40005
1.40006
1.40007
1.40007
1.40007
1.40007
1.40006
1.40004
1.40003
1.40001
1.39999
1.39997
1.39996
1.39995
1.39994
1.39994
1.39995
1.39995
1.39996
1.39997
1.39998
1.39998
1.39999
1.39999
1.4
1.4
1.4
1.4
1.4
1.4
1.4
1.40001
1.40001
1.40001
1.40001
1.40001
1.4
1.4
1.40001
1.40001
1.40001
1.40001
1.40001
1.40001
1.40001
1.40001
1.40001
1.40001
1.40001
1.40001
1.40001
1.40001
1.40001
1.40001
1.40001
1.40001
1.40001
1.40001
1.40001
1.40001
1.40001
1.40001
1.40001
1.40001
1.40001
1.40001
1.40001
1.4
1.40001
1.4
1.40001
1.40001
1.4
1.40001
1.40001
1.4
1.40001
1.4
1.4
1.40001
1.4
1.4
1.4
1.40001
1.4
1.4
1.4
1.40001
1.4
1.40001
1.4
1.40001
1.4
1.40001
1.40001
1.40001
1.40001
1.40002
1.40002
1.40003
1.40004
1.40004
1.40005
1.40005
1.40005
1.40005
1.40004
1.40003
1.40002
1.40001
1.39999
1.39998
1.39997
1.39997
1.39996
1.39996
1.39997
1.39997
1.39997
1.39998
1.39999
1.39999
1.39999
1.4
1.4
1.4
1.4
1.4
1.4
1.40001
1.40001
1.40001
1.40001
1.40001
1.40001
1.40001
1.40001
1.40001
1.40001
1.40001
1.40001
1.40001
1.40001
1.40001
1.40001
1.40001
1.40001
1.40001
1.40001
1.40001
1.40001
1.40001
1.40001
1.40001
1.40001
1.40001
1.40001
1.40001
1.40001
1.40001
1.40001
1.40001
1.40001
1.40001
1.40001
1.4
1.40001
1.4
1.40001
1.40001
1.40001
1.4
1.40001
1.4
1.40001
1.40001
1.4
1.40001
1.40001
1.4
1.40001
1.40001
1.4
1.4
1.40001
1.4
1.40001
1.40001
1.40001
1.4
1.40001
1.40001
1.40001
1.40001
1.40001
1.40001
1.40001
1.40001
1.40002
1.40002
1.40002
1.40003
1.40003
1.40003
1.40003
1.40003
1.40003
1.40002
1.40001
1.4
1.4
1.39999
1.39998
1.39998
1.39998
1.39998
1.39998
1.39998
1.39999
1.39999
1.39999
1.4
1.4
1.4
1.4
1.4
1.4
1.4
1.4
1.4
1.4
1.4
1.40001
1.40001
1.4
1.4
1.4
1.40001
1.40001
1.40001
1.40001
1.40001
1.40001
1.40001
1.40001
1.40001
1.40001
1.40001
1.40001
1.40001
1.40001
1.40001
1.40001
1.40001
1.40001
1.40001
1.40001
1.40001
1.40001
1.40001
1.40001
1.40001
1.40001
1.40001
1.40001
1.40001
1.4
1.40001
1.4
1.40001
1.40001
1.4
1.40001
1.40001
1.40001
1.4
1.40001
1.4
1.40001
1.4
1.40001
1.4
1.40001
1.40001
1.4
1.40001
1.4
1.40001
1.4
1.4
1.4
1.40001
1.40001
1.40001
1.40001
1.40001
1.40001
1.40001
1.40001
1.40002
1.40002
1.40002
1.40002
1.40002
1.40002
1.40002
1.40002
1.40002
1.40001
1.4
1.4
1.4
1.39999
1.39999
1.39999
1.39999
1.39999
1.39999
1.39999
1.39999
1.4
1.4
1.4
1.4
1.4
1.4
1.4
1.4
1.40001
1.40001
1.40001
1.4
1.4
1.40001
1.40001
1.40001
1.40001
1.40001
1.40001
1.40001
1.40001
1.40001
1.40001
1.40001
1.40001
1.40001
1.40001
1.40001
1.40001
1.40001
1.40001
1.40001
1.40001
1.40001
1.40001
1.40001
1.40001
1.40001
1.40001
1.40001
1.40001
1.40001
1.40001
1.40001
1.4
1.40001
1.40001
1.4
1.40001
1.4
1.40001
1.4
1.40001
1.4
1.40001
1.4
1.40001
1.4
1.4
1.40001
1.4
1.40001
1.4
1.4
1.40001
1.40001
1.4
1.40001
1.40001
1.40001
1.40001
1.40001
1.40001
1.40001
1.40001
1.40001
1.40001
1.40001
1.40001
1.40001
1.40001
1.40001
1.40002
1.40002
1.40002
1.40001
1.40001
1.40001
1.40001
1.4
1.4
1.4
1.4
1.4
1.39999
1.39999
1.4
1.4
1.4
1.4
1.4
1.4
1.4
1.4
1.4
1.4
1.4
1.4
1.4
1.4
1.4
1.40001
1.40001
1.40001
1.40001
1.40001
1.40001
1.40001
1.40001
1.40001
1.40001
1.40001
1.40001
1.40001
1.40001
1.40001
1.40001
1.40001
1.40001
1.40001
1.40001
1.40001
1.40001
1.40001
1.40001
1.40001
1.40001
1.40001
1.40001
1.40001
1.40001
1.40001
1.40001
1.4
1.40001
1.4
1.40001
1.40001
1.4
1.40001
1.4
1.40001
1.40001
1.40001
1.4
1.40001
1.40001
1.4
1.40001
1.4
1.40001
1.4
1.4
1.40001
1.40001
1.4
1.40001
1.4
1.40001
1.40001
1.40001
1.40001
1.40001
1.40001
1.40001
1.40001
1.40001
1.40001
1.40001
1.40001
1.40001
1.40001
1.40001
1.40001
1.40001
1.40001
1.40001
1.40001
1.40001
1.40001
1.4
1.4
1.4
1.4
1.4
1.4
1.4
1.4
1.4
1.4
1.4
1.4
1.4
1.4
1.4
1.4
1.4
1.4
1.4
1.40001
1.4
1.4
1.4
1.40001
1.40001
1.40001
1.40001
1.40001
1.40001
1.40001
1.40001
1.40001
1.40001
1.40001
1.40001
1.40001
1.40001
1.40001
1.40001
1.40001
1.40001
1.40001
1.40001
1.40001
1.40001
1.40001
1.40001
1.40001
1.40001
1.40001
1.40001
1.40001
1.40001
1.40001
1.4
1.40001
1.4
1.40001
1.40001
1.40001
1.40001
1.40001
1.40001
1.4
1.40001
1.4
1.40001
1.40001
1.4
1.40001
1.4
1.40001
1.40001
1.4
1.40001
1.4
1.40001
1.40001
1.4
1.40001
1.40001
1.40001
1.40001
1.40001
1.40001
1.40001
1.40001
1.40001
1.40001
1.40001
1.40001
1.40001
1.40001
1.40001
1.40001
1.40001
1.40001
1.40001
1.40001
1.4
1.4
1.4
1.4
1.4
1.4
1.4
1.4
1.4
1.4
1.4
1.4
1.4
1.4
1.4
1.4
1.4
1.4
1.4
1.4
1.4
1.40001
1.40001
1.40001
1.40001
1.40001
1.40001
1.40001
1.40001
1.40001
1.40001
1.40001
1.40001
1.40001
1.40001
1.40001
1.40001
1.40001
1.40001
1.40001
1.40001
1.40001
1.40001
1.40001
1.40001
1.40001
1.40001
1.40001
1.40001
1.40001
1.40001
1.40001
1.40001
1.40001
1.4
1.40001
1.4
1.40001
1.4
1.40001
1.4
1.40001
1.4
1.40001
1.40001
1.4
1.40001
1.4
1.40001
1.40001
1.40001
1.4
1.40001
1.40001
1.4
1.40001
1.40001
1.4
1.40001
1.40001
1.4
1.4
1.4
1.40001
1.40001
1.40001
1.40001
1.40001
1.40001
1.40001
1.40001
1.40001
1.40001
1.40001
1.40001
1.40001
1.40001
1.40001
1.40001
1.40001
1.40001
1.4
1.4
1.4
1.4
1.4
1.4
1.4
1.4
1.4
1.4
1.4
1.4
1.4
1.4
1.4
1.4
1.40001
1.40001
1.40001
1.40001
1.40001
1.40001
1.40001
1.40001
1.40001
1.40001
1.40001
1.40001
1.40001
1.40001
1.40001
1.40001
1.40001
1.40001
1.40001
1.40001
1.40001
1.40001
1.40001
1.40001
1.40001
1.40001
1.40001
1.40001
1.40001
1.40001
1.40001
1.40001
1.40001
1.40001
1.40001
1.40001
1.40001
1.40001
1.4
1.40001
1.4
1.40001
1.40001
1.40001
1.40001
1.40001
1.40001
1.40001
1.40001
1.4
1.40001
1.40001
1.4
1.4
1.40001
1.4
1.40001
1.40001
1.4
1.4
1.40001
1.40001
1.40001
1.40001
1.4
1.40001
1.4
1.40001
1.40001
1.40001
1.40001
1.40001
1.40001
1.40001
1.40001
1.40001
1.40001
1.40001
1.40001
1.40001
1.40001
1.40001
1.40001
1.4
1.40001
1.4
1.4
1.4
1.4
1.4
1.4
1.4
1.4
1.4
1.4
1.4
1.4
1.4
1.40001
1.40001
1.40001
1.4
1.4
1.4
1.40001
1.40001
1.40001
1.40001
1.40001
1.40001
1.40001
1.40001
1.40001
1.40001
1.40001
1.40001
1.40001
1.40001
1.40001
1.40001
1.40001
1.40001
1.40001
1.40001
1.40001
1.40001
1.40001
1.40001
1.40001
1.40001
1.40001
1.40001
1.40001
1.40001
1.40001
1.40001
1.40001
1.40001
1.40001
1.4
1.40001
1.4
1.40001
1.40001
1.40001
1.40001
1.40001
1.40001
1.40001
1.40001
1.40001
1.4
1.40001
1.40001
1.4
1.40001
1.40001
1.4
1.40001
1.40001
1.4
1.4
1.4
1.40001
1.40001
1.40001
1.4
1.4
1.40001
1.40001
1.40001
1.40001
1.40001
1.40001
1.40001
1.40001
1.40001
1.40001
1.40001
1.40001
1.40001
1.4
1.40001
1.40001
1.4
1.4
1.4
1.4
1.4
1.4
1.4
1.4
1.4
1.4
1.4
1.4
1.4
1.4
1.4
1.40001
1.40001
1.40001
1.40001
1.40001
1.40001
1.40001
1.40001
1.40001
1.40001
1.40001
1.40001
1.40001
1.40001
1.40001
1.40001
1.40001
1.40001
1.40001
1.40001
1.40001
1.40001
1.40001
1.40001
1.40001
1.40001
1.40001
1.40001
1.40001
1.40001
1.40001
1.40001
1.40001
1.40001
1.40001
1.40001
1.40001
1.40001
1.40001
1.40001
1.40001
1.4
1.40001
1.40001
1.40001
1.40001
1.40001
1.40001
1.40001
1.4
1.40001
1.40001
1.40001
1.40001
1.4
1.40001
1.40001
1.4
1.40001
1.4
1.4
1.40001
1.40001
1.40001
1.40001
1.4
1.40001
1.40001
1.4
1.4
1.4
1.4
1.4
1.40001
1.40001
1.40001
1.40001
1.40001
1.40001
1.40001
1.40001
1.40001
1.40001
1.40001
1.4
1.4
1.4
1.4
1.4
1.4
1.4
1.4
1.4
1.4
1.4
1.40001
1.40001
1.40001
1.40001
1.40001
1.40001
1.40001
1.40001
1.40001
1.40001
1.40001
1.40001
1.40001
1.40001
1.40001
1.40001
1.40001
1.40001
1.40001
1.40001
1.40001
1.40001
1.40001
1.40001
1.40001
1.40001
1.40001
1.40001
1.40001
1.40001
1.40001
1.40001
1.40001
1.40001
1.40001
1.40001
1.40001
1.40001
1.40001
1.40001
1.40001
1.40001
1.40001
1.40001
1.40001
1.40001
1.40001
1.4
1.40001
1.40001
1.40001
1.40001
1.40001
1.4
1.40001
1.4
1.40001
1.4
1.40001
1.40001
1.40001
1.4
1.40001
1.4
1.40001
1.40001
1.4
1.40001
1.40001
1.4
1.40001
1.4
1.40001
1.40001
1.40001
1.40001
1.40001
1.40001
1.40001
1.4
1.40001
1.4
1.40001
1.40001
1.40001
1.4
1.40001
1.4
1.40001
1.40001
1.40001
1.40001
1.4
1.40001
1.40001
1.4
1.40001
1.40001
1.40001
1.40001
1.40001
1.40001
1.4
1.4
1.4
1.40001
1.40001
1.40001
1.40001
1.40001
1.4
1.4
1.40001
1.40001
1.40001
1.40001
1.40001
1.40001
1.40001
1.40001
1.40001
1.40001
1.40001
1.40001
1.40001
1.40001
1.40001
1.40001
1.40001
1.40001
1.40001
1.40001
1.40001
1.40001
1.40001
1.40001
1.40001
1.40001
1.40001
1.40001
1.40001
1.40001
1.40001
1.40001
1.40001
1.40001
1.4
1.40001
1.40001
1.40001
1.40001
1.4
1.40001
1.40001
1.4
1.40001
1.4
1.40001
1.40001
1.40001
1.40001
1.4
1.40001
1.4
1.4
1.40001
1.4
1.4
1.40001
1.40001
1.4
1.40001
1.4
1.4
1.4
1.40001
1.40001
1.4
1.4
1.40001
1.40001
1.40001
1.40001
1.40001
1.4
1.40001
1.40001
1.40001
1.4
1.40001
1.40001
1.4
1.4
1.4
1.4
1.4
1.4
1.4
1.4
1.4
1.40001
1.40001
1.40001
1.40001
1.40001
1.40001
1.4
1.4
1.40001
1.40001
1.40001
1.40001
1.40001
1.40001
1.40001
1.40001
1.40001
1.40001
1.40001
1.40001
1.40001
1.40001
1.40001
1.40001
1.40001
1.40001
1.40001
1.40001
1.40001
1.40001
1.40001
1.40001
1.40001
1.40001
1.40001
1.40001
1.40001
1.40001
1.40001
1.40001
1.40001
1.40001
1.40001
1.40001
1.40001
1.40001
1.40001
1.4
1.40001
1.40001
1.40001
1.40001
1.4
1.40001
1.40001
1.4
1.40001
1.4
1.40001
1.40001
1.40001
1.40001
1.4
1.40001
1.40001
1.4
1.40001
1.40001
1.4
1.4
1.40001
1.4
1.40001
1.40001
1.40001
1.4
1.4
1.40001
1.4
1.4
1.4
1.40001
1.4
1.40001
1.40001
1.4
1.40001
1.40001
1.40001
1.40001
1.40001
1.40001
1.4
1.40001
1.40001
1.40001
1.40001
1.40001
1.40001
1.40001
1.40001
1.40001
1.40001
1.40001
1.40001
1.40001
1.40001
1.40001
1.40001
1.40001
1.40001
1.40001
1.40001
1.40001
1.40001
1.40001
1.40001
1.40001
1.40001
1.40001
1.40001
1.40001
1.40001
1.40001
1.40001
1.40001
1.40001
1.40001
1.40001
1.40001
1.40001
1.40001
1.40001
1.40001
1.40001
1.40001
1.40001
1.40001
1.40001
1.40001
1.40001
1.40001
1.40001
1.40001
1.40001
1.40001
1.40001
1.40001
1.4
1.40001
1.40001
1.40001
1.40001
1.4
1.40001
1.40001
1.4
1.40001
1.40001
1.4
1.40001
1.40001
1.40001
1.4
1.40001
1.40001
1.4
1.40001
1.40001
1.40001
1.4
1.40001
1.40001
1.40001
1.4
1.40001
1.40001
1.40001
1.40001
1.40001
1.40001
1.4
1.40001
1.4
1.4
1.40001
1.40001
1.4
1.40001
1.40001
1.4
1.4
1.40001
1.40001
1.4
1.40001
1.40001
1.40001
1.4
1.4
1.4
1.4
1.4
1.4
1.4
1.4
1.4
1.4
1.40001
1.40001
1.40001
1.40001
1.40001
1.40001
1.40001
1.40001
1.40001
1.40001
1.40001
1.40001
1.40001
1.40001
1.40001
1.40001
1.40001
1.40001
1.40001
1.40001
1.40001
1.40001
1.40001
1.40001
1.40001
1.40001
1.40001
1.40001
1.40001
1.40001
1.40001
1.40001
1.40001
1.40001
1.40001
1.40001
1.40001
1.40001
1.40001
1.40001
1.40001
1.40001
1.40001
1.40001
1.4
1.40001
1.4
1.40001
1.4
1.40001
1.4
1.40001
1.40001
1.4
1.40001
1.40001
1.4
1.40001
1.40001
1.40001
1.4
1.4
1.40001
1.40001
1.4
1.4
1.40001
1.4
1.40001
1.4
1.4
1.40001
1.4
1.4
1.40001
1.40001
1.4
1.40001
1.40001
1.40001
1.4
1.40001
1.40001
1.40001
1.4
1.4
1.40001
1.40001
1.40001
1.40001
1.40001
1.40001
1.40001
1.40001
1.40001
1.40001
1.40001
1.40001
1.40001
1.40001
1.40001
1.40001
1.40001
1.40001
1.40001
1.40001
1.40001
1.40001
1.40001
1.40001
1.40001
1.40001
1.40001
1.40001
1.40001
1.40001
1.40001
1.40001
1.40001
1.40001
1.40001
1.40001
1.40001
1.40001
1.40001
1.40001
1.40001
1.40001
1.40001
1.40001
1.40001
1.40001
1.40001
1.40001
1.40001
1.40001
1.40001
1.40001
1.40001
1.40001
1.40001
1.40001
1.40001
1.40001
1.40001
1.4
1.40001
1.4
1.40001
1.4
1.40001
1.4
1.40001
1.40001
1.4
1.40001
1.40001
1.4
1.40001
1.4
1.40001
1.40001
1.40001
1.4
1.40001
1.40001
1.40001
1.40001
1.40001
1.40001
1.40001
1.4
1.4
1.40001
1.40001
1.4
1.40001
1.4
1.4
1.4
1.40001
1.40001
1.40001
1.40001
1.40001
1.40001
1.4
1.4
1.40001
1.40001
1.40001
1.40001
1.4
1.4
1.4
1.4
1.4
1.4
1.40001
1.40001
1.40001
1.40001
1.40001
1.40001
1.40001
1.40001
1.40001
1.40001
1.40001
1.40001
1.40001
1.40001
1.40001
1.40001
1.40001
1.40001
1.40001
1.40001
1.40001
1.40001
1.40001
1.40001
1.40001
1.40001
1.40001
1.40001
1.40001
1.40001
1.40001
1.40001
1.40001
1.40001
1.40001
1.40001
1.40001
1.40001
1.40001
1.40001
1.40001
1.40001
1.40001
1.40001
1.40001
1.40001
1.40001
1.40001
1.4
1.40001
1.4
1.40001
1.4
1.40001
1.4
1.40001
1.40001
1.4
1.4
1.40001
1.4
1.40001
1.40001
1.40001
1.4
1.40001
1.4
1.40001
1.4
1.40001
1.4
1.40001
1.40001
1.40001
1.40001
1.4
1.4
1.40001
1.4
1.40001
1.40001
1.40001
1.40001
1.4
1.4
1.4
1.40001
1.40001
1.40001
1.40001
1.40001
1.4
1.4
1.40001
1.40001
1.40001
1.40001
1.40001
1.40001
1.40001
1.40001
1.40001
1.40001
1.40001
1.40001
1.40001
1.40001
1.40001
1.40001
1.40001
1.40001
1.40001
1.40001
1.40001
1.40001
1.40001
1.40001
1.40001
1.40001
1.40001
1.40001
1.40001
1.40001
1.40001
1.40001
1.40001
1.40001
1.40001
1.40001
1.40001
1.40001
1.40001
1.40001
1.40001
1.40001
1.40001
1.40001
1.40001
1.40001
1.40001
1.40001
1.40001
1.40001
1.40001
1.40001
1.40001
1.40001
1.40001
1.40001
1.4
1.40001
1.4
1.40001
1.4
1.40001
1.4
1.40001
1.40001
1.40001
1.4
1.40001
1.4
1.40001
1.4
1.40001
1.4
1.40001
1.4
1.40001
1.40001
1.40001
1.4
1.4
1.4
1.40001
1.40001
1.40001
1.4
1.40001
1.4
1.4
1.4
1.4
1.40001
1.40001
1.40001
1.40001
1.40001
1.40001
1.40001
1.40001
1.40001
1.40001
1.40001
1.4
1.4
1.4
1.40001
1.40001
1.40001
1.40001
1.40001
1.40001
1.40001
1.40001
1.40001
1.40001
1.40001
1.40001
1.40001
1.40001
1.40001
1.40001
1.40001
1.40001
1.40001
1.40001
1.40001
1.40001
1.40001
1.40001
1.40001
1.40001
1.40001
1.40001
1.40001
1.40001
1.40001
1.40001
1.40001
1.40001
1.40001
1.40001
1.40001
1.40001
1.40001
1.40001
1.40001
1.40001
1.40001
1.40001
1.40001
1.40001
1.40001
1.40001
1.40001
1.40001
1.40001
1.40001
1.40001
1.4
1.40001
1.4
1.40001
1.4
1.40001
1.4
1.40001
1.4
1.40001
1.4
1.40001
1.40001
1.40001
1.4
1.40001
1.40001
1.40001
1.4
1.4
1.4
1.40001
1.40001
1.40001
1.4
1.4
1.4
1.40001
1.4
1.40001
1.40001
1.40001
1.40001
1.4
1.4
1.4
1.40001
1.40001
1.40001
1.40001
1.40001
1.40001
1.40001
1.40001
1.40001
1.40001
1.40001
1.40001
1.40001
1.40001
1.40001
1.40001
1.40001
1.40001
1.40001
1.40001
1.40001
1.40001
1.40001
1.40001
1.40001
1.40001
1.40001
1.40001
1.40001
1.40001
1.40001
1.40001
1.40001
1.40001
1.40001
1.40001
1.40001
1.40001
1.40001
1.40001
1.40001
1.40001
1.40001
1.40001
1.40001
1.40001
1.40001
1.40001
1.40001
1.40001
1.40001
1.40001
1.40001
1.40001
1.40001
1.40001
1.40001
1.40001
1.40001
1.40001
1.40001
1.40001
1.40001
1.40001
1.40001
1.40001
1.40001
1.40001
1.40001
1.4
1.40001
1.4
1.40001
1.40001
1.40001
1.40001
1.40001
1.4
1.40001
1.40001
1.40001
1.4
1.40001
1.40001
1.40001
1.4
1.4
1.4
1.4
1.4
1.4
1.4
1.4
1.4
1.4
1.4
1.4
1.40001
1.40001
1.40001
1.40001
1.40001
1.40001
1.40001
1.40001
1.40001
1.40001
1.40001
1.40001
1.40001
1.40001
1.40001
1.40001
1.40001
1.40001
1.40001
1.40001
1.40001
1.40001
1.40001
1.40001
1.40001
1.40001
1.40001
1.40001
1.40001
1.40001
1.40001
1.40001
1.40001
1.40001
1.40001
1.40001
1.40001
1.40001
1.40001
1.40001
1.40001
1.40001
1.40001
1.40001
1.40001
1.40001
1.40001
1.40001
1.40001
1.40001
1.40001
1.40001
1.40001
1.40001
1.40001
1.40001
1.40001
1.40001
1.40001
1.40001
1.40001
1.40001
1.40001
1.40001
1.40001
1.40001
1.40001
1.40001
1.40001
1.4
1.40001
1.4
1.40001
1.4
1.40001
1.40001
1.40001
1.40001
1.40001
1.40001
1.40001
1.40001
1.4
1.40001
1.40001
1.40001
1.4
1.4
1.4
1.4
1.4
1.4
1.4
1.4
1.4
1.4
1.4
1.4
1.4
1.4
1.40001
1.40001
1.40001
1.40001
1.40001
1.40001
1.40001
1.40001
1.40001
1.40001
1.40001
1.40001
1.40001
1.40001
1.40001
1.40001
1.40001
1.40001
1.40001
1.40001
1.40001
1.40001
1.40001
1.40001
1.40001
1.40001
1.40001
1.40001
1.40001
1.40001
1.40001
1.40001
1.40001
1.40001
1.40001
1.40001
1.40001
1.40001
1.40001
1.40001
1.40001
)
;

boundaryField
{
    emptyPatches_empt
    {
        type            empty;
    }
    top_cyc
    {
        type            cyclic;
    }
    bottom_cyc
    {
        type            cyclic;
    }
    inlet_cyc
    {
        type            cyclic;
    }
    outlet_cyc
    {
        type            cyclic;
    }
}


// ************************************************************************* //
