/*--------------------------------*- C++ -*----------------------------------*\
  =========                 |
  \\      /  F ield         | OpenFOAM: The Open Source CFD Toolbox
   \\    /   O peration     | Website:  https://openfoam.org
    \\  /    A nd           | Version:  6
     \\/     M anipulation  |
\*---------------------------------------------------------------------------*/
FoamFile
{
    version     2.0;
    format      ascii;
    class       surfaceScalarField;
    location    "1.34";
    object      meshPhi;
}
// * * * * * * * * * * * * * * * * * * * * * * * * * * * * * * * * * * * * * //

dimensions      [0 3 -1 0 0 0 0];

internalField   nonuniform List<scalar> 
1540
(
-0.00197919
1.01729e-20
-0.00175928
2.26964e-18
-0.00153937
1.01729e-20
-0.00131946
1.01729e-20
-0.00109955
2.26964e-18
-0.000879639
0
-0.000659729
2.26964e-18
-0.00043982
0
-0.00021991
-2.25947e-18
0
-2.25947e-18
0
0
0
0
0
0
0
0
0
0
0
0
0
0
0
0
0
0
0
-0.00197919
2.03457e-20
-0.00175928
4.53928e-18
-0.00153937
2.03457e-20
-0.00131946
2.03457e-20
-0.00109955
4.53928e-18
-0.000879639
0
-0.000659729
4.53928e-18
-0.00043982
0
-0.00021991
-4.51894e-18
0
-4.51894e-18
0
0
0
0
0
0
0
0
0
0
0
0
0
0
0
0
0
0
0
-0.00197919
0
-0.00175928
9.03787e-18
-0.00153937
0
-0.00131946
0
-0.00109955
9.03787e-18
-0.000879639
-4.06915e-20
-0.000659729
9.03787e-18
-0.00043982
-4.06915e-20
-0.00021991
-9.07856e-18
0
-9.07856e-18
0
0
0
0
0
0
0
0
0
0
0
0
0
0
0
0
0
0
0
-0.00197919
4.06915e-20
-0.00175928
9.07856e-18
-0.00153937
4.06915e-20
-0.00131946
4.06915e-20
-0.00109955
9.07856e-18
-0.000879639
0
-0.000659729
9.07856e-18
-0.00043982
0
-0.00021991
-9.03787e-18
0
-9.03787e-18
0
0
0
0
0
0
0
0
0
0
0
0
0
0
0
0
0
0
0
-0.00197919
0
-0.00175928
-1.80757e-17
-0.00153937
0
-0.00131946
0
-0.00109955
0
-0.000879639
0
-0.000659729
0
-0.00043982
0
-0.00021991
0
0
0
0
0
0
0
0
0
0
0
0
0
0
0
0
0
0
0
0
0
0
-0.00197919
0
-0.00175928
1.80757e-17
-0.00153937
0
-0.00131946
0
-0.00109955
1.80757e-17
-0.000879639
-8.1383e-20
-0.000659729
1.80757e-17
-0.00043982
-8.1383e-20
-0.00021991
-1.81571e-17
0
-1.81571e-17
0
0
0
0
0
0
0
0
0
0
0
0
0
0
0
0
0
0
0
-0.00197919
1.80757e-17
-0.00175928
1.80757e-17
-0.00153937
0
-0.00131946
1.80757e-17
-0.00109955
1.80757e-17
-0.000879639
1.80757e-17
-0.000659729
0
-0.00043982
1.80757e-17
-0.00021991
1.80757e-17
0
1.80757e-17
0
0
0
0
0
0
0
0
0
0
0
0
0
0
0
0
0
0
0
-0.00197919
8.1383e-20
-0.00175928
1.81571e-17
-0.00153937
8.1383e-20
-0.00131946
8.1383e-20
-0.00109955
1.81571e-17
-0.000879639
0
-0.000659729
1.81571e-17
-0.00043982
0
-0.00021991
-1.80757e-17
0
-1.80757e-17
0
0
0
0
0
0
0
0
0
0
0
0
0
0
0
0
0
0
0
-0.00197919
1.81571e-17
-0.00175928
1.81571e-17
-0.00153937
1.81571e-17
-0.00131946
1.81571e-17
-0.00109955
1.81571e-17
-0.000879639
1.81571e-17
-0.000659729
8.1383e-20
-0.00043982
1.81571e-17
-0.00021991
1.81571e-17
0
1.81571e-17
0
0
0
0
0
0
0
0
0
0
0
0
0
0
0
0
0
0
0
-0.00197919
0
-0.00175928
-3.61515e-17
-0.00153937
0
-0.00131946
0
-0.00109955
0
-0.000879639
0
-0.000659729
0
-0.00043982
0
-0.00021991
0
0
0
0
0
0
0
0
0
0
0
0
0
0
0
0
0
0
0
0
0
0
-0.00197919
0
-0.00175928
0
-0.00153937
0
-0.00131946
0
-0.00109955
0
-0.000879639
0
-0.000659729
0
-0.00043982
0
-0.00021991
0
0
0
0
0
0
0
0
0
0
0
0
0
0
0
0
0
0
0
0
0
0
-0.00197919
0
-0.00175928
3.61515e-17
-0.00153937
0
-0.00131946
0
-0.00109955
3.61515e-17
-0.000879639
-1.62766e-19
-0.000659729
3.61515e-17
-0.00043982
-1.62766e-19
-0.00021991
-3.63143e-17
0
-3.63143e-17
0
0
0
0
0
0
0
0
0
0
0
0
0
0
0
0
0
0
0
-0.00197919
3.63143e-17
-0.00175928
3.63143e-17
-0.00153937
3.63143e-17
-0.00131946
3.63143e-17
-0.00109955
3.63143e-17
-0.000879639
3.63143e-17
-0.000659729
3.63143e-17
-0.00043982
3.63143e-17
-0.00021991
3.63143e-17
0
3.63143e-17
0
0
0
0
0
0
0
0
0
0
0
0
0
0
0
0
0
0
0
-0.00197919
3.61515e-17
-0.00175928
3.61515e-17
-0.00153937
0
-0.00131946
3.61515e-17
-0.00109955
3.61515e-17
-0.000879639
3.61515e-17
-0.000659729
0
-0.00043982
3.61515e-17
-0.00021991
3.61515e-17
0
3.61515e-17
0
0
0
0
0
0
0
0
0
0
0
0
0
0
0
0
0
0
0
-0.00197919
0
-0.00175928
3.61515e-17
-0.00153937
-3.61515e-17
-0.00131946
0
-0.00109955
3.61515e-17
-0.000879639
0
-0.000659729
3.61515e-17
-0.00043982
0
-0.00021991
0
0
0
0
0
0
0
0
0
0
0
0
0
0
0
0
0
0
0
0
0
0
-0.00197919
1.62766e-19
-0.00175928
3.63143e-17
-0.00153937
1.62766e-19
-0.00131946
1.62766e-19
-0.00109955
3.63143e-17
-0.000879639
0
-0.000659729
3.63143e-17
-0.00043982
0
-0.00021991
-3.61515e-17
0
-3.61515e-17
0
0
0
0
0
0
0
0
0
0
0
0
0
0
0
0
0
0
0
-0.00197919
-3.63143e-17
-0.00175928
-3.63143e-17
-0.00153937
-1.62766e-19
-0.00131946
-3.63143e-17
-0.00109955
-1.62766e-19
-0.000879639
-1.62766e-19
-0.000659729
-3.63143e-17
-0.00043982
-1.62766e-19
-0.00021991
-3.63143e-17
0
-3.63143e-17
0
0
0
0
0
0
0
0
0
0
0
0
0
0
0
0
0
0
0
-0.00197919
3.63143e-17
-0.00175928
3.63143e-17
-0.00153937
3.63143e-17
-0.00131946
3.63143e-17
-0.00109955
3.63143e-17
-0.000879639
3.63143e-17
-0.000659729
1.62766e-19
-0.00043982
3.63143e-17
-0.00021991
3.63143e-17
0
3.63143e-17
0
0
0
0
0
0
0
0
0
0
0
0
0
0
0
0
0
0
0
-0.00197919
3.61515e-17
-0.00175928
3.61515e-17
-0.00153937
3.61515e-17
-0.00131946
3.61515e-17
-0.00109955
3.61515e-17
-0.000879639
3.61515e-17
-0.000659729
3.61515e-17
-0.00043982
3.61515e-17
-0.00021991
3.61515e-17
0
3.61515e-17
0
0
0
0
0
0
0
0
0
0
0
0
0
0
0
0
0
0
0
-0.00197919
0
-0.00175928
-7.2303e-17
-0.00153937
0
-0.00131946
0
-0.00109955
0
-0.000879639
0
-0.000659729
0
-0.00043982
0
-0.00021991
0
0
0
0
0
0
0
0
0
0
0
0
0
0
0
0
0
0
0
0
0
0
-0.00197919
-7.2303e-17
-0.00175928
0
-0.00153937
-7.2303e-17
-0.00131946
-7.2303e-17
-0.00109955
0
-0.000879639
0
-0.000659729
0
-0.00043982
0
-0.00021991
-7.2303e-17
0
-7.2303e-17
0
0
0
0
0
0
0
0
0
0
0
0
0
0
0
0
0
0
0
-0.00197919
0
-0.00175928
0
-0.00153937
0
-0.00131946
0
-0.00109955
0
-0.000879639
0
-0.000659729
0
-0.00043982
0
-0.00021991
0
0
0
0
0
0
0
0
0
0
0
0
0
0
0
0
0
0
0
0
0
0
-0.00197919
0
-0.00175928
0
-0.00153937
0
-0.00131946
0
-0.00109955
7.2303e-17
-0.000879639
7.2303e-17
-0.000659729
7.2303e-17
-0.00043982
7.2303e-17
-0.00021991
0
0
0
0
0
0
0
0
0
0
0
0
0
0
0
0
0
0
0
0
0
0
-0.00197919
0
-0.00175928
7.2303e-17
-0.00153937
0
-0.00131946
0
-0.00109955
7.2303e-17
-0.000879639
-3.25532e-19
-0.000659729
7.2303e-17
-0.00043982
-3.25532e-19
-0.00021991
-7.26285e-17
0
-7.26285e-17
0
0
0
0
0
0
0
0
0
0
0
0
0
0
0
0
0
0
0
-0.00197919
0
-0.00175928
0
-0.00153937
0
-0.00131946
0
-0.00109955
7.2303e-17
-0.000879639
7.2303e-17
-0.000659729
0
-0.00043982
7.2303e-17
-0.00021991
0
0
0
0
0
0
0
0
0
0
0
0
0
0
0
0
0
0
0
0
0
0
-0.00197919
7.26285e-17
-0.00175928
7.26285e-17
-0.00153937
7.26285e-17
-0.00131946
7.26285e-17
-0.00109955
7.26285e-17
-0.000879639
7.26285e-17
-0.000659729
7.26285e-17
-0.00043982
7.26285e-17
-0.00021991
7.26285e-17
0
7.26285e-17
0
0
0
0
0
0
0
0
0
0
0
0
0
0
0
0
0
0
0
-0.00197919
-7.2303e-17
-0.00175928
-7.2303e-17
-0.00153937
-7.2303e-17
-0.00131946
-7.2303e-17
-0.00109955
-7.2303e-17
-0.000879639
-7.2303e-17
-0.000659729
-7.2303e-17
-0.00043982
-7.2303e-17
-0.00021991
-7.2303e-17
0
-7.2303e-17
0
0
0
0
0
0
0
0
0
0
0
0
0
0
0
0
0
0
0
-0.00197919
7.2303e-17
-0.00175928
7.2303e-17
-0.00153937
0
-0.00131946
7.2303e-17
-0.00109955
7.2303e-17
-0.000879639
7.2303e-17
-0.000659729
0
-0.00043982
7.2303e-17
-0.00021991
7.2303e-17
0
7.2303e-17
0
0
0
0
0
0
0
0
0
0
0
0
0
0
0
0
0
0
0
-0.00197919
-7.26285e-17
-0.00175928
-3.25532e-19
-0.00153937
-3.25532e-19
-0.00131946
-7.26285e-17
-0.00109955
-3.25532e-19
-0.000879639
-7.26285e-17
-0.000659729
-7.26285e-17
-0.00043982
-3.25532e-19
-0.00021991
-7.26285e-17
0
-7.26285e-17
0
0
0
0
0
0
0
0
0
0
0
0
0
0
0
0
0
0
0
-0.00197919
0
-0.00175928
7.2303e-17
-0.00153937
-7.2303e-17
-0.00131946
0
-0.00109955
7.2303e-17
-0.000879639
0
-0.000659729
7.2303e-17
-0.00043982
0
-0.00021991
0
0
0
0
0
0
0
0
0
0
0
0
0
0
0
0
0
0
0
0
0
0
-0.00197919
7.26285e-17
-0.00175928
7.26285e-17
-0.00153937
7.26285e-17
-0.00131946
7.26285e-17
-0.00109955
7.26285e-17
-0.000879639
7.26285e-17
-0.000659729
7.26285e-17
-0.00043982
7.26285e-17
-0.00021991
7.26285e-17
0
7.26285e-17
0
0
0
0
0
0
0
0
0
0
0
0
0
0
0
0
0
0
0
-0.00197919
3.25532e-19
-0.00175928
7.26285e-17
-0.00153937
3.25532e-19
-0.00131946
3.25532e-19
-0.00109955
7.26285e-17
-0.000879639
0
-0.000659729
7.26285e-17
-0.00043982
0
-0.00021991
-7.2303e-17
0
-7.2303e-17
0
0
0
0
0
0
0
0
0
0
0
0
0
0
0
0
0
0
0
-0.00197919
7.2303e-17
-0.00175928
7.2303e-17
-0.00153937
0
-0.00131946
7.2303e-17
-0.00109955
7.2303e-17
-0.000879639
7.2303e-17
-0.000659729
7.2303e-17
-0.00043982
7.2303e-17
-0.00021991
7.2303e-17
0
7.2303e-17
0
0
0
0
0
0
0
0
0
0
0
0
0
0
0
0
0
0
0
-0.00197919
-7.26285e-17
-0.00175928
-7.26285e-17
-0.00153937
-3.25532e-19
-0.00131946
-7.26285e-17
-0.00109955
-3.25532e-19
-0.000879639
-3.25532e-19
-0.000659729
-7.26285e-17
-0.00043982
-3.25532e-19
-0.00021991
-7.26285e-17
0
-7.26285e-17
0
0
0
0
0
0
0
0
0
0
0
0
0
0
0
0
0
0
0
-0.00197919
0
-0.00175928
0
-0.00153937
0
-0.00131946
0
-0.00109955
7.2303e-17
-0.000879639
7.2303e-17
-0.000659729
7.2303e-17
-0.00043982
7.2303e-17
-0.00021991
0
0
0
0
0
0
0
0
0
0
0
0
0
0
0
0
0
0
0
0
0
0
-0.00197919
7.26285e-17
-0.00175928
7.26285e-17
-0.00153937
7.26285e-17
-0.00131946
7.26285e-17
-0.00109955
7.26285e-17
-0.000879639
7.26285e-17
-0.000659729
3.25532e-19
-0.00043982
7.26285e-17
-0.00021991
7.26285e-17
0
7.26285e-17
0
0
0
0
0
0
0
0
0
0
0
0
0
0
0
0
0
0
0
-0.00197919
-7.2303e-17
-0.00175928
0
-0.00153937
-1.44606e-16
-0.00131946
-7.2303e-17
-0.00109955
0
-0.000879639
0
-0.000659729
-7.2303e-17
-0.00043982
0
-0.00021991
-7.2303e-17
0
-7.2303e-17
0
0
0
0
0
0
0
0
0
0
0
0
0
0
0
0
0
0
0
-0.00197919
7.2303e-17
-0.00175928
7.2303e-17
-0.00153937
7.2303e-17
-0.00131946
7.2303e-17
-0.00109955
7.2303e-17
-0.000879639
7.2303e-17
-0.000659729
7.2303e-17
-0.00043982
7.2303e-17
-0.00021991
7.2303e-17
0
7.2303e-17
0
0
0
0
0
0
0
0
0
0
0
0
0
0
0
0
0
0
0
-0.00197919
7.26285e-17
-0.00175928
7.26285e-17
-0.00153937
-7.26285e-17
-0.00131946
7.26285e-17
-0.00109955
1.44932e-16
-0.000879639
-3.25532e-19
-0.000659729
-3.25532e-19
-0.00043982
-3.25532e-19
-0.00021991
-7.26285e-17
0
-7.26285e-17
0
0
0
0
0
0
0
0
0
0
0
0
0
0
0
0
0
0
0
-0.00197919
-0.00175928
-0.00153937
-0.00131946
-0.00109955
-0.000879639
-0.000659729
-0.00043982
-0.00021991
0
0
0
0
0
0
0
0
0
0
)
;

boundaryField
{
    piston
    {
        type            calculated;
        value           nonuniform List<scalar> 
40
(
0.0021991
0.0021991
0.0021991
0.0021991
0.0021991
0.0021991
0.0021991
0.0021991
0.0021991
0.0021991
0.0021991
0.0021991
0.0021991
0.0021991
0.0021991
0.0021991
0.0021991
0.0021991
0.0021991
0.0021991
0.0021991
0.0021991
0.0021991
0.0021991
0.0021991
0.0021991
0.0021991
0.0021991
0.0021991
0.0021991
0.0021991
0.0021991
0.0021991
0.0021991
0.0021991
0.0021991
0.0021991
0.0021991
0.0021991
0.0021991
)
;
    }
    outlet
    {
        type            calculated;
        value           uniform 0;
    }
    walls
    {
        type            calculated;
        value           nonuniform List<scalar> 
40
(
0
0
0
0
0
0
0
0
0
0
0
0
0
0
0
0
0
0
0
0
0
-1.44606e-16
0
0
0
0
0
0
0
0
0
0
0
0
0
0
0
0
0
0
)
;
    }
    front
    {
        type            empty;
        value           nonuniform 0();
    }
    back
    {
        type            empty;
        value           nonuniform 0();
    }
}


// ************************************************************************* //
