/*--------------------------------*- C++ -*----------------------------------*\
  =========                 |
  \\      /  F ield         | OpenFOAM: The Open Source CFD Toolbox
   \\    /   O peration     | Website:  https://openfoam.org
    \\  /    A nd           | Version:  6
     \\/     M anipulation  |
\*---------------------------------------------------------------------------*/
FoamFile
{
    version     2.0;
    format      ascii;
    class       surfaceScalarField;
    location    "2.04";
    object      phi;
}
// * * * * * * * * * * * * * * * * * * * * * * * * * * * * * * * * * * * * * //

dimensions      [0 3 -1 0 0 0 0];

internalField   nonuniform List<scalar> 
8193
(
0.08952
-0.178814
-0.0915448
0.0855839
-0.183107
0.0810457
-0.186142
0.076344
-0.188974
0.0716327
-0.191815
0.0669301
-0.194474
0.0622098
-0.196701
0.0574809
-0.198287
0.052774
-0.199146
0.0481212
-0.19927
0.0435442
-0.198693
0.0390627
-0.19748
0.0346798
-0.195699
0.030444
-0.193509
0.0264525
-0.19112
0.0228081
-0.18876
0.0194762
-0.186534
0.0161369
-0.184278
0.0121856
-0.181304
0.00688879
-0.178169
0.000583336
-0.17694
-0.0054265
-0.176372
-0.0103391
-0.177545
-0.0142187
-0.176577
-0.0176747
-0.172564
-0.0212209
-0.168614
-0.0249347
-0.165897
-0.02879
-0.164147
-0.0327511
-0.162924
-0.0368176
-0.16201
-0.0410361
-0.161358
-0.045418
-0.160984
-0.04997
-0.160828
-0.0546771
-0.160822
-0.0595132
-0.160936
-0.0644796
-0.161213
-0.0696571
-0.161939
-0.0750692
-0.163399
-0.080594
-0.165674
-0.0857897
-0.168411
-0.170496
-0.0895081
0.102781
-0.178372
-0.100718
0.102664
-0.184143
0.101583
-0.189633
0.0997286
-0.194808
0.0970874
-0.199628
0.093656
-0.203873
0.0894698
-0.207305
0.0846283
-0.209762
0.0792516
-0.211175
0.073459
-0.211538
0.0673455
-0.210874
0.0609822
-0.209241
0.0544441
-0.206737
0.0478574
-0.203601
0.0414067
-0.200133
0.0352936
-0.196611
0.0295776
-0.193037
0.0239753
-0.18894
0.0178522
-0.183316
0.0101993
-0.176389
0.00115669
-0.171409
-0.00760537
-0.1687
-0.015124
-0.168669
-0.0213907
-0.166518
-0.0269173
-0.160859
-0.0322291
-0.154822
-0.0374476
-0.150018
-0.0425581
-0.146351
-0.0475242
-0.143441
-0.0523237
-0.141088
-0.0569587
-0.139256
-0.0614649
-0.137958
-0.0658284
-0.137214
-0.0700203
-0.136996
-0.0740196
-0.137291
-0.0777971
-0.138167
-0.0814204
-0.139827
-0.0850001
-0.14252
-0.0886353
-0.146337
-0.0922314
-0.151112
-0.156675
-0.0947336
0.11963
-0.178867
-0.113973
0.123266
-0.186428
0.125216
-0.193835
0.12555
-0.200725
0.124272
-0.206936
0.121463
-0.212282
0.11727
-0.21656
0.11188
-0.21963
0.105495
-0.221426
0.0982989
-0.221927
0.0904516
-0.22114
0.0820893
-0.219115
0.0733516
-0.215975
0.064413
-0.21202
0.0555012
-0.207633
0.0468742
-0.203156
0.0386305
-0.198461
0.0305599
-0.192804
0.0221195
-0.184885
0.0122455
-0.174437
0.000862907
-0.165735
-0.010214
-0.161023
-0.0199641
-0.15995
-0.0283644
-0.156751
-0.0358582
-0.149602
-0.0428767
-0.141679
-0.0495665
-0.134907
-0.055922
-0.129377
-0.061899
-0.124776
-0.0674674
-0.120923
-0.0726027
-0.117808
-0.0773329
-0.115422
-0.0816424
-0.113858
-0.0854995
-0.113134
-0.0888627
-0.113274
-0.0917003
-0.114359
-0.0940271
-0.116567
-0.0959458
-0.120076
-0.0976085
-0.124943
-0.0990553
-0.13112
-0.138757
-0.100012
0.142257
-0.180326
-0.133259
0.148728
-0.189327
0.152672
-0.197989
0.154205
-0.205998
0.15346
-0.213148
0.150606
-0.219246
0.145867
-0.224109
0.139498
-0.227607
0.131757
-0.229665
0.122892
-0.230248
0.113125
-0.229347
0.102655
-0.227
0.0916781
-0.223349
0.0804
-0.218727
0.0691141
-0.21363
0.0580906
-0.20841
0.0474504
-0.202819
0.0370013
-0.195831
0.0262846
-0.185912
0.014253
-0.172236
0.000658572
-0.159909
-0.012647
-0.153304
-0.0245391
-0.15137
-0.0349818
-0.147282
-0.044367
-0.138816
-0.0530742
-0.129187
-0.0612549
-0.120577
-0.0689029
-0.113259
-0.0759714
-0.106991
-0.0824177
-0.101614
-0.0882185
-0.0971274
-0.0933664
-0.0935355
-0.0978501
-0.0909641
-0.101631
-0.0894862
-0.104667
-0.0891571
-0.106913
-0.0900902
-0.108366
-0.0924452
-0.109091
-0.0963578
-0.109194
-0.101866
-0.108741
-0.108982
-0.117884
-0.107782
0.169894
-0.182054
-0.15857
0.177982
-0.191934
0.182895
-0.201367
0.184793
-0.210064
0.183883
-0.217811
0.180411
-0.224405
0.174665
-0.229668
0.166953
-0.23347
0.157585
-0.235725
0.14686
-0.236379
0.135055
-0.235409
0.122424
-0.232843
0.109216
-0.228836
0.095661
-0.223722
0.0821051
-0.218144
0.0687952
-0.212377
0.0558487
-0.206077
0.0430826
-0.197946
0.0301146
-0.186278
0.0159685
-0.169683
0.000309507
-0.153935
-0.0150286
-0.145601
-0.0288755
-0.142994
-0.041235
-0.138136
-0.052427
-0.128512
-0.0627769
-0.117356
-0.0724234
-0.107056
-0.0813631
-0.0980528
-0.0895489
-0.0901706
-0.0969345
-0.0832737
-0.103495
-0.0773646
-0.109202
-0.0724774
-0.11404
-0.068749
-0.117965
-0.0663102
-0.120923
-0.0652543
-0.12287
-0.0657099
-0.123798
-0.0678328
-0.123741
-0.0717401
-0.12276
-0.077474
-0.120911
-0.0850755
-0.0946683
-0.11833
0.201707
-0.183187
-0.18927
0.210325
-0.193494
0.215268
-0.203334
0.216749
-0.212418
0.215034
-0.220527
0.210432
-0.227452
0.20328
-0.23301
0.19393
-0.237059
0.182728
-0.239492
0.170008
-0.240243
0.156093
-0.239279
0.141288
-0.236623
0.125888
-0.232437
0.110171
-0.227057
0.0944677
-0.221206
0.0790031
-0.21508
0.063854
-0.208212
0.0488789
-0.199115
0.0336865
-0.185859
0.0174464
-0.166643
-0.000170903
-0.147765
-0.0173695
-0.13794
-0.0329931
-0.134864
-0.0471177
-0.129349
-0.0600171
-0.1187
-0.0719471
-0.106187
-0.0830251
-0.0943586
-0.0932469
-0.0837934
-0.102567
-0.074377
-0.110939
-0.0659935
-0.118337
-0.0586479
-0.124728
-0.0524012
-0.13008
-0.0474125
-0.13435
-0.04385
-0.137476
-0.0418478
-0.139408
-0.0415543
-0.140128
-0.0431191
-0.139655
-0.0466495
-0.138022
-0.0522055
-0.135276
-0.0598436
-0.0696496
-0.131529
0.236691
-0.18291
-0.224326
0.244839
-0.193345
0.248971
-0.203357
0.249354
-0.21265
0.246294
-0.220991
0.240141
-0.228166
0.231271
-0.233981
0.220061
-0.238271
0.206883
-0.240912
0.192099
-0.241821
0.176065
-0.240964
0.159129
-0.238367
0.141622
-0.23419
0.123889
-0.228806
0.106184
-0.222867
0.0887014
-0.216537
0.0714547
-0.209196
0.0543587
-0.19928
0.0369707
-0.184531
0.0186557
-0.162976
-0.000823074
-0.141335
-0.0196863
-0.130361
-0.0368977
-0.127026
-0.0526287
-0.120949
-0.0671189
-0.109386
-0.0805469
-0.0956835
-0.0930014
-0.0824936
-0.104474
-0.0705083
-0.114922
-0.059661
-0.124304
-0.049853
-0.132593
-0.0410896
-0.139754
-0.0334577
-0.145746
-0.0271431
-0.150524
-0.0223407
-0.154023
-0.0192229
-0.156191
-0.0179553
-0.157002
-0.0186844
-0.156458
-0.0215182
-0.154573
-0.0265355
-0.151383
-0.0337985
-0.0433569
-0.146993
0.273753
-0.180567
-0.262492
0.280576
-0.190973
0.2832
-0.201039
0.281922
-0.210462
0.277078
-0.218989
0.269045
-0.2264
0.258219
-0.232488
0.244998
-0.237065
0.22977
-0.239982
0.212917
-0.241146
0.194817
-0.240524
0.175851
-0.238152
0.156385
-0.234193
0.136778
-0.229032
0.117232
-0.223189
0.0978819
-0.216782
0.0786465
-0.209001
0.0594762
-0.198341
0.0398785
-0.182119
0.0195099
-0.158539
-0.00169922
-0.134612
-0.0220088
-0.12292
-0.0406021
-0.119528
-0.0577789
-0.112954
-0.0737307
-0.100576
-0.0885601
-0.085841
-0.102317
-0.0714657
-0.114989
-0.0582164
-0.126539
-0.0460624
-0.13693
-0.0349169
-0.146141
-0.0247828
-0.154134
-0.0157774
-0.160863
-0.00811097
-0.166279
-0.00200143
-0.170318
0.00234853
-0.172928
0.00475979
-0.174082
0.00508769
-0.17377
0.00321491
-0.171991
-0.000955237
-0.168768
-0.00748974
-0.016394
-0.164201
0.311758
-0.175674
-0.302453
0.316563
-0.186013
0.317122
-0.196112
0.313745
-0.20566
0.306789
-0.214396
0.296641
-0.222088
0.28371
-0.228513
0.268404
-0.233459
0.251121
-0.236757
0.232257
-0.238303
0.212206
-0.238068
0.191365
-0.2361
0.170119
-0.232567
0.148801
-0.227818
0.127597
-0.222251
0.106524
-0.215837
0.0854069
-0.207599
0.0641533
-0.196136
0.0423244
-0.178444
0.0199267
-0.15319
-0.0028614
-0.127577
-0.0243745
-0.115691
-0.0441351
-0.112423
-0.062594
-0.105375
-0.0798733
-0.0922657
-0.0959891
-0.0766572
-0.110952
-0.0612801
-0.124751
-0.0469329
-0.137353
-0.0336117
-0.148733
-0.0212335
-0.158872
-0.00980438
-0.167728
0.000526489
-0.175255
0.00952931
-0.181401
0.0169668
-0.186108
0.0226148
-0.189329
0.0262841
-0.191032
0.0278244
-0.191196
0.0271085
-0.189819
0.0240285
-0.186925
0.0185208
0.0105993
-0.18259
0.349533
-0.167929
-0.342837
0.351798
-0.17825
0.349884
-0.188433
0.344108
-0.198169
0.334829
-0.20719
0.322439
-0.21525
0.307347
-0.222111
0.289964
-0.227541
0.270695
-0.23135
0.249941
-0.233428
0.228105
-0.23375
0.205586
-0.23237
0.182765
-0.229452
0.159946
-0.225288
0.137251
-0.220115
0.114562
-0.213687
0.0916814
-0.204968
0.0682845
-0.192456
0.0442335
-0.173352
0.0198242
-0.146778
-0.004376
-0.120225
-0.0268194
-0.108775
-0.0475468
-0.105741
-0.0671322
-0.0982053
-0.0856008
-0.0844428
-0.102871
-0.0681303
-0.118921
-0.0519451
-0.133745
-0.0366747
-0.147323
-0.0223357
-0.159645
-0.00884179
-0.170691
0.00378469
-0.180415
0.015361
-0.188767
0.0256442
-0.195699
0.034385
-0.201162
0.0413477
-0.205115
0.0463318
-0.207523
0.0491759
-0.208361
0.0497439
-0.207627
0.0479247
-0.205349
0.043661
0.0369718
-0.201587
0.385868
-0.157216
-0.382223
0.385257
-0.167629
0.380629
-0.178
0.372297
-0.188033
0.360616
-0.197452
0.345971
-0.205998
0.328763
-0.213418
0.309397
-0.219463
0.288281
-0.223932
0.265818
-0.226706
0.242408
-0.227759
0.218441
-0.227145
0.194275
-0.225011
0.170165
-0.221563
0.14614
-0.216836
0.121947
-0.210318
0.0972965
-0.200966
0.0717299
-0.187123
0.0454787
-0.166706
0.0191154
-0.139193
-0.00627548
-0.112605
-0.0293913
-0.102253
-0.0509152
-0.0994784
-0.071491
-0.0914112
-0.0910078
-0.0770873
-0.109281
-0.0602635
-0.126269
-0.0434785
-0.141986
-0.0274681
-0.156439
-0.012258
-0.169638
0.00223506
-0.181541
0.0159346
-0.192095
0.0286402
-0.201261
0.0401143
-0.208997
0.0500988
-0.215264
0.0583464
-0.220024
0.0646459
-0.223244
0.0688237
-0.224899
0.0707344
-0.224988
0.0702684
-0.223541
0.067376
0.0620767
-0.220611
0.419543
-0.143618
-0.419154
0.415923
-0.154264
0.408523
-0.16496
0.397638
-0.175423
0.383612
-0.185373
0.366815
-0.194538
0.347631
-0.202649
0.32646
-0.209448
0.303703
-0.214725
0.279761
-0.218358
0.255023
-0.220308
0.229861
-0.220624
0.20459
-0.21941
0.179396
-0.216759
0.154172
-0.212435
0.128544
-0.205678
0.102047
-0.195375
0.0743555
-0.180035
0.0459287
-0.158371
0.0177289
-0.130385
-0.00855651
-0.104838
-0.0321332
-0.0961614
-0.054345
-0.093567
-0.0758059
-0.084923
-0.096227
-0.0701741
-0.115334
-0.0530665
-0.133092
-0.0359027
-0.149543
-0.0193431
-0.16475
-0.00339486
-0.178708
0.011956
-0.191363
0.0265797
-0.202678
0.0402922
-0.212618
0.0528491
-0.221144
0.0639825
-0.228219
0.0734393
-0.233812
0.0810003
-0.237895
0.0864801
-0.240447
0.0897264
-0.241472
0.0906319
-0.240998
0.0891505
0.0853047
-0.239079
0.449391
-0.127425
-0.452212
0.442851
-0.138448
0.432804
-0.149611
0.419528
-0.160639
0.403346
-0.171249
0.384607
-0.181158
0.363681
-0.190086
0.340953
-0.197769
0.316817
-0.203994
0.291666
-0.208634
0.265868
-0.211627
0.239776
-0.213014
0.213638
-0.212812
0.187548
-0.21097
0.161221
-0.2069
0.13415
-0.199637
0.105778
-0.188036
0.0759531
-0.171035
0.0454349
-0.148274
0.0156267
-0.120418
-0.0111795
-0.0971288
-0.0350775
-0.0904634
-0.0579641
-0.0878409
-0.0802401
-0.078632
-0.101417
-0.0636756
-0.12117
-0.0465565
-0.1395
-0.0292545
-0.156526
-0.0123124
-0.172324
0.00422046
-0.186871
0.0202556
-0.200151
0.0356706
-0.212129
0.0502614
-0.222764
0.0637692
-0.232016
0.0759269
-0.239857
0.0864787
-0.246258
0.0951999
-0.251197
0.101895
-0.254663
0.106407
-0.256663
0.10863
-0.257229
0.10852
0.106103
-0.256417
0.474406
-0.109118
-0.480151
0.465234
-0.120633
0.452838
-0.132381
0.437473
-0.144085
0.41944
-0.155463
0.399064
-0.166216
0.376701
-0.176066
0.352722
-0.184742
0.327513
-0.192036
0.301452
-0.197805
0.274883
-0.201957
0.24813
-0.204522
0.221333
-0.205345
0.194491
-0.204249
0.167084
-0.200148
0.138535
-0.192039
0.108249
-0.178777
0.0762974
-0.159987
0.0438893
-0.136466
0.0128229
-0.109481
-0.0140673
-0.0897442
-0.0382776
-0.0849938
-0.0619308
-0.0820299
-0.0849791
-0.0724005
-0.106771
-0.0575514
-0.126986
-0.0407406
-0.145705
-0.023545
-0.163104
-0.00641409
-0.179246
0.0104905
-0.194194
0.0270801
-0.207936
0.0431567
-0.220433
0.058488
-0.231638
0.0728037
-0.241515
0.085842
-0.250032
0.0973428
-0.257166
0.107083
-0.262899
0.114856
-0.267231
0.120509
-0.270174
0.12393
-0.271766
0.125078
0.123978
-0.272061
0.493822
-0.0893039
-0.502027
0.482474
-0.101391
0.468164
-0.113798
0.451122
-0.126244
0.431623
-0.138449
0.409982
-0.150113
0.386535
-0.160952
0.361658
-0.170713
0.335709
-0.179159
0.309073
-0.186166
0.28203
-0.191544
0.254896
-0.195359
0.227565
-0.197054
0.200076
-0.196608
0.171443
-0.191927
0.141459
-0.182808
0.109165
-0.167376
0.0752387
-0.146907
0.0413431
-0.1232
0.00939632
-0.0977946
-0.0172051
-0.0828932
-0.0419342
-0.0793748
-0.0665098
-0.0758016
-0.0902183
-0.0661596
-0.112445
-0.0517996
-0.132878
-0.0356777
-0.151763
-0.0188164
-0.169256
-0.00174988
-0.185563
0.0154062
-0.200718
0.0323931
-0.214736
0.0489959
-0.22757
0.0649151
-0.239191
0.0798969
-0.249546
0.0936526
-0.258614
0.105942
-0.266362
0.116524
-0.272783
0.125203
-0.277877
0.131818
-0.281661
0.136257
-0.284175
0.138478
0.1385
-0.285476
0.507129
-0.0686948
-0.517168
0.49421
-0.0813947
0.478464
-0.0943906
0.46026
-0.107667
0.439683
-0.120614
0.417238
-0.133316
0.393051
-0.14508
0.367703
-0.156088
0.341329
-0.165644
0.314508
-0.174064
0.287223
-0.180559
0.260018
-0.185768
0.232103
-0.187808
0.204155
-0.188141
0.173871
-0.181711
0.142811
-0.172195
0.108333
-0.153535
0.0729172
-0.132146
0.0381469
-0.108949
0.00543454
-0.0853239
-0.0209823
-0.0763129
-0.0466276
-0.0730425
-0.0722076
-0.0689006
-0.0961834
-0.0601234
-0.118717
-0.0463643
-0.139046
-0.0315045
-0.157904
-0.0150715
-0.175199
0.0015747
-0.191488
0.0189693
-0.206554
0.03608
-0.220683
0.0531926
-0.233615
0.0694632
-0.245511
0.0850539
-0.256141
0.09928
-0.265631
0.112249
-0.273806
0.12341
-0.280777
0.132838
-0.286441
0.140142
-0.290927
0.145424
-0.294165
0.148421
0.149371
-0.296329
0.513889
-0.525249
0.500136
0.483436
0.464696
0.443466
0.420774
0.396215
0.370865
0.344379
0.317725
0.290381
0.263194
0.234709
0.20635
0.174356
0.142508
0.106234
0.0700042
0.0344725
0.00104276
-0.0262576
-0.0528846
-0.079223
-0.103019
-0.125364
-0.145273
-0.164061
-0.180827
-0.197027
-0.211556
-0.225731
-0.238301
-0.250492
-0.260928
-0.270918
-0.279017
-0.28664
-0.292331
-0.297585
-0.300992
-0.304063
-0.177652
-0.28021
-0.190297
-0.273968
-0.197089
-0.264807
-0.198031
-0.253385
-0.193279
-0.240016
-0.183216
-0.225134
-0.168439
-0.209195
-0.149748
-0.192658
-0.128126
-0.175982
-0.104709
-0.159631
-0.0807553
-0.144063
-0.0576054
-0.129737
-0.0365938
-0.117129
-0.0190994
-0.106505
-0.00627982
-0.0981112
0.00137678
-0.0922096
-0.0828376
-0.174301
-0.25711
-0.186754
-0.251673
-0.194028
-0.243969
-0.196028
-0.234333
-0.192857
-0.222994
-0.184791
-0.210313
-0.172292
-0.196652
-0.155986
-0.182379
-0.136658
-0.167854
-0.115226
-0.153445
-0.0927349
-0.139503
-0.0702943
-0.126416
-0.0490811
-0.114571
-0.030364
-0.104092
-0.0151158
-0.0954552
-0.00451108
-0.0886368
-0.0772974
-0.168913
-0.233817
-0.181253
-0.229609
-0.18892
-0.223251
-0.191843
-0.215209
-0.190073
-0.205677
-0.183809
-0.194952
-0.173394
-0.183329
-0.159312
-0.171099
-0.142175
-0.158548
-0.12272
-0.14596
-0.101788
-0.133602
-0.0802882
-0.121808
-0.0592276
-0.110854
-0.0396665
-0.100792
-0.0225429
-0.0921771
-0.00901183
-0.0847142
-0.0722232
-0.16192
-0.211708
-0.174011
-0.208126
-0.181979
-0.202921
-0.185695
-0.196287
-0.185162
-0.188356
-0.18051
-0.179367
-0.171989
-0.169555
-0.159963
-0.159157
-0.144899
-0.148403
-0.127372
-0.137506
-0.108047
-0.126671
-0.0876635
-0.116178
-0.0670628
-0.1062
-0.0471037
-0.0967669
-0.0286506
-0.0884081
-0.012736
-0.080627
-0.0675925
-0.153296
-0.189935
-0.165189
-0.18735
-0.173383
-0.1832
-0.177763
-0.177817
-0.178301
-0.171303
-0.175073
-0.163849
-0.168253
-0.155643
-0.158106
-0.146879
-0.144982
-0.137745
-0.129319
-0.128401
-0.111629
-0.119009
-0.0924975
-0.109795
-0.0726046
-0.100851
-0.0526529
-0.0921856
-0.0333863
-0.0842823
-0.0156924
-0.0764854
-0.0633978
-0.1435
-0.169743
-0.155053
-0.167569
-0.16337
-0.164304
-0.168292
-0.160013
-0.169749
-0.154749
-0.16777
-0.148653
-0.162465
-0.141872
-0.154019
-0.134563
-0.142691
-0.126882
-0.128804
-0.118952
-0.112744
-0.110906
-0.0949635
-0.102924
-0.075995
-0.0950336
-0.0563936
-0.0872326
-0.0367874
-0.0799349
-0.0179257
-0.0723602
-0.0596588
-0.132571
-0.150326
-0.143793
-0.148882
-0.152156
-0.146395
-0.157503
-0.143054
-0.15974
-0.138888
-0.158853
-0.13399
-0.154894
-0.128473
-0.147986
-0.122463
-0.13831
-0.116085
-0.1261
-0.109438
-0.11164
-0.102634
-0.0952696
-0.0958171
-0.0773959
-0.0889687
-0.0584356
-0.0820907
-0.0389171
-0.075495
-0.0194451
-0.0683294
-0.0563684
-0.120982
-0.132819
-0.1317
-0.131534
-0.139983
-0.129649
-0.145631
-0.1271
-0.148513
-0.123878
-0.148571
-0.12003
-0.145812
-0.115633
-0.140295
-0.110784
-0.132139
-0.105579
-0.121506
-0.100095
-0.108597
-0.0944354
-0.0936677
-0.0887051
-0.0770116
-0.082868
-0.0589289
-0.0769369
-0.0398685
-0.0710873
-0.0202728
-0.0644832
-0.0534891
-0.108881
-0.116543
-0.119016
-0.11565
-0.127092
-0.114214
-0.132899
-0.112299
-0.136283
-0.109862
-0.137146
-0.106914
-0.135445
-0.103497
-0.131192
-0.0996808
-0.124443
-0.0955331
-0.115299
-0.0911114
-0.103896
-0.0865035
-0.0904185
-0.0817834
-0.0750695
-0.0769176
-0.0580579
-0.0719279
-0.0397445
-0.0668521
-0.0204649
-0.060892
-0.0509762
-0.0967304
-0.102351
-0.106095
-0.10143
-0.113776
-0.100274
-0.119568
-0.0988064
-0.123281
-0.0969847
-0.124787
-0.0947757
-0.123998
-0.0921943
-0.12088
-0.0892781
-0.115438
-0.0860712
-0.10771
-0.0826166
-0.0977741
-0.0789783
-0.0857566
-0.0752011
-0.0717905
-0.0712594
-0.0560174
-0.0671826
-0.0386934
-0.0629082
-0.0200997
-0.0576254
-0.048792
-0.0848253
-0.0898848
-0.0932941
-0.0889885
-0.100403
-0.0879791
-0.105954
-0.0868076
-0.109785
-0.0854114
-0.111734
-0.0837656
-0.11168
-0.0818586
-0.109548
-0.0796963
-0.105297
-0.0773004
-0.0989155
-0.0747018
-0.0904214
-0.0719472
-0.079881
-0.0690482
-0.0673699
-0.065984
-0.0529732
-0.0627883
-0.0368667
-0.059321
-0.0192664
-0.0547435
-0.0469138
-0.0735481
-0.0793802
-0.0809922
-0.078425
-0.0873593
-0.0774531
-0.0924773
-0.0764392
-0.0961802
-0.075323
-0.0983216
-0.0740689
-0.0987778
-0.0726523
-0.0974432
-0.0710713
-0.0942323
-0.0693383
-0.0890905
-0.0674648
-0.0819946
-0.0654771
-0.072945
-0.0633754
-0.0619544
-0.0611384
-0.049064
-0.0587829
-0.0343828
-0.0561128
-0.0180635
-0.052257
-0.0453432
-0.0630922
-0.0706673
-0.0695334
-0.0696738
-0.0750545
-0.068743
-0.0795552
-0.0678161
-0.0829211
-0.0668529
-0.0850233
-0.0658386
-0.0857264
-0.064762
-0.0849251
-0.0635992
-0.0825347
-0.0623495
-0.0784768
-0.0610271
-0.0726854
-0.0596549
-0.0650949
-0.0582421
-0.0556508
-0.0567654
-0.0443751
-0.0551754
-0.0312954
-0.0532797
-0.0165337
-0.0501228
-0.0440539
-0.0535392
-0.0636839
-0.0589778
-0.0626829
-0.0636727
-0.0617642
-0.0675247
-0.0608949
-0.0704257
-0.0600468
-0.0722822
-0.0591955
-0.0730081
-0.058327
-0.0725059
-0.0574345
-0.0706869
-0.0565143
-0.0674652
-0.0555842
-0.0627702
-0.0546585
-0.0565241
-0.053761
-0.0486345
-0.0528901
-0.0390548
-0.0519586
-0.0277094
-0.0508109
-0.0146979
-0.0483241
-0.0429758
-0.0454151
-0.0583794
-0.0497898
-0.057459
-0.0535315
-0.0565779
-0.0566053
-0.0557293
-0.0589404
-0.0549235
-0.0604458
-0.0541586
-0.0610356
-0.0534192
-0.0606277
-0.0526984
-0.059145
-0.0519916
-0.0565282
-0.0513036
-0.0527098
-0.0506616
-0.0476207
-0.0500962
-0.0411755
-0.049628
-0.0332824
-0.0491818
-0.0238937
-0.048564
-0.012679
-0.046941
-0.0421045
-0.0381623
-0.0543755
-0.0417901
-0.053634
-0.0448023
-0.052899
-0.0471792
-0.0521681
-0.0489011
-0.0514528
-0.0499378
-0.0507638
-0.0502418
-0.050105
-0.0497597
-0.0494776
-0.0484294
-0.0488888
-0.0461954
-0.0483398
-0.0430088
-0.0478545
-0.0388192
-0.0474688
-0.0335754
-0.0472083
-0.0272057
-0.0470223
-0.0196746
-0.0466858
-0.0104708
-0.0458456
-0.0413813
-0.0316336
-0.051627
-0.0345701
-0.0511098
-0.0369749
-0.0505533
-0.038823
-0.0499829
-0.0400921
-0.0494079
-0.040759
-0.0488409
-0.0407968
-0.0482909
-0.0401768
-0.047762
-0.0388743
-0.0472594
-0.0368579
-0.0467929
-0.0341037
-0.0463813
-0.0305905
-0.04606
-0.0262997
-0.045855
-0.0211903
-0.0457407
-0.0151913
-0.0455256
-0.00819056
-0.0449007
-0.0408252
-0.0253322
-0.0501885
-0.0276263
-0.0498079
-0.0294969
-0.0494298
-0.0309055
-0.0490392
-0.0318255
-0.0486337
-0.0322355
-0.0482209
-0.0321155
-0.0478092
-0.031446
-0.0474026
-0.0302108
-0.0470044
-0.0283984
-0.0466206
-0.0260045
-0.0462641
-0.0230407
-0.0459561
-0.0195276
-0.0457153
-0.0154772
-0.0455264
-0.0109123
-0.0451894
-0.00594811
-0.0443049
-0.0405346
-0.019227
-0.0500093
-0.0207895
-0.0498043
-0.0220545
-0.0495796
-0.0229975
-0.0493364
-0.0235867
-0.0490794
-0.0237915
-0.0488148
-0.0235875
-0.0485451
-0.0229548
-0.04827
-0.0218794
-0.0479875
-0.0203548
-0.0476964
-0.0183869
-0.0473981
-0.0160009
-0.047095
-0.013249
-0.0467801
-0.0102033
-0.046419
-0.00695081
-0.0457981
-0.0036975
-0.0444004
-0.0405382
-0.0135638
-0.0514224
-0.0142209
-0.0512787
-0.014729
-0.0511541
-0.0150582
-0.0510169
-0.0151903
-0.0508601
-0.0151077
-0.0506888
-0.0147911
-0.0505073
-0.0142201
-0.0503164
-0.0133765
-0.0501117
-0.0122486
-0.0498856
-0.0108366
-0.0496281
-0.00916065
-0.0493216
-0.00727311
-0.0489274
-0.00527669
-0.0483612
-0.00328115
-0.0474027
-0.00154052
-0.0453913
-0.0409488
-0.00756636
-0.054151
-0.00737137
-0.0542045
-0.0070961
-0.0542011
-0.00675773
-0.0541508
-0.00636109
-0.0540588
-0.00590666
-0.0539342
-0.00539295
-0.0537828
-0.00481859
-0.0536052
-0.00418156
-0.0533973
-0.00348062
-0.0531506
-0.0027164
-0.052853
-0.001892
-0.0524843
-0.00103528
-0.0519809
-0.000223973
-0.0512086
0.000430734
-0.0499137
0.000589318
-0.0472071
-0.0417986
-0.00201168
-0.0589105
-0.000645273
-0.0589479
0.000609674
-0.0589592
0.00176815
-0.0589286
0.00282173
-0.0588371
0.00375205
-0.0586835
0.00453968
-0.0584723
0.00516592
-0.0582042
0.00561578
-0.0578784
0.00587896
-0.0574908
0.00594726
-0.0570308
0.00580837
-0.0564737
0.00546327
-0.0557686
0.00488964
-0.0547577
0.00402924
-0.0531507
0.00257839
-0.0498129
-0.0432198
0.0036409
-0.0651074
0.00598325
-0.0653787
0.00820901
-0.0654814
0.0102399
-0.06546
0.0120222
-0.0653197
0.01351
-0.0650667
0.0146593
-0.0647065
0.0154259
-0.0642395
0.0157673
-0.0636658
0.0156466
-0.0629859
0.0150357
-0.0621976
0.0139102
-0.0612792
0.0122747
-0.0602077
0.0101555
-0.0588466
0.00758684
-0.0569123
0.00443898
-0.0531053
-0.0453182
0.00856493
-0.0736828
0.0121867
-0.0738813
0.0154843
-0.0739461
0.0184433
-0.0738745
0.0210056
-0.0736271
0.0231018
-0.0731985
0.0246646
-0.0725956
0.0256273
-0.0718187
0.0259239
-0.0708673
0.0254902
-0.0697432
0.0242687
-0.0684498
0.0222216
-0.066984
0.0193322
-0.0653428
0.0156299
-0.0634346
0.0112322
-0.0610625
0.00621596
-0.0568852
-0.048136
0.013292
-0.0838703
0.0179693
-0.0843235
0.0223258
-0.0844288
0.0262308
-0.084274
0.0295916
-0.0838573
0.0323169
-0.0831736
0.0343163
-0.0822299
0.0355024
-0.0810284
0.0357905
-0.0795701
0.0350996
-0.0778594
0.0333541
-0.0759037
0.0304877
-0.0737077
0.0264544
-0.0712874
0.0212545
-0.0685955
0.0150294
-0.0655747
0.00798758
-0.0609493
-0.0516128
0.0172173
-0.0966877
0.0231853
-0.0970359
0.0286427
-0.0970637
0.0335141
-0.0967673
0.0376882
-0.096108
0.0410528
-0.0950786
0.0435001
-0.0936894
0.0449255
-0.0919443
0.0452286
-0.089847
0.0443147
-0.0874059
0.0420961
-0.0846338
0.0384939
-0.081542
0.0334406
-0.0781559
0.0269047
-0.0744626
0.0189543
-0.0705017
0.0098855
-0.0652236
-0.055525
0.0207985
-0.111365
0.0278937
-0.111948
0.034449
-0.111937
0.0402919
-0.111443
0.0452854
-0.110463
0.0492979
-0.108992
0.0522018
-0.107044
0.0538758
-0.104627
0.0542054
-0.101748
0.0530849
-0.0984232
0.0504183
-0.0946728
0.0461217
-0.0905173
0.0401218
-0.0859905
0.032371
-0.0811023
0.0228682
-0.0759364
0.0118954
-0.0697232
-0.0596224
0.0236004
-0.128881
0.0320126
-0.129328
0.0397137
-0.129171
0.0465634
-0.128408
0.0524022
-0.127012
0.0570794
-0.124987
0.0604508
-0.12235
0.0623791
-0.119113
0.0627368
-0.115292
0.0614091
-0.110912
0.0582955
-0.106003
0.0533127
-0.100602
0.0463933
-0.0947541
0.0374925
-0.0884887
0.0265869
-0.0819076
0.013889
-0.074474
-0.0637333
0.02593
-0.148524
0.0355803
-0.149158
0.0444569
-0.148851
0.0523423
-0.147737
0.059053
-0.14582
0.0644145
-0.143111
0.0682613
-0.139631
0.0704405
-0.135403
0.0708143
-0.130454
0.0692624
-0.124821
0.0656845
-0.118554
0.0600036
-0.111705
0.0521668
-0.104342
0.0421484
-0.0965163
0.0299452
-0.0883494
0.0157136
-0.0794601
-0.0677799
0.0274914
-0.17116
0.0385246
-0.171609
0.0486298
-0.171051
0.0575974
-0.16949
0.0652122
-0.166925
0.0712733
-0.163373
0.0755942
-0.158867
0.0780073
-0.153444
0.0783684
-0.14715
0.0765577
-0.140041
0.0724824
-0.132189
0.0660813
-0.123674
0.0573259
-0.114592
0.0462216
-0.105023
0.0328125
-0.0951227
0.0172476
-0.0846111
-0.0717398
0.0284184
-0.196077
0.0408144
-0.196646
0.0521912
-0.195792
0.0622724
-0.193671
0.0708105
-0.190306
0.0775735
-0.185723
0.0823521
-0.179974
0.0849663
-0.173118
0.0852696
-0.165228
0.0831505
-0.156391
0.0785338
-0.146709
0.0713863
-0.136297
0.0617161
-0.125287
0.0495793
-0.113804
0.0350773
-0.102043
0.0184039
-0.0898114
-0.0756054
0.028508
-0.223996
0.0423647
-0.224301
0.0550516
-0.223041
0.0662741
-0.220227
0.0757418
-0.215877
0.0831917
-0.210042
0.0883941
-0.202796
0.0911598
-0.194234
0.0913456
-0.184465
0.0888565
-0.17362
0.0836481
-0.161842
0.0757291
-0.149294
0.065162
-0.136157
0.0520719
-0.12261
0.036631
-0.108893
0.0191151
-0.0949123
-0.079361
0.0277637
-0.254116
0.0430806
-0.254453
0.0571099
-0.252699
0.0694846
-0.249027
0.0798736
-0.24348
0.0879812
-0.236133
0.0935582
-0.227101
0.0964105
-0.216521
0.0964052
-0.204559
0.0934747
-0.191398
0.0876193
-0.177245
0.0789069
-0.162322
0.0674753
-0.146871
0.0535371
-0.131145
0.0373595
-0.11543
0.0193251
-0.099748
-0.0829717
0.0260562
-0.286994
0.0428815
-0.286959
0.05826
-0.28458
0.071783
-0.279864
0.0830677
-0.272871
0.0917861
-0.263719
0.0976722
-0.252573
0.100532
-0.239632
0.100251
-0.225128
0.0968013
-0.209324
0.0902428
-0.192504
0.080723
-0.174971
0.0684756
-0.157046
0.0538208
-0.139064
0.0371468
-0.121377
0.0189741
-0.104135
-0.086391
0.0233326
-0.321686
0.0416676
-0.321568
0.0584079
-0.318432
0.073065
-0.312453
0.0852074
-0.303731
0.0944735
-0.29244
0.100584
-0.278813
0.103353
-0.263129
0.102697
-0.245711
0.0986416
-0.226917
0.0913238
-0.207135
0.0809902
-0.186771
0.0679931
-0.166244
0.052786
-0.145988
0.035905
-0.126435
0.0180219
-0.107873
-0.0895494
0.0195349
-0.358556
0.0393839
-0.357956
0.0574695
-0.353909
0.0732365
-0.346431
0.0861905
-0.335665
0.0959334
-0.321863
0.102174
-0.305348
0.104743
-0.286502
0.103599
-0.265766
0.0988408
-0.243623
0.0907019
-0.220587
0.0795504
-0.19719
0.0658807
-0.173976
0.0503044
-0.151492
0.0335297
-0.130271
0.016405
-0.110744
-0.0923902
0.0146027
-0.39651
0.0359543
-0.395721
0.0553717
-0.390601
0.0722084
-0.381357
0.0859126
-0.368203
0.0960478
-0.351482
0.102314
-0.331633
0.104565
-0.309174
0.102816
-0.284693
0.0972536
-0.258827
0.0882293
-0.232248
0.0762587
-0.205646
0.0620075
-0.179714
0.0462728
-0.155131
0.0299586
-0.132545
0.0141084
-0.112539
-0.0948376
0.00858279
-0.435696
0.0313872
-0.434359
0.0520867
-0.428005
0.0699356
-0.416717
0.0843085
-0.400798
0.0947289
-0.380716
0.100892
-0.357054
0.102683
-0.330498
0.10019
-0.301822
0.0937074
-0.271855
0.0837304
-0.241462
0.0709462
-0.211521
0.0562192
-0.182905
0.0405648
-0.156453
0.0251158
-0.132941
0.0111062
-0.113073
-0.0968282
0.00147368
-0.47494
0.0257006
-0.473334
0.0476417
-0.465577
0.0664406
-0.451945
0.0813948
-0.43286
0.0919835
-0.408937
0.0978989
-0.380942
0.0990702
-0.349774
0.0956742
-0.316433
0.0881367
-0.281985
0.0771257
-0.247531
0.0635367
-0.214177
0.0484642
-0.183002
0.033162
-0.155021
0.0189987
-0.131147
0.00740671
-0.112176
-0.0983015
-0.00659051
-0.514169
0.0189826
-0.512022
0.0421041
-0.502714
0.0617908
-0.486444
0.0772421
-0.46377
0.0878864
-0.435495
0.0934147
-0.402614
0.093808
-0.366285
0.0893499
-0.32779
0.0806256
-0.288486
0.0685079
-0.249757
0.0541353
-0.212982
0.0388689
-0.179479
0.024226
-0.150443
0.0117948
-0.126894
0.00313101
-0.109634
-0.0991141
-0.28528
0.147753
0.289438
-0.280358
0.149267
-0.274156
0.14891
-0.267039
0.146268
-0.25867
0.141593
-0.249312
0.134665
-0.238772
0.125743
-0.227225
0.114807
-0.214587
0.10212
-0.200961
0.0878119
-0.186321
0.0721567
-0.170719
0.055388
-0.154159
0.0377841
-0.136661
0.0196374
-0.118236
0.00121991
-0.0988825
-0.0171605
-0.0786204
-0.0352397
-0.0574288
-0.0527459
-0.0353265
-0.0694343
-0.0122937
-0.085078
0.011646
-0.0994727
0.0364979
-0.11244
0.062219
-0.123827
0.0887748
-0.133513
0.116103
-0.141404
0.144118
-0.147438
0.172715
-0.151583
0.201749
-0.153844
0.231064
-0.154255
0.260448
-0.152881
0.289698
-0.149824
0.318537
-0.145208
0.346732
-0.139192
0.373946
-0.131951
0.399951
-0.123689
0.42436
-0.114615
0.447004
-0.104959
0.467455
-0.0949458
0.485675
-0.0847995
0.501189
-0.0747363
-0.0649591
-0.28556
0.135319
0.289286
-0.280838
0.137841
-0.274933
0.138324
-0.26795
0.136625
-0.259779
0.132758
-0.250499
0.126675
-0.240069
0.118496
-0.228548
0.108289
-0.215937
0.096248
-0.202278
0.0825363
-0.187591
0.0674022
-0.171904
0.0510806
-0.155246
0.0338521
-0.137629
0.0159902
-0.119077
-0.00221788
-0.0995918
-0.0204905
-0.0791787
-0.0385549
-0.0578366
-0.0561485
-0.0355656
-0.0730263
-0.0123676
-0.0889629
0.0117502
-0.103754
0.0367721
-0.11722
0.0626712
-0.129207
0.0894022
-0.139589
0.116901
-0.148266
0.145081
-0.15517
0.173828
-0.160262
0.203
-0.163534
0.232424
-0.165009
0.261898
-0.164741
0.291189
-0.162815
0.320042
-0.159342
0.348175
-0.154465
0.375293
-0.148345
0.401088
-0.14117
0.425256
-0.133135
0.447497
-0.124457
0.467526
-0.115348
0.485094
-0.106028
0.49998
-0.0967
-0.0875714
-0.282802
0.118939
0.285961
-0.278557
0.12271
-0.273136
0.124361
-0.266537
0.12381
-0.258721
0.121016
-0.249723
0.115985
-0.239538
0.108779
-0.22821
0.0995054
-0.215751
0.0883167
-0.202208
0.0753995
-0.187604
0.0609778
-0.171978
0.0452962
-0.155355
0.0286203
-0.137759
0.0112236
-0.119206
-0.00661454
-0.0997089
-0.0246175
-0.079273
-0.042516
-0.0579019
-0.0600519
-0.0355981
-0.0769828
-0.0123667
-0.0930842
0.0117823
-0.108152
0.0368306
-0.122008
0.062747
-0.134494
0.0894828
-0.145479
0.11697
-0.154861
0.145118
-0.162563
0.173805
-0.168537
0.202885
-0.172766
0.232176
-0.175261
0.261467
-0.176061
0.290518
-0.175237
0.319059
-0.172885
0.346797
-0.169132
0.373423
-0.164123
0.398615
-0.158029
0.422052
-0.151034
0.443417
-0.143338
0.462415
-0.135145
0.478775
-0.126662
0.492268
-0.118088
-0.109627
-0.277105
0.0990194
0.279446
-0.273574
0.104211
-0.268811
0.107242
-0.262788
0.108017
-0.255497
0.106497
-0.24695
0.102689
-0.237165
0.0966469
-0.226174
0.0884773
-0.214013
0.0783257
-0.200721
0.0663779
-0.186337
0.0528496
-0.170899
0.0379823
-0.154441
0.0220336
-0.136989
0.00527234
-0.118565
-0.012029
-0.0991843
-0.0295993
-0.0788581
-0.0471741
-0.0575936
-0.0644997
-0.0353976
-0.0813367
-0.0122785
-0.0974627
0.0117489
-0.112674
0.0366622
-0.126792
0.0624257
-0.139658
0.0889864
-0.151136
0.116271
-0.161118
0.14418
-0.169522
0.17259
-0.176292
0.201341
-0.181397
0.230247
-0.184837
0.259084
-0.186638
0.287601
-0.186854
0.315514
-0.185567
0.342517
-0.182884
0.368283
-0.178936
0.392473
-0.173876
0.414745
-0.167872
0.434764
-0.16111
0.452212
-0.153782
0.466799
-0.146083
0.478276
-0.138208
-0.130356
-0.268639
0.0760529
0.269996
-0.266004
0.0827723
-0.262058
0.0872981
-0.256776
0.0895196
-0.250151
0.0893971
-0.242199
0.0869381
-0.232948
0.0821962
-0.222433
0.0752712
-0.210699
0.0663056
-0.197791
0.0554794
-0.183755
0.0430027
-0.168636
0.0291097
-0.15247
0.0140515
-0.135292
-0.00191086
-0.117127
-0.0185115
-0.0979974
-0.035486
-0.0779178
-0.0525755
-0.056901
-0.0695315
-0.0349588
-0.0861184
-0.0121047
-0.102117
0.0116418
-0.117324
0.0362526
-0.131562
0.0616868
-0.14467
0.0878854
-0.15651
0.114768
-0.166968
0.142231
-0.175956
0.170138
-0.183407
0.198326
-0.189282
0.226594
-0.193566
0.25471
-0.196271
0.282408
-0.197435
0.309392
-0.197124
0.335337
-0.195424
0.3599
-0.19245
0.382723
-0.188335
0.403443
-0.183233
0.421701
-0.177309
0.437155
-0.170744
0.449492
-0.163722
0.458441
-0.156432
-0.149057
-0.257647
0.0506573
0.257896
-0.256033
0.0589089
-0.253021
0.0649484
-0.248594
0.068653
-0.242753
0.0699823
-0.235516
0.0689396
-0.226915
0.0655773
-0.216996
0.0599937
-0.205809
0.0523242
-0.193408
0.0427415
-0.179844
0.031448
-0.165166
0.01867
-0.149421
0.00464959
-0.132645
-0.0103604
-0.114872
-0.0261024
-0.0961285
-0.0423196
-0.0764359
-0.0587604
-0.0558125
-0.0751822
-0.0342757
-0.0913547
-0.0118449
-0.107062
0.0114549
-0.122105
0.0355895
-0.136304
0.0605117
-0.149501
0.0861559
-0.161552
0.112435
-0.17234
0.139237
-0.18177
0.166419
-0.189766
0.193806
-0.196278
0.221189
-0.201279
0.248324
-0.204765
0.274933
-0.206757
0.300703
-0.207301
0.325297
-0.206468
0.348352
-0.20435
0.369492
-0.201061
0.388331
-0.196735
0.40449
-0.191522
0.417605
-0.185584
0.427337
-0.179093
0.433386
-0.172228
-0.165153
-0.244433
0.0235431
0.243513
-0.243903
0.0332158
-0.241895
0.0406862
-0.238398
0.0458205
-0.233419
0.0485751
-0.226983
0.0489499
-0.21913
0.0469922
-0.209906
0.0427928
-0.199372
0.0364847
-0.187585
0.0282302
-0.174605
0.0182213
-0.160488
0.00667397
-0.145283
-0.00617957
-0.129036
-0.020097
-0.111786
-0.0348307
-0.093566
-0.0501334
-0.0744029
-0.0657621
-0.0543216
-0.0814818
-0.0333457
-0.0970689
-0.0115009
-0.112313
0.0111822
-0.127018
0.0346623
-0.141006
0.0588857
-0.154119
0.0837802
-0.166212
0.109252
-0.177164
0.135179
-0.186872
0.161413
-0.195255
0.187768
-0.202249
0.214027
-0.207813
0.239935
-0.211931
0.265201
-0.214605
0.289503
-0.215862
0.312486
-0.215753
0.333774
-0.214349
0.352973
-0.211744
0.369682
-0.20805
0.383501
-0.203398
0.394045
-0.197932
0.400952
-0.191806
0.403902
-0.185187
-0.178222
-0.229398
-0.00453233
0.227339
-0.229942
0.00634177
-0.228946
0.0150596
-0.226401
0.0214792
-0.222322
0.0255512
-0.216737
0.0272702
-0.209691
0.0266774
-0.201239
0.0238547
-0.19144
0.0189227
-0.180359
0.0120386
-0.168062
0.00338106
-0.15461
-0.0068472
-0.140061
-0.0184266
-0.124464
-0.0311275
-0.107866
-0.0447146
-0.090304
-0.0589519
-0.0718131
-0.0736073
-0.052424
-0.0884553
-0.0321667
-0.103281
-0.011073
-0.11788
0.0108199
-0.132062
0.0334644
-0.145653
0.0567999
-0.158495
0.0807475
-0.170443
0.105206
-0.181372
0.130048
-0.191176
0.155115
-0.199763
0.180216
-0.20706
0.205124
-0.213015
0.229576
-0.217594
0.253274
-0.220784
0.275883
-0.222592
0.297039
-0.223048
0.316357
-0.222202
0.333431
-0.220128
0.347845
-0.216914
0.359188
-0.212669
0.36706
-0.207518
0.371084
-0.201596
0.370923
-0.195055
-0.188024
-0.213019
-0.0327848
0.209943
-0.214548
-0.0210332
-0.214502
-0.0113473
-0.212875
-0.00387749
-0.20968
0.00132245
-0.204952
0.00423873
-0.198737
0.00490378
-0.191094
0.00338933
-0.182088
-0.000196536
-0.171783
-0.00571391
-0.160251
-0.0129913
-0.147559
-0.0218428
-0.133768
-0.0320655
-0.118936
-0.043445
-0.103112
-0.0557605
-0.086342
-0.0687904
-0.0686648
-0.0823155
-0.050118
-0.0961222
-0.0307375
-0.110006
-0.0105616
-0.123772
0.0103666
-0.137237
0.031993
-0.150231
0.0542508
-0.1626
0.077055
-0.174198
0.100298
-0.184901
0.123847
-0.194596
0.147537
-0.203187
0.171172
-0.210591
0.19452
-0.216743
0.217311
-0.221596
0.239242
-0.225119
0.259975
-0.227303
0.279141
-0.228157
0.29635
-0.22771
0.311191
-0.226013
0.323244
-0.223131
0.332092
-0.219153
0.33733
-0.21418
0.338579
-0.208331
0.335498
-0.20174
-0.194515
-0.195821
-0.0604276
0.191934
-0.198167
-0.048219
-0.198938
-0.0379356
-0.198127
-0.0297343
-0.195747
-0.0236751
-0.191832
-0.0197807
-0.18643
-0.0180301
-0.179601
-0.0183643
-0.17141
-0.0206896
-0.161929
-0.0248821
-0.151225
-0.0307916
-0.13937
-0.0382427
-0.126431
-0.0470532
-0.112468
-0.0570276
-0.0975368
-0.0679629
-0.081686
-0.0796543
-0.0649612
-0.0918984
-0.0474049
-0.104496
-0.0290587
-0.117256
-0.00996671
-0.129995
0.0098222
-0.14254
0.0302488
-0.154726
0.0512405
-0.166405
0.0727074
-0.177435
0.0945375
-0.18769
0.116593
-0.197057
0.138707
-0.205433
0.160679
-0.21273
0.182277
-0.218872
0.203229
-0.223797
0.223233
-0.227464
0.241952
-0.229844
0.259021
-0.230928
0.274051
-0.230726
0.286637
-0.229265
0.296364
-0.226591
0.302822
-0.222769
0.305613
-0.217882
0.304366
-0.212026
0.298751
-0.205319
-0.197854
-0.178342
-0.0867059
0.173938
-0.181256
-0.0745393
-0.182639
-0.064108
-0.18248
-0.055569
-0.180788
-0.0489908
-0.177595
-0.0444049
-0.172947
-0.0418033
-0.166901
-0.0411419
-0.159524
-0.042344
-0.150884
-0.0453042
-0.141053
-0.0498919
-0.130098
-0.0559566
-0.11809
-0.0633293
-0.105091
-0.0718391
-0.0911603
-0.0813041
-0.0763511
-0.0915394
-0.0607125
-0.102361
-0.0442914
-0.113587
-0.0271342
-0.125041
-0.00928978
-0.136555
0.00918778
-0.147968
0.0282352
-0.159126
0.0477756
-0.169886
0.0677161
-0.180114
0.0879421
-0.189686
0.108314
-0.198489
0.128666
-0.206418
0.148798
-0.213381
0.168479
-0.219293
0.187446
-0.224084
0.205402
-0.227701
0.22202
-0.2301
0.236947
-0.231256
0.249805
-0.231162
0.260204
-0.229824
0.267749
-0.22727
0.272046
-0.223543
0.272721
-0.218706
0.269427
-0.212842
0.261854
-0.206043
-0.198398
-0.16111
-0.110925
0.156564
-0.164277
-0.0993505
-0.166004
-0.089282
-0.166276
-0.0808602
-0.165097
-0.0741649
-0.16249
-0.0692348
-0.158498
-0.0660755
-0.153172
-0.0646587
-0.146574
-0.0649264
-0.13877
-0.0667937
-0.129829
-0.0701521
-0.119818
-0.0748747
-0.108803
-0.0808183
-0.0968492
-0.0878303
-0.0840171
-0.0957557
-0.0703619
-0.104433
-0.0559357
-0.1137
-0.0407884
-0.123396
-0.0249701
-0.133365
-0.00853311
-0.143455
0.00846475
-0.153519
0.0259578
-0.163419
0.043867
-0.173021
0.0620984
-0.182201
0.0805381
-0.190841
0.099049
-0.198833
0.117468
-0.206072
0.135602
-0.212463
0.153231
-0.217921
0.170102
-0.222371
0.185934
-0.225747
0.200419
-0.228
0.213222
-0.22909
0.223993
-0.228994
0.232368
-0.227706
0.237981
-0.225233
0.240474
-0.221605
0.239506
-0.216865
0.234769
-0.211081
0.225993
-0.204326
-0.19669
-0.144682
-0.132457
0.140418
-0.147728
-0.12206
-0.149479
-0.112905
-0.14991
-0.105103
-0.149018
-0.0987425
-0.146817
-0.0938688
-0.143339
-0.0904989
-0.138628
-0.0886197
-0.132739
-0.0881918
-0.125733
-0.089152
-0.117672
-0.0914154
-0.108621
-0.09488
-0.0986425
-0.0994307
-0.0877975
-0.104942
-0.0761471
-0.11128
-0.0637472
-0.118315
-0.0506507
-0.125908
-0.0369088
-0.133925
-0.0225734
-0.14223
-0.00769876
-0.150694
0.00765596
-0.159189
0.0234245
-0.167594
0.0395284
-0.175791
0.0558762
-0.183668
0.0723579
-0.191118
0.0888429
-0.19804
0.105177
-0.204336
0.121181
-0.209916
0.13665
-0.214696
0.151353
-0.218599
0.165032
-0.221559
0.177407
-0.223519
0.188176
-0.224432
0.197025
-0.224267
0.20363
-0.223005
0.20767
-0.220643
0.208832
-0.217194
0.206826
-0.212691
0.201395
-0.207186
0.192324
-0.200736
-0.193442
-0.129599
-0.150772
0.126082
-0.132103
-0.142147
-0.133508
-0.134473
-0.133777
-0.127826
-0.132897
-0.122291
-0.130872
-0.117917
-0.127722
-0.114729
-0.123481
-0.112727
-0.118195
-0.111888
-0.111915
-0.11217
-0.104697
-0.113514
-0.0965974
-0.115842
-0.0876758
-0.119069
-0.077988
-0.123099
-0.0675896
-0.127829
-0.0565353
-0.133153
-0.044877
-0.138967
-0.0326651
-0.145163
-0.0199509
-0.151632
-0.00678829
-0.15827
0.00676497
-0.164974
0.0206446
-0.171643
0.0347766
-0.178179
0.0490749
-0.18449
0.0634384
-0.190483
0.077748
-0.196072
0.0918656
-0.201171
0.105632
-0.205699
0.118868
-0.20958
0.131369
-0.212745
0.142913
-0.21513
0.153259
-0.216678
0.16215
-0.217344
0.16932
-0.217092
0.1745
-0.215897
0.177424
-0.213748
0.177839
-0.210652
0.175518
-0.20663
0.170264
-0.201722
0.16193
-0.195974
-0.189495
-0.116311
-0.16546
0.114037
-0.117816
-0.159187
-0.118466
-0.153554
-0.118212
-0.148605
-0.117029
-0.144408
-0.114911
-0.141006
-0.111867
-0.138428
-0.107918
-0.13668
-0.103098
-0.135754
-0.0974464
-0.135628
-0.0910088
-0.136264
-0.083834
-0.137614
-0.075972
-0.139619
-0.0674727
-0.142218
-0.0583844
-0.145338
-0.0487561
-0.148906
-0.0386359
-0.15285
-0.0280715
-0.157094
-0.0171109
-0.161562
-0.00580427
-0.166176
0.00579504
-0.170865
0.0176284
-0.175554
0.0296296
-0.180172
0.0417231
-0.184648
0.0538216
-0.188914
0.0658239
-0.192903
0.0776151
-0.196549
0.0890641
-0.19979
0.100024
-0.202564
0.110331
-0.204816
0.119807
-0.206493
0.128262
-0.207548
0.135497
-0.207942
0.141305
-0.207643
0.145484
-0.206628
0.147837
-0.204883
0.148182
-0.202411
0.146361
-0.199226
0.142248
-0.195356
0.135768
-0.190844
-0.185782
-0.105181
-0.176258
0.104661
-0.105216
-0.172855
-0.104681
-0.169791
-0.103515
-0.167071
-0.101686
-0.164725
-0.0991775
-0.162783
-0.0959872
-0.161264
-0.0921236
-0.160178
-0.087605
-0.159524
-0.0824595
-0.159293
-0.0767209
-0.15947
-0.0704239
-0.160033
-0.0636076
-0.160953
-0.0563124
-0.162198
-0.048578
-0.163733
-0.0404447
-0.165519
-0.0319534
-0.16752
-0.023146
-0.169694
-0.0140643
-0.172001
-0.00475076
-0.174401
0.0047492
-0.176853
0.0143866
-0.179319
0.0241079
-0.181757
0.0338532
-0.18413
0.043555
-0.186397
0.0531377
-0.188521
0.0625162
-0.190465
0.0715963
-0.192191
0.080273
-0.193665
0.0884341
-0.194852
0.0959559
-0.195721
0.102713
-0.196244
0.108574
-0.196397
0.113405
-0.196158
0.117079
-0.195512
0.119479
-0.194453
0.120502
-0.192979
0.120062
-0.191098
0.118106
-0.188828
0.114621
-0.186207
-0.183299
-0.0965191
0.0981265
-0.094632
-0.0924626
-0.0899738
-0.0871303
-0.0839081
-0.0802938
-0.0762837
-0.071882
-0.0670995
-0.0619538
-0.056467
-0.0506642
-0.0445727
-0.0382215
-0.0316402
-0.0248594
-0.0179101
-0.0108234
-0.00363169
0.003632
0.0109334
0.0182364
0.025503
0.0326928
0.0397625
0.0466661
0.0533546
0.0597771
0.0658796
0.0716091
0.0769104
0.0817324
0.0860273
0.0897536
0.0928784
0.0953791
0.0972468
0.098486
0.0991077
-0.00143134
-0.0861699
0.0051991
-0.101227
0.0158244
-0.11642
0.0294642
-0.136834
0.0445434
-0.161906
0.0594766
-0.191026
0.072801
-0.223307
0.0832125
-0.257678
0.0896454
-0.293069
0.0912909
-0.328365
0.087618
-0.362406
0.0784015
-0.394023
0.0637472
-0.422099
0.044113
-0.445705
0.0202135
-0.464111
-0.0070185
-0.47682
-0.483468
0.00435974
-0.0816495
0.0137096
-0.0998824
0.0263935
-0.116735
0.0409922
-0.137562
0.0561774
-0.161921
0.070536
-0.18914
0.0828442
-0.218535
0.0920601
-0.249227
0.0973403
-0.280343
0.0980613
-0.310982
0.0938294
-0.340202
0.0845095
-0.367071
0.0702562
-0.390738
0.0514947
-0.410514
0.0288993
-0.425885
0.00332297
-0.436496
-0.442109
0.00865394
-0.0772067
0.020723
-0.0974072
0.0351282
-0.115295
0.050469
-0.135927
0.0655775
-0.159112
0.0793
-0.184203
0.0906408
-0.210685
0.0987861
-0.237862
0.103082
-0.265017
0.103058
-0.291425
0.0984391
-0.316325
0.0891664
-0.338985
0.0754232
-0.358772
0.0576284
-0.375209
0.0364051
-0.387958
0.0125392
-0.396796
-0.401647
0.0122809
-0.0729318
0.0265868
-0.0940686
0.042241
-0.112361
0.0579995
-0.132312
0.0728522
-0.153976
0.0858866
-0.176811
0.0963068
-0.20042
0.103484
-0.224273
0.106928
-0.247785
0.106299
-0.270374
0.101423
-0.29143
0.0923061
-0.310385
0.079162
-0.326795
0.0623926
-0.34035
0.0425605
-0.35085
0.0203077
-0.35813
-0.361996
0.0151012
-0.0687872
0.031153
-0.0901244
0.0476438
-0.108241
0.0635356
-0.127123
0.0779917
-0.14703
0.0903
-0.167548
0.0998473
-0.188377
0.106159
-0.209121
0.108881
-0.229309
0.107781
-0.248469
0.10277
-0.266125
0.0939156
-0.281851
0.0814525
-0.295351
0.065767
-0.306453
0.0473587
-0.315051
0.0267842
-0.321016
-0.324194
0.0172296
-0.0648365
0.0344881
-0.0857621
0.0514232
-0.103237
0.0671889
-0.120758
0.0811178
-0.138764
0.0926727
-0.15697
0.101395
-0.175149
0.106935
-0.193013
0.109047
-0.210182
0.10759
-0.226284
0.102551
-0.240956
0.0940489
-0.253894
0.082335
-0.26492
0.067775
-0.273962
0.0508166
-0.28098
0.031959
-0.285886
-0.288606
0.018658
-0.0611011
0.0366397
-0.0811835
0.0536584
-0.0976353
0.0690708
-0.113596
0.0823629
-0.129634
0.0931436
-0.145582
0.101081
-0.161269
0.105927
-0.176483
0.107524
-0.190929
0.105811
-0.204321
0.100838
-0.216397
0.0927719
-0.22696
0.081872
-0.235913
0.0684767
-0.243252
0.0529768
-0.248978
0.0357824
-0.25301
-0.255238
0.0194586
-0.0576239
0.0376889
-0.0765438
0.0544758
-0.0917071
0.0693377
-0.105985
0.0818974
-0.120047
0.0918824
-0.133827
0.0990633
-0.147191
0.103275
-0.159985
0.104438
-0.171993
0.10256
-0.183008
0.0977491
-0.192858
0.0901973
-0.201425
0.0801676
-0.20867
0.0679666
-0.214626
0.0539244
-0.219307
0.0383832
-0.222634
-0.224483
0.0196809
-0.0544342
0.0377425
-0.0719885
0.0540189
-0.0856924
0.0681553
-0.0982253
0.0798954
-0.110351
0.0890574
-0.122073
0.0954976
-0.13329
0.099124
-0.143894
0.0999263
-0.153744
0.0979749
-0.162706
0.0934169
-0.17068
0.0864586
-0.177598
0.0773505
-0.183458
0.0663627
-0.188305
0.0537659
-0.192148
0.0398409
-0.19491
-0.196498
0.0194025
-0.0515672
0.0369183
-0.0676306
0.0524305
-0.0797826
0.0656856
-0.0905626
0.0765228
-0.100822
0.0848318
-0.110612
0.0905421
-0.119864
0.0936298
-0.128512
0.0941513
-0.13649
0.0922257
-0.143721
0.0880144
-0.150141
0.0817228
-0.155718
0.0735791
-0.160472
0.0638105
-0.164437
0.0526387
-0.167612
0.0402747
-0.169905
-0.171241
0.0186823
-0.049042
0.0353049
-0.0635373
0.0498247
-0.0741199
0.0620628
-0.0831897
0.0719261
-0.09168
0.0793669
-0.0996817
0.084364
-0.107151
0.0869794
-0.114097
0.0873186
-0.120495
0.0855184
-0.126293
0.0817432
-0.13145
0.0761804
-0.135955
0.0690284
-0.13983
0.0604709
-0.143093
0.050668
-0.145715
0.0398014
-0.147622
-0.148733
0.0175609
-0.0468427
0.0329742
-0.0597329
0.0463206
-0.0688213
0.057434
-0.0762572
0.0662697
-0.0830913
0.0728188
-0.0894471
0.0771558
-0.0953593
0.079397
-0.100877
0.0796644
-0.105974
0.0780914
-0.110609
0.0748276
-0.114752
0.0700428
-0.118408
0.0638862
-0.121576
0.0564864
-0.12425
0.0479807
-0.126406
0.03852
-0.127981
-0.128925
0.0160993
-0.0449421
0.0300779
-0.0562627
0.0421015
-0.0639682
0.0519696
-0.0698382
0.0597218
-0.0751606
0.0654152
-0.0800728
0.0691916
-0.0846915
0.071173
-0.0890422
0.0714752
-0.0930899
0.0702144
-0.0967901
0.0675202
-0.100123
0.0635138
-0.103084
0.0582988
-0.105651
0.0519941
-0.10783
0.0447235
-0.109602
0.0366139
-0.110903
-0.111685
0.0144119
-0.0433613
0.0268634
-0.0532417
0.0372997
-0.059467
0.0458507
-0.0639987
0.05253
-0.0680053
0.0574738
-0.0717447
0.0608099
-0.075322
0.062635
-0.0787294
0.0630418
-0.0819254
0.0621245
-0.0848646
0.0599741
-0.0875221
0.0566816
-0.0898901
0.0523569
-0.0919649
0.047109
-0.0937491
0.0410238
-0.095199
0.0341953
-0.096258
-0.09689
0.0125431
-0.0421068
0.0233644
-0.0507199
0.0321407
-0.0553658
0.0393518
-0.0588069
0.0450376
-0.0617693
0.0493081
-0.0645787
0.0522561
-0.0673214
0.0539555
-0.0699684
0.0544698
-0.072466
0.0538734
-0.0747776
0.0522442
-0.0768808
0.0496665
-0.0787721
0.0462221
-0.0804439
0.0419737
-0.0818788
0.0369877
-0.0830355
0.0313432
-0.0838691
-0.0843686
0.0104602
-0.0411025
0.0193988
-0.0485526
0.0266666
-0.0518962
0.0326129
-0.0543925
0.0373833
-0.0565619
0.041056
-0.0586613
0.043681
-0.060747
0.0453016
-0.0627818
0.0459631
-0.0647128
0.0457195
-0.0665104
0.0446247
-0.0681511
0.0427288
-0.0696264
0.0400842
-0.0709298
0.0367438
-0.0720439
0.0327669
-0.0729324
0.0282234
-0.0735608
-0.0739456
0.00824989
-0.0403187
0.0151893
-0.0466958
0.0209799
-0.049139
0.0258172
-0.0509395
0.0297996
-0.0525197
0.0329684
-0.0540782
0.0353346
-0.0556395
0.0369103
-0.0571665
0.0377183
-0.0586159
0.0377846
-0.0599603
0.0371444
-0.0611845
0.0358365
-0.0622828
0.0339032
-0.0632514
0.0313922
-0.0640776
0.0283576
-0.0647305
0.0248686
-0.0651909
-0.065478
0.00601832
-0.0397997
0.01095
-0.0451872
0.0153386
-0.0471974
0.0191754
-0.0485682
0.0224565
-0.0497261
0.0251596
-0.0508503
0.0272589
-0.0519612
0.0287443
-0.053036
0.0296228
-0.0540485
0.0299123
-0.0549811
0.0296387
-0.055826
0.0288335
-0.0565822
0.0275321
-0.0572496
0.025774
-0.057819
0.0236049
-0.058265
0.0210833
-0.0585809
-0.0587984
0.00378783
-0.0395879
0.00691051
-0.0442533
0.0100098
-0.0461991
0.0128856
-0.0473213
0.015449
-0.0481567
0.0176295
-0.0489025
0.0193817
-0.0496039
0.0206869
-0.0502642
0.0215465
-0.0508767
0.0219741
-0.051436
0.0219913
-0.0519413
0.0216232
-0.0523952
0.0208969
-0.0527986
0.0198399
-0.0531428
0.018488
-0.0534099
0.0168846
-0.0536005
-0.0537519
0.00161007
-0.0397589
0.00323707
-0.0442231
0.00508801
-0.0461938
0.00694242
-0.0471396
0.0086802
-0.0476977
0.0102136
-0.0480976
0.0114967
-0.0484263
0.0125131
-0.0487166
0.0132642
-0.0489794
0.0137608
-0.0492181
0.0140176
-0.0494364
0.0140519
-0.0496385
0.0138813
-0.0498259
0.0135241
-0.0499901
0.013005
-0.0501191
0.0123482
-0.0502129
-0.0502836
-0.000550026
-0.0403387
-0.000404681
-0.0451181
0.000151386
-0.0471408
0.000866599
-0.0479091
0.00163266
-0.048204
0.00238258
-0.0482968
0.00308624
-0.048312
0.00373268
-0.0483017
0.00432121
-0.0482873
0.00485666
-0.0482782
0.00534478
-0.0482788
0.0057872
-0.0482895
0.00618239
-0.0483083
0.00653491
-0.0483328
0.00685977
-0.0483614
0.00717676
-0.0483983
-0.0484502
-0.00259806
-0.0414346
-0.00399331
-0.0468807
-0.00484234
-0.0489355
-0.00541447
-0.04949
-0.00576382
-0.0495418
-0.00590849
-0.0493992
-0.00585847
-0.049196
-0.00562019
-0.0489888
-0.0052044
-0.0487955
-0.00462522
-0.0486226
-0.0039018
-0.0484704
-0.00305296
-0.0483397
-0.00209894
-0.0482275
-0.00105844
-0.0481331
5.67127e-05
-0.0480617
0.00125308
-0.0480359
-0.0480696
-0.00450345
-0.0431699
-0.00755895
-0.0493851
-0.0100386
-0.051357
-0.0120873
-0.0517061
-0.0136768
-0.0516051
-0.0147876
-0.0513561
-0.0154274
-0.0510672
-0.0156219
-0.0507789
-0.0154006
-0.0505069
-0.0147963
-0.0502558
-0.0138429
-0.0500256
-0.012574
-0.0498185
-0.0110243
-0.0496314
-0.00923212
-0.0494604
-0.00723744
-0.0493093
-0.00508871
-0.0491925
-0.0490864
-0.00624882
-0.0456677
-0.0112022
-0.0523775
-0.0155518
-0.0541666
-0.0192275
-0.0544213
-0.0221489
-0.0543277
-0.0242934
-0.0541336
-0.0256813
-0.0539068
-0.0263561
-0.0536673
-0.026366
-0.0534289
-0.025764
-0.0531934
-0.0246039
-0.052962
-0.02294
-0.0527383
-0.0208205
-0.0525267
-0.0182886
-0.0523294
-0.0153837
-0.0521551
-0.0121533
-0.0520105
-0.0518575
-0.00795906
-0.0489026
-0.0150221
-0.0556137
-0.0213239
-0.0572741
-0.026685
-0.0575894
-0.0309767
-0.0576995
-0.0342004
-0.0577268
-0.0363928
-0.0577082
-0.0376065
-0.0576515
-0.0379047
-0.0575638
-0.0373564
-0.0574446
-0.0360353
-0.0572934
-0.0340154
-0.0571163
-0.0313717
-0.0569191
-0.0281873
-0.0566983
-0.024541
-0.0564681
-0.0204698
-0.0562788
-0.0561242
-0.00981311
-0.0526398
-0.0190039
-0.0590207
-0.0272382
-0.0606753
-0.0342478
-0.0612498
-0.0399109
-0.0617438
-0.0442525
-0.062139
-0.0473146
-0.0624615
-0.0491534
-0.0627101
-0.0498348
-0.0628877
-0.0494333
-0.0629901
-0.0480296
-0.0630151
-0.045709
-0.0629684
-0.0425654
-0.062851
-0.0386984
-0.062657
-0.0342077
-0.0624033
-0.0292506
-0.0620852
-0.0616425
-0.0118177
-0.0565981
-0.0230871
-0.0625614
-0.0331407
-0.0644359
-0.0417003
-0.0654868
-0.0487129
-0.0664961
-0.0542005
-0.0673787
-0.058198
-0.0681553
-0.0607544
-0.0688183
-0.061931
-0.0693653
-0.0618002
-0.0697877
-0.060445
-0.0700793
-0.0579596
-0.0702404
-0.0544462
-0.0702695
-0.0499973
-0.0701752
-0.0446928
-0.0699917
-0.0386334
-0.069697
-0.0691824
-0.013882
-0.0605391
-0.0270521
-0.0662872
-0.0387838
-0.068617
-0.0488382
-0.0703157
-0.0572026
-0.0719487
-0.0638754
-0.0734297
-0.0688766
-0.0747677
-0.0722411
-0.0759494
-0.0740186
-0.076967
-0.0742729
-0.0778069
-0.0730827
-0.0784567
-0.0705442
-0.078907
-0.0667734
-0.0791445
-0.0619039
-0.0791671
-0.0560558
-0.0790288
-0.0492697
-0.078793
-0.0784082
-0.0157993
-0.0643739
-0.0306779
-0.0702144
-0.0439796
-0.0732047
-0.0555151
-0.075676
-0.0652478
-0.0780522
-0.0731569
-0.080243
-0.0792396
-0.082251
-0.0835111
-0.0840568
-0.0860049
-0.0856461
-0.08677
-0.0870014
-0.0858697
-0.0881071
-0.0833841
-0.0889478
-0.0794173
-0.0894968
-0.0741091
-0.0897257
-0.0676309
-0.0896659
-0.0602314
-0.0893119
-0.088649
-0.0174169
-0.0681016
-0.0337997
-0.0743138
-0.0485813
-0.0781169
-0.0615777
-0.0814706
-0.0727085
-0.0847078
-0.0819131
-0.0877317
-0.0891595
-0.0905298
-0.0944378
-0.093075
-0.0977607
-0.0953445
-0.0991604
-0.097316
-0.0986878
-0.0989693
-0.096414
-0.100283
-0.0924282
-0.101225
-0.0868229
-0.101778
-0.0797058
-0.101969
-0.071246
-0.101744
-0.100948
-0.01864
-0.0717455
-0.0362967
-0.0785173
-0.0524457
-0.0832359
-0.0668648
-0.0875699
-0.0794136
-0.0917832
-0.0899782
-0.095767
-0.0984809
-0.0994879
-0.104875
-0.102904
-0.109141
-0.105982
-0.111289
-0.10869
-0.11135
-0.110999
-0.109388
-0.112878
-0.105497
-0.11428
-0.0998027
-0.115173
-0.092427
-0.115604
-0.0834214
-0.115605
-0.115088
-0.0194094
-0.075314
-0.0380599
-0.0827375
-0.0554152
-0.0884291
-0.0711834
-0.0938224
-0.0851496
-0.0991163
-0.0971305
-0.104185
-0.106986
-0.108968
-0.114618
-0.1134
-0.119967
-0.117428
-0.123006
-0.121008
-0.123738
-0.124103
-0.122198
-0.126672
-0.118459
-0.128651
-0.112644
-0.129982
-0.104931
-0.130677
-0.0955668
-0.130719
-0.130014
-0.0196708
-0.0787953
-0.0389732
-0.086877
-0.0573154
-0.093555
-0.0743161
-0.100058
-0.0896713
-0.106518
-0.10311
-0.112788
-0.114412
-0.118773
-0.123408
-0.124379
-0.12998
-0.129518
-0.134061
-0.134123
-0.135625
-0.138139
-0.134684
-0.141515
-0.131278
-0.144184
-0.125474
-0.146092
-0.117392
-0.147223
-0.107264
-0.147476
-0.146747
-0.0193631
-0.0821677
-0.038907
-0.0908359
-0.0579623
-0.0984582
-0.0760339
-0.106089
-0.0927155
-0.113775
-0.107633
-0.121347
-0.120469
-0.128671
-0.130961
-0.13561
-0.138913
-0.14204
-0.144193
-0.14785
-0.146733
-0.152955
-0.146519
-0.15728
-0.143584
-0.160744
-0.138007
-0.16328
-0.129904
-0.164872
-0.11934
-0.165505
-0.165141
-0.0184379
-0.0853944
-0.0377541
-0.0945066
-0.0571842
-0.102982
-0.0761127
-0.111715
-0.0940157
-0.120658
-0.110402
-0.129613
-0.124838
-0.138397
-0.136957
-0.146827
-0.146462
-0.154727
-0.153134
-0.161939
-0.156837
-0.16833
-0.157504
-0.173787
-0.15514
-0.178204
-0.149815
-0.181487
-0.141673
-0.183591
-0.130952
-0.184455
-0.183938
-0.0168405
-0.0884411
-0.0354147
-0.0977679
-0.0548351
-0.106954
-0.0743629
-0.11672
-0.0933437
-0.126919
-0.111155
-0.137315
-0.127235
-0.147668
-0.14109
-0.157739
-0.152306
-0.167293
-0.16056
-0.17611
-0.165629
-0.183994
-0.167381
-0.190781
-0.165776
-0.196324
-0.160836
-0.200518
-0.152649
-0.203306
-0.141439
-0.204546
-0.204054
-0.0145442
-0.0912635
-0.0318129
-0.100501
-0.0507916
-0.110197
-0.0706154
-0.12088
-0.0904904
-0.132299
-0.109652
-0.144168
-0.127392
-0.156184
-0.14307
-0.168042
-0.15614
-0.179433
-0.166154
-0.190063
-0.172779
-0.199663
-0.1758
-0.207998
-0.17512
-0.214858
-0.170761
-0.220083
-0.162833
-0.223596
-0.151416
-0.225356
-0.225318
-0.0115051
-0.0938445
-0.0268503
-0.10261
-0.0448941
-0.112555
-0.0646683
-0.123967
-0.0852206
-0.136523
-0.105629
-0.149868
-0.125023
-0.163623
-0.142601
-0.177405
-0.157658
-0.190819
-0.169606
-0.203476
-0.177987
-0.21502
-0.182476
-0.225133
-0.182892
-0.23353
-0.179199
-0.239978
-0.171522
-0.244323
-0.160139
-0.246463
-0.246261
-0.00772132
-0.0961744
-0.0204778
-0.104031
-0.0370638
-0.113873
-0.0564009
-0.125761
-0.0773801
-0.139316
-0.0989055
-0.154103
-0.119927
-0.169652
-0.139467
-0.185483
-0.156638
-0.201103
-0.170685
-0.216014
-0.181005
-0.229743
-0.187162
-0.241863
-0.188882
-0.252003
-0.186034
-0.259878
-0.178653
-0.265269
-0.167047
-0.267912
-0.26772
-0.00334166
-0.0128921
-0.0274477
-0.045898
-0.0670083
-0.0894908
-0.112089
-0.133626
-0.153017
-0.169312
-0.181735
-0.18971
-0.192869
-0.191035
-0.184219
-0.172562
0.340111
-0.114766
-0.32923
0.341157
-0.16885
0.331507
-0.223016
0.311424
-0.273132
0.281968
-0.315115
0.243055
-0.342732
0.192994
-0.344774
0.12786
-0.298042
0.0515629
-0.202604
-0.0195546
-0.121594
-0.0770157
-0.116003
-0.12441
-0.0989543
-0.158659
-0.0547326
-0.181068
0.00357562
-0.193258
0.0692153
-0.196325
0.134651
-0.191263
0.193402
-0.179455
0.241034
-0.162884
0.274566
0.29232
-0.14388
0.339181
-0.118266
-0.329696
0.339175
-0.169711
0.329064
-0.221099
0.309177
-0.268816
0.280243
-0.308745
0.241366
-0.332627
0.190088
-0.32736
0.122357
-0.267917
0.0448053
-0.164925
-0.0253365
-0.0920912
-0.0839199
-0.0973981
-0.131033
-0.0898788
-0.163848
-0.0569371
-0.184705
-0.00672992
-0.195669
0.0534498
-0.198046
0.115046
-0.192837
0.171008
-0.181262
0.216882
-0.165067
0.24999
0.268852
-0.146373
0.33649
-0.121903
-0.328414
0.335502
-0.170564
0.325017
-0.219157
0.305363
-0.264465
0.276584
-0.301711
0.237766
-0.321324
0.184878
-0.306793
0.115166
-0.234147
0.0374179
-0.125429
-0.0316309
-0.0622571
-0.0909629
-0.0769424
-0.137578
-0.0806182
-0.169021
-0.0603168
-0.188324
-0.0189179
-0.197967
0.0355038
-0.199528
0.0932452
-0.194091
0.146524
-0.182741
0.190666
-0.166973
0.223201
0.242871
-0.148667
0.332241
-0.125508
-0.325582
0.330282
-0.171277
0.319472
-0.217118
0.299879
-0.259804
0.270843
-0.293508
0.231645
-0.30829
0.176697
-0.282507
0.105678
-0.197258
0.0294443
-0.0856392
-0.037253
-0.033114
-0.0972159
-0.0544715
-0.143674
-0.0705087
-0.173994
-0.064265
-0.191779
-0.0325647
-0.200048
0.0157282
-0.2007
0.0695745
-0.194963
0.120305
-0.183834
0.162812
-0.168543
0.194681
0.214893
-0.150715
0.326411
-0.128913
-0.321168
0.323501
-0.171722
0.312291
-0.214784
0.292421
-0.254396
0.26275
-0.283668
0.22217
-0.292432
0.164726
-0.253966
0.0940117
-0.158734
0.0219426
-0.0480391
-0.0415279
-0.00533032
-0.10107
-0.0307858
-0.147882
-0.0587444
-0.178225
-0.0673012
-0.194878
-0.0469179
-0.20181
-0.0054464
-0.201522
0.0444154
-0.195469
0.0927629
-0.184508
0.133708
-0.169712
0.164888
0.185487
-0.152489
0.319079
-0.131945
-0.315257
0.315226
-0.17176
0.303433
-0.211852
0.282707
-0.247561
0.252378
-0.272087
0.209479
-0.272736
0.149867
-0.221409
0.0814389
-0.120448
0.0159966
-0.0149534
-0.04314
0.0201644
-0.100673
-0.00725263
-0.148015
-0.0448846
-0.180115
-0.0673863
-0.196929
-0.0603421
-0.202835
-0.0273341
-0.201828
0.0183915
-0.195396
0.0642572
-0.184649
0.103835
-0.170493
0.134415
0.155232
-0.154007
0.310313
-0.134433
-0.307913
0.305457
-0.171187
0.292774
-0.207894
0.270945
-0.238958
0.239522
-0.258254
0.193457
-0.248289
0.133228
-0.186319
0.0693015
-0.0845332
0.0117845
0.0124306
-0.0421821
0.0426808
-0.096188
0.0147977
-0.143109
-0.0296492
-0.176752
-0.0644616
-0.195116
-0.0711339
-0.202186
-0.0473936
-0.20124
-0.00733359
-0.194751
0.0355179
-0.184337
0.0737388
-0.170877
0.103757
0.12469
-0.155244
0.300207
-0.136203
-0.299238
0.294205
-0.169718
0.28025
-0.202414
0.257343
-0.228527
0.223958
-0.241234
0.174964
-0.219275
0.116088
-0.150615
0.0584649
-0.0527276
0.00865517
0.034415
-0.037832
0.0600249
-0.0857807
0.0329886
-0.130263
-0.014861
-0.1657
-0.0580342
-0.188843
-0.0757815
-0.198919
-0.0634617
-0.199423
-0.0310157
-0.193421
0.00747566
-0.18346
0.0439507
-0.170804
0.0734468
0.0944507
-0.156182
0.288862
-0.137066
-0.289355
0.281534
-0.167039
0.266153
-0.195156
0.242121
-0.216143
0.205905
-0.220106
0.15545
-0.187125
0.10004
-0.116378
0.0498271
-0.0260998
0.00821841
0.0505623
-0.030062
0.0715528
-0.0703358
0.0458212
-0.110946
-0.00179273
-0.148248
-0.0478319
-0.176903
-0.0733066
-0.191883
-0.0733515
-0.195375
-0.050791
-0.191045
-0.0183273
-0.181949
0.015266
-0.170236
0.0440267
0.0650964
-0.156793
0.276421
-0.136828
-0.278419
0.267637
-0.162896
0.250911
-0.186105
0.225316
-0.201304
0.18638
-0.194942
0.136702
-0.154055
0.0864655
-0.085303
0.0437702
-0.00474179
0.0103661
0.0608976
-0.020216
0.0778254
-0.0534991
0.0540638
-0.0897788
0.00921851
-0.127088
-0.0355475
-0.15978
-0.0649759
-0.180844
-0.0756345
-0.188497
-0.0651972
-0.1872
-0.0402061
-0.179727
-0.0112058
-0.169184
0.0160946
0.0371445
-0.157053
0.263107
-0.135362
-0.2666
0.25285
-0.15716
0.234959
-0.175359
0.207294
-0.183452
0.16683
-0.16691
0.119802
-0.121934
0.075604
-0.0582603
0.0405921
0.0111722
0.0144383
0.0663762
-0.00934577
0.0797633
-0.036998
0.0591253
-0.0692271
0.0185371
-0.104599
-0.023002
-0.138662
-0.0532903
-0.165303
-0.0706086
-0.178861
-0.0722425
-0.18143
-0.0570439
-0.176754
-0.0339781
-0.167731
-0.00966345
0.0110043
-0.156972
0.249094
-0.132515
-0.25411
0.237534
-0.149904
0.218558
-0.162931
0.188663
-0.16239
0.14809
-0.137417
0.104895
-0.0919592
0.067336
-0.0358789
0.0395481
0.0220699
0.0198745
0.0677424
0.00204517
0.0781998
-0.0206866
0.0617303
-0.0490064
0.0263506
-0.0814806
-0.0110725
-0.114401
-0.040639
-0.144363
-0.0603665
-0.165333
-0.0702171
-0.173479
-0.0668914
-0.172716
-0.0516657
-0.166063
-0.0321054
-0.0129761
-0.156716
0.23487
-0.128284
-0.241299
0.222333
-0.141371
0.201664
-0.148161
0.169608
-0.138164
0.130193
-0.107742
0.0917771
-0.0651066
0.0608993
-0.0182477
0.0397821
0.02845
0.0261608
0.0653718
0.0134468
0.0739338
-0.00438061
0.0618753
-0.0286016
0.0324779
-0.0575431
-0.000351534
-0.0882468
-0.0280172
-0.118731
-0.0475886
-0.145604
-0.0604727
-0.161938
-0.0669475
-0.166545
-0.0625909
-0.163788
-0.0494592
-0.0338593
-0.156529
0.221214
-0.122815
-0.228817
0.207185
-0.130979
0.183379
-0.129571
0.149605
-0.111215
0.112547
-0.0791055
0.0797276
-0.0422431
0.0553431
-0.00524593
0.0403152
0.0308176
0.0321524
0.0597807
0.0239796
0.0674701
0.0114121
0.0591521
-0.00818951
0.0363702
-0.0337048
0.00926893
-0.0618947
-0.0156863
-0.0904523
-0.0346519
-0.118835
-0.0472965
-0.143227
-0.0572011
-0.156676
-0.0631115
-0.159466
-0.0598813
-0.0497884
-0.155939
0.20737
-0.115358
-0.216821
0.189928
-0.116758
0.162234
-0.106389
0.128037
-0.0828502
0.0948174
-0.0530317
0.068165
-0.0240059
0.0499448
0.00336922
0.0402222
0.0298582
0.0369565
0.0514286
0.033032
0.0590047
0.0253678
0.0538332
0.0107371
0.0376117
-0.0104072
0.0168059
-0.0352076
-0.0045297
-0.0611732
-0.0221977
-0.0880215
-0.0336753
-0.115615
-0.0424195
-0.138696
-0.052321
-0.150834
-0.0594293
-0.0584432
-0.153202
0.190855
-0.103899
-0.204106
0.168137
-0.0968147
0.137073
-0.0791329
0.104348
-0.0549951
0.076706
-0.0313186
0.0566868
-0.0109459
0.0442396
0.00788439
0.0390258
0.0262502
0.0394366
0.0414116
0.0397925
0.0483821
0.0368271
0.0460087
0.0275882
0.0356833
0.0121038
0.0208939
-0.00850864
0.00460317
-0.0315344
-0.0105957
-0.0553556
-0.0210943
-0.0812801
-0.0274381
-0.109264
-0.0348861
-0.13263
-0.0461378
-0.0552293
-0.145383
0.167799
-0.0853571
-0.18789
0.139004
-0.0703338
0.107035
-0.0502857
0.0790218
-0.030935
0.0585049
-0.0155897
0.0449885
-0.00303362
0.0374429
0.00904899
0.0356685
0.0209256
0.0385868
0.0307528
0.042605
0.036073
0.0442403
0.0356348
0.0407762
0.0300716
0.0314596
0.020912
0.0165087
0.0101473
-0.00270123
-0.000788947
-0.0233763
-0.00971355
-0.0448182
-0.0150852
-0.0699499
-0.0185523
-0.0991682
-0.0253524
-0.0363828
-0.126021
0.132371
-0.057836
-0.161173
0.101113
-0.0409336
0.0733032
-0.0249442
0.0532847
-0.0140171
0.04022
-0.00626312
0.032105
0.000715357
0.0282641
0.0079214
0.0289475
0.0147112
0.0334565
0.0202034
0.0395802
0.0234643
0.0445303
0.0238293
0.0461108
0.0213465
0.0430981
0.0165766
0.0350053
0.0107763
0.0221134
0.0046105
0.00612237
-0.00115881
-0.0108269
-0.00543625
-0.0289925
-0.00747718
-0.0515375
-0.00962166
-0.0141757
-0.0802247
0.0829412
-0.029393
-0.11239
0.0580797
-0.0174935
0.0401386
-0.00886791
0.0284996
-0.0047042
0.0212151
-0.00177335
0.0171774
0.00149382
0.0164998
0.00488981
0.0192356
0.00784162
0.0248001
0.0101156
0.0318574
0.0115379
0.0386083
0.0119149
0.0434515
0.0111025
0.0451733
0.00927866
0.04335
0.00691273
0.0375638
0.00466536
0.0281277
0.00256743
0.0163311
0.00073631
0.00366354
-0.000285909
-0.0114511
0.000222362
0.000638021
-0.0312762
0.0371572
-0.0672888
0.0186423
0.00844866
0.00209986
-0.00164441
-0.00244793
-0.000174607
0.00474576
0.0116565
0.0197336
0.0279647
0.0351987
0.0404664
0.0432714
0.0437803
0.0421924
0.0388249
0.0345372
0.0309095
0.0278974
-0.0029739
0.0272701
-0.0117745
-0.0274072
-0.00980788
-0.0885508
-0.00916613
-0.134498
-0.0152764
-0.148575
-0.0260768
-0.15311
-0.0403519
-0.153658
-0.0573024
-0.152684
-0.0764279
-0.151579
-0.0975183
-0.150475
-0.120272
-0.149169
-0.144256
-0.147589
-0.168939
-0.145787
-0.193733
-0.143818
-0.218039
-0.141701
-0.241261
-0.139441
-0.262815
-0.137051
-0.282107
-0.134533
-0.29858
-0.131894
-0.12913
-0.00471568
0.028296
-0.0114005
-0.0257384
-0.0098318
-0.0965558
-0.0111186
-0.141109
-0.0179085
-0.151131
-0.0288116
-0.152929
-0.0430456
-0.151392
-0.059887
-0.148867
-0.0788185
-0.146483
-0.0995321
-0.14411
-0.12168
-0.141538
-0.144823
-0.138744
-0.16844
-0.135825
-0.191945
-0.132875
-0.214707
-0.12994
-0.236079
-0.127033
-0.255417
-0.124165
-0.272084
-0.121342
-0.28549
-0.118548
-0.1158
-0.00590998
0.0304858
-0.0111462
-0.0255381
-0.0092288
-0.104917
-0.0115964
-0.146632
-0.0186735
-0.153375
-0.0295182
-0.152757
-0.0436582
-0.149141
-0.0600626
-0.145372
-0.0782293
-0.141994
-0.0978318
-0.138646
-0.118513
-0.1351
-0.139843
-0.131365
-0.161333
-0.127556
-0.182445
-0.123797
-0.202573
-0.120177
-0.221067
-0.11675
-0.237271
-0.113535
-0.250523
-0.110555
-0.260171
-0.107814
-0.105313
-0.00630112
0.0330925
-0.00949793
-0.0273335
-0.0076158
-0.113181
-0.0106512
-0.151408
-0.0177128
-0.155536
-0.0284419
-0.152588
-0.0420257
-0.147318
-0.0575091
-0.142655
-0.074443
-0.13858
-0.092473
-0.134584
-0.111202
-0.130431
-0.130177
-0.126144
-0.148915
-0.121833
-0.166913
-0.117612
-0.183641
-0.113584
-0.198525
-0.109833
-0.210954
-0.106424
-0.220302
-0.103407
-0.225933
-0.10082
-0.0986969
-0.00579768
0.0352751
-0.00683191
-0.0311855
-0.00514939
-0.121114
-0.00846461
-0.155751
-0.0153104
-0.157743
-0.0256095
-0.152667
-0.0382613
-0.146242
-0.0524779
-0.141028
-0.0678651
-0.136553
-0.0840544
-0.13223
-0.100608
-0.127845
-0.117044
-0.123422
-0.132874
-0.119041
-0.147611
-0.114787
-0.160752
-0.110762
-0.171784
-0.107051
-0.180194
-0.10372
-0.185474
-0.100828
-0.187102
-0.0984528
-0.0966589
-0.00422908
0.036019
-0.0032139
-0.036921
-0.0017229
-0.128657
-0.00504477
-0.15986
-0.0115629
-0.160033
-0.0211592
-0.153198
-0.0325809
-0.146155
-0.0452323
-0.140749
-0.05881
-0.136165
-0.0729663
-0.131806
-0.0872537
-0.127513
-0.10118
-0.12331
-0.114246
-0.119252
-0.125961
-0.115385
-0.135861
-0.111766
-0.143494
-0.108457
-0.148431
-0.105504
-0.150263
-0.102952
-0.14858
-0.100903
-0.099454
-0.00213919
0.0348491
0.000836059
-0.0443943
0.00254212
-0.13615
-0.000554565
-0.163897
-0.0067885
-0.162288
-0.0154149
-0.154376
-0.0253011
-0.147296
-0.0361055
-0.142053
-0.0476198
-0.137645
-0.0595484
-0.133517
-0.0714895
-0.129569
-0.0829939
-0.125834
-0.0935918
-0.12235
-0.102809
-0.119141
-0.110205
-0.116211
-0.115364
-0.113581
-0.117872
-0.111296
-0.117344
-0.109374
-0.11351
-0.107822
-0.106634
0.000132945
0.0316252
0.00511209
-0.0535964
0.00751132
-0.14401
0.00450369
-0.167653
-0.00135011
-0.164527
-0.00870033
-0.156428
-0.0168207
-0.149823
-0.0255497
-0.145104
-0.0347779
-0.141173
-0.0442818
-0.137543
-0.0537493
-0.134161
-0.0628315
-0.131059
-0.0711606
-0.12826
-0.0783536
-0.125775
-0.0840091
-0.123605
-0.0877335
-0.121746
-0.0891927
-0.120178
-0.0880688
-0.118902
-0.0840546
-0.117924
-0.117105
0.00287435
0.0259145
0.00963535
-0.064258
0.0126833
-0.152132
0.00966837
-0.170965
0.00456273
-0.167042
-0.00139178
-0.159393
-0.00763145
-0.153768
-0.0141612
-0.149948
-0.0209711
-0.146811
-0.0279174
-0.143964
-0.0347931
-0.14138
-0.0413727
-0.139073
-0.04742
-0.137045
-0.0526848
-0.135294
-0.0569006
-0.133812
-0.0597867
-0.132593
-0.0610483
-0.131619
-0.0604277
-0.130847
-0.0577239
-0.130229
-0.1296
0.00518476
0.0181792
0.0141866
-0.0767962
0.0176213
-0.160203
0.0148631
-0.174032
0.0105667
-0.16982
0.00605152
-0.163232
0.00170335
-0.15905
-0.00264109
-0.156477
-0.00704752
-0.15445
-0.0114485
-0.152679
-0.0157408
-0.151137
-0.0198224
-0.149808
-0.0235927
-0.148662
-0.0269457
-0.147674
-0.0297682
-0.146821
-0.0319362
-0.146086
-0.0333217
-0.14544
-0.0337603
-0.144863
-0.0330954
-0.144293
-0.143598
0.00700805
0.00893104
0.0185271
-0.0914523
0.0220037
-0.167831
0.0197429
-0.177035
0.0162317
-0.172765
0.0131616
-0.167864
0.0105997
-0.165467
0.00827637
-0.164414
0.00608776
-0.163784
0.00403635
-0.163361
0.00213175
-0.163102
0.000366712
-0.162946
-0.0012769
-0.162825
-0.00282244
-0.162685
-0.00429607
-0.162475
-0.00572266
-0.162157
-0.00712705
-0.161684
-0.00850711
-0.161046
-0.00987858
-0.160147
-0.159031
0.00839231
-0.00137266
0.0226278
-0.108398
0.025788
-0.174619
0.0238643
-0.179763
0.0212307
-0.1759
0.019499
-0.173097
0.0184956
-0.172687
0.0178963
-0.17334
0.0175879
-0.174327
0.0175207
-0.175477
0.0176252
-0.176706
0.0178057
-0.177903
0.0179494
-0.178963
0.017931
-0.179795
0.0176163
-0.180318
0.0168645
-0.180466
0.015535
-0.180168
0.0134961
-0.179403
0.0106143
-0.178053
-0.176275
0.0105411
-0.0134852
0.0266435
-0.126763
0.0288108
-0.179859
0.0271311
-0.182077
0.0253217
-0.179111
0.0247036
-0.178625
0.0249119
-0.180256
0.0256296
-0.182712
0.026749
-0.185462
0.0281784
-0.188338
0.0297861
-0.191201
0.0314108
-0.193896
0.0328713
-0.196279
0.0339697
-0.198224
0.0344954
-0.199619
0.0342276
-0.200364
0.0329453
-0.200366
0.0304246
-0.199579
0.0264531
-0.197871
-0.195427
0.0141733
-0.0288858
0.030283
-0.144679
0.0310989
-0.183171
0.0295186
-0.183798
0.0283669
-0.182179
0.0285089
-0.184018
0.029482
-0.187623
0.0310311
-0.191907
0.033053
-0.196485
0.035421
-0.201162
0.0379607
-0.20574
0.040469
-0.210028
0.0427224
-0.213848
0.0444791
-0.217043
0.0454837
-0.219468
0.0454704
-0.220997
0.0441732
-0.221515
0.0413197
-0.220944
0.0366572
-0.219148
-0.216285
0.019599
-0.0493711
0.0336173
-0.160042
0.0331254
-0.184589
0.03109
-0.184348
0.0302671
-0.184733
0.0307101
-0.188752
0.0319497
-0.194195
0.0338064
-0.200267
0.0361716
-0.206657
0.0388926
-0.213125
0.041773
-0.219429
0.044591
-0.225348
0.0471049
-0.230678
0.049056
-0.235234
0.0501729
-0.238848
0.050176
-0.241369
0.0487864
-0.242665
0.0457201
-0.242631
0.0407196
-0.241134
-0.238273
0.0254774
-0.0754043
0.0358855
-0.171343
0.034147
-0.184173
0.0317465
-0.183804
0.0309058
-0.186398
0.0311563
-0.192281
0.0321697
-0.199394
0.0338071
-0.20714
0.0359539
-0.21524
0.0384439
-0.223408
0.0410772
-0.231374
0.0436332
-0.238893
0.045874
-0.245747
0.0475477
-0.25173
0.0483917
-0.256657
0.0481387
-0.26036
0.0465227
-0.262693
0.043277
-0.263534
0.038163
-0.262754
-0.260395
0.0303951
-0.106042
0.0372014
-0.178604
0.0340407
-0.181759
0.0314417
-0.182336
0.0301902
-0.186768
0.0297872
-0.194109
0.0301022
-0.202683
0.0310175
-0.211919
0.0324032
-0.221538
0.0340973
-0.231231
0.0359121
-0.240709
0.0376434
-0.249721
0.0390718
-0.258032
0.0399687
-0.265431
0.0401019
-0.271722
0.0392375
-0.276731
0.037144
-0.280303
0.0335907
-0.282303
0.0283756
-0.282612
-0.281216
0.0354048
-0.141402
0.0379747
-0.181218
0.0331487
-0.177127
0.0301688
-0.179778
0.028004
-0.185343
0.0265088
-0.193782
0.0257294
-0.203624
0.0254528
-0.214056
0.0255878
-0.224933
0.0259745
-0.235894
0.0264393
-0.246647
0.0268063
-0.256946
0.0268898
-0.266554
0.0264969
-0.275257
0.0254336
-0.282858
0.0235089
-0.289182
0.020537
-0.294075
0.0163425
-0.2974
0.0107671
-0.299041
-0.29895
0.0412147
-0.182315
0.0392862
-0.178956
0.0314783
-0.168996
0.0276622
-0.175703
0.0242918
-0.181854
0.0214474
-0.19105
0.0192234
-0.201851
0.0174243
-0.213172
0.0159123
-0.224943
0.0145567
-0.236824
0.0132072
-0.248517
0.0117114
-0.259785
0.00992101
-0.270407
0.00769153
-0.280174
0.00488112
-0.2889
0.00135168
-0.296411
-0.00302849
-0.302557
-0.00838131
-0.307203
-0.0148099
-0.310243
-0.311598
0.0491681
-0.230963
0.0390908
-0.168211
0.030758
-0.159866
0.0241946
-0.168248
0.0193371
-0.176059
0.0150037
-0.185802
0.0110696
-0.197112
0.00746948
-0.20898
0.00399684
-0.221211
0.000515716
-0.233552
-0.00307891
-0.245751
-0.00689422
-0.25758
-0.0110342
-0.268832
-0.0155975
-0.279312
-0.0206772
-0.288844
-0.026358
-0.297265
-0.0327156
-0.304432
-0.0398167
-0.310216
-0.0477184
-0.314514
-0.317234
-0.141845
-0.0258885
0.171384
-0.122804
-0.0151908
-0.107443
-0.0113591
-0.0942697
-0.00906997
-0.0816392
-0.00847512
-0.0688824
-0.00860041
-0.0556241
-0.0091506
-0.0416583
-0.00995485
-0.0272781
-0.0105117
-0.0126141
-0.0109802
0.00260233
-0.0117556
0.0187373
-0.0129301
0.0359267
-0.0142682
0.0542986
-0.0157554
0.0740907
-0.0174948
0.0959117
-0.0198501
0.119847
-0.0222909
0.147899
-0.0267265
0.181938
-0.0330169
-0.0482862
-0.125954
-0.0247867
0.129864
-0.116451
-0.0194233
-0.106037
-0.0162967
-0.0946933
-0.0147901
-0.0825703
-0.0148883
-0.0693553
-0.016084
-0.0551426
-0.0176766
-0.0401823
-0.0193389
-0.0242069
-0.0210864
-0.00711811
-0.0229054
0.0109171
-0.0249217
0.0296188
-0.0271085
0.0487412
-0.0292569
0.0681764
-0.0314815
0.0878626
-0.0339216
0.107143
-0.0363355
0.126101
-0.0389231
0.144065
-0.0428253
0.160676
-0.0482071
-0.0548156
-0.113604
-0.0166811
0.111978
-0.110043
-0.0161695
-0.103269
-0.01598
-0.0941085
-0.0166506
-0.0828661
-0.0186944
-0.0699827
-0.021475
-0.0556589
-0.0245365
-0.0398348
-0.0278149
-0.0225866
-0.0311901
-0.00410269
-0.0345339
0.0153017
-0.0378411
0.0352365
-0.041003
0.0553881
-0.0438775
0.0753613
-0.0464862
0.0946792
-0.0488736
0.11314
-0.0510578
0.130184
-0.0528671
0.14452
-0.0546929
0.155009
-0.0568386
-0.0583908
-0.110023
-0.0094526
0.110801
-0.107265
-0.0104947
-0.101949
-0.0124981
-0.0940083
-0.0155018
-0.0836904
-0.0197179
-0.0712807
-0.0244815
-0.056778
-0.0296325
-0.0403124
-0.0349819
-0.0221056
-0.040321
-0.00245685
-0.0454441
0.0182064
-0.0502134
0.0393544
-0.0544105
0.0605746
-0.0579986
0.0813519
-0.0608825
0.101144
-0.0630613
0.119427
-0.0645531
0.135805
-0.0652917
0.14962
-0.0653855
0.1603
-0.0652053
-0.0647891
-0.109034
-0.000101382
0.109221
-0.107058
-0.00239511
-0.102683
-0.00632523
-0.0955336
-0.0117078
-0.0858607
-0.0181506
-0.0736069
-0.0253115
-0.0588161
-0.0329438
-0.0416665
-0.040735
-0.0224553
-0.048365
-0.00158339
-0.0555262
0.0204335
-0.0619636
0.0430412
-0.0674121
0.0656331
-0.0717686
0.0875992
-0.0749165
0.108321
-0.0768237
0.127218
-0.0775214
0.143866
-0.0770701
0.157836
-0.0755466
0.168577
-0.0731723
-0.0704793
-0.109078
0.0124631
0.107536
-0.108233
0.00844599
-0.104739
0.00247159
-0.0984306
-0.00520389
-0.0892057
-0.0141484
-0.0769576
-0.0240483
-0.0617435
-0.034514
-0.0437698
-0.0451014
-0.0233871
-0.0553584
-0.00107642
-0.0648537
0.0225616
-0.0732117
0.0468725
-0.0801052
0.0711337
-0.0853479
0.094621
-0.0887988
0.116632
-0.0904191
0.136522
-0.0902659
0.153757
-0.0884722
0.167949
-0.0852271
0.178731
-0.0807331
-0.0755575
-0.110244
0.0274597
0.10765
-0.110477
0.0218905
-0.107916
0.01388
-0.102359
0.00388475
-0.0934838
-0.00781716
-0.0811504
-0.0207607
-0.0654032
-0.0344024
-0.0464662
-0.0481436
-0.024739
-0.0613762
-0.00077983
-0.0735222
0.0247148
-0.0840698
0.0509725
-0.092609
0.0771508
-0.0988658
0.102404
-0.10267
0.125926
-0.103985
0.14699
-0.102909
0.164998
-0.0996547
0.179513
-0.0945271
0.190273
-0.0878565
-0.0802623
-0.112257
0.0446222
0.108718
-0.113515
0.0377454
-0.111965
0.0278617
-0.10709
0.0153998
-0.0985062
0.000727822
-0.0860178
-0.0155431
-0.0696436
-0.0326946
-0.0496198
-0.0499468
-0.0263947
-0.0665078
-0.000605409
-0.081629
0.0269436
-0.0946388
0.0553506
-0.105024
0.083641
-0.112419
0.110837
-0.116619
0.136015
-0.117599
0.158357
-0.115511
0.177196
-0.110663
0.192058
-0.10349
0.20268
-0.0944745
-0.0843638
-0.114774
0.0639542
0.110075
-0.117183
0.0559426
-0.116611
0.0442144
-0.1124
0.029183
-0.104081
0.0113527
-0.0913916
-0.00851245
-0.0743194
-0.0294974
-0.0531105
-0.050611
-0.0282632
-0.0708488
-0.000502819
-0.0892626
0.0292524
-0.105001
0.0599618
-0.117426
0.0905064
-0.126074
0.119766
-0.130702
0.14669
-0.131303
0.170356
-0.128096
0.190029
-0.121504
0.205199
-0.112111
0.215604
-0.100576
-0.0878029
-0.11764
0.0852592
0.111717
-0.121241
0.0762778
-0.121653
0.0627228
-0.118109
0.0450466
-0.110042
0.0238889
-0.0971221
0.000182899
-0.0793016
-0.0249407
-0.0568366
-0.0502496
-0.0302778
-0.0744971
-0.000444113
-0.0965055
0.031625
-0.115224
0.0647429
-0.129869
0.0976361
-0.139869
0.129033
-0.144944
0.157747
-0.145108
0.182748
-0.140667
0.203229
-0.132172
0.218646
-0.120382
0.228747
-0.106156
-0.0905806
-0.120764
0.108219
0.113625
-0.125541
0.0984437
-0.126938
0.0831187
-0.124064
0.0627541
-0.116244
0.0381276
-0.103075
0.0103611
-0.0844753
-0.0191788
-0.0607099
-0.04899
-0.0323838
-0.0775547
-0.000413144
-0.103436
0.0340357
-0.125363
0.0696237
-0.142388
0.104916
-0.153824
0.138482
-0.159349
0.168994
-0.159012
0.195311
-0.153211
0.21655
-0.142656
0.232141
-0.128298
0.241848
-0.111222
-0.0927224
-0.124028
0.132468
0.115689
-0.129963
0.122086
-0.132338
0.105082
-0.130131
0.0820199
-0.122554
0.053818
-0.109129
0.0218057
-0.0897358
-0.0123918
-0.0646503
-0.0469762
-0.0345337
-0.080129
-0.000399435
-0.110129
0.0364544
-0.135465
0.074532
-0.155004
0.112232
-0.167938
0.147961
-0.173906
0.180246
-0.172992
0.207833
-0.165709
0.229766
-0.152941
0.245449
-0.135858
0.254671
-0.115795
-0.0942759
-0.12733
0.15759
0.117825
-0.134397
0.146807
-0.137735
0.128248
-0.136188
0.102513
-0.128853
0.0706689
-0.115171
0.0342672
-0.0949865
-0.00478486
-0.0685847
-0.0443682
-0.0366839
-0.0823359
-0.000395515
-0.116659
0.0388487
-0.145566
0.0793939
-0.167724
0.119471
-0.182198
0.157321
-0.188584
0.191325
-0.187016
0.220114
-0.178133
0.242662
-0.163013
0.25835
-0.14307
0.266997
-0.11991
-0.0953092
-0.130588
0.183116
0.119971
-0.138748
0.172165
-0.143025
0.152206
-0.142124
0.123863
-0.135027
0.0883519
-0.121095
0.0474642
-0.100135
0.00341138
-0.0724429
-0.0413433
-0.0387935
-0.0842992
-0.000396358
-0.123101
0.0411835
-0.155696
0.0841341
-0.180542
0.126519
-0.196571
0.166415
-0.203341
0.202058
-0.20104
0.231963
-0.190449
0.255036
-0.172859
0.270638
-0.149948
0.278625
-0.123615
-0.0959087
-0.13373
0.208542
0.122073
-0.142931
0.197684
-0.14811
0.176511
-0.147836
0.145663
-0.140973
0.106505
-0.126801
0.0610859
-0.105094
0.0119428
-0.0761579
-0.0380942
-0.0408245
-0.0861503
-0.000399505
-0.129526
0.0434221
-0.165875
0.0886766
-0.19344
0.133264
-0.211015
0.1751
-0.218123
0.212277
-0.215014
0.243198
-0.202622
0.266696
-0.182466
0.28212
-0.156511
0.289366
-0.126969
-0.0961765
-0.13669
0.233338
0.124078
-0.146869
0.222859
-0.152904
0.20069
-0.153228
0.167476
-0.14659
0.124738
-0.132194
0.0747957
-0.109779
0.0205349
-0.0796663
-0.0348274
-0.0427422
-0.0880268
-0.000405183
-0.136007
0.0455267
-0.176121
0.0929454
-0.206389
0.139594
-0.225473
0.183237
-0.232864
0.221823
-0.228878
0.253644
-0.214611
0.277466
-0.191827
0.292621
-0.16279
0.29905
-0.130042
-0.0962289
-0.139411
0.256961
0.125938
-0.150489
0.247167
-0.157323
0.224248
-0.158209
0.188844
-0.151785
0.142638
-0.137181
0.0882365
-0.114111
0.0288965
-0.0829083
-0.0317621
-0.0445142
-0.0900722
-0.000414718
-0.142615
0.0474595
-0.186441
0.0968657
-0.219353
0.145404
-0.239881
0.190691
-0.24749
0.230544
-0.242567
0.263141
-0.226376
0.28718
-0.200932
0.301977
-0.168815
0.30752
-0.132915
-0.0961945
-0.14184
0.278866
0.12761
-0.15373
0.270077
-0.161294
0.246678
-0.162696
0.209293
-0.156471
0.159775
-0.141681
0.101036
-0.118016
0.0367213
-0.0858266
-0.0291285
-0.0461087
-0.0924351
-0.000428784
-0.149418
0.049184
-0.196839
0.100366
-0.232282
0.15059
-0.254162
0.197339
-0.261918
0.238299
-0.256011
0.271541
-0.237874
0.295689
-0.209777
0.310043
-0.174627
0.314641
-0.135673
-0.0962081
-0.143926
0.298517
0.129049
-0.156529
0.291062
-0.164747
0.267474
-0.166616
0.228346
-0.160571
0.175712
-0.145615
0.112809
-0.121422
0.0436918
-0.0883671
-0.0271645
-0.0474956
-0.0952691
-0.000447261
-0.156488
0.0506665
-0.207313
0.10338
-0.245123
0.155059
-0.268234
0.203065
-0.27606
0.244962
-0.269136
0.27871
-0.249058
0.302861
-0.218356
0.316696
-0.180267
0.320297
-0.138407
-0.0964102
-0.145654
0.130246
-0.158859
-0.167637
-0.169906
-0.164012
-0.14891
-0.124268
-0.0904823
-0.0486476
-0.000468126
0.051878
0.105852
0.158729
0.207768
0.250417
0.284531
0.308582
0.321824
0.324384
-0.065994
-0.3121
-0.0596205
-0.315054
-0.0542538
-0.316107
-0.0497986
-0.31543
-0.0461179
-0.313024
-0.0430599
-0.308979
-0.0404498
-0.303379
-0.0381084
-0.296337
-0.0358559
-0.287981
-0.0335133
-0.278477
-0.0308807
-0.268031
-0.0277039
-0.25693
-0.023663
-0.245609
-0.018597
-0.234586
-0.0122828
-0.224102
-0.00434752
-0.213131
0.00538432
-0.198721
0.016838
-0.173648
0.0194356
-0.115869
-0.0485576
0.0227911
-0.281067
0.026494
-0.286234
0.028319
-0.289505
0.0284677
-0.290989
0.0272086
-0.290732
0.0248128
-0.288813
0.0215827
-0.285339
0.0178318
-0.280429
0.013878
-0.274217
0.0100225
-0.26686
0.00654831
-0.258556
0.00373109
-0.249598
0.00184039
-0.240436
0.00123717
-0.231698
0.00229397
-0.223661
0.00524111
-0.215181
0.0101703
-0.203192
0.0153706
-0.178693
0.0141026
-0.114637
-0.0345943
0.0773136
-0.244212
0.0811003
-0.250551
0.0820813
-0.255158
0.0805577
-0.258104
0.0768964
-0.25947
0.0714926
-0.259338
0.0647599
-0.257817
0.0571182
-0.255017
0.0489918
-0.251071
0.0408032
-0.24613
0.0329552
-0.240376
0.0258024
-0.234061
0.0196596
-0.227603
0.0148268
-0.22163
0.0117472
-0.216579
0.0108761
-0.211335
0.0120436
-0.202224
0.0139756
-0.179162
0.0111762
-0.110899
-0.022874
0.099046
-0.208303
0.104142
-0.214323
0.105793
-0.218961
0.104384
-0.222284
0.100344
-0.22438
0.0941282
-0.225327
0.0862068
-0.225218
0.0770536
-0.224146
0.0671428
-0.222225
0.0569435
-0.219589
0.0469079
-0.216393
0.0374459
-0.21284
0.028904
-0.209284
0.0215833
-0.206309
0.015903
-0.204474
0.0123849
-0.202772
0.0110056
-0.196992
0.0109981
-0.176316
0.00725708
-0.105164
-0.0143085
0.0945576
-0.177262
0.100321
-0.181613
0.102657
-0.185054
0.101946
-0.187689
0.0986026
-0.189599
0.0930624
-0.190849
0.0857668
-0.191502
0.0771605
-0.191627
0.0676852
-0.191305
0.05777
-0.190633
0.0478192
-0.189718
0.0382025
-0.18871
0.0292241
-0.187882
0.0211296
-0.187744
0.0142834
-0.188962
0.00937209
-0.190843
0.00672473
-0.188812
0.00600931
-0.171382
0.00295176
-0.0990292
-0.00924326
0.0713805
-0.151737
0.0755134
-0.153701
0.0771919
-0.155323
0.0766824
-0.156695
0.0742625
-0.157876
0.0702201
-0.158912
0.0648479
-0.159835
0.0584468
-0.160689
0.0513156
-0.161517
0.0437393
-0.16237
0.0359863
-0.163303
0.0282961
-0.164406
0.020847
-0.165856
0.0137933
-0.168111
0.00735582
-0.171874
0.00212093
-0.176789
-0.000766529
-0.178816
-0.00164869
-0.164958
-0.00256913
-0.0939695
-0.00889375
0.0315495
-0.130985
0.0321573
-0.13074
0.032083
-0.130613
0.0313939
-0.13073
0.0301282
-0.131106
0.0283275
-0.131764
0.0260373
-0.132717
0.0233088
-0.133976
0.0201948
-0.135555
0.0167489
-0.137462
0.013027
-0.139712
0.00906944
-0.142334
0.00491147
-0.145455
0.000612923
-0.14951
-0.00382734
-0.155094
-0.0081185
-0.162099
-0.0109752
-0.167436
-0.0103321
-0.158846
-0.00575366
-0.0934175
-0.0109637
-0.0261975
-0.114593
-0.029401
-0.112869
-0.031025
-0.111664
-0.031324
-0.11098
-0.0305652
-0.11082
-0.0290212
-0.111195
-0.0269571
-0.112104
-0.0246277
-0.113544
-0.0222746
-0.115505
-0.0201161
-0.117976
-0.0183484
-0.120945
-0.0171443
-0.124411
-0.0166014
-0.128516
-0.0168253
-0.133628
-0.0181519
-0.140049
-0.0205659
-0.147962
-0.0225302
-0.155736
-0.0192524
-0.154312
-0.00810171
-0.0985611
-0.0146949
-0.103244
-0.103327
-0.108142
-0.101177
-0.109384
-0.0996557
-0.107524
-0.0987032
-0.103123
-0.0983367
-0.0967562
-0.0985585
-0.0889913
-0.0993676
-0.0803807
-0.100756
-0.0714458
-0.10271
-0.0626634
-0.105221
-0.0544622
-0.108274
-0.0471908
-0.111886
-0.0410975
-0.116234
-0.0364966
-0.121546
-0.0339612
-0.127793
-0.0337931
-0.135353
-0.0340612
-0.144754
-0.0297954
-0.149902
-0.0131749
-0.10845
-0.0229256
-0.195387
-0.0987069
-0.198575
-0.0969085
-0.196626
-0.0956181
-0.190328
-0.0947603
-0.180484
-0.0943669
-0.167909
-0.0944447
-0.15341
-0.0950021
-0.137767
-0.0960413
-0.121716
-0.0975667
-0.105931
-0.0995861
-0.0910142
-0.102102
-0.0774758
-0.105161
-0.0657492
-0.108944
-0.0562634
-0.113605
-0.0494914
-0.118988
-0.0459357
-0.125356
-0.0447431
-0.134507
-0.0420323
-0.143293
-0.0202674
-0.122941
-0.0378194
-0.293036
-0.102098
-0.290799
-0.100882
-0.282844
-0.0999216
-0.270077
-0.0991608
-0.253436
-0.0986399
-0.23387
-0.0983781
-0.212313
-0.0983986
-0.18967
-0.098724
-0.166797
-0.0993799
-0.144484
-0.100396
-0.123438
-0.101807
-0.104299
-0.10366
-0.0876628
-0.106102
-0.0739737
-0.10936
-0.0634275
-0.113437
-0.0564068
-0.11832
-0.0539563
-0.125055
-0.0535102
-0.134015
-0.0326416
-0.136202
-0.064828
-0.381724
-0.113495
-0.371417
-0.112547
-0.355709
-0.111583
-0.335515
-0.110584
-0.311786
-0.10959
-0.285487
-0.10863
-0.257572
-0.10774
-0.228964
-0.106963
-0.200538
-0.106344
-0.173109
-0.105932
-0.147412
-0.105786
-0.124102
-0.105971
-0.103813
-0.106578
-0.0871086
-0.107823
-0.0740501
-0.110124
-0.0643234
-0.113753
-0.059404
-0.117874
-0.061038
-0.1225
-0.0501993
-0.13932
-0.109326
-0.443557
-0.424962
-0.401868
-0.375141
-0.345667
-0.314337
-0.282028
-0.249592
-0.217846
-0.187549
-0.159386
-0.133929
-0.111751
-0.0935621
-0.0797379
-0.0699944
-0.0650308
-0.0657685
-0.0676235
)
;

boundaryField
{
    inlet
    {
        type            calculated;
        value           nonuniform List<scalar> 
41
(
-0.182927
-0.182927
-0.182927
-0.182927
-0.182927
-0.182927
-0.182927
-0.182927
-0.182927
-0.182927
-0.182927
-0.182927
-0.182927
-0.182927
-0.182927
-0.182927
-0.182927
-0.182927
-0.182927
-0.182927
-0.182927
-0.182927
-0.182927
-0.182927
-0.182927
-0.182927
-0.182927
-0.182927
-0.182927
-0.182927
-0.182927
-0.182927
-0.182927
-0.182927
-0.182927
-0.182927
-0.182927
-0.182927
-0.182927
-0.182927
-0.182927
)
;
    }
    outlet
    {
        type            calculated;
        value           nonuniform List<scalar> 
41
(
0.18046
0.183142
0.18354
0.183637
0.183973
0.184526
0.18511
0.18549
0.185561
0.185304
0.184747
0.183934
0.182921
0.181792
0.18067
0.17974
0.179206
0.179148
0.179121
0.179773
0.182055
0.183717
0.186297
0.18674
0.184646
0.182986
0.182454
0.18264
0.183057
0.183483
0.183888
0.184217
0.184381
0.184268
0.183821
0.183101
0.182475
0.182178
0.182165
0.181791
0.179275
)
;
    }
    dymWall
    {
        type            calculated;
        value           nonuniform List<scalar> 
73
(
0
0
0
8.67362e-19
8.67362e-19
0
0
0
2.1684e-19
-1.0842e-19
0
-2.1684e-19
-4.33681e-19
-8.67362e-19
8.67362e-19
0
8.67362e-19
0
1.73472e-18
-1.73472e-18
-8.67362e-19
0
8.67362e-19
8.67362e-19
8.67362e-19
0
0
0
2.1684e-19
-5.42101e-20
1.0842e-19
0
0
-4.33681e-19
4.33681e-19
0
0
0
0
0
3.46945e-18
1.73472e-18
-1.73472e-18
1.73472e-18
8.67362e-19
0
4.93038e-32
0
0
0
0
-1.73472e-18
-3.46945e-18
-8.67362e-19
8.67362e-19
8.67362e-19
-8.67362e-19
0
0
0
0
0
0
0
2.1684e-19
0
-4.33681e-19
4.33681e-19
0
-8.67362e-19
0
0
-8.67362e-19
)
;
    }
    AMI1
    {
        type            cyclicAMI;
        value           nonuniform List<scalar> 
73
(
0.11157
0.168045
0.224934
0.277473
0.321282
0.351722
0.359556
0.324072
0.237623
0.15091
0.132693
0.107977
0.0541447
-0.0116042
-0.0824832
-0.151772
-0.213371
-0.26272
-0.296472
-0.312797
-0.311759
-0.295057
-0.265609
-0.227215
-0.184557
-0.14297
-0.106223
-0.0769926
-0.052767
-0.0311369
-0.0110696
0.00688812
0.0208695
0.0299321
0.0334975
0.0309092
0.0212611
0.00363624
-0.0224336
-0.0564809
0.315398
0.309601
0.286131
0.245523
0.190006
0.123165
0.0494864
-0.0261129
-0.0987322
-0.163896
-0.217858
-0.257819
-0.282007
-0.289821
-0.281862
-0.259883
-0.226665
-0.185777
-0.141208
-0.0969446
0.0734765
-0.0169717
-0.0704146
-0.09016
-0.0850606
-0.0645434
-0.030235
0.0212974
0.0942266
0.186342
0.28868
0.385731
0.456812
)
;
    }
    AMI2
    {
        type            cyclicAMI;
        value           nonuniform List<scalar> 
162
(
-0.0478377
-0.0614053
-0.074655
-0.0889817
-0.102376
-0.116365
-0.128794
-0.141302
-0.151761
-0.161795
-0.169126
-0.175766
-0.177541
-0.178809
-0.169343
-0.160379
-0.137524
-0.116256
-0.0936895
-0.0719732
-0.0687828
-0.0657711
-0.0614044
-0.0545626
-0.0415583
-0.0283486
-0.0121623
0.00342583
0.0213061
0.0378879
0.0558782
0.0718627
0.0884765
0.102429
0.116502
0.127381
0.137987
0.145041
0.151575
0.1544
0.156649
0.159201
0.157203
0.151933
0.146183
0.137736
0.129185
0.118557
0.108301
0.0967885
0.0860427
0.0751749
0.0651826
0.0558692
0.0474341
0.0404183
0.033935
0.028163
0.0226937
0.0173755
0.0128199
0.00762158
0.00353036
-0.00132098
-0.00458658
-0.00851553
-0.0107233
-0.0134525
-0.0145055
-0.0158616
-0.0156155
-0.0154356
-0.0136392
-0.0116916
-0.00804281
-0.00407012
0.00166094
0.00782338
0.0156746
0.02395
0.0336627
-0.156119
-0.156761
-0.15601
-0.152593
-0.147488
-0.139896
-0.130547
-0.119066
-0.10599
-0.0912675
-0.0753077
-0.0582684
-0.040481
-0.0222203
-0.00376652
0.0145603
0.0325163
0.04979
0.0661743
0.0814007
0.0953032
0.107667
0.118379
0.127296
0.134339
0.139454
0.142611
0.143837
0.143158
0.140682
0.136484
0.130754
0.123601
0.1153
0.105956
0.0959471
0.0853075
0.0745496
0.0635436
0.0529855
0.0424826
-0.0366428
-0.0242165
-0.0129939
-0.00381484
0.00465605
0.011801
0.0172785
0.0216768
0.0249055
0.0269526
0.0280521
0.0282872
0.0277955
0.0267311
0.0251451
0.0232115
0.0209981
0.0182807
0.0150788
0.0115533
0.00750043
0.00254476
-0.00287189
-0.00866009
-0.0159797
-0.02404
-0.0319718
-0.041534
-0.0521296
-0.0617632
-0.0727847
-0.0848242
-0.0953576
-0.106349
-0.118032
-0.127536
-0.136523
-0.145509
-0.151589
-0.156246
)
;
    }
    walls
    {
        type            calculated;
        value           uniform 0;
    }
    front
    {
        type            empty;
        value           nonuniform 0();
    }
    back
    {
        type            empty;
        value           nonuniform 0();
    }
}


// ************************************************************************* //
