/*--------------------------------*- C++ -*----------------------------------*\
  =========                 |
  \\      /  F ield         | OpenFOAM: The Open Source CFD Toolbox
   \\    /   O peration     | Website:  https://openfoam.org
    \\  /    A nd           | Version:  6
     \\/     M anipulation  |
\*---------------------------------------------------------------------------*/
FoamFile
{
    version     2.0;
    format      ascii;
    class       volScalarField;
    location    "4.31";
    object      k;
}
// * * * * * * * * * * * * * * * * * * * * * * * * * * * * * * * * * * * * * //

dimensions      [0 2 -2 0 0 0 0];

internalField   nonuniform List<scalar> 
4214
(
0.0260753
0.0134067
0.00787397
0.00570646
0.00493695
0.00471765
0.00474839
0.00495457
0.00535608
0.00602675
0.00709186
0.00874212
0.0112778
0.0152837
0.0222318
0.0360422
0.064817
0.118926
0.199438
0.289377
0.370081
0.39544
0.383945
0.376106
0.387818
0.416547
0.456602
0.486657
0.474669
0.399984
0.29038
0.184035
0.103228
0.0522577
0.0248345
0.0126505
0.00785579
0.00646446
0.00775473
0.0129905
0.0258891
0.0157793
0.00907084
0.00622903
0.00511373
0.0047155
0.00462455
0.0047072
0.00494711
0.00538855
0.00611893
0.00727222
0.00902705
0.0115913
0.0152669
0.020722
0.0298735
0.0479874
0.0854543
0.152064
0.242813
0.33376
0.40303
0.443743
0.441269
0.425798
0.434583
0.472522
0.513534
0.505721
0.425556
0.308216
0.193852
0.108394
0.0552154
0.0270462
0.0134648
0.00799653
0.00599895
0.00591929
0.00765557
0.0118898
0.00950389
0.0067359
0.00539171
0.00481589
0.00460945
0.00459673
0.00473094
0.00503226
0.00557364
0.00647756
0.0079159
0.0100843
0.0131613
0.0172031
0.0223728
0.0293528
0.0406516
0.0629637
0.107315
0.179437
0.264726
0.330075
0.377299
0.402575
0.41278
0.438862
0.490877
0.544718
0.541822
0.455002
0.325892
0.203018
0.112721
0.0574798
0.0284216
0.0144586
0.00824516
0.00588723
0.00528833
0.00587002
0.00761819
0.00729273
0.0057821
0.00501841
0.00468566
0.00458331
0.00463259
0.0048308
0.005235
0.00596774
0.0072151
0.00923323
0.012272
0.0165008
0.0217315
0.0276564
0.0341669
0.0421528
0.0552504
0.0821014
0.133745
0.20941
0.283158
0.337266
0.374804
0.399916
0.438672
0.503377
0.571452
0.576753
0.485341
0.344674
0.212573
0.117005
0.0594935
0.0295226
0.0151716
0.00862534
0.00590281
0.00504164
0.00516261
0.00604332
0.00618628
0.00528869
0.00483039
0.00463786
0.00461117
0.00472268
0.00501209
0.00558565
0.00664684
0.0084867
0.0115178
0.0160874
0.0223745
0.0298205
0.0374759
0.0445236
0.0508652
0.058341
0.0724775
0.103836
0.160859
0.232869
0.294617
0.338255
0.374207
0.425302
0.505628
0.592255
0.60998
0.516099
0.364041
0.222426
0.121231
0.0613041
0.0304113
0.0156763
0.00894431
0.00601038
0.00494095
0.00482884
0.00530357
0.0055762
0.00502346
0.00474562
0.00464879
0.00468545
0.00487262
0.00529953
0.00614163
0.00773486
0.0105278
0.0152081
0.0222503
0.0318733
0.042858
0.0532807
0.0615196
0.0667766
0.0701975
0.0754888
0.0905772
0.126415
0.184887
0.249328
0.300609
0.343225
0.402252
0.497054
0.605106
0.639724
0.546433
0.384131
0.232783
0.125694
0.0631293
0.0312119
0.0160824
0.00916951
0.00613041
0.00492337
0.00465501
0.00491136
0.005234
0.00488927
0.00473093
0.0047033
0.00480573
0.00509609
0.00573097
0.00698208
0.00939841
0.0136374
0.020859
0.0316215
0.0462374
0.0622938
0.0764699
0.0862234
0.0901549
0.0895946
0.0878161
0.090758
0.107924
0.147348
0.204679
0.261733
0.310578
0.373832
0.478906
0.609306
0.664862
0.575521
0.404679
0.243615
0.13054
0.0651289
0.0320316
0.0164491
0.00935324
0.00622168
0.00494326
0.00456681
0.00468414
0.00505089
0.00484356
0.00476425
0.00479718
0.00498001
0.00541532
0.00635832
0.00820306
0.0118376
0.0181426
0.0290817
0.0450335
0.0665577
0.0892267
0.107939
0.119216
0.121037
0.115663
0.106994
0.100335
0.103139
0.123986
0.166961
0.223008
0.276386
0.341516
0.453715
0.605593
0.684527
0.602371
0.424844
0.254841
0.135811
0.0673919
0.0329488
0.0168251
0.00952076
0.00630002
0.00496705
0.00452721
0.00454385
0.00497402
0.00485488
0.00483684
0.00493284
0.00522196
0.00585712
0.00724133
0.00989793
0.0152569
0.0243197
0.0404262
0.0630182
0.0934555
0.124212
0.148175
0.160941
0.159535
0.148091
0.131877
0.116592
0.108503
0.11422
0.140862
0.188663
0.244172
0.308767
0.4252
0.595859
0.698302
0.625837
0.44389
0.265921
0.1413
0.0698464
0.0339603
0.0172227
0.0096827
0.00637092
0.00499163
0.00450829
0.00445896
0.00496491
0.00490912
0.0049473
0.00511603
0.00554834
0.00644523
0.00843644
0.012125
0.0198209
0.0322833
0.055242
0.0855792
0.127111
0.167605
0.197876
0.212568
0.206734
0.188124
0.164222
0.139686
0.121655
0.115616
0.127591
0.162892
0.2158
0.281114
0.39908
0.584381
0.706777
0.644604
0.460122
0.275759
0.146388
0.0721892
0.0349322
0.0175943
0.00982463
0.00643051
0.00501414
0.0044986
0.00440476
0.00500493
0.00500036
0.00509801
0.00535216
0.0059748
0.00718817
0.00998299
0.0148682
0.0256118
0.0418794
0.0735937
0.112177
0.167755
0.22
0.258084
0.275878
0.264431
0.237719
0.202518
0.168501
0.141363
0.125788
0.126141
0.148124
0.193822
0.259313
0.382027
0.576983
0.712015
0.656986
0.471543
0.282867
0.150033
0.0738628
0.035608
0.017836
0.00991119
0.00646821
0.00503125
0.00449391
0.00436739
0.00508542
0.00512617
0.00529248
0.00564138
0.00651121
0.00806526
0.0118909
0.0180022
0.0326065
0.0526392
0.095308
0.141952
0.216154
0.281856
0.329725
0.352114
0.332993
0.297802
0.25059
0.204455
0.167231
0.143222
0.134812
0.145431
0.18021
0.246033
0.377356
0.579397
0.716899
0.662514
0.476326
0.285769
0.151279
0.0743115
0.0357335
0.0178562
0.00991531
0.00647868
0.00504234
0.00449345
0.00434258
0.00520285
0.00528387
0.00553269
0.00597301
0.0071576
0.00901602
0.0141342
0.0212777
0.0406753
0.0638223
0.120111
0.174025
0.27322
0.352175
0.412515
0.440214
0.409461
0.365537
0.305487
0.247817
0.200457
0.167951
0.152344
0.154686
0.180624
0.249992
0.392108
0.594796
0.722372
0.660404
0.473148
0.283292
0.149602
0.0733424
0.0352481
0.0176363
0.00983266
0.00646044
0.00504793
0.00449776
0.00432972
0.00535461
0.00546667
0.0058161
0.00632206
0.00790049
0.00994089
0.0166477
0.0243469
0.0495935
0.0745309
0.147688
0.207425
0.33887
0.429659
0.504117
0.534384
0.486912
0.433701
0.361006
0.294561
0.240058
0.201206
0.178368
0.175049
0.199111
0.275196
0.426791
0.622404
0.727021
0.649769
0.461279
0.27481
0.144711
0.070835
0.0341068
0.0171485
0.00965086
0.00640809
0.00504654
0.00450672
0.00432928
0.00553408
0.00566102
0.00613222
0.0066521
0.00870717
0.010722
0.0193165
0.0268403
0.0590304
0.083871
0.177534
0.241061
0.412758
0.513973
0.599687
0.626417
0.555952
0.49259
0.411685
0.342376
0.284299
0.23926
0.212728
0.206327
0.238498
0.326673
0.482211
0.658221
0.726395
0.627661
0.43979
0.259826
0.136633
0.0667965
0.0323977
0.0164109
0.00939262
0.00632518
0.00504362
0.0045219
0.00434276
0.00572642
0.00584754
0.00645922
0.00693019
0.00951396
0.0112754
0.0219426
0.0284937
0.068496
0.0911131
0.208806
0.272685
0.493534
0.603815
0.691345
0.710193
0.610518
0.536297
0.453057
0.389546
0.335992
0.28592
0.263677
0.260272
0.310969
0.408227
0.552646
0.690845
0.713035
0.591953
0.410779
0.23966
0.127693
0.0622074
0.0310749
0.0157183
0.00929245
0.00626824
0.00508452
0.00455313
0.00437729
0.00591173
0.00599482
0.00676854
0.00709592
0.0102435
0.0115051
0.0243016
0.0292795
0.0773247
0.0959434
0.240195
0.300673
0.578841
0.696993
0.768586
0.780387
0.647295
0.564563
0.490331
0.440073
0.403561
0.37052
0.364765
0.372322
0.422252
0.508207
0.628378
0.722466
0.691687
0.54218
0.380379
0.218789
0.127191
0.0606563
0.0342362
0.016106
0.0104225
0.00642995
0.00537811
0.00462653
0.0044598
0.00438874
0.00433815
0.00431562
0.0043154
0.00433503
0.00437408
0.00443319
0.00451587
0.0046315
0.00479785
0.00505007
0.0054578
0.00617253
0.00756034
0.0106385
0.0200089
0.0543083
0.00439992
0.00436776
0.00435804
0.00437249
0.00441149
0.00447588
0.00456791
0.004693
0.00486278
0.0050995
0.0054461
0.0059876
0.00690006
0.00859009
0.0121037
0.0209594
0.0571233
0.00447287
0.00443866
0.00443652
0.00446434
0.00452255
0.0046136
0.004742
0.00491611
0.00515138
0.00547642
0.00594094
0.00664424
0.00778483
0.00979529
0.0137359
0.0229512
0.0588515
0.00453153
0.00452191
0.00453438
0.00457744
0.00465633
0.00477645
0.00494554
0.00517591
0.00548818
0.00591749
0.0065205
0.00741101
0.00880491
0.0111483
0.0154934
0.0251211
0.0606627
0.00465612
0.00463301
0.00464976
0.00470584
0.00480523
0.00495525
0.00516718
0.00545812
0.00585488
0.00639773
0.00715403
0.0082489
0.00990978
0.0125863
0.0173328
0.0275381
0.0625728
0.00473331
0.00474033
0.00477253
0.00484296
0.0049616
0.00513971
0.00539278
0.00574313
0.00622288
0.00687887
0.00779269
0.00909787
0.0110296
0.0140406
0.019232
0.0305147
0.0647467
0.00489099
0.00487525
0.00490694
0.00498603
0.00511939
0.00532015
0.00560719
0.00600699
0.00655794
0.00731896
0.00837982
0.00988473
0.0120783
0.0154301
0.0212026
0.03473
0.0673078
0.00498265
0.00499903
0.00504316
0.00513024
0.00527289
0.00548701
0.00579465
0.00622787
0.00683272
0.00767631
0.00885925
0.0105382
0.0129743
0.0166849
0.0232847
0.0414254
0.070545
0.00516099
0.00514713
0.00518536
0.00527302
0.00541825
0.00563658
0.00595194
0.00639956
0.00703072
0.00792131
0.00918402
0.0109926
0.0136366
0.0177214
0.0255033
0.0504102
0.0742719
0.00526998
0.0052848
0.0053287
0.00541597
0.00555877
0.00577311
0.00608289
0.00652433
0.00715177
0.00804728
0.00933472
0.0112073
0.0139932
0.0183988
0.027481
0.0540491
0.0773197
0.00546556
0.00544656
0.005481
0.00556255
0.00569831
0.00590218
0.00619612
0.00661461
0.0072115
0.00807024
0.0093215
0.011175
0.0139973
0.0185929
0.0283972
0.0531589
0.0796257
0.00559951
0.00560505
0.00563925
0.00571465
0.0058408
0.00603045
0.00630284
0.0066886
0.00723689
0.00802704
0.0091883
0.0109373
0.0136643
0.0182248
0.0277603
0.0509704
0.0816568
0.00580904
0.0057839
0.00580827
0.00587497
0.00599
0.00616413
0.00641346
0.00676374
0.00725692
0.00796299
0.00900124
0.0105813
0.0130956
0.0174134
0.0262944
0.0483777
0.0834285
0.00597309
0.00596709
0.00598733
0.00604527
0.00614853
0.0063071
0.00653461
0.00685214
0.00729378
0.0079173
0.00882494
0.0102056
0.0124313
0.016343
0.0244163
0.0453833
0.0847598
0.00618928
0.00616418
0.00617741
0.00622631
0.00631758
0.00646089
0.00666837
0.00695777
0.0073566
0.00791062
0.00870193
0.00988885
0.0118014
0.0152159
0.0224074
0.042048
0.085421
0.00638412
0.006369
0.00637772
0.00641803
0.00649735
0.00662545
0.00681399
0.00707905
0.00744379
0.00794476
0.0086456
0.00967104
0.0112951
0.0142031
0.0204783
0.0385413
0.0851763
0.00659818
0.00658161
0.00658698
0.00661989
0.00668789
0.00680088
0.00697073
0.00721319
0.00754956
0.00801092
0.00864767
0.00955532
0.0109493
0.013408
0.0188073
0.0350742
0.0838484
0.00681455
0.00680064
0.0068042
0.00683112
0.00688872
0.00698679
0.00713749
0.00735691
0.00766632
0.00809466
0.00868502
0.00951244
0.0107418
0.0128395
0.0174452
0.0318045
0.0814839
0.00703512
0.00702489
0.00702844
0.00705105
0.0070994
0.0071829
0.00731378
0.00750849
0.00778885
0.00818409
0.008735
0.00950528
0.0106222
0.0124481
0.0163683
0.0289051
0.0783794
0.00726047
0.00725594
0.00726129
0.00728148
0.00732225
0.00739221
0.00750316
0.00767151
0.00791966
0.00827805
0.00878832
0.00951062
0.0105502
0.0121875
0.0155686
0.0264621
0.074761
0.00749295
0.00749557
0.00750485
0.00752497
0.00756053
0.00761906
0.00771135
0.00785308
0.00806657
0.00838325
0.00884694
0.0095195
0.0104982
0.0120095
0.0149949
0.0244595
0.0709407
0.00773442
0.00774642
0.0077621
0.00778491
0.00781831
0.00786859
0.00794508
0.00806202
0.00824066
0.00851242
0.00892293
0.00953785
0.0104558
0.0118749
0.0145713
0.0230095
0.067255
0.00798738
0.00801129
0.00803607
0.00806469
0.00809954
0.00814559
0.00821051
0.00830656
0.00845299
0.00867975
0.00903275
0.00958116
0.01043
0.0117705
0.0142723
0.0219181
0.0639736
0.00825368
0.00829206
0.00832916
0.00836719
0.00840767
0.00845428
0.00851297
0.00859378
0.00871327
0.00889864
0.00919408
0.0096702
0.010439
0.0116987
0.0140636
0.021159
0.0612717
0.00853456
0.00859102
0.00864374
0.00869507
0.0087457
0.00879815
0.00885675
0.00892923
0.00902912
0.00917994
0.00942223
0.00982518
0.0105056
0.0116743
0.0139312
0.0206791
0.0592261
0.00883114
0.00890851
0.00898093
0.00904997
0.00911579
0.00917992
0.00924517
0.00931714
0.00940625
0.00953178
0.00972921
0.0100633
0.0106517
0.0117175
0.0138697
0.0203719
0.0578493
0.00914352
0.00924631
0.00934238
0.0094337
0.00952002
0.00960199
0.00968112
0.00976101
0.00984907
0.00996029
0.0101241
0.0103985
0.0108968
0.0118499
0.0138852
0.0202005
0.0571157
0.00947316
0.00960425
0.00972872
0.00984757
0.00996023
0.0100667
0.0101673
0.0102641
0.0103616
0.0104707
0.0106144
0.0108421
0.0112586
0.0120942
0.0139947
0.0201563
0.056978
0.00981999
0.00998504
0.0101426
0.0102942
0.0104392
0.010577
0.0107072
0.0108301
0.0109482
0.0110683
0.0112073
0.0114049
0.0117532
0.0124735
0.0142202
0.0202282
0.0573801
0.0101864
0.0103891
0.0105857
0.0107765
0.0109608
0.0111374
0.0113055
0.0114642
0.0116144
0.0117594
0.0119104
0.0120972
0.012397
0.0130125
0.0145898
0.0204164
0.0582613
0.010574
0.0108212
0.0110627
0.0112994
0.0115302
0.0117538
0.0119687
0.0121736
0.0123677
0.0125521
0.0127331
0.0129314
0.0132073
0.0137379
0.0151384
0.0207319
0.059559
0.0109868
0.0112837
0.0115778
0.0118685
0.0121545
0.0124342
0.0127059
0.012968
0.0132188
0.013458
0.0136882
0.0139223
0.0142045
0.0146805
0.0159107
0.0212015
0.0612085
0.0114284
0.011783
0.0121375
0.0124911
0.0128419
0.0131883
0.0135283
0.01386
0.0141818
0.0144925
0.0147928
0.0150898
0.0154137
0.0158768
0.0169633
0.0218756
0.0631367
0.0119041
0.0123237
0.0127482
0.0131751
0.0136022
0.0140274
0.014449
0.0148651
0.0152744
0.015676
0.0160701
0.0164607
0.0168677
0.0173722
0.0183669
0.0228367
0.0652496
0.0124184
0.0129132
0.0134178
0.0139296
0.0144459
0.0149643
0.0154832
0.0160012
0.016518
0.0170339
0.0175504
0.0180714
0.018611
0.0192259
0.0202119
0.0242097
0.0674226
0.0129767
0.0135572
0.0141544
0.0147646
0.015385
0.0160132
0.016648
0.0172892
0.0179381
0.0185975
0.0192723
0.0199696
0.0207039
0.0215172
0.0226175
0.0261832
0.0695011
0.0135821
0.0142625
0.0149666
0.015691
0.0164328
0.0171903
0.017963
0.018753
0.0195643
0.0204045
0.0212842
0.0222184
0.0232288
0.0243565
0.025746
0.0290366
0.0713223
0.0142371
0.015033
0.0158616
0.0167193
0.0176035
0.0185134
0.0194508
0.0204208
0.0214327
0.0225013
0.0236476
0.0249002
0.0262985
0.0279005
0.0298276
0.033184
0.0727484
0.0149416
0.0158715
0.0168449
0.0178584
0.0189102
0.0200013
0.0211364
0.0223261
0.0235876
0.0249473
0.0264428
0.0281265
0.0300706
0.0323764
0.0352
0.0392408
0.0736999
0.0156975
0.0167804
0.0179205
0.0191148
0.0203634
0.02167
0.0230446
0.0245057
0.0260826
0.0278195
0.0297802
0.0320559
0.0347762
0.0381283
0.04239
0.0481482
0.0741598
0.00937213
0.00952873
0.00972481
0.00990995
0.0101504
0.0103784
0.0106679
0.0109457
0.0112843
0.0116167
0.0120038
0.0123944
0.0128345
0.0132952
0.0137997
0.0143224
0.0148622
0.0154217
0.0160031
0.0166073
0.0173234
0.0180152
0.0186395
0.019234
0.0197911
0.0202946
0.0207287
0.0210772
0.0213264
0.0214649
0.021485
0.0213843
0.0211644
0.0208313
0.0203957
0.0198727
0.019278
0.0186285
0.0179421
0.0172344
0.0165213
0.00982814
0.00999538
0.0101848
0.0103877
0.0106245
0.0108778
0.0111675
0.0114763
0.0118209
0.0121864
0.012586
0.0130111
0.0134736
0.0139737
0.0145117
0.0150719
0.0156515
0.0162581
0.0168921
0.0175556
0.0183432
0.0191128
0.0198156
0.0204921
0.021132
0.0217171
0.0222284
0.022647
0.0229558
0.0231409
0.0231921
0.0231057
0.0228836
0.0225323
0.0220634
0.0214923
0.0208375
0.0201185
0.0193556
0.0185675
0.0177719
0.0103824
0.0105588
0.0107497
0.0109634
0.0112056
0.0114749
0.0117748
0.0121028
0.0124615
0.0128483
0.0132663
0.0137176
0.0142099
0.014747
0.0153205
0.0159161
0.0165385
0.0171953
0.0178864
0.018614
0.0194776
0.0203305
0.0211178
0.0218823
0.0226112
0.023284
0.0238782
0.0243716
0.0247433
0.0249764
0.0250596
0.0249874
0.0247605
0.0243855
0.023875
0.0232464
0.0225205
0.0217201
0.0208684
0.0199874
0.0190972
0.0110831
0.0112625
0.0114534
0.0116711
0.0119186
0.0121964
0.0125053
0.0128448
0.0132154
0.0136177
0.0140555
0.0145348
0.0150631
0.0156381
0.0162441
0.0168746
0.0175431
0.0182538
0.0190062
0.0198024
0.020746
0.0216873
0.0225647
0.0234227
0.0242465
0.0250123
0.0256932
0.0262638
0.026701
0.0269848
0.0271005
0.0270403
0.026804
0.0263983
0.025837
0.0251399
0.0243307
0.0234356
0.0224815
0.0214939
0.0204959
0.0119838
0.0121521
0.0123323
0.0125441
0.0127889
0.0130667
0.0133778
0.0137222
0.0141013
0.0145183
0.0149797
0.0154933
0.0160606
0.0166687
0.0173028
0.0179717
0.0186898
0.0194583
0.020276
0.0211448
0.022172
0.0232068
0.024179
0.0251355
0.0260572
0.026918
0.0276891
0.028341
0.0288464
0.0291814
0.029328
0.0292762
0.0290245
0.0285799
0.0279575
0.0271796
0.0262736
0.0252697
0.0241987
0.0230902
0.0219709
0.0131531
0.0132826
0.0134329
0.0136225
0.0138514
0.0141186
0.0144241
0.0147692
0.015157
0.0155933
0.0160851
0.0166349
0.0172326
0.0178619
0.0185243
0.0192379
0.0200091
0.0208387
0.0217252
0.0226705
0.023784
0.0249171
0.0259868
0.027043
0.0280656
0.029025
0.0298889
0.0306237
0.0311975
0.0315826
0.0317573
0.0317089
0.0314347
0.0309417
0.0302469
0.0293754
0.0283585
0.027231
0.0260286
0.0247852
0.0235314
0.0146702
0.0147276
0.014824
0.0149705
0.0151668
0.0154119
0.0157056
0.0160503
0.0164505
0.0169104
0.0174306
0.0180012
0.0186083
0.019252
0.0199492
0.020711
0.0215389
0.0224327
0.023391
0.0244154
0.0256167
0.0268504
0.0280191
0.0291771
0.0303018
0.0313608
0.0323178
0.033135
0.0337759
0.0342082
0.0344066
0.0343552
0.0340502
0.0334989
0.0327199
0.0317417
0.0306001
0.029335
0.0279873
0.0265959
0.0251957
0.0165986
0.0165751
0.0166034
0.0166909
0.01684
0.0170518
0.0173275
0.0176676
0.0180724
0.0185381
0.0190551
0.0196145
0.0202199
0.0208869
0.0216259
0.0224388
0.0233261
0.024287
0.0253196
0.0264247
0.0277139
0.0290484
0.0303162
0.0315756
0.0328016
0.0339586
0.0350066
0.0359032
0.0366074
0.0370823
0.0372982
0.0372366
0.0368921
0.0362721
0.0353976
0.0343006
0.0330218
0.0316066
0.0301015
0.0285511
0.0269945
0.0189128
0.0188455
0.0188227
0.0188584
0.0189591
0.0191292
0.0193698
0.0196785
0.0200493
0.0204767
0.0209608
0.0215093
0.0221322
0.0228342
0.0236174
0.0244832
0.0254316
0.0264613
0.0275689
0.0287559
0.030131
0.0315636
0.0329281
0.0342857
0.0356091
0.0368595
0.0379931
0.0389633
0.0397244
0.0402347
0.0404607
0.0403808
0.0399879
0.0392901
0.0383104
0.0370847
0.0356588
0.034084
0.0324129
0.0306957
0.0289761
0.0215107
0.0214223
0.0213734
0.0213762
0.0214371
0.0215603
0.0217487
0.022005
0.0223328
0.0227364
0.0232196
0.0237856
0.0244373
0.0251768
0.0260061
0.0269258
0.0279348
0.029032
0.0302152
0.0314838
0.0329408
0.0344637
0.0359188
0.0373676
0.0387802
0.040115
0.0413247
0.0423588
0.0431671
0.0437036
0.0439308
0.0438242
0.0433755
0.0425928
0.0415014
0.0401412
0.0385632
0.0368244
0.0349837
0.0330969
0.0312123
0.0244655
0.0243294
0.0242394
0.0242057
0.0242336
0.0243288
0.0244965
0.0247413
0.0250673
0.0254779
0.0259764
0.0265657
0.0272486
0.0280269
0.0289018
0.029874
0.0309429
0.0321066
0.0333617
0.0347062
0.0362364
0.0378372
0.0393713
0.0408984
0.0423862
0.0437908
0.0450617
0.0461451
0.046987
0.0475378
0.0477563
0.0476157
0.047106
0.0462357
0.045032
0.0435384
0.0418107
0.0399115
0.0379053
0.0358533
0.0338083
0.0280926
0.0278909
0.0277477
0.0276721
0.0276684
0.027741
0.0278946
0.0281333
0.0284611
0.0288813
0.0293972
0.0300111
0.0307253
0.0315414
0.0324606
0.0334827
0.0346066
0.0358296
0.0371472
0.038556
0.040143
0.0418013
0.043395
0.0449794
0.0465203
0.0479718
0.0492815
0.0503933
0.0512505
0.0518008
0.0520004
0.0518203
0.0512492
0.0502957
0.0489883
0.0473733
0.0455102
0.0434662
0.0413105
0.0391088
0.0369182
0.0326821
0.0324009
0.0321933
0.0320667
0.0320247
0.0320703
0.0322072
0.0324386
0.0327673
0.0331961
0.0337274
0.0343632
0.0351049
0.0359536
0.0369092
0.0379712
0.0391373
0.0404038
0.0417653
0.0432164
0.0448325
0.0465156
0.0481373
0.0497458
0.0513055
0.0527697
0.0540856
0.0551962
0.0560443
0.0565762
0.0567468
0.0565258
0.0559009
0.0548801
0.0534921
0.0517845
0.0498185
0.047664
0.0453932
0.0430749
0.0407694
0.0386273
0.0382579
0.0379782
0.0377934
0.0377062
0.0377185
0.0378326
0.0380504
0.0383736
0.0388035
0.0393415
0.0399883
0.0407443
0.0416094
0.0425825
0.0436617
0.0448434
0.0461229
0.0474932
0.0489472
0.0505458
0.0522017
0.0538009
0.0553814
0.0569074
0.0583334
0.0596082
0.0606766
0.0614829
0.0619748
0.0621078
0.0618515
0.0611929
0.0601385
0.0587156
0.0569703
0.0549628
0.0527621
0.0504405
0.0480674
0.0457053
0.0465088
0.0460564
0.045708
0.0454658
0.0453314
0.0453055
0.0453893
0.045583
0.0458869
0.0463007
0.0468242
0.0474566
0.0481968
0.0490431
0.049993
0.051043
0.0521886
0.0534233
0.0547387
0.0561261
0.0576294
0.0591755
0.0606711
0.0621419
0.0635541
0.064866
0.066031
0.0669993
0.0677202
0.0681461
0.068236
0.0679613
0.0673085
0.0662819
0.064905
0.0632185
0.0612768
0.0591435
0.0568862
0.0545708
0.0522595
0.0572183
0.0567227
0.0563368
0.0560586
0.0558891
0.0558283
0.0558756
0.0560299
0.05629
0.0566541
0.0571202
0.0576859
0.0583485
0.0591047
0.0599506
0.0608816
0.0618917
0.062974
0.0641197
0.0653185
0.066596
0.0678984
0.0691597
0.070392
0.0715668
0.0726502
0.0736046
0.0743902
0.0749663
0.0752945
0.0753412
0.0750824
0.0745053
0.0736113
0.0724168
0.0709526
0.069261
0.0673934
0.0654053
0.063353
0.0612926
0.0721821
0.0717665
0.0714414
0.0712004
0.0710443
0.0709729
0.0709849
0.0710784
0.0712511
0.0715004
0.0718233
0.0722167
0.0726771
0.0732008
0.0737837
0.0744211
0.0751078
0.0758379
0.0766043
0.0773991
0.0782294
0.0790676
0.0798794
0.0806662
0.0814097
0.0820894
0.0826826
0.0831654
0.0835136
0.083704
0.0837162
0.0835347
0.0831503
0.0825616
0.081776
0.0808093
0.0796852
0.0784333
0.0770874
0.0756825
0.0742607
0.0517224
0.0312901
0.0144134
0.00971952
0.00755752
0.00639707
0.00574749
0.00538402
0.00518799
0.00509889
0.00508082
0.00511402
0.00518899
0.00530114
0.00544362
0.00559826
0.00573653
0.0565066
0.0379695
0.0167864
0.0110543
0.00841419
0.00697747
0.00615729
0.00568418
0.00541403
0.0052708
0.00521069
0.0052088
0.00525241
0.00533549
0.00545257
0.00559156
0.00572897
0.0601921
0.0473544
0.0193893
0.0124702
0.00934622
0.00762248
0.00661949
0.0060238
0.00567008
0.00546695
0.00536123
0.00532212
0.00533285
0.00538496
0.00547322
0.00559071
0.00572086
0.0641134
0.0567637
0.0219994
0.0138965
0.0103106
0.00830516
0.00711492
0.00639016
0.00594688
0.00567917
0.00552482
0.00544728
0.00542552
0.00544735
0.00550696
0.00559753
0.00570713
0.0682208
0.0641962
0.0245331
0.0152718
0.0112626
0.00899296
0.00762045
0.00676767
0.00623331
0.00589952
0.00569573
0.00557985
0.0055263
0.00552173
0.00555808
0.00562746
0.00571818
0.0723486
0.0677843
0.0268436
0.0165263
0.0121481
0.0096424
0.00810306
0.00713218
0.00651231
0.00611585
0.0058648
0.00571182
0.00562967
0.005602
0.00561857
0.00567093
0.00574538
0.0764418
0.0683724
0.0287713
0.0175842
0.0129038
0.0102021
0.0085231
0.00745298
0.00676148
0.00631176
0.00602065
0.00583747
0.00573159
0.00568444
0.0056846
0.00572503
0.0057982
0.0803461
0.0665287
0.0299856
0.0183564
0.0134629
0.0106199
0.00884282
0.00770385
0.00696279
0.00647636
0.00615725
0.00595222
0.00582851
0.00576597
0.0057516
0.00577742
0.00583777
0.0838975
0.063168
0.0301515
0.0187318
0.0137649
0.0108538
0.00903539
0.007869
0.00710748
0.00660427
0.00627078
0.00605321
0.00591842
0.00584552
0.0058205
0.00583394
0.00587636
0.086989
0.059339
0.0293191
0.0186633
0.0137661
0.0108867
0.00909433
0.00794638
0.00719503
0.00669529
0.00636095
0.00614008
0.00600071
0.00592239
0.00589097
0.00589798
0.0059386
0.0895144
0.055477
0.0277844
0.0181974
0.013486
0.0107368
0.00903652
0.00794914
0.00723432
0.00675488
0.0064309
0.00621453
0.00607614
0.00599651
0.0059614
0.00596224
0.00599679
0.0913605
0.0514534
0.0260413
0.0173947
0.013001
0.0104593
0.00889961
0.00790132
0.00724011
0.00679202
0.00648602
0.00627979
0.00614665
0.00606893
0.00603263
0.00602832
0.00604737
0.0924453
0.0470159
0.0243675
0.0164136
0.012405
0.0101208
0.00872656
0.00782939
0.0072285
0.00681652
0.00653248
0.00633982
0.00621478
0.00614124
0.00610577
0.00609972
0.00611665
0.0926983
0.0425426
0.0226244
0.0153802
0.0117926
0.00978096
0.00855356
0.0077551
0.00721297
0.00683707
0.00657611
0.00639858
0.00628323
0.00621513
0.00618149
0.00617419
0.00618806
0.0920195
0.0386399
0.0209175
0.0143792
0.0112294
0.00948062
0.00840425
0.00769285
0.00720304
0.00686053
0.00662205
0.00645989
0.0063547
0.0062924
0.00626093
0.00625255
0.00625885
0.0902976
0.0353784
0.0192729
0.0134805
0.0107584
0.00924175
0.00829062
0.00765058
0.00720489
0.00689219
0.00667467
0.00652721
0.00643172
0.00637483
0.00634533
0.00633582
0.00633855
0.0875284
0.0326253
0.017831
0.0127481
0.0104025
0.00907252
0.00821764
0.00763291
0.00722318
0.00693561
0.00673646
0.00660215
0.00651533
0.0064631
0.00643496
0.00642375
0.00642254
0.0838423
0.0299161
0.016668
0.0122026
0.0101538
0.008962
0.00817777
0.0076359
0.00725624
0.0069912
0.00680887
0.00668645
0.00660714
0.00655847
0.00653066
0.00651695
0.00651123
0.079653
0.0275506
0.0156564
0.0117962
0.00998778
0.00889766
0.00816659
0.00765975
0.00730643
0.00706168
0.00689439
0.0067822
0.00670876
0.00666212
0.0066333
0.0066161
0.00660514
0.0752156
0.0254544
0.0148772
0.0115193
0.00988815
0.00887088
0.0081815
0.00770509
0.00737566
0.00714919
0.00699488
0.00689079
0.00682119
0.00677479
0.00674336
0.00672127
0.0067041
0.0708209
0.023647
0.0142996
0.0113404
0.00983584
0.00887324
0.00821996
0.00777201
0.00746496
0.00725496
0.00711152
0.00701331
0.00694535
0.00689713
0.00686128
0.00683291
0.00680825
0.0667574
0.0222149
0.0139023
0.0112339
0.00981832
0.00890119
0.00828247
0.00786238
0.00757639
0.00738079
0.00724572
0.00715075
0.00708188
0.00702957
0.00698738
0.00695117
0.00691777
0.063252
0.0211833
0.0136578
0.0111851
0.00983329
0.00895754
0.00837298
0.00797971
0.00771269
0.00752864
0.00739875
0.00730387
0.00723119
0.00717225
0.00712151
0.00707542
0.00703185
0.0604426
0.0204945
0.0135262
0.0111803
0.00987999
0.00904548
0.00849512
0.00812699
0.0078759
0.00769973
0.00757127
0.00747295
0.00739333
0.00732509
0.00726356
0.00720599
0.00715058
0.0583751
0.0200498
0.0134762
0.0112164
0.00996343
0.00917111
0.00865403
0.0083079
0.00806834
0.00789528
0.00776372
0.00765794
0.00756796
0.00748759
0.00741303
0.00734222
0.00727339
0.0570416
0.0197919
0.0134919
0.0112974
0.0100927
0.00934294
0.00885604
0.00852655
0.00829234
0.00811639
0.00797637
0.00785857
0.00775449
0.00765892
0.00756877
0.00748202
0.00739807
0.056404
0.0197043
0.0135721
0.0114342
0.0102803
0.00957117
0.00910824
0.00878726
0.00855017
0.00836395
0.00820924
0.00807437
0.00795218
0.00783828
0.00773001
0.00762571
0.00752512
0.0564071
0.0197615
0.0137239
0.0116433
0.0105417
0.00986726
0.00941807
0.00909433
0.00884392
0.00863859
0.00846208
0.0083046
0.00816002
0.0080245
0.00789565
0.00777237
0.00765354
0.0569889
0.0199446
0.013962
0.0119458
0.0108943
0.0102432
0.009793
0.00945192
0.00917555
0.00894083
0.00873455
0.0085484
0.00837689
0.00821631
0.00806427
0.0079188
0.00777961
0.0580793
0.0202398
0.014308
0.0123656
0.0113563
0.0107112
0.0102405
0.00986425
0.00954703
0.00927131
0.00902647
0.00880512
0.00860185
0.0084127
0.00823484
0.00806584
0.00790612
0.0596009
0.0206419
0.0147903
0.0129294
0.0119463
0.0112834
0.0107683
0.0103359
0.00996086
0.00963123
0.00933823
0.00907461
0.00883447
0.00861303
0.00840655
0.00821322
0.00803225
0.061467
0.021159
0.0154456
0.0136659
0.0126835
0.0119728
0.0113852
0.0108725
0.0104206
0.0100227
0.00967106
0.00935752
0.00907505
0.00881747
0.00857967
0.0083578
0.00814946
0.0635768
0.0218199
0.0163211
0.0146069
0.0135888
0.012794
0.0121021
0.0114823
0.0109316
0.0104493
0.0100272
0.00965532
0.00932449
0.00902668
0.00875508
0.0085034
0.00826889
0.0658076
0.0226857
0.0174772
0.0157894
0.0146856
0.0137646
0.0129338
0.0121766
0.0115017
0.0109159
0.0104102
0.00997026
0.00958425
0.00924181
0.00893339
0.0086529
0.00839915
0.0680088
0.0238645
0.0189937
0.0172587
0.0160029
0.0149073
0.0138998
0.0129718
0.0121421
0.0114298
0.0108244
0.0103057
0.00985794
0.00946583
0.00911668
0.0088021
0.00851021
0.0700032
0.0255322
0.0209779
0.0190749
0.0175795
0.016251
0.0150254
0.01389
0.0128688
0.0120008
0.0112762
0.0106668
0.0101472
0.00969908
0.00930606
0.0089534
0.00862686
0.0716043
0.0279606
0.0235777
0.0213241
0.0194701
0.0178336
0.0163415
0.0149605
0.0137046
0.012643
0.0117745
0.0110564
0.010454
0.00994302
0.00950305
0.00911699
0.00877472
0.0726523
0.0315606
0.0270046
0.0241348
0.0217551
0.0197049
0.017884
0.0162176
0.0146805
0.0133779
0.0123298
0.0114808
0.0107819
0.0101994
0.00970678
0.00928323
0.00889808
0.0730595
0.0369398
0.0315724
0.0277036
0.0245572
0.021937
0.0196941
0.0176966
0.0158358
0.0142376
0.0129621
0.0119505
0.0111363
0.0104716
0.00991982
0.00944882
0.00902299
0.0728357
0.0450273
0.0377831
0.0323477
0.0280771
0.0246515
0.0218365
0.0194334
0.0172179
0.0152733
0.0137101
0.0124892
0.0115295
0.0107655
0.0101477
0.00963551
0.00919359
0.00608
0.00710631
0.011313
0.0289733
0.0987993
0.322461
0.79251
0.833716
0.576757
0.493484
0.489659
0.501335
0.61107
0.654487
0.435193
0.193852
0.0619673
0.0172355
0.0066225
0.00467987
0.00615691
0.007219
0.0115409
0.0299588
0.105111
0.355408
0.896631
0.861132
0.566426
0.524693
0.559515
0.597181
0.63974
0.583261
0.371293
0.169151
0.0571811
0.0169577
0.00677477
0.00477966
0.00622954
0.00731729
0.0117075
0.0307089
0.110896
0.388161
0.994279
0.866343
0.544952
0.525116
0.575479
0.616482
0.613962
0.500749
0.304388
0.139243
0.0493327
0.0157648
0.00675578
0.00487046
0.00630054
0.00740799
0.0118302
0.0312421
0.116034
0.421408
1.08869
0.857818
0.512083
0.489694
0.541203
0.566133
0.526234
0.39592
0.231027
0.106444
0.0397277
0.0139045
0.00658467
0.00494768
0.0063742
0.00750299
0.0119376
0.0315984
0.120489
0.456423
1.1766
0.846533
0.466506
0.419687
0.438849
0.437119
0.38442
0.277484
0.158356
0.0744513
0.0297248
0.0117281
0.00632015
0.00501887
0.00645805
0.00762212
0.0120745
0.0318358
0.124155
0.489353
1.26677
0.845946
0.413584
0.331147
0.311886
0.288023
0.237525
0.167281
0.0964201
0.0472995
0.0207997
0.00965035
0.00604969
0.0051006
0.0065654
0.0077982
0.0123099
0.0320532
0.127136
0.518194
1.35843
0.858602
0.365316
0.251201
0.210315
0.176589
0.132215
0.0886631
0.0526481
0.027854
0.0141487
0.00803659
0.00586403
0.00521374
0.00671976
0.00808512
0.01275
0.0324092
0.129384
0.542171
1.4322
0.891086
0.332322
0.200006
0.158715
0.126468
0.0854323
0.0511696
0.0293183
0.0168826
0.0102352
0.00709582
0.00582728
0.00537796
0.00696237
0.00857132
0.0135575
0.0331427
0.130667
0.558166
1.48065
0.95582
0.324376
0.184209
0.154882
0.126505
0.0850085
0.0470189
0.0241151
0.0134319
0.00886305
0.00686459
0.00598033
0.00561187
0.00736521
0.00940135
0.0149777
0.0346044
0.130956
0.562506
1.48175
1.07551
0.346382
0.197912
0.179208
0.15497
0.110148
0.0636044
0.03198
0.0162433
0.00984711
0.00739351
0.00638315
0.00594592
0.00805344
0.0108098
0.0173715
0.0372791
0.130583
0.551915
1.43719
1.2361
0.405533
0.236396
0.226737
0.202195
0.148729
0.0921539
0.0495054
0.0250085
0.0136652
0.00906336
0.00722896
0.00645921
0.00924282
0.0131712
0.0212502
0.0418398
0.130415
0.525977
1.35057
1.29993
0.651969
0.301341
0.295532
0.270206
0.203093
0.131209
0.0758115
0.0407245
0.0218266
0.0129
0.00900526
0.00733454
0.011301
0.0170701
0.0273195
0.0491763
0.13218
0.48866
1.22185
1.26815
0.863379
0.448783
0.38642
0.371076
0.283915
0.187067
0.113372
0.0651024
0.0365266
0.0207824
0.0127799
0.00900513
0.0148505
0.0234106
0.0365686
0.0603549
0.1383
0.447653
1.06224
1.18732
0.94523
0.65463
0.507777
0.502956
0.411587
0.276346
0.170718
0.102253
0.060492
0.0353887
0.0205447
0.0124611
0.020979
0.0336659
0.050679
0.077113
0.151606
0.411498
0.871782
1.06692
0.954878
0.76128
0.643432
0.636258
0.586456
0.425184
0.268265
0.162638
0.0990994
0.0605447
0.0355759
0.0197874
0.0318552
0.0505209
0.0720201
0.102108
0.176077
0.392672
0.743422
0.952396
0.931661
0.829364
0.760437
0.739485
0.744163
0.635313
0.437611
0.270488
0.165733
0.104206
0.0641346
0.0353649
0.0528105
0.0792766
0.10526
0.139757
0.217805
0.403066
0.673906
0.872954
0.91241
0.869921
0.8259
0.802992
0.800662
0.792228
0.677417
0.460396
0.289299
0.185099
0.120553
0.0710192
0.0972692
0.128662
0.155332
0.192864
0.282693
0.452917
0.683827
0.842329
0.904368
0.896679
0.860615
0.824521
0.799284
0.785111
0.77171
0.707322
0.505366
0.338365
0.239092
0.169134
0.186059
0.197813
0.213813
0.250626
0.355049
0.517553
0.697238
0.818489
0.87102
0.867191
0.833508
0.78866
0.751737
0.726029
0.70372
0.679708
0.665395
0.574624
0.439273
0.433358
0.141811
0.158472
0.193516
0.227811
0.280306
0.353773
0.430452
0.47777
0.500596
0.505444
0.498028
0.482898
0.462886
0.439343
0.418866
0.398312
0.375277
0.344748
0.307736
0.279717
0.269732
0.472216
0.0754207
0.0252813
0.0163003
0.011357
0.00872769
0.00738378
0.00661604
0.00611694
0.0057562
0.00547634
0.00525133
0.00506719
0.00491481
0.0047872
0.00467946
0.0045878
0.00451041
0.00445175
0.252781
0.428007
0.0639189
0.0238656
0.0157931
0.0110547
0.00858407
0.0073399
0.00662531
0.0061542
0.00580974
0.00554079
0.00532237
0.00514107
0.00498861
0.0048599
0.00475219
0.00466458
0.00459731
0.00455502
0.249007
0.421626
0.0567511
0.023048
0.0154422
0.0107803
0.00846448
0.00733309
0.00668249
0.0062493
0.00593069
0.00568081
0.00547612
0.00530436
0.00515858
0.00503443
0.00492973
0.00484438
0.00478035
0.00474434
0.237869
0.384424
0.0516373
0.0226972
0.0151469
0.0105646
0.00840799
0.00737703
0.00678523
0.00638999
0.00609855
0.00586969
0.00568185
0.0055229
0.00538626
0.00526832
0.00516703
0.00508242
0.00501774
0.00498212
0.220747
0.346308
0.0484009
0.0225622
0.0148736
0.0103934
0.00839459
0.0074554
0.00691905
0.0065617
0.00629912
0.00609343
0.0059246
0.00578127
0.00565697
0.00554799
0.0054524
0.00537003
0.00530383
0.00526308
0.194545
0.300342
0.0470473
0.0225704
0.0145675
0.0102444
0.00841074
0.00755904
0.00707487
0.00675464
0.00652192
0.00634118
0.00619351
0.00606829
0.00595927
0.00586276
0.00577669
0.00570031
0.00563526
0.00558846
0.159182
0.252183
0.0459431
0.0224843
0.0141919
0.0101036
0.00844293
0.00767711
0.00724488
0.00696273
0.00676074
0.0066058
0.00648064
0.00637539
0.00628404
0.00620285
0.00612971
0.00606357
0.00600452
0.00595496
0.116905
0.202829
0.0436328
0.0219919
0.0137451
0.0099641
0.00848121
0.00780025
0.00742111
0.0071785
0.00700849
0.00688093
0.00677992
0.00669625
0.00662431
0.00656044
0.00650246
0.00644924
0.00639999
0.00635357
0.0765125
0.154164
0.040036
0.0212456
0.0132537
0.00982518
0.00851829
0.00792257
0.00759728
0.0073958
0.00725991
0.00716188
0.00708695
0.00702667
0.00697578
0.0069308
0.00688961
0.00685099
0.00681359
0.00677412
0.0467113
0.111208
0.0361844
0.0203509
0.0127358
0.00968452
0.00855491
0.00804452
0.00777399
0.00761488
0.00751455
0.00744774
0.00740083
0.00736592
0.00733803
0.00731382
0.00729126
0.00726898
0.00724484
0.00721356
0.0328076
0.0767112
0.032853
0.0193565
0.012206
0.00955245
0.00859644
0.00816921
0.0079532
0.00783693
0.00777324
0.00773922
0.00772227
0.00771497
0.0077125
0.00771165
0.0077104
0.00770711
0.00769865
0.00767774
0.0299099
0.0509601
0.0302594
0.0182517
0.0116824
0.00943432
0.00864584
0.00829876
0.00813675
0.00806348
0.00803725
0.00803744
0.00805244
0.00807524
0.00810116
0.00812704
0.00815087
0.0081706
0.00818184
0.00817632
0.029869
0.0381903
0.0282185
0.0169829
0.0111723
0.00933042
0.00870265
0.00843312
0.00832535
0.00829561
0.00830809
0.00834426
0.0083936
0.00844956
0.00850757
0.00856452
0.0086183
0.00866601
0.00870201
0.00871911
0.0297665
0.0336959
0.0264696
0.0155401
0.010696
0.00924557
0.00876847
0.00857379
0.00852089
0.00853575
0.00858884
0.00866346
0.00875021
0.00884314
0.00893783
0.00903092
0.00911972
0.00920042
0.00926693
0.00931404
0.0293208
0.0327637
0.0244702
0.0140671
0.0102885
0.00918826
0.00884587
0.00872332
0.00872599
0.00878732
0.0088837
0.00900006
0.00912815
0.00926263
0.00939932
0.00953427
0.00966366
0.00978271
0.00988571
0.00996947
0.0286297
0.0332217
0.0220249
0.0127569
0.00996571
0.00916025
0.00893468
0.00888406
0.00894362
0.00905426
0.00919725
0.00935944
0.00953367
0.00971505
0.00989976
0.0100834
0.0102606
0.0104252
0.0105719
0.0106994
0.0278453
0.0339692
0.0191765
0.0117368
0.00972438
0.00916025
0.00903844
0.00906076
0.0091779
0.00934068
0.00953321
0.00974505
0.00997048
0.0102054
0.0104459
0.0106869
0.0109218
0.0111429
0.0113447
0.0115268
0.0270401
0.0344628
0.0165047
0.010984
0.00956676
0.0091901
0.00916377
0.00925875
0.00943199
0.0096475
0.00989188
0.0101573
0.0104395
0.0107351
0.0110406
0.0113504
0.0116565
0.0119503
0.0122252
0.0124798
0.0262372
0.0299052
0.014455
0.0103434
0.00948783
0.00926005
0.00931537
0.00947709
0.00970448
0.00997237
0.0102701
0.0105924
0.0109365
0.0113002
0.0116805
0.0120719
0.0124663
0.0128542
0.0132274
0.0135817
0.0254574
0.0274226
0.0128575
0.00999033
0.00946717
0.00936936
0.00949267
0.00971176
0.00998957
0.0103081
0.0106596
0.0110407
0.0114504
0.0118878
0.012351
0.0128359
0.0133359
0.0138418
0.0143446
0.0148366
0.0356272
0.030656
0.0278913
0.0262086
0.0251546
0.0243821
0.0237559
0.0232374
0.022795
0.0224466
0.0222936
0.0224379
0.0226591
0.0226528
0.022657
0.0228095
0.0230745
0.0236002
0.0241959
0.0247117
0.0573974
0.0522541
0.0450608
0.0394165
0.0349898
0.0316086
0.0291388
0.0272539
0.0257149
0.0245233
0.0239919
0.0243107
0.0243108
0.0235113
0.022697
0.022482
0.0226043
0.023559
0.0242778
0.0242036
0.0246023
0.0241178
0.0223137
0.020281
0.01853
0.0171491
0.0160322
0.0151122
0.0144542
0.0141687
0.0142693
0.0142642
0.0138042
0.0132466
0.0128732
0.0126669
0.0125255
0.0124015
0.012155
0.0118387
0.0154017
0.0155732
0.0149643
0.0140792
0.0131869
0.0124236
0.0118067
0.011384
0.0111551
0.011132
0.0111398
0.0109865
0.010712
0.0104515
0.0102918
0.0102043
0.0101268
0.0100612
0.00996158
0.00987677
0.0119809
0.0120976
0.011811
0.0113304
0.0108377
0.0104217
0.0101367
0.00998068
0.00993584
0.00999015
0.00998731
0.00991578
0.00980409
0.00970664
0.00965854
0.00963926
0.00961569
0.009589
0.0095391
0.00948793
0.0103974
0.0104795
0.0103422
0.0100511
0.00976163
0.00954236
0.00943838
0.00942806
0.00948555
0.00959747
0.00963493
0.0096454
0.00963733
0.00962812
0.00963319
0.00964043
0.00963062
0.00960591
0.00955576
0.00949766
0.00955376
0.00963281
0.00955524
0.00938685
0.00922731
0.00914051
0.00916029
0.009247
0.00937843
0.00954647
0.00964308
0.00972131
0.00978069
0.00982409
0.00985839
0.00987642
0.00986643
0.0098302
0.00976393
0.0096809
0.0090616
0.00915995
0.00913091
0.00904203
0.00897231
0.0089872
0.00909497
0.0092551
0.00944839
0.00967278
0.00983548
0.00997066
0.0100783
0.0101573
0.0102098
0.010231
0.0102138
0.0101587
0.0100665
0.00995012
0.0087591
0.00887091
0.00889292
0.00887237
0.00888049
0.00897528
0.00914862
0.00937152
0.00962114
0.00990251
0.0101347
0.0103212
0.0104685
0.0105757
0.0106417
0.0106627
0.0106338
0.0105558
0.010431
0.0102748
0.00857193
0.00869981
0.0087658
0.00880755
0.008889
0.00904904
0.00927796
0.00955622
0.00986159
0.0101993
0.0105049
0.0107407
0.0109254
0.0110586
0.0111367
0.0111558
0.011112
0.0110067
0.010844
0.0106412
0.00845594
0.00860522
0.0087132
0.00881337
0.00896073
0.0091794
0.0094602
0.00978936
0.0101508
0.0105448
0.01093
0.0112158
0.0114387
0.011599
0.01169
0.0117065
0.0116449
0.0115073
0.0113006
0.0110445
0.00839349
0.0085642
0.00871398
0.00886919
0.00907626
0.00935087
0.00968225
0.0100605
0.0104786
0.0109301
0.0114022
0.011741
0.0120056
0.0121962
0.0123021
0.0123159
0.0122334
0.0120581
0.0118
0.0114833
0.00837453
0.0085657
0.00875429
0.0089621
0.00922476
0.009553
0.00993524
0.0103643
0.0108406
0.0113518
0.0119176
0.0123145
0.0126266
0.0128527
0.0129769
0.0129882
0.0128815
0.0126616
0.0123432
0.0119579
0.00839183
0.00860385
0.00882861
0.00908566
0.00940054
0.00978062
0.0102149
0.0106984
0.0112356
0.0118094
0.0124743
0.0129358
0.0133037
0.0135728
0.0137201
0.0137293
0.0135939
0.0133214
0.0129323
0.0124693
0.00844137
0.00867473
0.00893426
0.00923729
0.00960225
0.0100337
0.0105218
0.0110634
0.0116648
0.0123049
0.013071
0.013606
0.0140406
0.0143625
0.014539
0.0145461
0.014376
0.0140404
0.013569
0.0130176
0.00851913
0.00877477
0.00906862
0.00941601
0.00983012
0.0103133
0.0108575
0.0114613
0.0121305
0.0128412
0.0137076
0.0143279
0.0148426
0.0152291
0.0154414
0.0154454
0.0152323
0.0148205
0.0142541
0.013601
0.00862259
0.00890215
0.00923081
0.00962233
0.0100858
0.0106221
0.0112253
0.0118961
0.0126366
0.0134226
0.0143852
0.0151062
0.0157164
0.0161807
0.0164354
0.0164334
0.0161659
0.0156618
0.0149868
0.0142162
0.00875369
0.00905875
0.0094228
0.00985884
0.0103727
0.0109641
0.0116296
0.0123727
0.013189
0.0140566
0.0151115
0.0159496
0.0166706
0.0172253
0.0175281
0.0175147
0.0171782
0.0165641
0.0157637
0.0148577
0.0089203
0.00925173
0.00965146
0.0101322
0.0106969
0.0113444
0.0120752
0.0128965
0.0137941
0.0147527
0.0159022
0.0168719
0.017716
0.0183704
0.018724
0.0186913
0.0182681
0.0175273
0.0165795
0.0155194
0.0091482
0.00950307
0.0099352
0.010456
0.0110671
0.0117685
0.0125673
0.0134745
0.0144611
0.0155222
0.0167753
0.017889
0.0188641
0.0196221
0.0200251
0.019963
0.0194354
0.0185493
0.0174301
0.0161956
0.00583955
0.00589988
0.00595745
0.00601382
0.00607094
0.00613182
0.00620158
0.00628961
0.00641299
0.00660368
0.0069206
0.00747058
0.00844168
0.0101508
0.0130922
0.0179964
0.0270265
0.0546294
0.190438
0.13131
0.00581679
0.00586679
0.00591401
0.00595965
0.00600543
0.00605351
0.00610714
0.00617204
0.00625904
0.00638937
0.00660533
0.00699072
0.00770658
0.00904811
0.0115268
0.0159333
0.0235712
0.045462
0.173813
0.11174
0.00592786
0.00597104
0.00601261
0.00605238
0.0060918
0.00613262
0.00617718
0.00622947
0.006297
0.00639458
0.00655283
0.00683578
0.0073746
0.00842673
0.0104889
0.0144857
0.0214884
0.0383965
0.159989
0.0901167
0.00607957
0.00611232
0.00614639
0.00617999
0.00621394
0.00624958
0.00628868
0.00633439
0.00639277
0.00647568
0.00660753
0.00683984
0.00728023
0.00814409
0.00986961
0.0134395
0.0201349
0.0331042
0.141824
0.0675776
0.00626287
0.00628117
0.00630373
0.00632853
0.00635556
0.00638554
0.0064198
0.00646114
0.00651521
0.00659301
0.00671663
0.00693153
0.00733061
0.00809782
0.00961268
0.0127846
0.019173
0.0298318
0.123206
0.04814
0.00648058
0.00647937
0.00648569
0.00649821
0.00651587
0.00653847
0.00656689
0.00660375
0.0066546
0.0067302
0.00685165
0.00706107
0.00744224
0.00815873
0.00954988
0.0124686
0.0186435
0.028433
0.102131
0.0350258
0.00674067
0.00671191
0.00669656
0.00669276
0.00669793
0.00671072
0.00673155
0.006763
0.00681076
0.00688576
0.00700875
0.00721989
0.00759649
0.00828743
0.00960344
0.0123479
0.018342
0.0284111
0.0784065
0.028832
0.00704356
0.00697922
0.00693683
0.00691301
0.00690274
0.00690327
0.00691471
0.00693981
0.00698464
0.0070605
0.00718816
0.00740632
0.00778717
0.00846836
0.0097414
0.0123736
0.0182168
0.0287732
0.0588286
0.0270159
0.00737848
0.00727372
0.00720135
0.0071553
0.00712753
0.00711409
0.00711508
0.0071337
0.0071765
0.00725512
0.00739022
0.00761882
0.00800834
0.00868785
0.00993735
0.0124941
0.0181586
0.0294801
0.048422
0.0276372
0.0077232
0.00757942
0.00747869
0.00741091
0.00736548
0.0073381
0.0073294
0.00734308
0.00738595
0.00746965
0.0076142
0.00785434
0.00825244
0.00893119
0.010166
0.0126546
0.0180123
0.0303171
0.0463044
0.0305309
0.00805614
0.00787989
0.00775672
0.00767082
0.00761046
0.00757206
0.00755687
0.00756876
0.00761447
0.00770507
0.00785913
0.00810823
0.00850938
0.00918183
0.0104002
0.012792
0.0176966
0.0311089
0.0504215
0.0333382
0.00837842
0.00817574
0.00803757
0.00793916
0.00786851
0.00782307
0.00780429
0.00781593
0.00786428
0.00795919
0.00811727
0.00836608
0.00875764
0.00940995
0.0105879
0.012818
0.0172571
0.0318622
0.0589422
0.0350484
0.00872969
0.0085049
0.0083542
0.00824277
0.00816017
0.00810546
0.00807937
0.00808499
0.00812743
0.00821498
0.00836218
0.00859194
0.00895266
0.00955385
0.0106238
0.0126026
0.0167018
0.0324198
0.0676355
0.0356703
)
;

boundaryField
{
    inlet
    {
        type            turbulentIntensityKineticEnergyInlet;
        intensity       0.05;
        value           uniform 0.09375;
    }
    outlet
    {
        type            inletOutlet;
        inletValue      uniform 0.0375;
        value           nonuniform List<scalar> 
41
(
0.0260753
0.0134067
0.00787397
0.00570646
0.00493695
0.00471765
0.00474839
0.00495457
0.00535608
0.00602675
0.00709186
0.00874212
0.0112778
0.0152837
0.0222318
0.0360422
0.064817
0.118926
0.199438
0.289377
0.370081
0.39544
0.383945
0.376106
0.387818
0.416547
0.456602
0.486657
0.474669
0.399984
0.29038
0.184035
0.103228
0.0522577
0.0248345
0.0126505
0.00785579
0.00646446
0.00775473
0.0129905
0.0258891
)
;
    }
    dymWall
    {
        type            kqRWallFunction;
        value           nonuniform List<scalar> 
73
(
0.269732
0.252781
0.249007
0.237869
0.220747
0.194545
0.159182
0.116905
0.0765125
0.0467113
0.0328076
0.0299099
0.029869
0.0297665
0.0293208
0.0286297
0.0278453
0.0270401
0.0262372
0.0254574
0.141811
0.158472
0.193516
0.227811
0.280306
0.353773
0.430452
0.47777
0.500596
0.505444
0.498028
0.482898
0.462886
0.439343
0.418866
0.398312
0.375277
0.344748
0.307736
0.279717
0.13131
0.11174
0.0901167
0.0675776
0.04814
0.0350258
0.028832
0.0270159
0.0276372
0.0305309
0.0333382
0.0350484
0.0356703
0.0356272
0.030656
0.0278913
0.0262086
0.0251546
0.0243821
0.0237559
0.0232374
0.022795
0.0224466
0.0222936
0.0224379
0.0226591
0.0226528
0.022657
0.0228095
0.0230745
0.0236002
0.0241959
0.0247117
)
;
    }
    AMI1
    {
        type            cyclicAMI;
        value           nonuniform List<scalar> 
73
(
0.00604424
0.00712577
0.0116286
0.0304111
0.102196
0.319911
0.732072
0.794302
0.576896
0.470375
0.43325
0.440876
0.563742
0.67301
0.479718
0.206268
0.0617561
0.0165796
0.00642469
0.00462231
0.0044292
0.00453457
0.00472416
0.00496225
0.00523973
0.00555773
0.00591681
0.00631178
0.00673144
0.00717357
0.00764193
0.00815054
0.00871086
0.00932825
0.0100075
0.0107608
0.0116116
0.0125911
0.0137259
0.0150233
0.0092615
0.00962772
0.0100729
0.0106103
0.0112437
0.0119758
0.0128169
0.0137783
0.0148234
0.0159517
0.0172713
0.018469
0.0195138
0.0203121
0.0207113
0.0205997
0.0199911
0.0190063
0.0177858
0.0164585
0.00579506
0.00577663
0.00589005
0.00604811
0.0062434
0.00648123
0.00676681
0.0070984
0.00746041
0.0078238
0.00816595
0.00849452
0.00885006
)
;
    }
    AMI2
    {
        type            cyclicAMI;
        value           nonuniform List<scalar> 
162
(
0.00601691
0.0060474
0.00693105
0.00710215
0.0105815
0.0113932
0.025362
0.0291066
0.0815835
0.0975081
0.256269
0.312269
0.624073
0.74651
0.795452
0.807425
0.656436
0.570641
0.507682
0.466412
0.446676
0.429041
0.429232
0.435883
0.488694
0.55937
0.62982
0.688132
0.625424
0.487046
0.362036
0.205625
0.141178
0.0613676
0.0440927
0.0167375
0.0136005
0.00654104
0.00609363
0.00465826
0.00459029
0.00443502
0.00442947
0.00451402
0.00454401
0.00469395
0.00473872
0.00492632
0.00498241
0.00519788
0.00526717
0.00550709
0.00559547
0.00585443
0.00596714
0.00623582
0.00637502
0.00664374
0.00680335
0.00707817
0.00724788
0.00753614
0.00771892
0.00803188
0.00823109
0.00857942
0.00879505
0.00918639
0.00941577
0.00985811
0.0100986
0.0106053
0.0108574
0.0114505
0.011717
0.0124258
0.0127086
0.0135616
0.0138571
0.014868
0.015167
0.00920481
0.00928607
0.00956612
0.00965812
0.00999637
0.0101124
0.0105164
0.0106608
0.0111299
0.0113066
0.0118381
0.0120514
0.0126481
0.0129069
0.0135768
0.0138808
0.014595
0.0149319
0.0156913
0.0160637
0.016967
0.0174021
0.0181963
0.0185734
0.0192693
0.0195903
0.0201131
0.0203505
0.0206029
0.0207261
0.0207037
0.0206285
0.0204369
0.0200601
0.019787
0.0191139
0.018808
0.0179169
0.0176134
0.016597
0.0163192
0.00580014
0.00579536
0.00578987
0.00577023
0.00577098
0.00578173
0.00584239
0.00587955
0.00589867
0.00596437
0.00602925
0.00605919
0.00613038
0.0062127
0.00626011
0.0063414
0.00643911
0.00650261
0.00659646
0.00671394
0.00678959
0.00689326
0.0070352
0.00711821
0.00722241
0.00739154
0.00747306
0.0075642
0.00775699
0.00782877
0.00789902
0.00810517
0.00816364
0.00822282
0.00843482
0.00848701
0.00854494
0.00878296
0.00884009
0.00889783
)
;
    }
    walls
    {
        type            kqRWallFunction;
        value           nonuniform List<scalar> 
80
(
0.0543083
0.0571233
0.0588515
0.0606627
0.0625728
0.0647467
0.0673078
0.070545
0.0742719
0.0773197
0.0796257
0.0816568
0.0834285
0.0847598
0.085421
0.0851763
0.0838484
0.0814839
0.0783794
0.074761
0.0709407
0.067255
0.0639736
0.0612717
0.0592261
0.0578493
0.0571157
0.056978
0.0573801
0.0582613
0.059559
0.0612085
0.0631367
0.0652496
0.0674226
0.0695011
0.0713223
0.0727484
0.0736999
0.0741598
0.0517224
0.0565066
0.0601921
0.0641134
0.0682208
0.0723486
0.0764418
0.0803461
0.0838975
0.086989
0.0895144
0.0913605
0.0924453
0.0926983
0.0920195
0.0902976
0.0875284
0.0838423
0.079653
0.0752156
0.0708209
0.0667574
0.063252
0.0604426
0.0583751
0.0570416
0.056404
0.0564071
0.0569889
0.0580793
0.0596009
0.061467
0.0635768
0.0658076
0.0680088
0.0700032
0.0716043
0.0726523
0.0730595
0.0728357
)
;
    }
    front
    {
        type            empty;
    }
    back
    {
        type            empty;
    }
}


// ************************************************************************* //
