/*--------------------------------*- C++ -*----------------------------------*\
  =========                 |
  \\      /  F ield         | OpenFOAM: The Open Source CFD Toolbox
   \\    /   O peration     | Website:  https://openfoam.org
    \\  /    A nd           | Version:  6
     \\/     M anipulation  |
\*---------------------------------------------------------------------------*/
FoamFile
{
    version     2.0;
    format      ascii;
    class       volScalarField;
    location    "4.21";
    object      T;
}
// * * * * * * * * * * * * * * * * * * * * * * * * * * * * * * * * * * * * * //

dimensions      [0 0 0 1 0 0 0];

internalField   nonuniform List<scalar> 
10000
(
1
1
1
1
1
1
1
1
1
1
1
1
1
1
1
1
1
1
1
1
1
1
1
1
1
1
1
1
1
1
1
1
1
1
1
1
1
1
1
1
1
1
1
1
1
1
1
1
1
1
1
1
1
1
1
1
1
1
1
1
1
1
1
1
1
1
1
1
1
1
1
1
1
1
1
1
1
1
1
1
1
1
1
1
1
1
1
1
1
1
1
1
1
1
1
1
1
1
1
1
1
1
1
1
1
1
1
1
1
1
1
1
1
1
1
1
1
1
1
1
1
1
1
1
1
1
1
1
1
1
1
1
1
1
1
1
1
1
1
1
1
1
1
1
1
1
1
1
1
1
1
1
1
1
1
1
1
1
1
1
1
1
1
1
1
1
1
1
1
1
1
1
1
1
1
1
1
1
1
1
1
1
1
1
1
1
1
1
1
1
1
1
1
1
1
1
1
1
1
1
1
1
1
1
1
1
1
1
1
1
1
1
1
1
1
1
1
1
1
1
1
1
1
1
1
1
1
1
1
1
1
1
1
1
1
1
1
1
1
1
1
1
1
1
1
1
1
1
1
1
1
1
1
1
1
1
1
1
1
1
1
1
1
1
1
1
1
1
1
1
1
1
1
1
1
1
1
1
1
1
1
1
1
1
1
1
1
1
1
1
1
1
1
1
1
1
1
1
1
1
1
1
1
1
1
1
1
1
1
1
1
1
1
1
1
1
1
1
1
1
1
1
1
1
1
1
1
1
1
1
1
1
1
1
1
1
1
1
1
1
1
1
1
1
1
1
1
1
1
1
1
1
1
1
1
1
1
1
1
1
1
1
1
1.00001
1.00001
1.00001
1.00001
1.00001
1.00001
1.00001
1.00001
1.00001
1.00001
1.00001
1
1
1
1
1
1
1
1
1
1
1
1
1
1
1
1
1
1
1
1
1
1
1
1
1
1
1
1
1
1
1
1
1
1
1
1
1
1
1
1
1
1
1
1
1
1
1
1
1
1
1
1
1
1
1
1
1
1
1
1
1
1
1
1
1
1
1
1
1
1
1
1
1
1
1
1
1
1
1
1
1
1
1
1
1
1
1
1.00001
1.00001
1.00001
1.00001
1.00001
1.00001
1.00001
1.00001
1.00001
1.00001
1.00001
1.00001
1.00001
1.00001
1.00001
1.00001
1
1
1
1
1
1
1
1
1
1
1
1
1
1
1
1
1
1
1
1
1
1
1
1
1
1
1
1
1
1
1
1
1
1
1
1
1
1
1
1
1
1
1
1
1
1
1
1
1
1
1
1
1
1
1
1
1
1
1
1
1
1
1
1
1
1
1
1
1
1
1
1
1
1
1
1
1
1
1
1
1
1
1.00001
1.00001
1.00001
1.00001
1.00001
1.00001
1.00001
1.00001
1.00001
1.00001
1.00001
1.00001
1.00001
1.00001
1.00001
1.00001
1.00001
1.00001
1.00001
1.00001
1
1
1
1
1
1
1
1
1
1
1
1
1
1
1
1
1
1
1
1
1
1
1
1
1
1
1
1
1
1
1
1
1
1
1
1
1
1
1
1
1
1
1
1
1
1
1
1
1
1
1
1
1
1
1
1
1
1
1
1
1
1
1
1
1
1
1
1
1
1
1
1
1
1
1
1
1
1
1.00001
1.00001
1.00001
1.00001
1.00001
1.00001
1.00001
1.00001
1.00002
1.00002
1.00002
1.00002
1.00002
1.00002
1.00002
1.00001
1.00001
1.00001
1.00001
1.00001
1.00001
1.00001
1.00001
1
1
1
1
1
1
1
1
1
1
1
1
1
1
1
1
1
1
1
1
1
1
1
1
1
1
1
1
1
1
1
1
1
1
1
1
1
1
1
1
1
1
1
1
1
1
1
1
1
1
1
1
1
1
1
1
1
1
1
1
1
1
1
1
1
1
1
1
1
1
1
1
1
1
1
1
1.00001
1.00001
1.00001
1.00001
1.00001
1.00001
1.00002
1.00002
1.00002
1.00002
1.00002
1.00002
1.00002
1.00002
1.00002
1.00002
1.00002
1.00002
1.00002
1.00002
1.00001
1.00001
1.00001
1.00001
1.00001
1.00001
1
1
1
1
1
1
1
1
1
1
1
1
1
1
1
1
1
1
1
1
1
1
1
1
1
1
1
1
1
1
1
1
1
1
1
1
1
1
1
1
1
1
1
1
1
1
1
1
1
1
1
1
1
1
1
1
1
1
1
1
1
1
1
1
1
1
1
1
1
1
1
1
1
1.00001
1.00001
1.00001
1.00001
1.00002
1.00002
1.00002
1.00002
1.00002
1.00002
1.00002
1.00002
1.00002
1.00002
1.00002
1.00002
1.00002
1.00002
1.00002
1.00002
1.00002
1.00002
1.00002
1.00001
1.00001
1.00001
1.00001
1.00001
1
1
1
1
1
1
1
1
1
1
1
1
1
1
1
1
1
1
1
1
1
1
1
1
1
1
1
1
1
1
1
1
1
1
1
1
1
1
1
1
1
1
1
1
1
1
1
1
1
1
1
1
1
1
1
1
1
1
1
1
1
1
1
1
1
1
1
1
1
1
1.00001
1.00001
1.00001
1.00001
1.00001
1.00002
1.00002
1.00002
1.00002
1.00002
1.00002
1.00002
1.00002
1.00002
1.00002
1.00002
1.00002
1.00002
1.00002
1.00002
1.00002
1.00002
1.00002
1.00002
1.00002
1.00002
1.00001
1.00001
1.00001
1.00001
1.00001
1
1
1
1
1
1
1
1
1
1
1
1
1
1
1
1
1
1
1
1
1
1
1
1
1
1
1
1
1
1
1
1
1
1
1
1
1
1
1
1
1
1
1
1
1
1
1
1
1
1
1
1
1
1
1
1
1
1
1
1
1
1
1
1
1
1
1
1
1
1.00001
1.00001
1.00001
1.00002
1.00002
1.00002
1.00002
1.00002
1.00003
1.00003
1.00003
1.00003
1.00003
1.00002
1.00002
1.00002
1.00002
1.00002
1.00002
1.00002
1.00002
1.00002
1.00002
1.00002
1.00002
1.00002
1.00002
1.00002
1.00001
1.00001
1.00001
1.00001
1
1
1
1
1
1
1
1
1
1
1
1
1
1
1
1
1
1
1
1
1
1
1
1
1
1
1
1
1
1
1
1
1
1
1
1
1
1
1
1
1
1
1
1
1
1
1
1
1
1
1
1
1
1
1
1
1
1
1
1
1
1
1
1
1
1
1
1.00001
1.00001
1.00001
1.00002
1.00002
1.00002
1.00002
1.00003
1.00003
1.00003
1.00003
1.00003
1.00002
1.00002
1.00002
1.00002
1.00002
1.00002
1.00002
1.00002
1.00002
1.00002
1.00002
1.00003
1.00003
1.00002
1.00002
1.00002
1.00002
1.00002
1.00001
1.00001
1.00001
1.00001
1
1
1
1
1
1
1
1
1
1
1
1
1
1
1
1
1
1
1
1
1
1
1
1
1
1
1
1
1
1
1
1
1
1
1
1
1
1
1
1
1
1
1
1
1
1
1
1
1
1
1
1
1
1
1
1
1
1
1
1
1
1
1
1
1
1.00001
1.00001
1.00001
1.00002
1.00002
1.00002
1.00003
1.00003
1.00003
1.00003
1.00003
1.00002
1.00002
1.00002
1.00002
1.00002
1.00002
1.00001
1.00001
1.00002
1.00002
1.00002
1.00002
1.00002
1.00002
1.00003
1.00003
1.00003
1.00002
1.00002
1.00002
1.00002
1.00001
1.00001
1.00001
1
1
1
1
1
1
1
1
1
1
1
1
1
1
1
1
1
1
1
1
1
1
1
1
1
1
1
1
1
1
1
1
1
1
1
1
1
1
1
1
1
1
1
1
1
1
1
1
1
1
1
1
1
1
1
1
1
1
1
1
1
1
1
1
1.00001
1.00001
1.00001
1.00002
1.00002
1.00002
1.00003
1.00003
1.00003
1.00003
1.00002
1.00002
1.00002
1.00002
1.00001
1.00001
1.00001
1.00001
1
1
1.00001
1.00001
1.00001
1.00001
1.00002
1.00002
1.00002
1.00002
1.00003
1.00003
1.00002
1.00002
1.00002
1.00002
1.00001
1.00001
1.00001
1
1
1
1
1
1
1
1
1
1
1
1
1
1
1
1
1
1
1
1
1
1
1
1
1
1
1
1
1
1
1
1
1
1
1
1
1
1
1
1
1
1
1
1
1
1
1
1
1
1
1
1
1
1
1
1
1
1
1
1
1
1
1.00001
1.00001
1.00001
1.00002
1.00002
1.00002
1.00003
1.00003
1.00003
1.00003
1.00002
1.00002
1.00002
1.00001
1.00001
1
0.999997
0.999994
0.999991
0.99999
0.99999
0.999992
0.999995
0.999998
1
1.00001
1.00001
1.00002
1.00002
1.00002
1.00003
1.00003
1.00002
1.00002
1.00002
1.00002
1.00001
1.00001
1.00001
1
1
1
1
1
1
1
1
1
1
1
1
1
1
1
1
1
1
1
1
1
1
1
1
1
1
1
1
1
1
1
1
1
1
1
1
1
1
1
1
1
1
1
1
1
1
1
1
1
1
1
1
1
1
1
1
1
1
1
1
1
1.00001
1.00001
1.00002
1.00002
1.00002
1.00003
1.00003
1.00003
1.00003
1.00002
1.00002
1.00001
1.00001
1
0.999994
0.999986
0.999979
0.999973
0.999969
0.999968
0.999969
0.999972
0.999977
0.999982
0.999988
0.999995
1
1.00001
1.00001
1.00002
1.00002
1.00003
1.00003
1.00002
1.00002
1.00002
1.00001
1.00001
1.00001
1.00001
1
1
1
1
1
1
1
1
1
1
1
1
1
1
1
1
1
1
1
1
1
1
1
1
1
1
1
1
1
1
1
1
1
1
1
1
1
1
1
1
1
1
1
1
1
1
1
1
1
1
1
1
1
1
1
1
1
1
1
1.00001
1.00001
1.00001
1.00002
1.00002
1.00003
1.00003
1.00003
1.00002
1.00002
1.00002
1.00001
1.00001
0.999997
0.999987
0.999975
0.999963
0.99995
0.99994
0.999933
0.999931
0.999933
0.999939
0.999948
0.999958
0.999968
0.999978
0.999988
0.999997
1.00001
1.00001
1.00002
1.00002
1.00003
1.00003
1.00002
1.00002
1.00002
1.00001
1.00001
1.00001
1
1
1
1
1
1
1
1
1
1
1
1
1
1
1
1
1
1
1
1
1
1
1
1
1
1
1
1
1
1
1
1
1
1
1
1
1
1
1
1
1
1
1
1
1
1
1
1
1
1
1
1
1
1
1
1
1
1
1
1.00001
1.00001
1.00002
1.00002
1.00003
1.00003
1.00003
1.00002
1.00002
1.00002
1.00001
1
0.999996
0.999983
0.999967
0.999946
0.999924
0.999901
0.999882
0.99987
0.999866
0.999871
0.999882
0.999899
0.999918
0.999936
0.999953
0.999968
0.999982
0.999993
1
1.00001
1.00002
1.00002
1.00003
1.00003
1.00002
1.00002
1.00002
1.00001
1.00001
1.00001
1
1
1
1
1
1
1
1
1
1
1
1
1
1
1
1
1
1
1
1
1
1
1
1
1
1
1
1
1
1
1
1
1
1
1
1
1
1
1
1
1
1
1
1
1
1
1
1
1
1
1
1
1
1
1
1
1
1.00001
1.00001
1.00002
1.00002
1.00002
1.00003
1.00003
1.00003
1.00002
1.00002
1.00001
1.00001
0.999997
0.999983
0.999963
0.999935
0.999898
0.999857
0.999815
0.999778
0.999754
0.999746
0.999755
0.999779
0.999811
0.999847
0.999881
0.999912
0.999938
0.99996
0.999977
0.999992
1
1.00001
1.00002
1.00002
1.00003
1.00002
1.00002
1.00002
1.00001
1.00001
1.00001
1
1
1
1
1
1
1
1
1
1
1
1
1
1
1
1
1
1
1
1
1
1
1
1
1
1
1
1
1
1
1
1
1
1
1
1
1
1
1
1
1
1
1
1
1
1
1
1
1
1
1
1
1
1
1
1
1
1.00001
1.00001
1.00002
1.00002
1.00003
1.00003
1.00003
1.00002
1.00002
1.00001
1.00001
1
0.999987
0.999966
0.999931
0.999881
0.999815
0.999737
0.999658
0.999588
0.999541
0.999525
0.999542
0.999587
0.999649
0.999718
0.999784
0.999842
0.999889
0.999925
0.999953
0.999975
0.999992
1.00001
1.00002
1.00002
1.00002
1.00003
1.00002
1.00002
1.00002
1.00001
1.00001
1.00001
1
1
1
1
1
1
1
1
1
1
1
1
1
1
1
1
1
1
1
1
1
1
1
1
1
1
1
1
1
1
1
1
1
1
1
1
1
1
1
1
1
1
1
1
1
1
1
1
1
1
1
1
1
1
1
1.00001
1.00001
1.00002
1.00002
1.00003
1.00003
1.00003
1.00002
1.00002
1.00001
1.00001
1
0.999995
0.999975
0.999939
0.999879
0.999788
0.999667
0.999524
0.999374
0.999243
0.999153
0.999122
0.999153
0.999238
0.999356
0.999486
0.999611
0.999718
0.999804
0.999868
0.999916
0.99995
0.999975
0.999994
1.00001
1.00002
1.00002
1.00002
1.00002
1.00002
1.00002
1.00001
1.00001
1.00001
1
1
1
1
1
1
1
1
1
1
1
1
1
1
1
1
1
1
1
1
1
1
1
1
1
1
1
1
1
1
1
1
1
1
1
1
1
1
1
1
1
1
1
1
1
1
1
1
1
1
1
1
1
1
1
1.00001
1.00001
1.00002
1.00002
1.00003
1.00003
1.00002
1.00002
1.00001
1.00001
1.00001
1
0.99999
0.999958
0.999895
0.999788
0.999627
0.999409
0.999148
0.998873
0.998629
0.998461
0.998402
0.99846
0.998616
0.998835
0.999077
0.999306
0.999503
0.999658
0.999773
0.999855
0.999912
0.999951
0.999979
0.999998
1.00001
1.00002
1.00002
1.00002
1.00002
1.00002
1.00002
1.00001
1.00001
1.00001
1
1
1
1
1
1
1
1
1
1
1
1
1
1
1
1
1
1
1
1
1
1
1
1
1
1
1
1
1
1
1
1
1
1
1
1
1
1
1
1
1
1
1
1
1
1
1
1
1
1
1
1
1
1.00001
1.00001
1.00001
1.00002
1.00003
1.00003
1.00003
1.00002
1.00001
1.00001
1.00001
1.00001
1.00001
0.999984
0.999929
0.999819
0.999633
0.999349
0.998964
0.998498
0.998005
0.997566
0.997263
0.997156
0.997259
0.997542
0.997938
0.998374
0.998787
0.999139
0.999414
0.999616
0.999757
0.999852
0.999915
0.999956
0.999984
1
1.00001
1.00002
1.00002
1.00002
1.00002
1.00002
1.00001
1.00001
1.00001
1
1
1
1
1
1
1
1
1
1
1
1
1
1
1
1
1
1
1
1
1
1
1
1
1
1
1
1
1
1
1
1
1
1
1
1
1
1
1
1
1
1
1
1
1
1
1
1
1
1
1
1
1
1.00001
1.00001
1.00002
1.00002
1.00003
1.00003
1.00002
1.00002
1.00001
1
1.00001
1.00002
1.00001
0.999974
0.999879
0.999691
0.999371
0.998883
0.998215
0.997404
0.996546
0.995781
0.995255
0.995069
0.995251
0.995747
0.996442
0.997206
0.997929
0.99854
0.999016
0.999361
0.9996
0.999757
0.999859
0.999924
0.999965
0.999992
1.00001
1.00002
1.00002
1.00002
1.00002
1.00002
1.00001
1.00001
1.00001
1
1
1
1
1
1
1
1
1
1
1
1
1
1
1
1
1
1
1
1
1
1
1
1
1
1
1
1
1
1
1
1
1
1
1
1
1
1
1
1
1
1
1
1
1
1
1
1
1
1
1
1
1
1.00001
1.00001
1.00002
1.00002
1.00003
1.00003
1.00002
1.00001
0.999999
1
1.00002
1.00003
1.00002
0.999955
0.999793
0.999479
0.998943
0.998121
0.996992
0.995621
0.994175
0.992892
0.992013
0.991707
0.992017
0.992855
0.994033
0.995328
0.996552
0.997585
0.998384
0.998961
0.999355
0.999612
0.999775
0.999875
0.999938
0.999976
1
1.00001
1.00002
1.00002
1.00002
1.00002
1.00002
1.00001
1.00001
1.00001
1
1
1
1
1
1
1
1
1
1
1
1
1
1
1
1
1
1
1
1
1
1
1
1
1
1
1
1
1
1
1
1
1
1
1
1
1
1
1
1
1
1
1
1
1
1
1
1
1
1
1
1.00001
1.00001
1.00002
1.00002
1.00002
1.00003
1.00003
1.00002
0.999999
0.999991
1
1.00003
1.00005
1.00003
0.999919
0.999652
0.999138
0.998261
0.996911
0.995058
0.992818
0.990471
0.988403
0.986992
0.986504
0.987009
0.98837
0.99029
0.99241
0.994416
0.996109
0.997414
0.99835
0.998984
0.999394
0.999649
0.999805
0.999899
0.999954
0.999988
1.00001
1.00002
1.00002
1.00002
1.00002
1.00002
1.00001
1.00001
1.00001
1
1
1
1
1
1
1
1
1
1
1
1
1
1
1
1
1
1
1
1
1
1
1
1
1
1
1
1
1
1
1
1
1
1
1
1
1
1
1
1
1
1
1
1
1
1
1
1
1
1
1
1.00001
1.00001
1.00002
1.00002
1.00002
1.00003
1.00003
1.00001
0.999987
0.999982
1.00001
1.00006
1.00009
1.00004
0.999855
0.999428
0.998612
0.997213
0.995059
0.992119
0.988598
0.98494
0.98173
0.979542
0.978779
0.979561
0.981683
0.984694
0.988037
0.991213
0.993899
0.995967
0.997444
0.998438
0.999075
0.999469
0.999705
0.999844
0.999925
0.999972
0.999999
1.00001
1.00002
1.00002
1.00002
1.00002
1.00001
1.00001
1.00001
1
1
1
1
1
1
1
1
1
1
1
1
1
1
1
1
1
1
1
1
1
1
1
1
1
1
1
1
1
1
1
1
1
1
1
1
1
1
1
1
1
1
1
1
1
1
1
1
1
1
1
1.00001
1.00001
1.00002
1.00002
1.00003
1.00003
1.00003
1
0.99997
0.999973
1.00002
1.0001
1.00013
1.00005
0.999751
0.999091
0.997829
0.995661
0.992341
0.987859
0.982548
0.977058
0.972239
0.968942
0.967782
0.968945
0.972137
0.976683
0.981752
0.986594
0.990706
0.99388
0.996144
0.997659
0.998624
0.999215
0.999565
0.999769
0.999885
0.999951
0.999988
1.00001
1.00002
1.00002
1.00002
1.00002
1.00001
1.00001
1.00001
1
1
1
1
1
1
1
1
1
1
1
1
1
1
1
1
1
1
1
1
1
1
1
1
1
1
1
1
1
1
1
1
1
1
1
1
1
1
1
1
1
1
1
1
1
1
1
1
1
1
1
1.00001
1.00002
1.00002
1.00002
1.00003
1.00004
1.00003
0.999987
0.999948
0.999966
1.00005
1.00015
1.00018
1.00004
0.999594
0.998607
0.996713
0.993464
0.988549
0.982004
0.974301
0.96633
0.959303
0.954494
0.952818
0.954532
0.959186
0.965799
0.973179
0.980256
0.9863
0.990989
0.994342
0.996585
0.998006
0.998869
0.999377
0.999668
0.999833
0.999924
0.999975
1
1.00002
1.00002
1.00002
1.00002
1.00002
1.00001
1.00001
1.00001
1
1
1
1
1
1
1
1
1
1
1
1
1
1
1
1
1
1
1
1
1
1
1
1
1
1
1
1
1
1
1
1
1
1
1
1
1
1
1
1
1
1
1
1
1
1
1
1
1
1
1.00001
1.00002
1.00002
1.00001
1.00003
1.00005
1.00003
0.999967
0.999921
0.999962
1.00009
1.00022
1.00025
1.00003
0.999375
0.997946
0.995194
0.990517
0.983558
0.974395
0.963603
0.952358
0.942443
0.935738
0.93351
0.936038
0.942636
0.951909
0.962208
0.972085
0.980563
0.987189
0.99196
0.995162
0.99719
0.998416
0.999132
0.999539
0.999765
0.99989
0.999957
0.999993
1.00001
1.00002
1.00002
1.00002
1.00002
1.00001
1.00001
1.00001
1
1
1
1
1
1
1
1
1
1
1
1
1
1
1
1
1
1
1
1
1
1
1
1
1
1
1
1
1
1
1
1
1
1
1
1
1
1
1
1
1
1
1
1
1
1
1
1
1
1
1.00001
1.00003
1.00002
1
1.00003
1.00007
1.00003
0.99994
0.999887
0.999961
1.00014
1.00032
1.00032
1
0.999093
0.997091
0.99324
0.986803
0.97739
0.965045
0.950375
0.935015
0.921611
0.912766
0.910022
0.913647
0.922704
0.93528
0.94911
0.962292
0.97361
0.982518
0.988993
0.993374
0.99616
0.997845
0.998824
0.999377
0.999682
0.999848
0.999937
0.999983
1.00001
1.00002
1.00002
1.00002
1.00002
1.00001
1.00001
1.00001
1
1
1
1
1
1
1
1
1
1
1
1
1
1
1
1
1
1
1
1
1
1
1
1
1
1
1
1
1
1
1
1
1
1
1
1
1
1
1
1
1
1
1
1
1
1
1
1
1
0.999999
1.00001
1.00003
1.00001
0.999994
1.00004
1.00008
1.00003
0.999905
0.999846
0.999964
1.00021
1.00042
1.00041
0.999977
0.998756
0.996049
0.990885
0.982438
0.970249
0.954172
0.934861
0.914727
0.897506
0.886339
0.882899
0.887641
0.8996
0.916238
0.934351
0.951362
0.965828
0.977214
0.985562
0.991272
0.994936
0.997162
0.998456
0.999184
0.999584
0.999798
0.999912
0.999972
1
1.00002
1.00002
1.00002
1.00002
1.00001
1.00001
1.00001
1
1
1
1
1
1
1
1
1
1
1
1
1
1
1
1
1
1
1
1
1
1
1
1
1
1
1
1
1
1
1
1
1
1
1
1
1
1
1
1
1
1
1
1
1
1
0.999999
1.00001
1
0.999994
1.00002
1.00004
1.00001
0.999981
1.00005
1.00011
1.00004
0.999864
0.999797
0.999966
1.00029
1.00055
1.00052
0.999963
0.99839
0.994868
0.988258
0.977686
0.962518
0.942273
0.917823
0.892705
0.871579
0.857578
0.852518
0.857769
0.872897
0.89459
0.918119
0.939751
0.957723
0.971686
0.981925
0.988996
0.993586
0.996399
0.998042
0.998967
0.999472
0.999743
0.999885
0.999959
0.999995
1.00001
1.00002
1.00002
1.00002
1.00001
1.00001
1.00001
1
1
1
1
1
1
1
1
1
1
1
1
1
1
1
1
1
1
1
1
1
1
1
1
1
1
1
1
1
1
1
1
1
1
1
1
1
1
1
1
1
1
1
1
1
0.999999
0.999997
1.00001
1.00001
0.999988
1.00002
1.00005
0.999999
0.999965
1.00005
1.00014
1.00004
0.999819
0.99974
0.999964
1.00037
1.00069
1.00065
0.999985
0.998034
0.99364
0.985574
0.97293
0.954752
0.930188
0.900628
0.870845
0.845736
0.827738
0.819259
0.823766
0.842059
0.869869
0.900247
0.927645
0.949702
0.966365
0.978421
0.986759
0.992225
0.995614
0.99761
0.998738
0.999355
0.999684
0.999857
0.999945
0.999989
1.00001
1.00002
1.00002
1.00002
1.00001
1.00001
1.00001
1
1
1
1
1
1
1
1
1
1
1
1
1
1
1
1
1
1
1
1
1
1
1
1
1
1
1
1
1
1
1
1
1
1
1
1
1
1
1
1
1
1
0.999999
0.999999
1
0.999998
0.999994
1.00002
1.00001
0.99998
1.00003
1.00007
0.999993
0.999944
1.00006
1.00017
1.00005
0.999773
0.999673
0.999949
1.00045
1.00083
1.00082
1.00007
0.997744
0.992503
0.983107
0.968612
0.947638
0.919055
0.885049
0.851356
0.822212
0.799038
0.785512
0.788028
0.809019
0.843268
0.881323
0.91537
0.942082
0.961606
0.975373
0.9848
0.991004
0.994889
0.997202
0.998518
0.999241
0.999627
0.999829
0.999932
0.999983
1.00001
1.00002
1.00002
1.00002
1.00001
1.00001
1.00001
1.00001
1
1
1
1
1
1
1
1
1
1
1
1
1
1
1
1
1
1
1
1
1
1
1
1
1
1
1
1
1
1
1
1
1
1
1
1
1
1
1
1
1
1
0.999998
1.00001
0.999998
0.99999
1.00002
1.00001
0.99997
1.00002
1.00008
0.999991
0.999918
1.00006
1.00021
1.00008
0.999735
0.999593
0.999911
1.00051
1.00098
1.00103
1.00024
0.997589
0.991607
0.981133
0.965178
0.941918
0.910113
0.872863
0.836365
0.80377
0.775803
0.757557
0.757775
0.78029
0.819511
0.864134
0.904298
0.935499
0.95777
0.973052
0.983329
0.990066
0.994312
0.996865
0.998332
0.999142
0.999577
0.999804
0.99992
0.999978
1
1.00002
1.00002
1.00002
1.00001
1.00001
1.00001
1.00001
1
1
1
1
1
1
1
1
1
1
1
1
1
1
1
1
1
1
1
1
1
1
1
1
1
1
1
1
1
1
1
1
1
1
1
1
1
1
1
0.999999
1
1
0.999996
1.00001
1
0.999984
1.00002
1.00002
0.999958
1.00002
1.0001
0.999997
0.999888
1.00004
1.00025
1.00013
0.999714
0.999505
0.99984
1.00053
1.00112
1.00128
1.00052
0.997643
0.991097
0.97988
0.962996
0.938233
0.90442
0.865449
0.827568
0.79322
0.763117
0.742934
0.741768
0.764088
0.805007
0.852927
0.896824
0.931109
0.955376
0.97172
0.982512
0.989527
0.993958
0.996644
0.998203
0.999072
0.99954
0.999785
0.999911
0.999973
1
1.00002
1.00002
1.00002
1.00001
1.00001
1.00001
1.00001
1
1
1
1
1
1
1
1
1
1
1
1
1
1
1
1
1
1
1
1
1
1
1
1
1
1
1
1
1
1
1
1
1
1
1
1
1
1
1
0.999998
1
1
0.999994
1.00001
1
0.999978
1.00002
1.00003
0.99995
1
1.00012
1.00002
0.999858
1
1.00028
1.0002
0.999724
0.999414
0.999727
1.0005
1.00123
1.00154
1.00092
0.997968
0.991086
0.979496
0.962278
0.936968
0.902592
0.863504
0.82579
0.791896
0.763096
0.744517
0.743399
0.763869
0.80282
0.850129
0.894645
0.929921
0.954926
0.971604
0.982465
0.989459
0.993876
0.996572
0.998151
0.999039
0.999521
0.999775
0.999906
0.999971
1
1.00001
1.00002
1.00002
1.00001
1.00001
1.00001
1.00001
1
1
1
1
1
1
1
1
1
1
1
1
1
1
1
1
1
1
1
1
1
1
1
1
1
1
1
1
1
1
1
1
1
1
1
1
1
1
1
0.999998
1
1
0.999991
1.00001
1.00001
0.999972
1.00001
1.00005
0.99995
0.999976
1.00014
1.00006
0.999839
0.999945
1.00029
1.00029
0.999783
0.999338
0.999569
1.00041
1.00128
1.0018
1.00142
0.998601
0.991648
0.980052
0.96306
0.938168
0.904659
0.866916
0.830686
0.798785
0.773444
0.75873
0.758652
0.776237
0.810737
0.854655
0.897429
0.931943
0.956497
0.972752
0.983207
0.989876
0.994081
0.99666
0.998184
0.99905
0.999524
0.999776
0.999906
0.999971
1
1.00001
1.00002
1.00002
1.00001
1.00001
1.00001
1.00001
1
1
1
1
1
1
1
1
1
1
1
1
1
1
1
1
1
1
1
1
1
1
1
1
1
1
1
1
1
1
1
1
1
1
1
1
1
0.999999
1
0.999998
1
1.00001
0.99999
1
1.00002
0.99997
1
1.00007
0.999962
0.99994
1.00013
1.00011
0.999842
0.999867
1.00025
1.00039
0.999907
0.999303
0.999373
1.00022
1.00124
1.00199
1.00199
0.999529
0.992811
0.981555
0.965235
0.94158
0.910114
0.874883
0.840974
0.811472
0.789907
0.779402
0.780646
0.795376
0.824914
0.864327
0.903994
0.936526
0.959731
0.974967
0.984629
0.99072
0.994544
0.996898
0.9983
0.999104
0.999548
0.999786
0.99991
0.999972
1
1.00001
1.00002
1.00002
1.00001
1.00001
1.00001
1.00001
1
1
1
1
1
1
1
1
1
1
1
1
1
1
1
1
1
1
1
1
1
1
1
1
1
1
1
1
1
1
1
1
1
1
1
1
1
0.999999
1
0.999999
0.999998
1.00001
0.999992
0.999994
1.00003
0.999977
0.999977
1.00007
0.999992
0.999906
1.0001
1.00017
0.999882
0.999787
1.00016
1.00046
1.00009
0.999352
0.999171
0.999945
1.00107
1.00207
1.00253
1.00067
0.994548
0.983962
0.968649
0.946801
0.918187
0.88633
0.855138
0.827827
0.809335
0.802067
0.804449
0.817337
0.843011
0.87802
0.913765
0.943255
0.964273
0.977969
0.986542
0.991877
0.995203
0.997253
0.998482
0.999194
0.999591
0.999806
0.999919
0.999976
1
1.00002
1.00002
1.00002
1.00001
1.00001
1.00001
1.00001
1
1
1
1
1
1
1
1
1
1
1
1
1
1
1
1
1
1
1
1
1
1
1
1
1
1
1
0.999999
1
1
1
1
0.999999
1
1
1
1
0.999999
1
1
0.999995
1.00001
0.999998
0.999985
1.00003
0.999994
0.999955
1.00007
1.00004
0.999889
1.00004
1.00021
0.999966
0.999736
1.00002
1.00046
1.00031
0.999526
0.999026
0.999576
1.00076
1.002
1.00291
1.00184
0.996726
0.987175
0.973133
0.953374
0.928112
0.900201
0.871921
0.846725
0.830572
0.825272
0.828398
0.840448
0.863524
0.894563
0.925973
0.95166
0.969799
0.981501
0.988748
0.993212
0.995977
0.997682
0.99871
0.99931
0.999648
0.999833
0.999931
0.999982
1.00001
1.00002
1.00002
1.00002
1.00001
1.00001
1.00001
1.00001
1
1
1
1
1
1
1
1
1
1
1
1
1
1
1
1
1
1
1
1
1
1
1
1
1
1
1
1
1
1
1
1
1
1
1
1
1
0.999999
1
1
0.999994
1
1.00001
0.999979
1.00002
1.00002
0.999943
1.00004
1.00008
0.999905
0.999962
1.00021
1.00008
0.999747
0.999858
1.00036
1.0005
0.999834
0.99903
0.999173
1.00029
1.00174
1.00305
1.00284
0.999076
0.991007
0.978482
0.960876
0.939226
0.915457
0.890295
0.86753
0.853347
0.849157
0.852681
0.864249
0.885151
0.912279
0.939127
0.960712
0.975703
0.985222
0.99104
0.994592
0.996784
0.998136
0.998955
0.999437
0.999712
0.999864
0.999946
0.999988
1.00001
1.00002
1.00002
1.00002
1.00001
1.00001
1.00001
1.00001
1
1
1
1
1
1
1
1
1
1
1
1
1
1
1
1
1
1
1
1
1
1
1
1
1
1
1
1
1
1
1
1
1
1
1
1
1
1
0.999999
1
0.999996
0.999999
1.00001
0.999982
1
1.00004
0.999953
0.999988
1.0001
0.999961
0.999895
1.00015
1.00019
0.999842
0.999727
1.00016
1.00058
1.00021
0.999256
0.998863
0.999679
1.00125
1.00288
1.00344
1.00124
0.995102
0.984343
0.969017
0.951017
0.931206
0.909426
0.889506
0.877152
0.873676
0.877402
0.888443
0.907088
0.930122
0.952185
0.969533
0.981365
0.988753
0.993203
0.995894
0.997549
0.998571
0.999193
0.999563
0.999776
0.999895
0.999961
0.999995
1.00001
1.00002
1.00002
1.00002
1.00001
1.00001
1.00001
1
1
1
1
1
1
1
1
1
1
1
1
1
1
1
1
1
1
1
1
1
1
1
1
1
1
1
1
1
1
1
1
1
1
1
1
1
1
1
0.999998
1
1
0.999993
1.00001
0.999994
0.999981
1.00004
0.999986
0.999947
1.00009
1.00004
0.999876
1.00004
1.00023
0.999999
0.999695
0.999909
1.00048
1.00053
0.999682
0.998828
0.999096
1.00052
1.00232
1.00354
1.00292
0.998888
0.990132
0.977419
0.962965
0.94686
0.928646
0.911722
0.901108
0.898259
0.902081
0.912361
0.928524
0.947373
0.964635
0.977752
0.986492
0.991872
0.995088
0.997027
0.998218
0.998955
0.999406
0.999677
0.999834
0.999925
0.999975
1
1.00001
1.00002
1.00002
1.00002
1.00001
1.00001
1.00001
1
1
1
1
1
1
1
1
1
1
1
1
1
1
1
1
1
1
1
1
1
1
1
1
1
1
1
1
1
1
1
1
1
1
1
1
1
0.999999
1
0.999999
1
1
0.999992
1.00001
1.00001
0.999975
1.00002
1.00002
0.999939
1.00003
1.00009
0.999922
0.999937
1.00019
1.00015
0.999785
0.999725
1.00024
1.00063
1.00015
0.999157
0.998812
0.999667
1.00133
1.00313
1.00396
1.00178
0.99518
0.985372
0.974388
0.961891
0.947136
0.933024
0.924197
0.9222
0.926065
0.935143
0.948367
0.962924
0.975634
0.984894
0.990862
0.994474
0.996635
0.997948
0.998762
0.999269
0.999582
0.999772
0.999884
0.99995
0.999987
1.00001
1.00002
1.00002
1.00002
1.00002
1.00001
1.00001
1.00001
1
1
1
1
1
1
1
1
1
1
1
1
1
1
1
1
1
1
1
1
1
1
1
1
1
1
1
1
1
1
1
1
1
1
1
1
1
1
1
1
0.999999
1
0.999996
0.999997
1.00001
0.999984
0.999996
1.00004
0.999967
0.999975
1.00009
1.00001
0.999894
1.00008
1.00022
0.999953
0.999703
0.999971
1.00046
1.00043
0.999727
0.999
0.999007
1.00015
1.00227
1.00409
1.00333
0.998853
0.992094
0.984678
0.975607
0.963779
0.952269
0.945589
0.944731
0.948355
0.955591
0.96542
0.975718
0.984349
0.990414
0.994205
0.996461
0.997815
0.998652
0.999179
0.999511
0.999718
0.999846
0.999923
0.99997
0.999997
1.00001
1.00002
1.00002
1.00002
1.00002
1.00001
1.00001
1.00001
1
1
1
1
1
1
1
1
1
1
1
1
1
1
1
1
1
1
1
1
1
1
1
1
1
1
1
1
1
1
1
1
1
1
1
1
1
1
1
1
0.999999
1
1
0.999994
1.00001
1
0.999981
1.00002
1.00001
0.999955
1.00004
1.00007
0.999938
0.999981
1.00016
1.00009
0.999843
0.999828
1.00014
1.00041
1.00021
0.999509
0.998918
0.999385
1.00118
1.00308
1.00312
1.00069
0.997246
0.993369
0.986932
0.977374
0.968732
0.964634
0.964646
0.967246
0.972076
0.978576
0.985213
0.990582
0.994242
0.996492
0.997829
0.99864
0.99915
0.999477
0.999685
0.999817
0.999901
0.999953
0.999985
1
1.00002
1.00002
1.00002
1.00002
1.00001
1.00001
1.00001
1.00001
1
1
1
1
1
1
1
1
1
1
1
1
1
1
1
1
1
1
1
1
1
1
1
1
1
1
1
1
1
1
1
1
1
1
1
1
1
1
1
1
1
0.999998
1
0.999997
0.999998
1.00001
0.999988
0.999998
1.00003
0.99998
0.999987
1.00006
1.00002
0.999954
1.00004
1.00013
1.00002
0.999858
0.999903
1.00018
1.00032
0.999984
0.99944
0.999407
1.0002
1.00116
1.00139
1.00105
1.00085
0.999397
0.994343
0.987164
0.982034
0.980176
0.979981
0.980895
0.983527
0.987529
0.991581
0.9947
0.996733
0.997965
0.998713
0.999181
0.999482
0.999677
0.999804
0.999885
0.999939
0.999974
0.999996
1.00001
1.00002
1.00002
1.00002
1.00002
1.00001
1.00001
1.00001
1
1
1
1
1
1
1
1
1
1
1
1
1
1
1
1
1
1
1
1
1
1
1
1
1
1
1
1
1
1
1
1
1
1
1
1
1
1
1
1
1
1
0.999999
1
1
0.999995
1.00001
1
0.999987
1.00001
1.00001
0.999975
1.00002
1.00006
0.999994
0.999975
1.00007
1.00011
0.999978
0.999872
0.999957
1.00013
1.0002
1.00007
0.999818
0.999557
0.999439
0.999845
1.00116
1.0024
1.00121
0.997264
0.993408
0.991484
0.990329
0.989107
0.988909
0.990512
0.993135
0.995567
0.997256
0.998278
0.998887
0.99927
0.999524
0.999693
0.999806
0.999881
0.999931
0.999965
0.999989
1
1.00001
1.00002
1.00002
1.00002
1.00002
1.00001
1.00001
1.00001
1
1
1
1
1
1
1
1
1
1
1
1
1
1
1
1
1
1
1
1
1
1
1
1
1
1
1
1
1
1
1
1
1
1
1
1
1
1
1
1
1
1
1
0.999999
1
0.999998
0.999998
1.00001
0.999994
0.999996
1.00002
0.999997
0.999991
1.00004
1.00003
0.999989
1.00001
1.00007
1.00006
0.999961
0.999897
0.999979
1.00018
1.00025
0.999957
0.999418
0.999234
0.99998
1.00117
1.00127
0.999675
0.997869
0.997045
0.996237
0.994554
0.993122
0.993297
0.994841
0.996624
0.997931
0.998705
0.999144
0.999417
0.999602
0.999733
0.999823
0.999885
0.999928
0.999959
0.999982
0.999999
1.00001
1.00002
1.00002
1.00002
1.00002
1.00002
1.00001
1.00001
1.00001
1
1
1
1
1
1
1
1
1
1
1
1
1
1
1
1
1
1
1
1
1
1
1
1
1
1
1
1
1
1
1
1
1
1
1
1
1
1
1
1
1
1
1
0.999999
1
1
0.999997
1
1
0.999995
1
1.00001
0.999999
1.00001
1.00003
1.00003
1.00001
1.00002
1.00005
1.00002
0.99998
0.999993
1.00004
1
0.999859
0.999835
1.00015
1.00051
1.00023
0.999307
0.998679
0.998768
0.998544
0.997224
0.995778
0.995554
0.996541
0.9978
0.998687
0.999159
0.999407
0.999567
0.999689
0.999783
0.999851
0.999899
0.999933
0.999958
0.999978
0.999994
1.00001
1.00002
1.00002
1.00002
1.00002
1.00002
1.00001
1.00001
1.00001
1.00001
1
1
1
1
1
1
1
1
1
1
1
1
1
1
1
1
1
1
1
1
1
1
1
1
1
1
1
1
1
1
1
1
1
1
1
1
1
1
1
1
1
1
1
1
0.999999
1
1
0.999997
1
1
0.999995
1.00001
1.00001
1
1.00002
1.00004
1.00003
1.00001
1.00001
1.00004
1.00005
1.00002
0.999925
0.999857
0.999972
1.00027
1.00039
1.00001
0.999401
0.999264
0.999609
0.999542
0.998594
0.997572
0.997452
0.998161
0.998965
0.999424
0.999589
0.999649
0.999705
0.99977
0.999832
0.999881
0.999916
0.999942
0.999961
0.999976
0.99999
1
1.00001
1.00002
1.00002
1.00002
1.00002
1.00002
1.00001
1.00001
1.00001
1
1
1
1
1
1
1
1
1
1
1
1
1
1
1
1
1
1
1
1
1
1
1
1
1
1
1
1
1
1
1
1
1
1
1
1
1
1
1
1
1
1
1
1
1
1
1
1
0.999999
0.999999
1
1
1
1.00001
1.00001
1.00001
1.00002
1.00003
1.00002
1.00002
1.00003
1.00003
0.999989
0.999949
1
1.00012
1.0001
0.999848
0.999659
0.999863
1.00022
1.00011
0.99943
0.998861
0.998933
0.999426
0.999815
0.999906
0.999846
0.999798
0.999804
0.99984
0.99988
0.999912
0.999936
0.999952
0.999965
0.999977
0.999988
0.999999
1.00001
1.00002
1.00002
1.00002
1.00002
1.00002
1.00002
1.00001
1.00001
1.00001
1
1
1
1
1
1
1
1
1
1
1
1
1
1
1
1
1
1
1
1
1
1
1
1
1
1
1
1
1
1
1
1
1
1
1
1
1
1
1
1
1
1
1
1
1
1
1
1
1
0.999999
1
1
1
1
1.00001
1.00001
1.00001
1.00002
1.00003
1.00003
1.00002
0.999999
0.999998
1.00004
1.00008
0.999991
0.999829
0.999829
1.00008
1.00028
1.00011
0.999711
0.999534
0.999745
1.00005
1.00015
1.00004
0.999905
0.999846
0.999855
0.999887
0.999918
0.999939
0.999954
0.999964
0.999972
0.99998
0.999988
0.999997
1.00001
1.00001
1.00002
1.00002
1.00002
1.00002
1.00002
1.00001
1.00001
1.00001
1
1
1
1
1
1
1
1
1
1
1
1
1
1
1
1
1
1
1
1
1
1
1
1
1
1
1
1
1
1
1
1
1
1
1
1
1
1
1
1
1
1
1
1
1
1
1
1
1
1
1
0.999999
1
1
1
1
1.00001
1.00001
1.00002
1.00003
1.00003
1.00002
1.00002
1.00004
1.00004
0.999979
0.999919
0.999979
1.00012
1.00014
0.999944
0.999757
0.999809
1.00003
1.00018
1.00012
0.999975
0.999882
0.999872
0.999903
0.999934
0.999953
0.999963
0.999969
0.999974
0.999978
0.999983
0.999989
0.999996
1
1.00001
1.00002
1.00002
1.00002
1.00002
1.00002
1.00002
1.00001
1.00001
1.00001
1
1
1
1
1
1
1
1
1
1
1
1
1
1
1
1
1
1
1
1
1
1
1
1
1
1
1
1
1
1
1
1
1
1
1
1
1
1
1
1
1
1
1
1
1
1
1
1
1
1
1
1
0.999999
1
1
1
1.00001
1.00001
1.00002
1.00002
1.00002
1.00003
1.00004
1.00003
0.99999
0.99998
1.00003
1.00008
1.00002
0.999895
0.999861
0.999976
1.00011
1.00011
1
0.999906
0.999886
0.999919
0.999956
0.999975
0.999979
0.99998
0.99998
0.999982
0.999984
0.999987
0.999991
0.999997
1
1.00001
1.00002
1.00002
1.00002
1.00002
1.00002
1.00002
1.00001
1.00001
1.00001
1.00001
1
1
1
1
1
1
1
1
1
1
1
1
1
1
1
1
1
1
1
1
1
1
1
1
1
1
1
1
1
1
1
1
1
1
1
1
1
1
1
1
1
1
1
1
1
1
1
1
1
1
1
1
1
1
1
1
1.00001
1.00001
1.00001
1.00002
1.00003
1.00003
1.00003
1.00001
1.00002
1.00004
1.00004
0.999981
0.999936
0.999973
1.00006
1.00008
1.00002
0.999936
0.999912
0.999941
0.99998
0.999998
0.999998
0.999992
0.999987
0.999985
0.999986
0.999988
0.99999
0.999993
0.999998
1
1.00001
1.00002
1.00002
1.00002
1.00002
1.00002
1.00002
1.00002
1.00001
1.00001
1.00001
1
1
1
1
1
1
1
1
1
1
1
1
1
1
1
1
1
1
1
1
1
1
1
1
1
1
1
1
1
1
1
1
1
1
1
1
1
1
1
1
1
1
1
1
1
1
1
1
0.999999
1
1
1
1
0.999999
1
1
1
1
1.00001
1.00001
1.00002
1.00002
1.00002
1.00002
1.00003
1.00004
1.00002
0.999992
0.999991
1.00003
1.00005
1.00002
0.999968
0.999945
0.999966
1
1.00002
1.00001
1
0.999991
0.999988
0.999988
0.99999
0.999992
0.999994
0.999996
1
1
1.00001
1.00002
1.00002
1.00002
1.00003
1.00002
1.00002
1.00002
1.00001
1.00001
1.00001
1
1
1
1
1
1
1
1
1
1
1
1
1
1
1
1
1
1
1
1
1
1
1
1
1
1
1
1
1
1
1
1
1
1
1
1
1
1
1
1
1
1
1
1
1
1
1
1
1
1
1
1
1
1
1
1
1
1
1
1
1.00001
1.00001
1.00002
1.00002
1.00003
1.00003
1.00002
1.00001
1.00002
1.00004
1.00003
0.999996
0.999976
0.999987
1.00001
1.00002
1.00002
1
0.999992
0.99999
0.999991
0.999993
0.999995
0.999997
0.999999
1
1
1.00001
1.00001
1.00002
1.00002
1.00002
1.00003
1.00003
1.00002
1.00002
1.00001
1.00001
1.00001
1.00001
1
1
1
1
1
1
1
1
1
1
1
1
1
1
1
1
1
1
1
1
1
1
1
1
1
1
1
1
1
1
1
1
1
1
1
1
1
1
1
1
1
1
1
1
1
1
1
1
1
1
1
1
1
1
1
1
1
1
1
1
1.00001
1.00001
1.00002
1.00002
1.00002
1.00002
1.00003
1.00003
1.00003
1.00002
1
1.00001
1.00002
1.00002
1.00002
1
0.999995
0.999994
0.999997
1
1
1
1
1
1.00001
1.00001
1.00001
1.00001
1.00002
1.00002
1.00003
1.00003
1.00003
1.00002
1.00002
1.00002
1.00001
1.00001
1.00001
1
1
1
1
1
1
1
1
1
1
1
1
1
1
1
1
1
1
1
1
1
1
1
1
1
1
1
1
1
1
1
1
1
1
1
1
1
1
1
1
1
1
1
1
1
1
1
1
1
1
1
1
1
1
1
1
1
1
1
1
1
1
1.00001
1.00001
1.00002
1.00002
1.00002
1.00003
1.00003
1.00002
1.00002
1.00003
1.00003
1.00002
1.00001
1.00001
1.00001
1.00001
1.00001
1.00001
1.00001
1.00001
1.00001
1.00001
1.00001
1.00001
1.00001
1.00002
1.00002
1.00002
1.00003
1.00003
1.00003
1.00002
1.00002
1.00002
1.00001
1.00001
1.00001
1
1
1
1
1
1
1
1
1
1
1
1
1
1
1
1
1
1
1
1
1
1
1
1
1
1
1
1
1
1
1
1
1
1
1
1
1
1
1
1
1
1
1
1
1
1
1
1
1
1
1
1
1
1
1
1
1
1
1
1
1
1
1
1
1.00001
1.00001
1.00002
1.00002
1.00002
1.00002
1.00003
1.00003
1.00003
1.00002
1.00002
1.00002
1.00002
1.00002
1.00002
1.00002
1.00001
1.00001
1.00001
1.00001
1.00002
1.00002
1.00002
1.00002
1.00002
1.00003
1.00003
1.00003
1.00003
1.00002
1.00002
1.00002
1.00001
1.00001
1.00001
1.00001
1
1
1
1
1
1
1
1
1
1
1
1
1
1
1
1
1
1
1
1
1
1
1
1
1
1
1
1
1
1
1
1
1
1
1
1
1
1
1
1
1
1
1
1
1
1
1
1
1
1
1
1
1
1
1
1
1
1
1
1
1
1
1
1
1.00001
1.00001
1.00001
1.00002
1.00002
1.00002
1.00003
1.00003
1.00003
1.00003
1.00003
1.00003
1.00002
1.00002
1.00002
1.00002
1.00002
1.00002
1.00002
1.00002
1.00002
1.00002
1.00002
1.00002
1.00003
1.00003
1.00003
1.00003
1.00002
1.00002
1.00002
1.00001
1.00001
1.00001
1.00001
1
1
1
1
1
1
1
1
1
1
1
1
1
1
1
1
1
1
1
1
1
1
1
1
1
1
1
1
1
1
1
1
1
1
1
1
1
1
1
1
1
1
1
1
1
1
1
1
1
1
1
1
1
1
1
1
1
1
1
1
1
1
1
1
1
1
1.00001
1.00001
1.00001
1.00002
1.00002
1.00002
1.00002
1.00003
1.00003
1.00003
1.00003
1.00003
1.00003
1.00002
1.00002
1.00002
1.00002
1.00002
1.00002
1.00003
1.00003
1.00003
1.00003
1.00003
1.00003
1.00003
1.00002
1.00002
1.00002
1.00001
1.00001
1.00001
1.00001
1
1
1
1
1
1
1
1
1
1
1
1
1
1
1
1
1
1
1
1
1
1
1
1
1
1
1
1
1
1
1
1
1
1
1
1
1
1
1
1
1
1
1
1
1
1
1
1
1
1
1
1
1
1
1
1
1
1
1
1
1
1
1
1
1
1
1
1
1.00001
1.00001
1.00001
1.00001
1.00002
1.00002
1.00002
1.00002
1.00002
1.00003
1.00003
1.00003
1.00003
1.00003
1.00003
1.00003
1.00003
1.00003
1.00003
1.00003
1.00003
1.00003
1.00003
1.00002
1.00002
1.00002
1.00002
1.00001
1.00001
1.00001
1.00001
1
1
1
1
1
1
1
1
1
1
1
1
1
1
1
1
1
1
1
1
1
1
1
1
1
1
1
1
1
1
1
1
1
1
1
1
1
1
1
1
1
1
1
1
1
1
1
1
1
1
1
1
1
1
1
1
1
1
1
1
1
1
1
1
1
1
1
1
1
1
1.00001
1.00001
1.00001
1.00001
1.00002
1.00002
1.00002
1.00002
1.00002
1.00002
1.00003
1.00003
1.00003
1.00003
1.00003
1.00003
1.00003
1.00003
1.00003
1.00002
1.00002
1.00002
1.00002
1.00002
1.00001
1.00001
1.00001
1.00001
1.00001
1
1
1
1
1
1
1
1
1
1
1
1
1
1
1
1
1
1
1
1
1
1
1
1
1
1
1
1
1
1
1
1
1
1
1
1
1
1
1
1
1
1
1
1
1
1
1
1
1
1
1
1
1
1
1
1
1
1
1
1
1
1
1
1
1
1
1
1
1
1
1
1
1.00001
1.00001
1.00001
1.00001
1.00001
1.00002
1.00002
1.00002
1.00002
1.00002
1.00002
1.00002
1.00002
1.00002
1.00002
1.00002
1.00002
1.00002
1.00002
1.00002
1.00002
1.00002
1.00001
1.00001
1.00001
1.00001
1
1
1
1
1
1
1
1
1
1
1
1
1
1
1
1
1
1
1
1
1
1
1
1
1
1
1
1
1
1
1
1
1
1
1
1
1
1
1
1
1
1
1
1
1
1
1
1
1
1
1
1
1
1
1
1
1
1
1
1
1
1
1
1
1
1
1
1
1
1
1
1
1
1
1
1.00001
1.00001
1.00001
1.00001
1.00001
1.00001
1.00002
1.00002
1.00002
1.00002
1.00002
1.00002
1.00002
1.00002
1.00002
1.00002
1.00002
1.00002
1.00001
1.00001
1.00001
1.00001
1.00001
1.00001
1
1
1
1
1
1
1
1
1
1
1
1
1
1
1
1
1
1
1
1
1
1
1
1
1
1
1
1
1
1
1
1
1
1
1
1
1
1
1
1
1
1
1
1
1
1
1
1
1
1
1
1
1
1
1
1
1
1
1
1
1
1
1
1
1
1
1
1
1
1
1
1
1
1
1
1
1
1
1.00001
1.00001
1.00001
1.00001
1.00001
1.00001
1.00001
1.00001
1.00001
1.00001
1.00001
1.00001
1.00001
1.00001
1.00001
1.00001
1.00001
1.00001
1.00001
1.00001
1
1
1
1
1
1
1
1
1
1
1
1
1
1
1
1
1
1
1
1
1
1
1
1
1
1
1
1
1
1
1
1
1
1
1
1
1
1
1
1
1
1
1
1
1
1
1
1
1
1
1
1
1
1
1
1
1
1
1
1
1
1
1
1
1
1
1
1
1
1
1
1
1
1
1
1
1
1
1
1
1
1
1.00001
1.00001
1.00001
1.00001
1.00001
1.00001
1.00001
1.00001
1.00001
1.00001
1.00001
1.00001
1.00001
1.00001
1.00001
1.00001
1
1
1
1
1
1
1
1
1
1
1
1
1
1
1
1
1
1
1
1
1
1
1
1
1
1
1
1
1
1
1
1
1
1
1
1
1
1
1
1
1
1
1
1
1
1
1
1
1
1
1
1
1
1
1
1
1
1
1
1
1
1
1
1
1
1
1
1
1
1
1
1
1
1
1
1
1
1
1
1
1
1
1
1
1
1
1
1.00001
1.00001
1.00001
1.00001
1.00001
1.00001
1.00001
1.00001
1.00001
1.00001
1.00001
1
1
1
1
1
1
1
1
1
1
1
1
1
1
1
1
1
1
1
1
1
1
1
1
1
1
1
1
1
1
1
1
1
1
1
1
1
1
1
1
1
1
1
1
1
1
1
1
1
1
1
1
1
1
1
1
1
1
1
1
1
1
1
1
1
1
1
1
1
1
1
1
1
1
1
1
1
1
1
1
1
1
1
1
1
1
1
1
1
1
1
1
1
1
1
1
1
1
1
1
1
1
1
1
1
1
1
1
1
1
1
1
1
1
1
1
1
1
1
1
1
1
1
1
1
1
1
1
1
1
1
1
1
1
1
1
1
1
1
1
1
1
1
1
1
1
1
1
1
1
1
1
1
1
1
1
1
1
1
1
1
1
1
1
1
1
1
1
1
1
1
1
1
1
1
1
1
1
1
1
1
1
1
1
1
1
1
1
1
1
1
1
1
1
1
1
1
1
1
1
1
1
1
1
1
1
1
1
1
1
1
1
1
1
1
1
1
1
1
1
1
1
1
1
1
1
1
1
1
1
1
1
1
1
1
1
1
1
1
1
1
1
1
1
1
1
1
1
1
1
1
1
1
1
1
1
1
1
1
1
1
1
1
1
1
1
1
1
1
1
1
1
1
1
1
1
1
1
1
1
1
1
1
1
1
1
1
1
1
1
1
1
1
1
1
1
1
1
1
1
1
1
1
1
1
1
1
1
1
1
1
1
1
1
1
1
1
1
1
1
1
1
1
1
1
1
1
1
1
1
1
1
1
1
1
1
1
1
1
1
1
1
1
1
1
1
1
1
1
1
1
1
1
1
1
1
1
1
1
1
1
1
1
1
1
1
1
1
1
1
1
1
1
1
1
1
1
1
1
1
1
1
1
1
1
1
1
1
1
1
1
1
1
1
1
1
1
1
1
1
1
1
1
1
1
1
1
1
1
1
1
1
1
1
1
1
1
1
1
1
1
1
1
1
1
1
1
1
1
1
1
1
1
1
1
1
1
1
1
1
1
1
1
1
1
1
1
1
1
1
1
1
1
1
1
1
1
1
1
1
1
1
1
1
1
1
1
1
1
1
1
1
1
1
1
1
1
1
1
1
1
1
1
1
1
1
1
1
1
1
1
1
1
1
1
1
1
1
1
1
1
1
1
1
1
1
1
1
1
1
1
1
1
1
1
1
1
1
1
1
1
1
1
1
1
1
1
1
1
1
1
1
1
1
1
1
1
1
1
1
1
1
1
1
1
1
1
1
1
1
1
1
1
1
1
1
1
1
1
1
1
1
1
1
1
1
1
1
1
1
1
1
1
1
1
1
1
1
1
1
1
1
1
1
1
1
1
1
1
1
1
1
1
1
1
1
1
1
1
1
1
1
1
1
1
1
1
1
1
1
1
1
1
1
1
1
1
1
1
1
1
1
1
1
1
1
1
1
1
1
1
1
1
1
1
1
1
1
1
1
1
1
1
1
1
1
1
1
1
1
1
1
1
1
1
1
1
1
1
1
1
1
1
1
1
1
1
1
1
1
1
1
1
1
1
1
1
1
1
1
1
1
1
1
1
1
1
1
1
1
1
1
1
1
1
1
1
1
1
1
1
1
1
1
1
1
1
1
1
1
1
1
1
1
1
1
1
1
1
1
1
1
1
1
1
1
1
1
1
1
1
1
1
1
1
1
1
1
1
1
1
1
1
1
1
1
1
1
1
1
1
1
1
1
1
1
1
1
1
1
1
1
1
1
1
1
1
1
1
1
1
1
1
1
1
1
1
1
1
1
1
1
1
1
1
1
1
1
1
1
1
1
1
1
1
1
1
1
1
1
1
1
1
1
1
1
1
1
1
1
1
1
1
1
1
1
1
1
1
1
1
1
1
1
1
1
1
1
1
1
1
1
1
1
1
1
1
1
1
1
1
1
1
1
1
1
1
1
1
1
1
1
1
1
1
1
1
1
1
1
1
1
1
1
1
1
1
1
1
1
1
1
1
1
1
1
1
1
1
1
1
1
1
1
1
1
1
1
1
1
1
1
1
1
1
1
1
1
1
1
1
1
1
1
1
1
1
1
1
1
1
1
1
1
1
1
1
1
1
1
1
1
1
1
1
1
1
1
1
1
1
1
1
1
1
1
1
1
1
1
1
1
1
1
1
1
1
1
1
1
1
1
1
1
1
1
1
1
1
1
1
1
1
1
1
1
1
1
1
1
1
1
1
1
1
1
1
1
1
1
1
1
1
1
1
1
1
1
1
1
1
1
1
1
1
1
1
1
1
1
1
1
1
1
1
1
1
1
1
1
1
1
1
1
1
1
1
1
1
1
1
1
1
1
1
1
1
1
1
1
1
1
1
1
1
1
1
1
1
1
1
1
1
1
1
1
1
1
1
1
1
1
1
1
1
1
1
1
1
1
1
1
1
1
1
1
1
1
1
1
1
1
1
1
1
1
1
1
1
1
1
1
1
1
1
1
1
1
1
1
1
1
1
1
1
1
1
1
1
1
1
1
1
1
1
1
1
1
1
1
1
1
1
1
1
1
1
1
1
1
1
1
1
1
1
1
1
1
1
1
1
1
1
1
1
1
1
1
1
1
1
1
1
1
1
1
1
1
1
1
1
1
1
1
1
1
1
1
1
1
1
1
1
1
1
1
1
1
1
1
1
1
1
1
1
1
1
1
1
1
1
1
1
1
1
1
1
1
1
1
1
1
1
1
1
1
1
1
1
1
1
1
1
1
1
1
1
1
1
1
1
1
1
1
1
1
1
1
1
1
1
1
1
1
1
1
1
1
1
1
1
1
1
1
1
1
1
1
1
1
1
1
1
1
1
1
1
1
1
1
1
1
1
1
1
1
1
1
1
1
1
1
1
1
1
1
1
1
1
1
1
1
1
1
1
1
1
1
1
1
1
1
1
1
1
1
1
1
1
1
1
1
1
1
1
1
1
1
1
1
1
1
1
1
1
1
1
1
1
1
1
1
1
1
1
1
1
1
1
1
1
1
1
1
1
1
1
1
1
1
1
1
1
1
1
1
1
1
1
1
1
1
1
1
1
1
1
1
1
1
1
1
1
1
1
1
1
1
1
1
1
1
1
1
1
1
1
1
1
1
1
1
1
1
1
1
1
1
1
1
1
1
1
1
1
1
1
1
1
1
1
1
1
1
1
1
1
1
1
1
1
1
1
1
1
1
1
1
1
1
1
1
1
1
1
1
1
1
1
1
1
1
1
1
1
1
1
1
1
1
1
1
1
1
1
1
1
1
1
1
1
1
1
1
1
1
1
1
1
1
1
1
1
1
1
1
1
1
1
1
1
1
1
1
1
1
1
1
1
1
1
1
1
1
1
1
1
1
1
1
1
1
1
1
1
1
1
1
1
1
1
1
1
1
1
1
1
1
1
1
1
1
1
1
1
1
1
1
1
1
1
1
1
1
1
1
1
1
1
1
1
1
1
1
1
1
1
1
1
1
1
1
1
1
1
1
1
1
1
1
1
1
1
1
1
1
1
1
1
1
1
1
1
1
1
1
1
1
1
1
1
1
1
1
1
1
1
1
1
1
1
1
1
1
1
1
1
1
1
1
1
1
1
1
1
1
1
1
1
1
1
1
1
1
1
1
1
1
1
1
1
1
1
1
1
1
1
1
1
1
1
1
1
1
1
1
1
1
1
1
1
1
1
1
1
1
1
1
1
1
1
1
1
1
1
1
1
1
1
1
1
1
1
1
1
1
1
1
1
1
1
1
1
1
1
1
1
1
1
1
1
1
1
1
1
1
1
1
1
1
1
1
1
1
1
1
1
1
1
1
1
1
1
1
1
1
1
1
1
1
1
1
1
1
1
1
1
1
1
1
1
1
1
1
1
1
1
1
1
1
1
1
1
1
1
1
1
1
1
1
1
1
1
1
1
1
1
1
1
1
1
1
1
1
1
1
1
1
1
1
1
1
1
1
1
1
1
1
1
1
1
1
1
1
1
1
1
1
1
1
1
1
1
1
1
1
1
1
1
1
1
1
1
1
1
1
1
1
1
1
1
1
1
1
1
1
1
1
1
1
1
1
1
1
1
1
1
1
1
1
1
1
1
1
1
1
1
1
1
1
1
1
1
1
1
1
1
1
1
1
1
1
1
1
1
1
1
1
1
1
1
1
1
1
1
1
1
1
1
1
1
1
1
1
1
1
1
1
1
1
1
1
1
1
1
1
1
1
1
1
1
1
1
1
1
1
1
1
1
1
1
1
1
1
1
1
1
1
1
1
1
1
1
1
1
1
1
1
1
1
1
1
1
1
1
1
1
1
1
1
1
1
1
1
1
1
1
1
1
1
1
1
1
1
1
1
1
1
1
1
1
1
1
1
1
1
1
1
1
1
1
1
1
1
1
1
1
1
1
1
1
1
1
1
1
1
1
1
1
1
1
1
1
1
1
1
1
1
1
1
1
1
1
1
1
1
1
1
1
1
1
1
1
1
1
1
1
1
1
1
1
1
1
1
1
1
1
1
1
1
1
1
1
1
1
1
1
1
1
1
1
1
1
1
1
1
1
1
1
1
1
1
1
1
1
1
1
1
1
1
1
1
1
1
1
1
1
1
1
1
1
1
1
1
1
1
1
1
1
1
1
1
1
1
1
1
1
1
1
1
1
1
1
1
1
1
1
1
1
1
1
1
1
1
1
1
1
1
1
1
1
1
1
1
1
1
1
1
1
1
1
1
1
1
1
1
1
1
1
1
1
1
1
1
1
1
1
1
1
1
1
1
1
1
1
1
1
1
1
1
1
1
1
1
1
1
1
1
1
1
1
1
1
1
1
1
1
1
1
1
1
1
1
1
1
1
1
1
1
1
1
1
1
1
1
1
1
1
1
1
1
1
1
1
1
1
1
1
1
1
1
1
1
1
1
1
1
1
1
1
1
1
1
1
1
1
1
1
1
1
1
1
1
1
1
1
1
1
1
1
1
1
1
1
1
1
1
1
1
1
1
1
1
1
1
1
1
1
1
1
1
1
1
1
1
1
1
1
1
1
1
1
1
1
1
1
1
1
1
1
1
1
1
1
1
1
1
1
1
1
1
1
1
1
1
1
1
1
1
1
1
1
1
1
1
1
1
1
1
1
1
1
1
1
1
1
1
1
1
1
1
1
1
1
1
1
1
1
1
1
1
1
1
1
1
1
1
1
1
1
1
1
1
1
1
1
1
1
1
1
1
1
1
1
1
1
1
1
1
1
1
1
1
1
1
1
1
1
1
1
1
1
1
1
1
1
1
1
1
1
1
1
1
1
1
1
1
1
1
1
1
1
1
1
1
1
1
1
1
1
1
1
1
1
1
1
1
1
1
1
1
1
1
1
1
1
1
1
1
1
1
1
1
1
1
1
1
1
1
1
1
1
1
1
1
1
1
1
1
1
1
1
1
1
1
1
1
1
1
1
1
1
1
1
1
1
1
1
1
1
1
1
1
1
1
1
1
1
1
1
1
1
1
1
1
1
1
1
1
1
1
1
1
1
1
1
1
1
1
1
1
1
1
1
1
1
1
1
1
1
1
1
1
1
1
1
1
1
1
1
1
1
1
1
1
1
1
1
1
1
1
1
1
1
1
1
1
1
1
1
1
1
1
1
1
1
1
1
1
1
1
1
1
1
1
1
1
1
1
1
1
1
1
1
1
1
1
1
1
1
1
1
1
1
1
1
1
1
1
1
1
1
1
1
1
1
1
1
1
1
1
1
1
1
1
1
1
1
1
1
1
1
1
1
1
1
1
1
1
1
1
1
1
1
1
1
1
1
1
1
1
1
1
1
1
1
1
1
1
1
1
1
1
1
1
1
1
1
1
1
1
1
1
1
1
1
1
1
1
1
1
1
1
1
1
1
1
1
1
1
1
1
1
1
1
1
1
1
1
1
1
1
1
1
1
1
1
1
1
1
1
1
1
1
1
1
1
1
1
1
1
1
1
1
1
1
1
1
1
1
1
1
1
1
1
1
1
1
1
1
1
1
1
1
1
1
1
1
1
1
1
1
1
1
1
1
1
1
1
1
1
1
1
1
1
1
1
1
1
1
1
1
1
1
1
1
1
1
1
1
1
1
1
1
1
1
1
1
1
1
1
1
1
1
1
1
1
1
1
1
1
1
1
1
1
1
1
1
1
1
1
1
1
1
1
1
1
1
1
1
1
1
1
1
1
1
1
1
1
1
1
1
1
1
1
1
1
1
1
1
1
1
1
1
1
1
1
1
1
1
1
1
1
1
1
1
1
1
1
1
1
1
1
1
1
1
1
1
1
1
1
1
1
1
1
1
1
1
1
1
1
1
1
1
1
1
1
1
1
1
1
1
1
1
1
1
1
1
1
1
1
1
1
1
1
1
1
1
1
1
1
1
1
1
1
1
)
;

boundaryField
{
    emptyPatches_empt
    {
        type            empty;
    }
    top_cyc
    {
        type            cyclic;
    }
    bottom_cyc
    {
        type            cyclic;
    }
    inlet_cyc
    {
        type            cyclic;
    }
    outlet_cyc
    {
        type            cyclic;
    }
}


// ************************************************************************* //
