/*--------------------------------*- C++ -*----------------------------------*\
  =========                 |
  \\      /  F ield         | OpenFOAM: The Open Source CFD Toolbox
   \\    /   O peration     | Website:  https://openfoam.org
    \\  /    A nd           | Version:  6
     \\/     M anipulation  |
\*---------------------------------------------------------------------------*/
FoamFile
{
    version     2.0;
    format      ascii;
    class       volScalarField;
    location    "2.1";
    object      epsilon;
}
// * * * * * * * * * * * * * * * * * * * * * * * * * * * * * * * * * * * * * //

dimensions      [0 2 -3 0 0 0 0];

internalField   nonuniform List<scalar> 
4214
(
0.0235914
0.0117547
0.0075112
0.00602062
0.00559637
0.00565212
0.00599562
0.00658128
0.00741877
0.00854237
0.00999276
0.0118131
0.0140401
0.016695
0.019769
0.0232091
0.0268854
0.0306577
0.034749
0.0410164
0.0543875
0.0601295
0.0452831
0.031735
0.0225126
0.0165698
0.0127421
0.010208
0.00847716
0.00727197
0.00642772
0.0058392
0.00543727
0.00517862
0.00504218
0.00503566
0.0052233
0.00581604
0.0074195
0.011726
0.0235203
0.00990213
0.00707136
0.00589304
0.00546545
0.00542892
0.00564576
0.00607931
0.00674048
0.0076656
0.00890581
0.0105211
0.0125754
0.0151316
0.0182423
0.0219333
0.0261671
0.030763
0.0353686
0.0398361
0.0456325
0.0586708
0.0655541
0.0490904
0.0339889
0.0238312
0.0174082
0.0133175
0.0106275
0.00879541
0.00751876
0.0066206
0.00598912
0.00555064
0.00525649
0.00507624
0.00499703
0.00502911
0.00522905
0.00575115
0.00697059
0.00977087
0.00721531
0.00596439
0.00543515
0.0052859
0.00537764
0.00566552
0.00615313
0.00687214
0.00787355
0.00922318
0.010999
0.0132886
0.0161852
0.0197809
0.0241512
0.029305
0.0350415
0.0408163
0.0460285
0.0514292
0.0635725
0.0712171
0.0530999
0.0363543
0.0252136
0.0182903
0.0139303
0.0110798
0.00914214
0.00778958
0.00683331
0.00615553
0.00567866
0.00535022
0.00513507
0.00501211
0.00497572
0.00504513
0.00528693
0.00586081
0.00711481
0.00615908
0.00549426
0.00523015
0.00520529
0.00536104
0.00569024
0.00621566
0.0069817
0.008051
0.0095034
0.0114357
0.0139611
0.0172074
0.0213134
0.0264181
0.0326017
0.0396906
0.0469893
0.0534134
0.0586687
0.0695561
0.0774124
0.0573981
0.0388425
0.0266585
0.0192176
0.0145834
0.0115687
0.00952114
0.00808807
0.00706933
0.00634161
0.00582378
0.00546042
0.00521309
0.00505596
0.00497559
0.00497577
0.00508894
0.00539875
0.00608627
0.00562566
0.0052495
0.00512273
0.00516609
0.00535966
0.00571623
0.00627083
0.00707776
0.00821027
0.00976216
0.0118501
0.0146152
0.0182244
0.0228703
0.0287678
0.0360873
0.04473
0.0539089
0.0620592
0.0675384
0.0767245
0.0840127
0.0619251
0.0414323
0.0281647
0.020196
0.0152853
0.0121034
0.00994092
0.00842136
0.00733416
0.00655123
0.00598827
0.00558715
0.00530666
0.00511767
0.00500202
0.00495528
0.00499323
0.00516371
0.0055715
0.00532736
0.0051144
0.00506843
0.0051537
0.00537223
0.00574941
0.00632955
0.00717556
0.00837107
0.0100242
0.0122728
0.0152887
0.0192831
0.0245096
0.0312674
0.0398402
0.0502404
0.0616602
0.072095
0.0782751
0.0853756
0.0911052
0.0666867
0.0441124
0.0297395
0.0212407
0.0160535
0.0127007
0.0104163
0.00880175
0.00763762
0.00679204
0.00617806
0.00573475
0.00541821
0.00519654
0.00504832
0.00496415
0.00495035
0.00503533
0.00528325
0.00515584
0.00504305
0.00504887
0.00516286
0.00540071
0.00579694
0.00640363
0.007292
0.00855633
0.0103201
0.0127439
0.0160343
0.0204517
0.0263199
0.0340326
0.0440003
0.0563796
0.0704217
0.0837205
0.0910881
0.095698
0.0987062
0.0716685
0.0468775
0.0314002
0.022381
0.0169212
0.0133932
0.0109768
0.0092537
0.00799834
0.00707731
0.00640216
0.00590904
0.00555074
0.00529255
0.00511054
0.00499205
0.00493753
0.00496359
0.00511008
0.00506315
0.005015
0.00505656
0.0051929
0.0054491
0.00586711
0.00650627
0.00744628
0.00879299
0.0106869
0.013315
0.0169224
0.0218271
0.0284311
0.0372344
0.0487839
0.0634051
0.0804933
0.0972501
0.106177
0.107829
0.106835
0.0768615
0.0497524
0.0331819
0.0236697
0.0179502
0.0142463
0.0116871
0.0098381
0.00846911
0.00744818
0.00668962
0.00612932
0.00571674
0.00541323
0.00519151
0.00503643
0.00494513
0.00492626
0.0050028
0.00502454
0.00501963
0.00508789
0.00524459
0.00552212
0.00596914
0.00665232
0.00766061
0.00911327
0.0111711
0.0140525
0.0180486
0.0235443
0.0310293
0.0411206
0.0545062
0.0717022
0.0923304
0.113135
0.12388
0.121803
0.115464
0.0822483
0.0527548
0.035137
0.0251803
0.0192288
0.0153597
0.0126593
0.0106837
0.00919891
0.0080679
0.00720291
0.00654261
0.00603357
0.00564209
0.00534587
0.00512959
0.004986
0.00491762
0.00493755
0.0050252
0.00505066
0.00514146
0.00532045
0.00562649
0.00611493
0.00686049
0.00796295
0.00955846
0.0118333
0.0150467
0.0195448
0.0257934
0.034378
0.0460423
0.061612
0.0818186
0.106589
0.132019
0.144569
0.137543
0.124862
0.0878143
0.0559153
0.0373223
0.0269728
0.0208093
0.0167687
0.0138947
0.0117393
0.01008
0.00879035
0.00778528
0.0069878
0.00636536
0.00588489
0.00551747
0.00524358
0.00505233
0.00494017
0.00491025
0.00505586
0.00510493
0.00521847
0.00542598
0.00577284
0.00632164
0.00715674
0.00839154
0.0101856
0.0127589
0.0164261
0.0215998
0.0288473
0.0388504
0.0524915
0.0707147
0.0945198
0.124129
0.154707
0.168568
0.154857
0.13505
0.0935663
0.0592934
0.039795
0.0290694
0.022663
0.0184014
0.0153117
0.0129509
0.0110996
0.00963415
0.00844718
0.007503
0.00675813
0.00617425
0.00572186
0.00538005
0.0051354
0.00497971
0.00490833
0.00511139
0.00518266
0.00532411
0.00557195
0.00597886
0.00661561
0.00757955
0.00900221
0.0110788
0.0140733
0.0183819
0.0244903
0.0331022
0.0449729
0.0611501
0.0826453
0.110777
0.146066
0.182129
0.196097
0.173404
0.145816
0.0995588
0.0630164
0.0426832
0.0315843
0.0249028
0.0203794
0.0170321
0.0144223
0.0123377
0.0106323
0.00924198
0.00812213
0.00722632
0.00651627
0.00596196
0.00554113
0.00523746
0.0050376
0.00492917
0.00519093
0.00528891
0.00547019
0.00577811
0.00627407
0.00703823
0.00818852
0.00988034
0.0123695
0.0159694
0.0212087
0.0286257
0.0391372
0.0534777
0.0729525
0.0985
0.131887
0.173828
0.215168
0.227176
0.192832
0.157168
0.105986
0.0673232
0.0462447
0.0347507
0.0277312
0.0228662
0.0191772
0.0162366
0.0138386
0.0118378
0.0101954
0.00885704
0.00777642
0.00691481
0.00624098
0.00573031
0.0053622
0.00511684
0.00497362
0.0052988
0.00543684
0.00568048
0.00607948
0.00670795
0.00765521
0.00908028
0.0111609
0.014272
0.0187459
0.0253686
0.0346026
0.0477966
0.0653502
0.0891655
0.119692
0.159495
0.209007
0.254349
0.261674
0.213005
0.16916
0.113275
0.0726957
0.0509014
0.0389125
0.0314062
0.0260417
0.0218684
0.0184783
0.0156521
0.0132842
0.0113241
0.00971667
0.00841365
0.00737404
0.00656347
0.00595275
0.00551481
0.00522169
0.00504399
0.00545154
0.0056579
0.00600325
0.00653759
0.00736546
0.00857132
0.0104212
0.0130591
0.0171528
0.0228548
0.0315962
0.0432447
0.0603055
0.0818319
0.111506
0.147951
0.195756
0.253166
0.299251
0.29919
0.234076
0.181941
0.122079
0.0798099
0.0572693
0.0445209
0.0362626
0.0301402
0.0252534
0.0212327
0.0178393
0.0149988
0.0126421
0.010708
0.00914241
0.00789838
0.00693481
0.00621475
0.00570174
0.00535789
0.00514449
0.00571278
0.00602861
0.00653819
0.00725286
0.0084009
0.00994614
0.0125253
0.0158955
0.02167
0.0289057
0.0410889
0.0555439
0.0784726
0.104285
0.142416
0.185138
0.243041
0.306981
0.346971
0.338305
0.25647
0.19546
0.133206
0.0894308
0.0661079
0.0519694
0.0425891
0.035339
0.0294501
0.024562
0.0204412
0.0170017
0.0141581
0.0118351
0.00996624
0.00849276
0.00736196
0.00652448
0.00593144
0.00553316
0.00528148
0.00626353
0.00667429
0.00748153
0.00833184
0.0101477
0.0119536
0.0160817
0.0199915
0.0291278
0.0374127
0.0559754
0.0722335
0.105245
0.133672
0.185856
0.232548
0.304122
0.369087
0.391349
0.376904
0.281795
0.209253
0.148246
0.102326
0.0785928
0.0614343
0.0507846
0.0417147
0.0345955
0.0285547
0.0235166
0.0193313
0.0159004
0.0131191
0.0109053
0.00917606
0.0078643
0.00689949
0.00622058
0.00576178
0.00546783
0.00528735
0.00513381
0.00502587
0.00495338
0.00491219
0.00490071
0.00491997
0.00497352
0.00506885
0.00521998
0.00545322
0.00581963
0.00642512
0.00751573
0.0097712
0.0162839
0.0564621
0.00519648
0.00507608
0.00499313
0.00494094
0.00491846
0.00492694
0.00497026
0.00505567
0.00519535
0.00540999
0.00573648
0.00624433
0.00707704
0.00856622
0.0116306
0.0199518
0.0650092
0.00515301
0.00505576
0.0049897
0.00495195
0.0049439
0.00496918
0.00503479
0.00515211
0.0053391
0.00562488
0.00605987
0.00673753
0.00784882
0.00982843
0.0138763
0.0246122
0.0743283
0.005142
0.00506149
0.00500799
0.00498099
0.00498418
0.00502351
0.0051093
0.00525769
0.00549355
0.00585668
0.00641474
0.00729159
0.00873624
0.0113061
0.0165121
0.0298909
0.0857867
0.00515071
0.00508541
0.0050423
0.00502398
0.00503598
0.00508662
0.00518964
0.00536647
0.00565012
0.00609343
0.00678539
0.00788729
0.00971769
0.012978
0.0195278
0.0359144
0.0995842
0.00517094
0.00512029
0.00508747
0.00507691
0.00509596
0.00515519
0.0052717
0.00547242
0.00579948
0.00632076
0.0071505
0.00849421
0.0107519
0.0147912
0.0228683
0.04269
0.115739
0.00519337
0.0051598
0.00513837
0.00513592
0.00516105
0.00522632
0.00535185
0.00556989
0.00593188
0.00652186
0.00748207
0.00906766
0.0117705
0.0166453
0.0263955
0.0500513
0.133976
0.00521209
0.00519747
0.00518978
0.00519675
0.00522787
0.00529708
0.00542684
0.00565379
0.00603786
0.00667874
0.00774722
0.00955072
0.0126796
0.0183922
0.0298825
0.0576551
0.153642
0.00522022
0.00522718
0.00523584
0.00525444
0.00529259
0.00536462
0.00549409
0.00572043
0.00610985
0.00677516
0.00791313
0.00988149
0.01337
0.0198492
0.0330324
0.0650232
0.173676
0.00521451
0.00524296
0.00527039
0.00530342
0.00535077
0.00542601
0.00555208
0.0057687
0.00614485
0.00680152
0.00795505
0.0100059
0.0137358
0.0208246
0.03552
0.0716071
0.192701
0.00519283
0.00524145
0.00528834
0.00533806
0.00539752
0.00547818
0.00560043
0.00580111
0.00614715
0.00676046
0.00786634
0.00989322
0.0136966
0.021145
0.0370084
0.076727
0.209207
0.0051587
0.00522211
0.0052866
0.0053537
0.00542787
0.00551752
0.00563889
0.0058229
0.0061289
0.00667067
0.00766788
0.00955422
0.0132243
0.0206837
0.0371342
0.0795705
0.221792
0.00511617
0.00518953
0.00526647
0.00534852
0.00543803
0.00553999
0.00566583
0.00583874
0.00610598
0.00656435
0.00741158
0.00905751
0.0123845
0.0194461
0.0357292
0.0795598
0.229338
0.00507137
0.00514857
0.00523331
0.00532633
0.0054283
0.00554335
0.00567866
0.00585008
0.00609158
0.00647725
0.00716894
0.00852247
0.0113503
0.0176456
0.0329524
0.0763489
0.231169
0.00503355
0.0051081
0.00519469
0.00529325
0.00540458
0.00553137
0.00567852
0.00585678
0.0060901
0.00643005
0.00699726
0.00807435
0.0103483
0.0156157
0.0291245
0.0698701
0.227201
0.00500735
0.00507664
0.00516128
0.00526156
0.00537789
0.00551301
0.00567209
0.0058639
0.00610505
0.00643167
0.00692868
0.00780576
0.00959697
0.0137978
0.0250638
0.0605196
0.21807
0.00499872
0.0050581
0.00513774
0.00523671
0.00535596
0.00549838
0.0056696
0.00587847
0.00613975
0.00648191
0.00696816
0.00775228
0.00924207
0.0126515
0.0221129
0.0542797
0.20518
0.00501255
0.00506023
0.00512943
0.00522182
0.00533905
0.00548501
0.00566661
0.00589409
0.00618334
0.00656168
0.00708358
0.0078742
0.00926391
0.012278
0.0206751
0.0507441
0.190146
0.00505527
0.00509046
0.00514584
0.0052257
0.00533336
0.00547402
0.0056568
0.00589484
0.00620743
0.00662527
0.00720404
0.00806132
0.00949426
0.0124425
0.0204728
0.0493353
0.174522
0.00513122
0.00515711
0.00519995
0.00526458
0.00535609
0.00548145
0.00565179
0.00588327
0.00619954
0.0066367
0.00725713
0.00818338
0.00970681
0.0127521
0.0209329
0.0504053
0.159654
0.00524029
0.00526237
0.00529729
0.00535008
0.00542612
0.00553238
0.00568076
0.00588914
0.00618443
0.00660804
0.00722857
0.00817442
0.00973655
0.0128289
0.0212971
0.053623
0.146503
0.0053804
0.00540436
0.00543884
0.00548717
0.00555421
0.00564566
0.00577221
0.00595152
0.00621124
0.00659518
0.00717594
0.00808361
0.00960041
0.012583
0.0209563
0.0560631
0.135207
0.00555215
0.00558396
0.00562471
0.00567686
0.00574391
0.00582961
0.00594249
0.0060979
0.00632121
0.00665511
0.00717194
0.00800025
0.00940744
0.0121459
0.0197371
0.0537672
0.125348
0.00575725
0.00580118
0.00585515
0.00591958
0.00599572
0.00608527
0.0061943
0.0063349
0.00652869
0.00681368
0.00725754
0.00798276
0.00923658
0.0116486
0.0179772
0.0462809
0.115219
0.00599692
0.00606074
0.00613538
0.00621912
0.00631226
0.00641514
0.00653124
0.00666922
0.00684601
0.00709328
0.0074705
0.0080898
0.00917684
0.0112612
0.0164128
0.0378467
0.104148
0.00627367
0.0063645
0.00646774
0.00658014
0.00669993
0.006826
0.00696011
0.00710814
0.00728261
0.00750852
0.00783565
0.00836278
0.0092931
0.0110846
0.0152884
0.0311377
0.0930873
0.00658933
0.00671739
0.00685866
0.00700906
0.00716529
0.00732517
0.00748905
0.00766051
0.0078483
0.00807131
0.00836964
0.00882781
0.00962677
0.0111726
0.0146828
0.0267628
0.0835172
0.00694301
0.00711978
0.00731027
0.00750973
0.00771367
0.00791943
0.00812636
0.00833621
0.0085545
0.00879468
0.00908789
0.00950478
0.0102051
0.0115552
0.0145795
0.0243533
0.076291
0.00733736
0.00757532
0.00782574
0.00808512
0.00834894
0.00861426
0.00887966
0.0091453
0.00941394
0.00969416
0.0100088
0.0104154
0.0110539
0.0122577
0.0149383
0.0233337
0.071405
0.00776718
0.00808246
0.00840466
0.00873616
0.00907348
0.00941402
0.0097559
0.010098
0.0104406
0.0107881
0.0111556
0.0115882
0.012207
0.0133162
0.0157526
0.0232751
0.0684337
0.00823462
0.00864246
0.00904742
0.00946348
0.00988936
0.010323
0.0107624
0.0112054
0.0116505
0.0120984
0.0125574
0.0130608
0.0137112
0.0147861
0.0170638
0.0239891
0.066934
0.00873375
0.00925271
0.009753
0.0102679
0.0107996
0.011347
0.0119084
0.0124815
0.0130636
0.0136526
0.0142515
0.0148826
0.015631
0.0167483
0.0189627
0.0254708
0.0665838
0.00926652
0.00991299
0.0105223
0.0111522
0.0118096
0.0124949
0.0132072
0.013945
0.0147059
0.0154867
0.0162867
0.0171197
0.0180546
0.019318
0.0215946
0.027858
0.067172
0.00983294
0.0106207
0.011357
0.0121211
0.012928
0.0137797
0.0146776
0.0156222
0.0166133
0.0176494
0.0187294
0.0198622
0.0211043
0.0226605
0.0251766
0.031423
0.0685473
0.0104408
0.0113747
0.0122613
0.0131826
0.0141671
0.0152199
0.0163455
0.0175489
0.018835
0.0202078
0.0216712
0.0232364
0.0249548
0.0270167
0.0300375
0.0366076
0.0705698
0.0110988
0.0121737
0.0132407
0.0143469
0.0155431
0.016839
0.0182449
0.019773
0.0214374
0.023254
0.0252406
0.027422
0.0298597
0.0327468
0.0366876
0.0441179
0.0730761
0.011815
0.0130223
0.0143023
0.0156265
0.0170756
0.0186667
0.020419
0.0223566
0.0245095
0.0269149
0.0296182
0.0326787
0.0361969
0.0404054
0.0459433
0.0551279
0.0758148
0.0125912
0.0139354
0.0154516
0.0170357
0.0187875
0.0207383
0.0229212
0.0253792
0.0281688
0.0313636
0.03506
0.0393877
0.04454
0.0508677
0.0591519
0.0716962
0.0784355
0.0134245
0.0149355
0.0166963
0.0185902
0.020705
0.0230958
0.025817
0.0289419
0.0325701
0.0368374
0.0419315
0.0481162
0.0557814
0.065559
0.0786234
0.097584
0.0804813
0.0143113
0.0160403
0.0180524
0.0203072
0.0228578
0.0257886
0.029187
0.033174
0.0379199
0.0436668
0.0507649
0.0597315
0.0713549
0.0868958
0.108515
0.140113
0.0814991
0.00917854
0.00945142
0.00987197
0.0101903
0.0106818
0.01106
0.0116308
0.012078
0.0127271
0.0132493
0.0139673
0.0145676
0.0153366
0.0160167
0.0168164
0.017596
0.0183711
0.01913
0.0198625
0.0205528
0.0212065
0.0217574
0.0222228
0.0226121
0.0229101
0.0231055
0.0231908
0.0231618
0.0230176
0.0227603
0.0223953
0.0219305
0.0213762
0.0207442
0.0200478
0.0193006
0.0185161
0.0177074
0.0168865
0.0160639
0.0152491
0.0100155
0.0103616
0.0107618
0.0111698
0.0116456
0.0121327
0.0126963
0.0132723
0.0139265
0.0145924
0.0153292
0.0160766
0.0168787
0.0176941
0.0185498
0.019444
0.0203105
0.0211654
0.0219964
0.0227873
0.0235492
0.0242047
0.0247607
0.0252323
0.0256026
0.0258587
0.0259911
0.0259944
0.0258665
0.025609
0.0252271
0.0247291
0.024126
0.023431
0.0226591
0.0218255
0.0209461
0.0200358
0.0191088
0.0181775
0.0172531
0.0110362
0.0114297
0.0118623
0.0123305
0.0128501
0.0134129
0.0140332
0.0146983
0.0154194
0.0161812
0.0169912
0.017836
0.0187207
0.0196388
0.0205956
0.0216083
0.0225812
0.0235468
0.0244917
0.0253986
0.0262842
0.0270595
0.0277196
0.0282858
0.0287394
0.0290652
0.0292519
0.029292
0.0291824
0.0289238
0.028521
0.0279828
0.0273212
0.0265509
0.0256884
0.0247516
0.0237584
0.0227263
0.0216719
0.02061
0.0195537
0.012302
0.0127474
0.0132331
0.0137644
0.0143483
0.014986
0.0156806
0.0164289
0.0172306
0.0180804
0.0189774
0.0199188
0.020908
0.0219506
0.0230508
0.024171
0.025267
0.0263606
0.0274368
0.0284768
0.0295034
0.0304147
0.031194
0.0318685
0.0324173
0.0328225
0.0330705
0.0331519
0.0330617
0.0327998
0.0323706
0.0317831
0.0310505
0.030189
0.0292175
0.0281563
0.0270261
0.0258475
0.0246398
0.0234206
0.0222053
0.0139065
0.0144103
0.0149582
0.0155572
0.0162129
0.0169275
0.0177019
0.0185345
0.0194237
0.0203674
0.0213655
0.0224191
0.0235333
0.0247215
0.0260185
0.027241
0.0284793
0.0297202
0.0309469
0.0321391
0.0333252
0.0343902
0.0353051
0.0361026
0.036759
0.0372536
0.0375701
0.0376964
0.0376257
0.0373567
0.0368932
0.0362447
0.0354252
0.0344531
0.0333496
0.0321382
0.0308429
0.0294877
0.0280954
0.0266867
0.0252797
0.015961
0.0165248
0.0171374
0.0178064
0.018537
0.0193316
0.0201912
0.0211153
0.0221038
0.0231577
0.0242806
0.0254806
0.0267707
0.0281627
0.0295866
0.0309654
0.0323669
0.0337761
0.0351744
0.0365395
0.0379047
0.039142
0.0402097
0.0411454
0.0419223
0.0425163
0.0429077
0.0430818
0.0430293
0.0427472
0.042239
0.0415141
0.0405881
0.0394814
0.0382182
0.0368255
0.0353312
0.0337636
0.0321492
0.0305127
0.0288756
0.0186032
0.0192254
0.0199033
0.0206449
0.0214554
0.0223379
0.0232945
0.0243268
0.0254379
0.0266331
0.0279213
0.0293146
0.0308291
0.0324729
0.033987
0.0355441
0.037131
0.0387309
0.0403229
0.0418823
0.0434467
0.0448753
0.0461135
0.0472028
0.0481128
0.0488154
0.0492873
0.0495103
0.0494725
0.0491689
0.0486021
0.047782
0.0467254
0.0454551
0.043999
0.0423881
0.0406549
0.0388325
0.0369522
0.0350431
0.0331307
0.022367
0.0228285
0.0234767
0.0242845
0.0251868
0.0261751
0.0272538
0.0284284
0.0297073
0.031105
0.0326449
0.0343668
0.0361511
0.0377903
0.0394946
0.041252
0.0430468
0.0448598
0.0466676
0.0484427
0.0502259
0.051864
0.0532897
0.0545472
0.0556017
0.0564209
0.056977
0.057248
0.0572186
0.056882
0.0562393
0.0553007
0.0540846
0.0526168
0.0509289
0.0490567
0.0470382
0.044912
0.0427151
0.0404819
0.0382421
0.0284862
0.0286429
0.0290013
0.0295679
0.0303738
0.0313989
0.0326217
0.0340388
0.035656
0.037428
0.0392429
0.0410024
0.042746
0.0445803
0.0464936
0.0484712
0.0504946
0.0525416
0.0545857
0.0565964
0.0586153
0.0604789
0.0621072
0.0635452
0.0647535
0.0656945
0.0663358
0.0666507
0.0666205
0.0662355
0.0654956
0.0644111
0.0630022
0.0612975
0.0593334
0.057151
0.0547946
0.0523092
0.0497384
0.0471227
0.0444966
0.0375891
0.0378351
0.0382094
0.0387579
0.0395079
0.0404683
0.0416285
0.0429538
0.0443913
0.0459284
0.047606
0.0494156
0.0513473
0.053389
0.0555257
0.0577393
0.0600079
0.0623058
0.0646026
0.0668643
0.0691309
0.0712309
0.0730725
0.0746991
0.0760658
0.0771299
0.0778531
0.078204
0.0781596
0.0777072
0.076845
0.0755833
0.073944
0.0719592
0.0696699
0.0671237
0.0643718
0.0614664
0.0584588
0.0553964
0.0523193
0.0483181
0.0486386
0.0490734
0.0496527
0.0503943
0.0513114
0.0524119
0.0536983
0.0551688
0.0568178
0.058637
0.0606156
0.0627405
0.0649964
0.0673647
0.0698234
0.0723467
0.0749046
0.0774625
0.0799819
0.0824992
0.0848377
0.086895
0.0887105
0.0902333
0.0914147
0.0922107
0.0925843
0.092508
0.0919654
0.0909529
0.0894804
0.0875712
0.0852612
0.0825965
0.0796313
0.0764242
0.073036
0.0695262
0.0659501
0.0623539
0.0624722
0.0628595
0.0633517
0.0639832
0.0647761
0.0657481
0.0669128
0.0682791
0.0698501
0.0716235
0.073592
0.0757442
0.0780651
0.0805364
0.0831361
0.0858387
0.0886141
0.0914277
0.0942407
0.09701
0.0997652
0.102329
0.10459
0.106582
0.108247
0.109529
0.11038
0.110757
0.110626
0.109968
0.108777
0.107061
0.104845
0.102169
0.0990837
0.0956495
0.0919334
0.0880049
0.0839325
0.0797802
0.0756008
0.0817729
0.082284
0.0828941
0.0836408
0.0845484
0.0856366
0.0869212
0.0884139
0.0901212
0.0920438
0.0941763
0.0965077
0.0990227
0.101701
0.104518
0.107445
0.110449
0.113491
0.116528
0.119514
0.122468
0.125218
0.127649
0.129782
0.131555
0.132907
0.133784
0.134135
0.133924
0.133126
0.131732
0.12975
0.127205
0.124138
0.120604
0.116672
0.112415
0.10791
0.103237
0.0984681
0.0936622
0.108931
0.109622
0.110407
0.111327
0.112408
0.113668
0.115124
0.116786
0.118662
0.120754
0.123056
0.125559
0.128247
0.131098
0.134088
0.137185
0.140354
0.143556
0.146744
0.149868
0.152938
0.155792
0.158318
0.160524
0.162342
0.163709
0.164564
0.164854
0.164537
0.163583
0.161981
0.159736
0.156871
0.15343
0.14947
0.145063
0.140288
0.135231
0.129979
0.124613
0.119195
0.148591
0.149515
0.150518
0.151651
0.152938
0.154396
0.156039
0.157877
0.159913
0.162148
0.164577
0.167189
0.16997
0.172897
0.175946
0.179086
0.182283
0.185497
0.188683
0.19179
0.194815
0.197621
0.200104
0.202255
0.204009
0.2053
0.206066
0.206251
0.205812
0.204715
0.202944
0.200502
0.197409
0.193706
0.18945
0.184712
0.179574
0.174126
0.168459
0.162662
0.156787
0.209044
0.210222
0.211423
0.212738
0.214184
0.215774
0.217518
0.219422
0.221488
0.223714
0.226092
0.228613
0.231262
0.234021
0.236866
0.239771
0.242705
0.245633
0.248516
0.251309
0.253999
0.256481
0.258672
0.26055
0.262057
0.263132
0.263718
0.263763
0.263224
0.262068
0.260277
0.257847
0.254796
0.251156
0.246977
0.242323
0.237273
0.231908
0.226319
0.220593
0.214742
0.305968
0.307251
0.308403
0.30962
0.310913
0.312292
0.313762
0.315324
0.316978
0.318722
0.320549
0.322452
0.32442
0.32644
0.328498
0.330575
0.33265
0.334702
0.336703
0.338624
0.34045
0.342121
0.343586
0.344824
0.345794
0.346453
0.346761
0.346681
0.34618
0.345232
0.343822
0.341945
0.339608
0.336832
0.33365
0.330107
0.326257
0.322163
0.317889
0.313503
0.308888
0.0567813
0.0166554
0.00998135
0.00760283
0.00644827
0.00581041
0.00543823
0.00522212
0.00510618
0.00505763
0.0050558
0.00508793
0.00514659
0.00522849
0.00533528
0.00550744
0.00590661
0.0650369
0.0201629
0.0116957
0.00853515
0.00699615
0.00614806
0.00565366
0.00536449
0.00520422
0.00512791
0.00510724
0.00512465
0.00516942
0.00523452
0.00531599
0.00542548
0.00569961
0.073927
0.0245923
0.0137692
0.00965475
0.00764673
0.00654285
0.00590241
0.00552801
0.00531736
0.00521032
0.0051696
0.00517186
0.00520266
0.00525199
0.00531224
0.00538377
0.00554131
0.0847912
0.0296443
0.0162155
0.0109752
0.00840429
0.00699449
0.00618195
0.0057093
0.00544223
0.00530195
0.0052402
0.00522693
0.00524358
0.0052775
0.00531896
0.00536406
0.00543263
0.0977768
0.0353996
0.0190222
0.0124805
0.00925434
0.00749126
0.0064834
0.00590216
0.0055744
0.00539968
0.00531661
0.00528768
0.00528992
0.00530847
0.00533253
0.00535614
0.00538745
0.11286
0.041878
0.0221404
0.0141245
0.0101625
0.00800931
0.00679091
0.00609625
0.00570737
0.00549905
0.00539553
0.00535127
0.00533905
0.00534234
0.00535
0.0053554
0.00536346
0.129757
0.0489218
0.0254454
0.0158181
0.0110695
0.00851098
0.00708161
0.00627809
0.00583329
0.00559514
0.00547344
0.00541474
0.00538836
0.00537668
0.00536883
0.0053584
0.0053485
0.147854
0.0562578
0.0287422
0.0174312
0.0118934
0.00894742
0.00732764
0.00643239
0.00594371
0.005683
0.00554673
0.00547509
0.00543517
0.00540915
0.00538683
0.00536252
0.00533895
0.1662
0.0634454
0.0317643
0.0188002
0.0125384
0.00926536
0.00750106
0.00654505
0.00603141
0.00575836
0.00561218
0.00552958
0.00547709
0.00543768
0.00540213
0.00536566
0.00533123
0.183578
0.0699505
0.0341806
0.0197463
0.0129111
0.00941899
0.00758105
0.00660705
0.00609213
0.00581844
0.00566739
0.00557586
0.00551204
0.00546045
0.00541304
0.00536614
0.00532299
0.198653
0.0751197
0.0356762
0.0201186
0.0129464
0.00938475
0.00756168
0.00661836
0.00612623
0.00586257
0.00571087
0.00561218
0.0055383
0.00547588
0.00541814
0.00536256
0.00531314
0.210158
0.0782324
0.036014
0.0198417
0.0126313
0.0091718
0.00745593
0.00658833
0.00613857
0.00589211
0.00574211
0.00563741
0.00555466
0.00548277
0.00541619
0.00535391
0.00530066
0.217092
0.0785901
0.0350229
0.0189149
0.0120098
0.00882431
0.00729402
0.00653379
0.00613659
0.00590936
0.00576118
0.00565092
0.00556004
0.00547992
0.00540646
0.00533981
0.00528516
0.218886
0.0755198
0.0326099
0.0174303
0.0111833
0.00841315
0.00711663
0.0064743
0.00612792
0.00591636
0.00576805
0.00565149
0.00555333
0.00546693
0.00538897
0.00532069
0.00526731
0.215481
0.0680685
0.0291908
0.0156412
0.0103095
0.00802341
0.00696379
0.00642596
0.00611769
0.00591382
0.00576156
0.00563871
0.00553496
0.00544447
0.00536473
0.00529771
0.00524811
0.207441
0.060579
0.0253726
0.0138885
0.00955909
0.00773019
0.00686397
0.00639723
0.00610703
0.00590174
0.00574308
0.00561422
0.00550645
0.00541429
0.00533569
0.00527269
0.00522867
0.195821
0.0544096
0.0223798
0.0126236
0.00908657
0.00757927
0.00682607
0.00638737
0.00609518
0.0058807
0.00571387
0.00557998
0.00547034
0.00537924
0.00530469
0.00524812
0.00521104
0.181999
0.0505568
0.0205612
0.011964
0.00890741
0.00755638
0.00683419
0.0063864
0.00607778
0.00585028
0.00567593
0.00553927
0.0054305
0.00534336
0.00527545
0.00522699
0.00519728
0.167404
0.0493267
0.0199302
0.0118116
0.00893317
0.0076045
0.00685753
0.00638079
0.00605138
0.00581242
0.00563376
0.00549762
0.00539266
0.00531202
0.0052525
0.00521257
0.00518902
0.153223
0.0495053
0.0199426
0.011896
0.00902491
0.00765636
0.00686781
0.00636257
0.00601787
0.00577323
0.00559486
0.00546258
0.00536387
0.0052914
0.00524083
0.0052083
0.00518865
0.140489
0.0517907
0.0200875
0.0119433
0.00906711
0.00766968
0.00685563
0.00633615
0.00598659
0.00574292
0.00556895
0.00544324
0.00535251
0.00528842
0.00524532
0.00521761
0.00519872
0.129753
0.0544492
0.0199132
0.0118367
0.00903605
0.00765033
0.00683614
0.00631832
0.00597332
0.00573611
0.0055695
0.00545139
0.00536779
0.00530968
0.00527016
0.00524279
0.00521985
0.121051
0.0534551
0.0190934
0.0115981
0.00896417
0.00762632
0.00683336
0.00632944
0.00599561
0.00576766
0.00560876
0.00549678
0.00541731
0.00536038
0.00531842
0.00528488
0.00525432
0.112501
0.0470044
0.0176679
0.0112658
0.00887216
0.00761343
0.0068605
0.00638166
0.00606458
0.00584789
0.00569598
0.00558692
0.00550627
0.00544396
0.0053927
0.00534744
0.00530615
0.102716
0.0387634
0.0162427
0.0109694
0.00881878
0.00765094
0.00694704
0.00649743
0.00619732
0.00598899
0.0058388
0.0057259
0.00563643
0.00556113
0.00549415
0.00543207
0.00537477
0.0922064
0.0317059
0.0151638
0.0107945
0.00885571
0.0077774
0.00712178
0.00669784
0.00640867
0.006201
0.00604388
0.00591809
0.00581119
0.00571522
0.00562534
0.0055391
0.00546006
0.0826496
0.0268638
0.0145174
0.0107962
0.00902749
0.00802635
0.00740847
0.00699877
0.00670856
0.0064897
0.00631439
0.00616555
0.00603238
0.0059084
0.00579003
0.00567574
0.0055642
0.0753807
0.0241722
0.0143237
0.0110158
0.00937241
0.00842549
0.00782537
0.0074112
0.00710294
0.00685791
0.00665166
0.00646908
0.00630072
0.00614124
0.00598856
0.00584312
0.00570468
0.070679
0.0230934
0.0145556
0.0114917
0.00992565
0.00899948
0.00838795
0.0079438
0.00759594
0.00730714
0.00705592
0.00682869
0.00661662
0.0064145
0.00622026
0.00603535
0.00587203
0.068078
0.0230776
0.0152043
0.0122695
0.0107258
0.00977505
0.00911292
0.00860597
0.008192
0.00783869
0.0075267
0.00724304
0.00697868
0.00672774
0.00648657
0.00625218
0.00602016
0.0669927
0.0238271
0.0163126
0.0134133
0.0118225
0.0107864
0.0100221
0.00941024
0.00889746
0.00845506
0.00806398
0.00771038
0.00738392
0.0070775
0.00678704
0.00651026
0.00623703
0.0670295
0.0253002
0.0179813
0.0150133
0.0132829
0.0120804
0.0111454
0.0103742
0.00972185
0.00916075
0.00866907
0.00822987
0.00782981
0.00745869
0.0071105
0.00678636
0.00650529
0.0679802
0.02764
0.020368
0.0171929
0.0151984
0.0137207
0.0125243
0.0115228
0.010679
0.00996313
0.00934529
0.00880237
0.00831616
0.00787137
0.00745573
0.00706006
0.00667952
0.0697007
0.0311315
0.0236968
0.020121
0.017693
0.0157949
0.0142167
0.0128906
0.0117884
0.0108732
0.0100984
0.00943
0.00884306
0.00831667
0.00783419
0.00738234
0.0069377
0.0720299
0.036217
0.0282889
0.0240323
0.0209366
0.0184239
0.0163037
0.0145267
0.0130763
0.0119059
0.0109372
0.0101167
0.00940997
0.00878826
0.00822912
0.00772232
0.00728368
0.074752
0.0435845
0.034627
0.0292631
0.0251667
0.0217758
0.0189005
0.0165012
0.0145785
0.0130808
0.0118736
0.0108695
0.0100213
0.00928896
0.00863709
0.0080375
0.00747563
0.0775551
0.0543669
0.043474
0.0363193
0.0307247
0.0260877
0.0221725
0.0189185
0.0163447
0.0144213
0.0129214
0.0116962
0.0106817
0.0098255
0.00908148
0.00840908
0.00776157
0.0800126
0.0705533
0.0560911
0.0459937
0.0381169
0.0316965
0.0263564
0.021938
0.0184503
0.0159574
0.0140969
0.0126052
0.011392
0.0103904
0.00954246
0.00880464
0.00816948
0.0815832
0.0957844
0.0746471
0.0595772
0.0481197
0.0390858
0.0317829
0.0258019
0.0210171
0.0177324
0.0154203
0.0136091
0.0121599
0.0109866
0.0100118
0.00916467
0.00839159
0.0817504
0.137071
0.103031
0.0792599
0.0619754
0.0489706
0.0389003
0.030862
0.0242505
0.0198194
0.016914
0.0147226
0.0129953
0.0116242
0.0105156
0.00958001
0.00871636
0.00734484
0.00950378
0.0142394
0.0247531
0.047426
0.0920917
0.168912
0.289068
0.437066
0.419227
0.224194
0.118794
0.0725275
0.0484756
0.0326013
0.0217356
0.0144252
0.00984157
0.00723662
0.00594976
0.00787635
0.010641
0.0167871
0.0305999
0.0605519
0.119208
0.218462
0.369678
0.534927
0.469926
0.251104
0.138582
0.0870281
0.05803
0.0384666
0.0254114
0.0166778
0.011184
0.00801603
0.00639702
0.00855693
0.0121202
0.0201325
0.0383208
0.0778989
0.155039
0.283757
0.473038
0.653225
0.53302
0.285139
0.163456
0.106089
0.0707193
0.0462968
0.0301671
0.0195754
0.0129138
0.00902896
0.00698357
0.00943956
0.0140382
0.0244816
0.0483767
0.100514
0.201886
0.369072
0.603562
0.781174
0.587252
0.321496
0.19167
0.130098
0.0876025
0.0568715
0.0364055
0.0233454
0.0151476
0.0103287
0.00772987
0.0105769
0.0164988
0.0300577
0.0612729
0.129594
0.262593
0.480522
0.76323
0.903427
0.629492
0.356267
0.223001
0.159299
0.11003
0.0713362
0.0446736
0.0282894
0.0180364
0.0119829
0.0086629
0.012024
0.0196099
0.0370961
0.077554
0.166478
0.340131
0.624186
0.953813
1.00404
0.656601
0.391672
0.267221
0.19632
0.14019
0.0917664
0.0564593
0.0349323
0.021832
0.0141071
0.0098363
0.0138381
0.0234852
0.0458583
0.0978428
0.212693
0.438172
0.804667
1.17046
1.09129
0.656476
0.429602
0.324704
0.249858
0.182486
0.122263
0.0747487
0.0442234
0.0269801
0.0169095
0.0113531
0.0160759
0.0282554
0.0566753
0.122923
0.269894
0.561134
1.02601
1.40527
1.15015
0.636849
0.454632
0.37493
0.314143
0.244101
0.168763
0.103497
0.0587269
0.0342605
0.0207487
0.0133879
0.0188027
0.0341153
0.0700619
0.153888
0.34013
0.713875
1.28567
1.64708
1.1877
0.616912
0.477379
0.448348
0.408431
0.331116
0.238118
0.150056
0.0839617
0.0450304
0.0261977
0.0162167
0.0221269
0.0414372
0.0869367
0.19238
0.426241
0.897488
1.57097
1.88515
1.222
0.606581
0.497824
0.531907
0.523326
0.447082
0.338264
0.223224
0.127065
0.0652919
0.0341964
0.0202816
0.0262955
0.0510134
0.109017
0.241094
0.532059
1.10693
1.85794
2.09526
1.25899
0.620106
0.509832
0.606258
0.644096
0.591436
0.475446
0.333145
0.200374
0.104003
0.0500784
0.026373
0.031911
0.0645265
0.139471
0.304435
0.662046
1.33196
2.11261
2.24882
1.29941
0.65859
0.511833
0.646602
0.748539
0.753879
0.654064
0.487656
0.313371
0.171334
0.0822836
0.0390373
0.0403882
0.0854355
0.184046
0.389632
0.816515
1.54827
2.28319
2.30734
1.34258
0.713905
0.5189
0.640326
0.81531
0.911814
0.871306
0.703405
0.485212
0.282339
0.138439
0.0613422
0.0549117
0.12065
0.252991
0.509043
0.993741
1.7179
2.32704
2.26554
1.38727
0.781979
0.551292
0.59425
0.824519
1.02208
1.09187
0.992088
0.751259
0.475423
0.246222
0.104757
0.0825517
0.183683
0.364047
0.674166
1.17773
1.79507
2.22632
2.13746
1.43453
0.869505
0.610442
0.585705
0.726646
1.0331
1.2369
1.30635
1.14727
0.810428
0.462881
0.200936
0.139832
0.301244
0.544606
0.893568
1.33692
1.74535
1.99021
1.94428
1.48082
0.985057
0.708073
0.626787
0.677279
0.878172
1.21956
1.5028
1.61424
1.37447
0.899702
0.434431
0.270211
0.524749
0.827769
1.13965
1.38343
1.54903
1.68005
1.71786
1.48013
1.12218
0.864491
0.752983
0.733771
0.80891
0.999884
1.40649
1.86488
2.10247
1.76902
1.05928
0.600369
0.938924
1.19308
1.28572
1.25492
1.27878
1.40946
1.52515
1.47675
1.29755
1.11293
0.988206
0.91836
0.927632
0.957576
1.05863
1.48737
2.40081
3.03077
2.80279
1.39365
1.51176
1.42005
1.1725
1.04742
1.11147
1.29926
1.47777
1.56342
1.54508
1.46422
1.3639
1.26429
1.18134
1.1223
1.08788
1.12257
1.44246
2.7393
3.63076
1.26829
1.12418
0.886961
0.95173
1.23344
1.57221
1.91713
2.17547
2.31096
2.31566
2.24353
2.13428
2.00733
1.87786
1.75145
1.62367
1.49116
1.37441
1.33175
1.27111
1.42546
3.72808
2.16777
0.294052
0.109864
0.0650482
0.0430161
0.0298139
0.0216748
0.0165587
0.0132544
0.0110492
0.00952557
0.00843232
0.00761394
0.00697357
0.0064549
0.00603062
0.0056905
0.00542925
1.69491
3.72515
1.56779
0.199063
0.0860812
0.0521414
0.0338131
0.0229208
0.0164821
0.0126154
0.0102334
0.00872305
0.00773299
0.0070566
0.00656932
0.00619591
0.00589338
0.00564106
0.00543255
0.005268
1.84387
4.04512
1.18104
0.157671
0.074424
0.0445387
0.0279243
0.0184248
0.0131103
0.0100841
0.00831702
0.00726105
0.00661533
0.00620779
0.00593691
0.00574182
0.00558703
0.0054544
0.00533767
0.00523844
1.96417
4.30933
0.889019
0.137923
0.0674524
0.0394061
0.0237642
0.0152847
0.010808
0.00839464
0.00705951
0.00630798
0.00588225
0.00564096
0.00550339
0.00542163
0.00536676
0.00532205
0.00527942
0.00523791
1.98217
4.25404
0.687778
0.127763
0.062849
0.0356301
0.0206618
0.0130019
0.00919109
0.00724955
0.0062309
0.00568763
0.00539984
0.00525372
0.00518746
0.00516545
0.00516641
0.00517705
0.00518995
0.00520206
1.82616
3.81021
0.542442
0.121631
0.0596075
0.0326459
0.0182552
0.0113089
0.00805031
0.00648304
0.00570201
0.00530366
0.00510179
0.00500631
0.00497196
0.00497303
0.00499523
0.00502967
0.00507068
0.00511643
1.50789
3.00254
0.442283
0.11687
0.0571024
0.0300955
0.0163242
0.0100345
0.00724701
0.00598172
0.00538258
0.00508833
0.00494233
0.00487366
0.00485102
0.00485653
0.00488037
0.00491804
0.00496503
0.00501892
1.14306
2.0905
0.375071
0.112808
0.0546738
0.0277546
0.0147172
0.00905714
0.00668075
0.00566168
0.00520359
0.00498747
0.00488288
0.00483439
0.00481755
0.00482151
0.00484155
0.00487405
0.00491611
0.00496108
0.820678
1.40299
0.300069
0.104679
0.0517129
0.0254944
0.0133237
0.00828934
0.00628059
0.00546483
0.00511734
0.00496197
0.00489158
0.00486261
0.00485655
0.00486489
0.00488436
0.00491116
0.0049491
0.00498336
0.551348
0.931429
0.233142
0.0941717
0.0477609
0.0232072
0.0120722
0.00767246
0.00600071
0.00535692
0.00509867
0.00499274
0.0049528
0.00494484
0.00495452
0.00497471
0.00500285
0.00503463
0.00507417
0.00510268
0.352073
0.609359
0.180167
0.0830601
0.0427747
0.0208178
0.0109255
0.00717104
0.0058143
0.00532088
0.0051387
0.00507656
0.00506635
0.00508174
0.00511141
0.00514939
0.00519319
0.00523788
0.00528846
0.00532516
0.218476
0.39474
0.14087
0.0726364
0.0374581
0.0181599
0.00984603
0.00676984
0.00570676
0.00534852
0.00523542
0.00521599
0.00523797
0.00528099
0.00533592
0.00539764
0.00546348
0.00552898
0.00559764
0.00565233
0.140483
0.256204
0.113786
0.0633096
0.0321604
0.0155602
0.00880723
0.00644099
0.00566841
0.00543447
0.00538679
0.00541176
0.00547047
0.00554724
0.00563447
0.00572764
0.00582391
0.0059194
0.00601595
0.00609851
0.117723
0.173809
0.0961018
0.0550432
0.0270747
0.013156
0.00791011
0.00620182
0.00569227
0.00557255
0.00558854
0.00566071
0.00576158
0.00587898
0.00600658
0.00614036
0.00627755
0.00641475
0.00655283
0.00667823
0.106371
0.129435
0.0848323
0.0473531
0.0222906
0.0110503
0.00720401
0.00606824
0.00577904
0.00575824
0.00583527
0.00595755
0.00610605
0.00627112
0.00644745
0.00663169
0.00682144
0.00701406
0.00721035
0.00739837
0.100479
0.110128
0.0758478
0.0396185
0.0178929
0.00932132
0.00671219
0.0060389
0.00592225
0.00598545
0.00612157
0.00629697
0.0064984
0.00671795
0.0069514
0.00719634
0.00745088
0.00771376
0.00798656
0.00825898
0.097958
0.105653
0.068247
0.0318371
0.0140572
0.00802148
0.0064289
0.00609907
0.00611204
0.00624813
0.00644309
0.00667508
0.00693476
0.00721556
0.00751444
0.00783003
0.0081617
0.0085101
0.00887814
0.0092561
0.097625
0.106211
0.0588889
0.0241207
0.0109487
0.00715863
0.00632318
0.00622836
0.00633988
0.00654266
0.0067978
0.0070899
0.00741217
0.00776004
0.00813191
0.00852768
0.00894839
0.0093972
0.00987891
0.0103814
0.0989359
0.107613
0.046819
0.0170392
0.00869346
0.0066931
0.00635193
0.00640895
0.00660112
0.0068668
0.00718183
0.00753581
0.00792398
0.00834386
0.00879536
0.00927996
0.0098009
0.0103643
0.0109782
0.0116333
0.0950021
0.0943847
0.030462
0.0114334
0.00735251
0.00653229
0.00647023
0.00662816
0.00688726
0.00721174
0.00758607
0.008003
0.00845964
0.00895556
0.00949234
0.0100735
0.0107049
0.0113961
0.0121611
0.0130068
0.131487
0.114937
0.102662
0.0934937
0.086315
0.0805259
0.0758571
0.0721484
0.0692732
0.0669785
0.064886
0.0632952
0.0629026
0.0632181
0.064115
0.0655931
0.067867
0.0710541
0.0750327
0.0773221
0.131423
0.116078
0.100057
0.0883386
0.0794538
0.0724376
0.0672189
0.0634884
0.0609835
0.0591428
0.056623
0.0548307
0.0540939
0.0538573
0.0541971
0.0553998
0.057516
0.0614298
0.0653029
0.0693982
0.0245124
0.023985
0.0227589
0.0213449
0.0198729
0.0185935
0.0175936
0.0168444
0.0162617
0.0157478
0.0150032
0.0146184
0.0143924
0.0142429
0.0141775
0.0141852
0.0142273
0.0141853
0.0139439
0.0133023
0.0105632
0.010611
0.0104703
0.0101644
0.00981792
0.0095062
0.00925379
0.0090526
0.00889143
0.00875059
0.00839106
0.00830155
0.00824075
0.00819134
0.00815877
0.00813036
0.00809647
0.00805559
0.00795883
0.00782128
0.00772322
0.00771758
0.007677
0.007578
0.00747532
0.00738876
0.0073272
0.00728687
0.00726379
0.00725446
0.00698505
0.00697601
0.00697145
0.00696688
0.00696172
0.00695098
0.00693009
0.00690061
0.00685157
0.00678484
0.00657499
0.00662951
0.00666043
0.00667579
0.00668258
0.00670109
0.00673498
0.00678204
0.00683988
0.00690618
0.00668305
0.00671667
0.00674212
0.00675779
0.00676157
0.00675109
0.00672479
0.00668448
0.00662714
0.00655496
0.00616932
0.00624202
0.006299
0.00635548
0.00643065
0.00651825
0.00661971
0.00673246
0.00685304
0.00697673
0.00679216
0.00685628
0.00690224
0.0069286
0.00693314
0.00691504
0.00687463
0.00681449
0.00673468
0.0066395
0.00602639
0.00612038
0.00621167
0.00631111
0.0064278
0.00656651
0.00672743
0.00689934
0.00707665
0.00725173
0.00710735
0.00719753
0.00725941
0.00729127
0.0072913
0.00725969
0.00719817
0.00711038
0.00699885
0.0068689
0.00601404
0.00613411
0.00626241
0.00640506
0.0065661
0.00674594
0.00696262
0.00719243
0.00742556
0.0076512
0.00755238
0.00766717
0.00774288
0.00777735
0.00776919
0.00771947
0.00763129
0.0075096
0.0073591
0.0071865
0.00607596
0.00622705
0.00639414
0.00658097
0.00679048
0.00702422
0.00728313
0.00757272
0.00786374
0.00814203
0.00809582
0.00823555
0.00832444
0.00835965
0.00834018
0.00826802
0.00814773
0.00798595
0.00778968
0.00756741
0.0061878
0.00637331
0.00658141
0.00681504
0.00707612
0.00736312
0.00767001
0.00802333
0.00837639
0.00871142
0.00872585
0.0088922
0.00899454
0.00902915
0.00899532
0.00889606
0.00873771
0.00852904
0.00827968
0.00800039
0.00633741
0.00655999
0.00681152
0.00709468
0.00741002
0.00775374
0.00812001
0.00853827
0.00895924
0.00935658
0.00944085
0.00963663
0.00975339
0.00978628
0.00973472
0.009603
0.00939964
0.00913617
0.00882534
0.00848072
0.006518
0.00678043
0.00707842
0.00741475
0.00778932
0.00819867
0.00864083
0.00911771
0.00961393
0.0100804
0.0102455
0.0104746
0.0106073
0.0106373
0.0105642
0.0103936
0.010137
0.00980922
0.00942702
0.00900744
0.00672613
0.00703162
0.00737988
0.00777417
0.00821425
0.0086965
0.00921653
0.00976576
0.010346
0.0108898
0.0111491
0.0114162
0.011567
0.0115931
0.0114937
0.0112766
0.0109567
0.0105534
0.010088
0.00958208
0.00696056
0.00731295
0.00771612
0.00817423
0.008687
0.00924996
0.00985549
0.0104896
0.0111642
0.0117948
0.0121645
0.0124755
0.0126473
0.0126681
0.0125372
0.0122646
0.0118694
0.0113767
0.0108141
0.0102082
0.00722157
0.00762541
0.00808917
0.00861818
0.0092122
0.00986544
0.010567
0.0112992
0.0120806
0.0128094
0.0133079
0.01367
0.0138665
0.0138814
0.013713
0.013374
0.0128891
0.0122907
0.0116137
0.0108917
0.00751057
0.00797137
0.00850259
0.00911107
0.00979657
0.0105518
0.0113625
0.012208
0.0131113
0.0139522
0.014598
0.0150204
0.0152476
0.0152567
0.0150442
0.0146263
0.0140347
0.0133109
0.0124992
0.0116415
0.00782988
0.00835436
0.00896143
0.00965976
0.0104491
0.0113205
0.0122567
0.0132345
0.0142788
0.015248
0.0160559
0.0165519
0.016819
0.016824
0.0165608
0.0160495
0.0153309
0.0144582
0.0134874
0.0124708
0.0081829
0.00877923
0.00947239
0.0102733
0.0111819
0.0121874
0.01327
0.0144046
0.0156132
0.0167287
0.0177039
0.0182941
0.0186159
0.0186217
0.0183012
0.0176798
0.0168103
0.0157608
0.0146025
0.0133998
0.00857394
0.00925231
0.0100444
0.0109642
0.0120121
0.0131761
0.0144339
0.015758
0.0171521
0.0184329
0.0195649
0.0202831
0.0206834
0.0206994
0.0203155
0.0195644
0.0185152
0.0172559
0.0158768
0.0144577
0.00632563
0.00658843
0.00691377
0.00733702
0.00788749
0.0085969
0.00950001
0.0106318
0.0120257
0.0137165
0.0157641
0.0183243
0.0218138
0.0272004
0.0363267
0.052096
0.0830971
0.218157
1.28764
1.14948
0.00558888
0.00568377
0.0057923
0.00594004
0.00614224
0.00641553
0.00677909
0.00725536
0.00787035
0.00865832
0.009683
0.0111061
0.0133635
0.0174903
0.0254458
0.0397534
0.0647412
0.156313
1.12057
0.805273
0.00535454
0.00537457
0.0054
0.00544283
0.00551138
0.00561433
0.0057624
0.0059699
0.00625653
0.00665384
0.00722848
0.0081539
0.00989394
0.0135567
0.0212217
0.0352721
0.0583378
0.127781
0.986657
0.541488
0.00527714
0.00526226
0.00525289
0.00525484
0.00527209
0.00530915
0.00537213
0.00547041
0.00561929
0.00584806
0.00622633
0.00694175
0.00849559
0.0120746
0.0198867
0.0343466
0.057275
0.115112
0.82547
0.304588
0.0052295
0.00520637
0.00518368
0.00517027
0.00516859
0.00518134
0.00521217
0.00526771
0.00536072
0.00552031
0.00582277
0.0064775
0.00803374
0.0117547
0.0199479
0.0351617
0.058635
0.110965
0.663025
0.156388
0.00519657
0.00517232
0.00514314
0.00512433
0.0051165
0.00512153
0.00514177
0.00518261
0.00525646
0.00539586
0.00568979
0.00637801
0.00806252
0.0120586
0.0207056
0.0367492
0.0608841
0.111261
0.509658
0.0994394
0.00519684
0.00516674
0.00513116
0.0051102
0.00510042
0.00510345
0.00512093
0.00515847
0.00523083
0.00537861
0.00570962
0.00649855
0.00838783
0.0126907
0.0217055
0.0383781
0.0633935
0.113382
0.378492
0.0866253
0.0052637
0.00521779
0.00517528
0.0051505
0.00513691
0.00513637
0.00515072
0.00518752
0.0052671
0.00544192
0.00584048
0.00676409
0.00885739
0.0133616
0.0224842
0.0394606
0.0655237
0.110142
0.285371
0.0802546
0.00544319
0.0053774
0.00532444
0.00528587
0.00525917
0.0052457
0.00524936
0.00528165
0.00537023
0.00557835
0.00604694
0.00707641
0.00926276
0.0137335
0.022581
0.0390932
0.0651238
0.104878
0.217022
0.0808958
0.00580029
0.00570258
0.00561901
0.00554839
0.00549044
0.00544758
0.00542616
0.00544078
0.00552243
0.00573561
0.00621311
0.00721846
0.00925828
0.0133085
0.0212707
0.0365012
0.0621313
0.0983818
0.168622
0.0887461
0.00634168
0.00618764
0.00604919
0.00592577
0.00581812
0.00572921
0.0056655
0.00564008
0.00567906
0.00583462
0.00621033
0.00700894
0.00863039
0.0118861
0.018439
0.031524
0.0558324
0.092466
0.132522
0.103231
0.00699189
0.00676533
0.00655995
0.00637492
0.00621022
0.00606742
0.00595029
0.00586679
0.0058329
0.00588066
0.00607398
0.00654218
0.00755888
0.00972321
0.0143427
0.0242604
0.0456057
0.0872045
0.137241
0.120136
0.00771694
0.00741401
0.00713973
0.00689174
0.00666843
0.00646929
0.00629505
0.0061485
0.00603607
0.00597121
0.00598128
0.00612385
0.00653131
0.00752615
0.00988769
0.0156002
0.030217
0.0695044
0.155536
0.137014
)
;

boundaryField
{
    inlet
    {
        type            turbulentMixingLengthDissipationRateInlet;
        mixingLength    0.01;
        phi             phi;
        k               k;
        value           uniform 0.471671;
    }
    outlet
    {
        type            inletOutlet;
        inletValue      uniform 0.01;
        value           nonuniform List<scalar> 
41
(
0.0235914
0.0117547
0.0075112
0.00602062
0.00559637
0.00565212
0.00599562
0.00658128
0.00741877
0.00854237
0.00999276
0.0118131
0.0140401
0.016695
0.019769
0.0232091
0.0268854
0.0306577
0.034749
0.0410164
0.0543875
0.0601295
0.0452831
0.031735
0.0225126
0.0165698
0.0127421
0.010208
0.00847716
0.00727197
0.00642772
0.0058392
0.00543727
0.00517862
0.00504218
0.00503566
0.0052233
0.00581604
0.0074195
0.011726
0.0235203
)
;
    }
    dymWall
    {
        Cmu             0.09;
        kappa           0.41;
        E               9.8;
        type            epsilonWallFunction;
        value           nonuniform List<scalar> 
73
(
1.42546
1.69491
1.84387
1.96417
1.98217
1.82616
1.50789
1.14306
0.820678
0.551348
0.352073
0.218476
0.140483
0.117723
0.106371
0.100479
0.097958
0.097625
0.0989359
0.0950021
1.26829
1.12418
0.886961
0.95173
1.23344
1.57221
1.91713
2.17547
2.31096
2.31566
2.24353
2.13428
2.00733
1.87786
1.75145
1.62367
1.49116
1.37441
1.33175
1.27111
1.14948
0.805273
0.541488
0.304588
0.156388
0.0994394
0.0866253
0.0802546
0.0808958
0.0887461
0.103231
0.120136
0.137014
0.131487
0.114937
0.102662
0.0934937
0.086315
0.0805259
0.0758571
0.0721484
0.0692732
0.0669785
0.064886
0.0632952
0.0629026
0.0632181
0.064115
0.0655931
0.067867
0.0710541
0.0750327
0.0773221
)
;
    }
    AMI1
    {
        type            cyclicAMI;
        value           nonuniform List<scalar> 
73
(
0.00701966
0.00892154
0.013104
0.0224108
0.0425197
0.0822827
0.151353
0.260165
0.395211
0.389195
0.219031
0.113126
0.0674611
0.0450357
0.0304182
0.0203683
0.0136198
0.00938733
0.00699063
0.00581884
0.00535182
0.00521439
0.0052014
0.00521973
0.00521042
0.00515197
0.00506708
0.00500178
0.00500021
0.00509879
0.00532002
0.00566287
0.00613603
0.0067504
0.00750793
0.0084006
0.00942016
0.0105736
0.0118825
0.0133424
0.00885536
0.00956738
0.0104003
0.011371
0.0124833
0.0137286
0.0150887
0.0165444
0.0180392
0.0194269
0.020627
0.0214344
0.0218769
0.0218797
0.0214283
0.0205673
0.0193829
0.0179802
0.0164631
0.0149205
0.00607541
0.00549524
0.00534506
0.00529563
0.0052489
0.00520302
0.00519781
0.00528505
0.00551171
0.00592483
0.00651846
0.00721785
0.00799474
)
;
    }
    AMI2
    {
        type            cyclicAMI;
        value           nonuniform List<scalar> 
162
(
0.00693352
0.00708541
0.00863408
0.00902984
0.0122403
0.0132746
0.0200494
0.0226607
0.0366306
0.04286
0.0693371
0.0827347
0.126766
0.151841
0.218104
0.261081
0.343032
0.402878
0.408779
0.397756
0.297094
0.216601
0.159532
0.11047
0.0879956
0.0669885
0.0567227
0.0451623
0.0387508
0.0306665
0.02652
0.0206201
0.0180682
0.01384
0.0124038
0.00955477
0.00884201
0.00709734
0.00680077
0.00587545
0.00576079
0.00538427
0.0053327
0.00522318
0.0052107
0.00519784
0.00520488
0.00521485
0.00522393
0.00521323
0.00520935
0.00516476
0.00514301
0.00508387
0.00505396
0.0050117
0.00499348
0.0049941
0.00500444
0.00506676
0.00512355
0.00526045
0.00536529
0.00557585
0.00572661
0.00602076
0.00621723
0.0066084
0.00684739
0.00734461
0.00761773
0.00822415
0.00851939
0.00923725
0.00954598
0.0103849
0.0107104
0.0116905
0.0120335
0.0131576
0.0135034
0.00877494
0.00890238
0.00946318
0.00962081
0.0102594
0.0104624
0.0111867
0.0114431
0.0122499
0.0125658
0.0134419
0.0138214
0.0147451
0.0151906
0.0161366
0.0166588
0.0175961
0.0181394
0.0189827
0.0195032
0.0202199
0.020676
0.0211295
0.0214584
0.0217073
0.0218903
0.0219232
0.0219009
0.0217465
0.0214749
0.021183
0.0206481
0.0202722
0.0194961
0.0190846
0.0181172
0.0177097
0.0166129
0.0162388
0.0150731
0.0147511
0.00616743
0.00607298
0.00599381
0.0055675
0.00549499
0.00547854
0.00537828
0.0053462
0.0053415
0.00531456
0.00529891
0.00529188
0.00527242
0.00525474
0.00524222
0.00522371
0.0052069
0.00519708
0.00519111
0.00519084
0.00519821
0.00522073
0.00525696
0.00529362
0.0053575
0.00545456
0.00552235
0.00563757
0.00584405
0.00592955
0.00607931
0.00642966
0.00651631
0.00665885
0.00712819
0.00720909
0.0073274
0.00789954
0.00797895
0.00809084
)
;
    }
    walls
    {
        Cmu             0.09;
        kappa           0.41;
        E               9.8;
        type            epsilonWallFunction;
        value           nonuniform List<scalar> 
80
(
0.0564621
0.0650092
0.0743283
0.0857867
0.0995842
0.115739
0.133976
0.153642
0.173676
0.192701
0.209207
0.221792
0.229338
0.231169
0.227201
0.21807
0.20518
0.190146
0.174522
0.159654
0.146503
0.135207
0.125348
0.115219
0.104148
0.0930873
0.0835172
0.076291
0.071405
0.0684337
0.066934
0.0665838
0.067172
0.0685473
0.0705698
0.0730761
0.0758148
0.0784355
0.0804813
0.0814991
0.0567813
0.0650369
0.073927
0.0847912
0.0977768
0.11286
0.129757
0.147854
0.1662
0.183578
0.198653
0.210158
0.217092
0.218886
0.215481
0.207441
0.195821
0.181999
0.167404
0.153223
0.140489
0.129753
0.121051
0.112501
0.102716
0.0922064
0.0826496
0.0753807
0.070679
0.068078
0.0669927
0.0670295
0.0679802
0.0697007
0.0720299
0.074752
0.0775551
0.0800126
0.0815832
0.0817504
)
;
    }
    front
    {
        type            empty;
    }
    back
    {
        type            empty;
    }
}


// ************************************************************************* //
