/*--------------------------------*- C++ -*----------------------------------*\
  =========                 |
  \\      /  F ield         | OpenFOAM: The Open Source CFD Toolbox
   \\    /   O peration     | Website:  https://openfoam.org
    \\  /    A nd           | Version:  6
     \\/     M anipulation  |
\*---------------------------------------------------------------------------*/
FoamFile
{
    version     2.0;
    format      ascii;
    class       surfaceScalarField;
    location    "3.12";
    object      meshPhi;
}
// * * * * * * * * * * * * * * * * * * * * * * * * * * * * * * * * * * * * * //

dimensions      [0 3 -1 0 0 0 0];

internalField   nonuniform List<scalar> 
8193
(
-0.0014569
-0.00338628
0.000522559
-0.00233444
-0.00640908
-0.00313684
-0.00913502
-0.00384841
-0.0115232
-0.00445645
-0.0135422
-0.00495143
-0.0151703
-0.00532702
-0.0163951
-0.0055799
-0.0172129
-0.00570955
-0.017628
-0.00571783
-0.0176522
-0.0056086
-0.0173034
-0.00538725
-0.0166051
-0.00506028
-0.0155851
-0.00463491
-0.0142747
-0.00411872
-0.0127081
-0.00351944
-0.010921
-0.0028448
-0.00895074
-0.00210241
-0.00683515
-0.00129986
-0.00461257
-0.000444783
-0.00232141
0.000454915
-1.09264e-14
0.0013908
0.00231352
0.00235358
0.00458129
0.00333276
0.00676581
0.00431623
0.00883003
0.0052899
0.0107375
0.0062373
0.0124528
0.00713926
0.0139415
0.00797366
0.0151711
0.00871523
0.0161112
0.00933559
0.0167344
0.00980339
0.0170172
0.0100847
0.0169403
0.0101436
0.0164899
0.00994323
0.0156584
0.00944687
0.0144451
0.00861954
0.0128569
0.00742981
0.0109085
0.0058519
0.00862351
0.0038679
0.00603369
0.0031795
0.00147014
-0.00534161
-0.010029
0.00262674
-0.00786609
-0.0155947
-0.0101509
-0.0205644
-0.0121551
-0.02487
-0.0138465
-0.0284604
-0.0152022
-0.0313012
-0.0162078
-0.0333743
-0.0168574
-0.0346772
-0.0171522
-0.0352221
-0.0170997
-0.035034
-0.0167124
-0.0341497
-0.0160064
-0.0326154
-0.0150006
-0.0304857
-0.0137153
-0.0278215
-0.0121716
-0.0246884
-0.0103907
-0.0211552
-0.00839365
-0.017293
-0.00620108
-0.013174
-0.00383357
-0.00887068
-0.00131191
-0.00445543
0.00134222
1.10047e-14
0.00410553
0.00442466
0.00695214
0.00874862
0.00985256
0.0129032
0.0127726
0.016821
0.0156722
0.0204367
0.0185046
0.0236868
0.021215
0.0265112
0.0237404
0.0288531
0.0260087
0.0306608
0.0279389
0.0318883
0.0294414
0.0324969
0.030419
0.0324564
0.030769
0.0317461
0.0303851
0.0303566
0.0291608
0.02829
0.0269936
0.0255615
0.0237897
0.0221995
0.0194691
0.0182455
0.0139724
0.0137547
0.00879494
0.00726617
-0.0110927
-0.0196581
0.00682662
-0.0150092
-0.0272606
-0.0185075
-0.0339818
-0.021532
-0.0397365
-0.0240411
-0.0444618
-0.026007
-0.048117
-0.0274144
-0.0506832
-0.02826
-0.0521625
-0.0285504
-0.0525766
-0.0283006
-0.051965
-0.0275324
-0.0503828
-0.0262719
-0.0478985
-0.0245485
-0.0445918
-0.0223934
-0.0405507
-0.0198378
-0.0358699
-0.0169133
-0.0306483
-0.0136505
-0.0249873
-0.0100794
-0.0189898
-0.00622991
-0.0127583
-0.00213215
-0.00639484
0.00218215
1.2829e-17
0.00667862
0.00632749
0.0113187
0.012491
0.016058
0.0183962
0.0208448
0.0239519
0.0256179
0.0290697
0.0303056
0.0336656
0.0348237
0.0376604
0.039075
0.0409808
0.042948
0.0435612
0.0463173
0.0453447
0.0490438
0.0462849
0.0509765
0.0463474
0.0519543
0.0455114
0.0518101
0.0437709
0.0503748
0.0411353
0.0474833
0.0376307
0.0429808
0.0332994
0.0367311
0.0281998
0.0286245
0.0224059
0.0160059
0.0185868
-0.0185645
-0.031926
0.0130304
-0.0235796
-0.041053
-0.0279978
-0.049039
-0.0317586
-0.0557887
-0.0348189
-0.061233
-0.037152
-0.0653291
-0.0387468
-0.0680604
-0.0396057
-0.0694355
-0.0397424
-0.0694866
-0.0391801
-0.0682678
-0.0379489
-0.0658521
-0.0360835
-0.0623288
-0.0336218
-0.0578006
-0.0306027
-0.0523806
-0.027065
-0.0461897
-0.0230469
-0.0393536
-0.0185855
-0.0320008
-0.0137168
-0.024261
-0.00847669
-0.016263
-0.00290143
-0.00813438
0.00297056
0
0.00909717
0.00801816
0.0154307
0.0158016
0.0219155
0.0232357
0.0284863
0.0302104
0.0350655
0.0366205
0.0415614
0.0423669
0.0478661
0.0473577
0.0538545
0.0515095
0.0593832
0.0547489
0.0642901
0.0570146
0.0683954
0.0582587
0.071503
0.0584489
0.0734037
0.0575695
0.0738785
0.0556226
0.0727049
0.0526293
0.0696628
0.0486291
0.0645428
0.0436803
0.057155
0.0378581
0.0473389
0.0312542
0.0239738
0.0349738
-0.0275325
-0.0464179
0.0210512
-0.0333303
-0.0565682
-0.0383661
-0.0653517
-0.0425812
-0.0726676
-0.0459366
-0.0784441
-0.048411
-0.0826389
-0.0499998
-0.0852396
-0.0507126
-0.0862623
-0.0505704
-0.08575
-0.0496037
-0.0837707
-0.0478495
-0.0804142
-0.045349
-0.0757889
-0.0421457
-0.0700186
-0.0382838
-0.0632387
-0.0338065
-0.0555935
-0.0287559
-0.0472323
-0.0231724
-0.0383074
-0.0170953
-0.0289715
-0.0105633
-0.0193763
-0.00361618
-0.00967073
0.0037038
0
0.0113497
0.00949491
0.0192677
0.018678
0.0273945
0.0274189
0.0356546
0.0355934
0.0439581
0.0430844
0.052198
0.0497828
0.0602481
0.0555891
0.0679613
0.0604148
0.075169
0.0641846
0.08168
0.0668375
0.0872822
0.0683294
0.0917437
0.0686347
0.0948161
0.0677473
0.0962393
0.0656817
0.0957467
0.0624736
0.0930733
0.058179
0.0879633
0.0528735
0.0801806
0.0466507
0.0695189
0.0396195
0.0319015
0.0558129
-0.0376992
-0.0626602
0.0306093
-0.0439597
-0.0733595
-0.0493176
-0.0825051
-0.0537207
-0.0899935
-0.0571368
-0.0957522
-0.059552
-0.0997413
-0.0609688
-0.101953
-0.0614037
-0.102411
-0.0608841
-0.10117
-0.0594459
-0.0983092
-0.0571311
-0.0939345
-0.0539848
-0.0881714
-0.0500538
-0.0811622
-0.0453845
-0.0730624
-0.0400221
-0.0640363
-0.0340099
-0.0542539
-0.027389
-0.0438879
-0.0201994
-0.0331109
-0.0124807
-0.0220935
-0.00427336
-0.0110026
0.00437871
1.11231e-14
0.0134263
0.010758
0.022812
0.021122
0.0324675
0.0309496
0.0423109
0.0401066
0.0522433
0.0484681
0.0621466
0.0559193
0.0718811
0.0623574
0.0812834
0.0676932
0.0901656
0.0718532
0.0983149
0.0747814
0.105494
0.0764413
0.111445
0.0768176
0.115889
0.0759172
0.118535
0.0737699
0.119082
0.0704285
0.117231
0.0659675
0.11269
0.0604815
0.105187
0.0540829
0.0944774
0.0468986
0.039066
0.0803595
-0.0487046
-0.08013
0.0413406
-0.0551229
-0.0909446
-0.0605304
-0.10006
-0.0648832
-0.107371
-0.0681568
-0.112807
-0.0703446
-0.116329
-0.0714555
-0.117935
-0.0715112
-0.117657
-0.0705437
-0.115558
-0.0685924
-0.111729
-0.0657014
-0.106289
-0.0619177
-0.0993801
-0.0572885
-0.0911595
-0.0518605
-0.0817998
-0.045678
-0.071483
-0.0387835
-0.0603967
-0.0312169
-0.0487307
-0.0230168
-0.0366743
-0.0142214
-0.0244138
-0.00487046
-0.0121306
0.00499266
3.5293e-20
0.0153184
0.0118099
0.0260481
0.0231394
0.0371109
0.0338377
0.048421
0.0437642
0.059874
0.0527894
0.0713444
0.0607963
0.0826831
0.0676823
0.0937156
0.073361
0.10424
0.0777639
0.114029
0.0808431
0.122828
0.0825725
0.130359
0.08295
0.136322
0.0819976
0.140405
0.0797626
0.142284
0.0763162
0.141635
0.0717525
0.138142
0.0661859
0.131506
0.0597479
0.121457
0.0525833
0.0448454
0.107766
-0.0601428
-0.0982637
0.0528127
-0.0664467
-0.108813
-0.0716681
-0.117559
-0.0757709
-0.124396
-0.0787375
-0.129254
-0.0805671
-0.132097
-0.0812731
-0.132927
-0.0808804
-0.131783
-0.0794232
-0.128736
-0.0769418
-0.123888
-0.0734805
-0.117369
-0.0690853
-0.109332
-0.0638021
-0.0999505
-0.0576753
-0.0894107
-0.0507471
-0.0779091
-0.0430569
-0.065648
-0.0346418
-0.0528314
-0.0255375
-0.0396624
-0.0157797
-0.0263399
-0.00540548
-0.0130572
0.00554355
-1.05879e-19
0.0170192
0.0126548
0.0289632
0.0247401
0.0413044
0.0360996
0.0539553
0.0465889
0.0668087
0.0560769
0.079735
0.0644472
0.0925796
0.0716002
0.105161
0.0774544
0.117269
0.0819494
0.128667
0.0850473
0.139088
0.0867347
0.148243
0.087024
0.155821
0.085954
0.161495
0.0835901
0.164927
0.0800228
0.165779
0.0753659
0.163721
0.0697535
0.158439
0.0633357
0.14965
0.0562745
0.0487383
0.137107
-0.0715814
-0.116469
0.0645472
-0.0775465
-0.126438
-0.0823937
-0.134538
-0.0860932
-0.140663
-0.0886322
-0.144744
-0.0900132
-0.146748
-0.0902517
-0.146681
-0.0893735
-0.144586
-0.0874124
-0.140542
-0.0844076
-0.134659
-0.0804013
-0.127076
-0.0754367
-0.117958
-0.0695563
-0.107489
-0.062801
-0.095867
-0.0552088
-0.0833005
-0.0468152
-0.0700038
-0.0376532
-0.0561928
-0.0277547
-0.0420813
-0.0171513
-0.0278786
-0.005877
-0.013787
0.00602982
5.50444e-15
0.0185234
0.0132989
0.0315473
0.0259378
0.0450316
0.0377571
0.058889
0.0486111
0.0730119
0.0583693
0.0872691
0.0669181
0.101504
0.0741627
0.115531
0.0800289
0.129138
0.0844657
0.14208
0.0874468
0.154089
0.0889725
0.164868
0.089071
0.174101
0.0877982
0.181455
0.0852379
0.186587
0.0814995
0.189154
0.0767161
0.188822
0.0710401
0.185272
0.0646394
0.178217
0.0576915
0.0503783
0.167405
-0.0825832
-0.134137
0.0760456
-0.088044
-0.143284
-0.0923845
-0.150531
-0.0955783
-0.155773
-0.0976149
-0.15894
-0.0984978
-0.160001
-0.098242
-0.158966
-0.096872
-0.155881
-0.0944191
-0.150831
-0.0909193
-0.143933
-0.0864109
-0.135334
-0.0809328
-0.125206
-0.074523
-0.113743
-0.0672174
-0.101153
-0.0590492
-0.0876542
-0.0500489
-0.0734698
-0.0402448
-0.0588252
-0.029664
-0.0439429
-0.0183338
-0.0290401
-0.00628411
-0.0143261
0.00645044
-1.63385e-14
0.0198273
0.0137503
0.0337931
0.0267498
0.0482799
0.0388377
0.0632025
0.0498689
0.0784543
0.0597152
0.0939052
0.0682673
0.109398
0.0754367
0.124749
0.081158
0.139743
0.0853904
0.154137
0.0881204
0.16766
0.0893626
0.180017
0.0891608
0.190891
0.0875882
0.19995
0.0847463
0.206854
0.0807626
0.211263
0.0757879
0.212844
0.0699919
0.211286
0.0635578
0.206305
0.0566769
0.049542
0.197656
-0.0927293
-0.150661
0.0868182
-0.0975852
-0.158827
-0.101345
-0.16509
-0.103982
-0.169346
-0.105488
-0.171524
-0.105862
-0.171596
-0.105119
-0.169573
-0.10328
-0.165505
-0.10037
-0.15948
-0.0964228
-0.151621
-0.0914704
-0.142081
-0.0855467
-0.13104
-0.0786841
-0.118697
-0.070913
-0.105267
-0.0622612
-0.0909782
-0.0527538
-0.0760602
-0.042414
-0.0607456
-0.0312639
-0.0452639
-0.0193262
-0.0298381
-0.00662642
-0.0146823
0.00680491
3.45872e-17
0.020929
0.0140184
0.0356959
0.0271965
0.0510409
0.0393739
0.0668814
0.0504071
0.0831136
0.0601718
0.0996097
0.068564
0.116215
0.0755029
0.132747
0.0809321
0.148994
0.0848223
0.164716
0.0871726
0.179645
0.0880121
0.19349
0.0874001
0.205938
0.0854262
0.216665
0.0822086
0.225338
0.0778918
0.231624
0.0726425
0.235204
0.0666453
0.235775
0.0600966
0.233067
0.0531987
0.046153
0.22685
-0.10164
-0.165456
0.0964114
-0.105856
-0.172566
-0.109018
-0.177793
-0.111099
-0.18103
-0.112086
-0.18221
-0.111979
-0.181303
-0.110786
-0.178323
-0.108523
-0.173322
-0.105213
-0.166391
-0.100881
-0.157658
-0.0955552
-0.14728
-0.089263
-0.135441
-0.082031
-0.122347
-0.0738838
-0.10822
-0.0648437
-0.0932913
-0.0549304
-0.0777981
-0.0441619
-0.0619783
-0.0325555
-0.0460661
-0.0201292
-0.0302892
-0.0069041
-0.0148652
0.00709328
5.30857e-15
0.0218281
0.0141144
0.037254
0.0273017
0.05331
0.0394026
0.0699169
0.0502768
0.0869742
0.0598044
0.104358
0.067888
0.121916
0.0744545
0.139472
0.0794576
0.156816
0.0828791
0.173715
0.0847311
0.189907
0.0850566
0.205108
0.08393
0.219013
0.0814564
0.231309
0.0777693
0.241672
0.0730283
0.249786
0.0674142
0.255343
0.0611242
0.258059
0.0543654
0.257681
0.0473486
0.0402809
0.253998
-0.108994
-0.177978
0.104433
-0.112596
-0.184045
-0.115195
-0.188259
-0.116763
-0.190516
-0.117284
-0.190748
-0.116752
-0.188927
-0.115171
-0.185068
-0.112553
-0.179225
-0.108914
-0.171493
-0.104274
-0.162001
-0.0986549
-0.150911
-0.0920781
-0.13841
-0.0845647
-0.124709
-0.0761337
-0.110035
-0.066802
-0.0946231
-0.0565841
-0.0787152
-0.0454934
-0.0625535
-0.0335423
-0.0463759
-0.0207448
-0.0304131
-0.00711779
-0.0148854
0.00731609
0
0.0225257
0.0140508
0.0384685
0.0270914
0.0550869
0.0389649
0.0723055
0.0495345
0.0900277
0.0586857
0.108133
0.0663277
0.126475
0.0723961
0.144881
0.0768543
0.163149
0.0796956
0.18105
0.0809446
0.19833
0.0806579
0.214716
0.078924
0.229913
0.0758621
0.243618
0.07162
0.255525
0.0663705
0.26533
0.0603066
0.272744
0.0536359
0.277502
0.0465739
0.27937
0.0393372
0.032136
0.278158
-0.114542
-0.187751
0.110572
-0.117608
-0.192868
-0.119724
-0.196168
-0.12086
-0.197547
-0.120995
-0.196939
-0.12012
-0.194318
-0.118235
-0.189701
-0.115345
-0.183145
-0.111461
-0.174745
-0.106598
-0.164635
-0.100772
-0.152978
-0.0939994
-0.139966
-0.0862953
-0.125813
-0.0776738
-0.110749
-0.0681469
-0.0950131
-0.0577249
-0.0788509
-0.0464165
-0.0625074
-0.0342304
-0.0462235
-0.0211766
-0.0302322
-0.00726865
-0.014755
0.00747442
-6.41627e-17
0.0230248
0.013841
0.0393432
0.026594
0.0563754
0.0381049
0.0740496
0.0482411
0.092273
0.0568937
0.110929
0.0639792
0.129877
0.0694415
0.148948
0.0732542
0.167948
0.0754217
0.186654
0.0759807
0.204822
0.0750007
0.222186
0.0725834
0.238466
0.0688614
0.25337
0.0639951
0.266606
0.0581691
0.277887
0.0515868
0.286942
0.0444642
0.293524
0.0370234
0.29742
0.0294848
0.0220599
0.298458
-0.118115
-0.194388
0.114611
-0.120762
-0.19872
-0.122509
-0.201266
-0.12332
-0.201926
-0.123174
-0.200636
-0.122058
-0.197373
-0.119965
-0.192157
-0.116897
-0.185045
-0.112861
-0.176138
-0.107866
-0.165569
-0.101923
-0.153507
-0.0950447
-0.140147
-0.087241
-0.125703
-0.0785217
-0.11041
-0.0688949
-0.0945105
-0.0583668
-0.0782516
-0.0469427
-0.0618815
-0.034628
-0.0456431
-0.0214297
-0.0297708
-0.0073583
-0.0144871
0.00756982
0
0.0233296
0.0134996
0.0398845
0.0258398
0.0571833
0.0368697
0.0751571
0.0464613
0.0937167
0.0545116
0.11275
0.0609445
0.132119
0.0657125
0.151661
0.0687989
0.171188
0.0702192
0.190485
0.0700219
0.209315
0.0682888
0.227423
0.065134
0.244538
0.0607024
0.260382
0.0551661
0.274675
0.0487201
0.287146
0.041577
0.29754
0.0339602
0.305625
0.0260966
0.311206
0.0182094
0.0105105
0.314127
-0.119627
-0.197609
0.116435
-0.122001
-0.20138
-0.123512
-0.203386
-0.124126
-0.203531
-0.123817
-0.201757
-0.122569
-0.198044
-0.120374
-0.192414
-0.117229
-0.184929
-0.113137
-0.175693
-0.108103
-0.164843
-0.102135
-0.152548
-0.0952413
-0.139007
-0.0874281
-0.124439
-0.0787018
-0.109079
-0.0690673
-0.093173
-0.0585279
-0.0769707
-0.0470864
-0.0607222
-0.0347456
-0.0446719
-0.0215102
-0.0290554
-0.0073888
-0.0140956
0.00760431
-6.74097e-17
0.023446
0.0130418
0.0401017
0.0248603
0.0575224
0.0353082
0.0756415
0.0442624
0.0943724
0.051626
0.113606
0.0573302
0.133209
0.0613363
0.153022
0.0636373
0.172863
0.0642596
0.192522
0.063263
0.211771
0.0607411
0.230362
0.0568203
0.248033
0.0516569
0.264518
0.045434
0.279547
0.0383564
0.292861
0.0306452
0.304217
0.0225302
0.313396
0.0142431
0.320213
0.00600971
-0.00195765
0.324522
-0.119075
0.116025
-0.121333
-0.122754
-0.123303
-0.122955
-0.121691
-0.119501
-0.116381
-0.112329
-0.10735
-0.101447
-0.0946254
-0.0868897
-0.0782438
-0.0686901
-0.0582301
-0.0468648
-0.0345955
-0.0214257
-0.00736266
0.00758036
0.0233813
0.0400066
0.0574084
0.0755217
0.0942615
0.113521
0.133169
0.15305
0.172985
0.19277
0.212181
0.230976
0.248902
0.265697
0.281102
0.294864
0.306746
0.316537
0.324055
0.329157
0.0407858
0.301553
0.0573878
0.297698
0.0719347
0.288974
0.0836987
0.275765
0.0921165
0.258575
0.0968153
0.238008
0.0976302
0.214748
0.0946135
0.189537
0.0880354
0.16316
0.0783776
0.136419
0.06632
0.110124
0.0527201
0.0850705
0.0385861
0.0620245
0.025042
0.0417032
0.0132859
0.0247578
0.00454087
0.011754
0.00315328
0.0469663
0.273645
0.0625472
0.270523
0.0762176
0.263301
0.0873437
0.252278
0.095426
0.237843
0.100121
0.220465
0.101255
0.200673
0.0988349
0.179047
0.0930451
0.1562
0.0842499
0.132766
0.0729816
0.109391
0.0599279
0.0867127
0.0459129
0.0653571
0.0318732
0.0459201
0.0188282
0.0289575
0.00784532
0.0149706
0.00439339
0.0521797
0.245926
0.0667093
0.243469
0.0794775
0.237574
0.0899314
0.228469
0.0976273
0.216452
0.102248
0.20188
0.103613
0.18516
0.10169
0.166737
0.0965932
0.147086
0.0885857
0.126704
0.0780724
0.106095
0.0655922
0.0857681
0.0518049
0.0662257
0.0374755
0.0479548
0.0234531
0.0314187
0.0106474
0.0170482
0.00523188
0.0563365
0.218836
0.0697981
0.216963
0.081648
0.21222
0.0914033
0.204779
0.098669
0.194863
0.103151
0.182741
0.104667
0.16872
0.103152
0.15314
0.098661
0.136363
0.0913728
0.118771
0.0815837
0.100756
0.0697038
0.0827177
0.0562486
0.0650523
0.0418286
0.0481511
0.0271355
0.0323926
0.0129254
0.0181366
0.00571779
0.0593835
0.19275
0.0717731
0.191375
0.0826976
0.187616
0.0917356
0.181601
0.0985351
0.173493
0.102824
0.163492
0.104419
0.151826
0.103231
0.138751
0.0992676
0.124538
0.0926371
0.109479
0.0835448
0.0938724
0.072291
0.0780263
0.0592667
0.0622503
0.044946
0.0468527
0.0298778
0.032136
0.0146747
0.0183935
0.00590427
0.0613032
0.167982
0.0726277
0.167018
0.0826288
0.164086
0.0909388
0.159278
0.0972439
0.152711
0.101293
0.14453
0.102905
0.134904
0.101973
0.124019
0.0984677
0.112078
0.09244
0.0992975
0.08402
0.0859036
0.0734168
0.0721294
0.060915
0.0582121
0.046871
0.0443902
0.0317074
0.030901
0.0159061
0.0179774
0.00584564
0.062111
0.144775
0.072387
0.144141
0.0814749
0.141892
0.0890537
0.138093
0.0948446
0.132826
0.0986167
0.126195
0.100193
0.11832
0.0994561
0.109337
0.0963476
0.0993927
0.0908738
0.0886466
0.0831047
0.0772656
0.073174
0.0654234
0.0612779
0.0532985
0.0476729
0.0410719
0.0326727
0.0289256
0.0166437
0.0170404
0.00559477
0.0618504
0.123308
0.0711033
0.122929
0.0792954
0.121234
0.0861477
0.118268
0.0914124
0.114088
0.0948789
0.108764
0.0963774
0.102382
0.0957832
0.095037
0.0930189
0.0868347
0.0880566
0.0778891
0.0809189
0.0683215
0.0716795
0.0582587
0.0604627
0.0478321
0.0474422
0.0371763
0.0328397
0.0264278
0.0169224
0.0157238
0.00520122
0.060588
0.103694
0.0688503
0.103504
0.0761709
0.102251
0.0823079
0.0999651
0.0870425
0.0966829
0.0901834
0.092453
0.0915703
0.0873329
0.0910765
0.0813888
0.088612
0.074694
0.0841244
0.0673287
0.0776007
0.0593788
0.0690681
0.0509349
0.0585936
0.0420917
0.0462844
0.0329468
0.0322869
0.0236004
0.0167852
0.0141539
0.00470974
0.0584068
0.0859884
0.0657166
0.0859305
0.0721959
0.0850241
0.0776354
0.0832857
0.081843
0.0807394
0.0846467
0.0774165
0.0858972
0.0733551
0.0854703
0.0685993
0.0832688
0.0631989
0.0792246
0.0572087
0.073299
0.050688
0.0654846
0.0436999
0.0558049
0.0363108
0.0443149
0.02859
0.0311011
0.0206088
0.0162804
0.0124405
0.00415939
0.0553992
0.0701933
0.0617996
0.0702226
0.0674721
0.0695814
0.0722374
0.0682789
0.0759278
0.0663295
0.0783903
0.0637525
0.079488
0.060572
0.0791024
0.0568165
0.0771348
0.0525187
0.0735076
0.0477147
0.0681659
0.0424444
0.0610776
0.0367503
0.0522345
0.0306778
0.0416528
0.0242744
0.0293727
0.0175898
0.0154589
0.0106752
0.00358312
0.0516611
0.0562686
0.057198
0.0563487
0.0621022
0.0559067
0.0662209
0.0549468
0.0694095
0.0534769
0.0715336
0.0515081
0.0724697
0.0490549
0.0721077
0.0461348
0.0703514
0.0427684
0.0671202
0.0389788
0.0623495
0.0347915
0.055992
0.0302345
0.0480177
0.0253375
0.0384152
0.0201324
0.0271913
0.0146524
0.0143715
0.00893218
0.0030077
0.047285
0.0441388
0.0520061
0.0442423
0.0561826
0.0439466
0.0596861
0.0432527
0.0623932
0.0421643
0.0641875
0.0406873
0.0649601
0.0388297
0.064611
0.0366018
0.0630503
0.0340157
0.0601986
0.0310854
0.0559881
0.0278267
0.0503633
0.0242572
0.0432815
0.0203957
0.0347131
0.0162625
0.0246424
0.0118792
0.0130673
0.00726852
0.00245402
0.0423547
0.0337033
0.0463081
0.0338105
0.049799
0.0336194
0.052721
0.0331296
0.0549706
0.032342
0.0564489
0.0312594
0.057062
0.0298857
0.0567218
0.0282262
0.0553469
0.0262879
0.0528631
0.0240787
0.0492043
0.0216077
0.0443129
0.0188855
0.0381403
0.0159233
0.0306471
0.0127337
0.0218038
0.00932995
0.0115912
0.00572626
0.00193758
0.0369407
0.0248452
0.0401738
0.0249429
0.0430214
0.0248247
0.045397
0.0244895
0.0472161
0.0239369
0.0483965
0.0231677
0.0488595
0.0221835
0.0485299
0.0209868
0.047337
0.019581
0.0452146
0.0179703
0.042102
0.0161596
0.0379443
0.0141549
0.0326925
0.0119624
0.0263043
0.00958953
0.018744
0.00704399
0.00998297
0.00433423
0.00146924
0.0310971
0.0174402
0.0336554
0.0175204
0.0359011
0.0174515
0.0377663
0.0172319
0.0391837
0.016861
0.0400879
0.0163384
0.0404149
0.0156646
0.0401033
0.0148405
0.0390942
0.0138674
0.0373318
0.0127473
0.0347636
0.0114826
0.0313409
0.0100764
0.027019
0.00853201
0.0217575
0.00685327
0.0155203
0.00504448
0.00827657
0.00311035
0.00105596
0.0248595
0.011364
0.0267856
0.0114231
0.0284694
0.0113862
0.0298598
0.011252
0.0309061
0.0110198
0.0315584
0.0106889
0.0317679
0.0102592
0.0314868
0.0097308
0.0306693
0.00910414
0.029271
0.00837994
0.0272499
0.00755923
0.0245661
0.00664333
0.0211824
0.00563384
0.017064
0.00453265
0.0121793
0.0033419
0.00649976
0.00206399
0.000701588
0.0182441
0.00649937
0.0195776
0.00653681
0.0207374
0.00651978
0.0216881
0.00644747
0.0223946
0.00631925
0.0228221
0.00613466
0.0229362
0.00589336
0.0227034
0.00559522
0.0220909
0.00524025
0.021067
0.00482862
0.0196011
0.00436066
0.017664
0.00383685
0.015228
0.00325784
0.012267
0.00262441
0.00875661
0.0019375
0.00467445
0.00119819
0.000407696
0.0112489
0.00274116
0.0120255
0.00275843
0.0126967
0.00275285
0.013242
0.00272405
0.013641
0.00267169
0.0138731
0.00259552
0.0139182
0.00249533
0.0137566
0.002371
0.0133687
0.00222244
0.0127357
0.00204965
0.0118392
0.00185269
0.0106617
0.00163167
0.00918636
0.00138677
0.00739707
0.00111825
0.00527879
0.000826389
0.00281744
0.000511568
0.00017421
0.00385551
3.67065e-18
0.00410709
2.91092e-18
0.00432297
3.11982e-18
0.00449647
3.0359e-18
0.00462092
2.36303e-18
0.00468968
2.24904e-18
0.00469621
2.14029e-18
0.00463402
1.60417e-18
0.00449679
1.11606e-18
0.00427832
7.96191e-19
0.00397263
4.50016e-19
0.0035739
4.52328e-19
0.00307659
5.62186e-19
0.0024754
3.94056e-19
0.00176532
2.01213e-19
0.00094164
8.06562e-20
1.61401e-20
-0.00396769
-0.00179531
-0.00421255
-0.00180904
-0.00442084
-0.00180785
-0.00458606
-0.00179142
-0.0047017
-0.00175946
-0.0047613
-0.00171173
-0.00475848
-0.00164803
-0.00468697
-0.00156817
-0.00454059
-0.00147205
-0.00431336
-0.00135957
-0.00399947
-0.00123071
-0.0035933
-0.00108545
-0.00308949
-0.000923856
-0.00248292
-0.00074602
-0.00176878
-0.000552083
-0.000942535
-0.000342232
-0.000116701
-0.012261
-0.00269703
-0.0129767
-0.00272096
-0.0135794
-0.00272242
-0.0140499
-0.00270084
-0.0143692
-0.0026557
-0.0145186
-0.00258653
-0.0144794
-0.00249296
-0.0142335
-0.00237464
-0.0137632
-0.00223132
-0.0130511
-0.0020628
-0.0120808
-0.00186898
-0.0108363
-0.00164981
-0.00930233
-0.00140533
-0.00746468
-0.00113567
-0.00530989
-0.000841023
-0.00282547
-0.000521689
-0.000178037
-0.0210681
-0.00273911
-0.0222313
-0.00277032
-0.023199
-0.00277861
-0.0239402
-0.00276319
-0.0244241
-0.00272336
-0.0246201
-0.00265845
-0.0244986
-0.00256788
-0.0240306
-0.00245115
-0.0231879
-0.00230784
-0.0219436
-0.00213761
-0.0202719
-0.00194024
-0.0181482
-0.00171559
-0.0155495
-0.00146364
-0.0124543
-0.00118448
-0.00884268
-0.000878316
-0.00469666
-0.000545479
-0.000186417
-0.0304306
-0.00193896
-0.0320189
-0.00197572
-0.0333219
-0.00199621
-0.0342969
-0.00199942
-0.034902
-0.00198442
-0.0350962
-0.00195029
-0.0348395
-0.00189621
-0.0340938
-0.00182143
-0.0328222
-0.00172526
-0.0309898
-0.00160714
-0.0285638
-0.00146662
-0.0255135
-0.00130337
-0.0218106
-0.00111719
-0.0174295
-0.000908044
-0.012347
-0.000676018
-0.00654298
-0.000421378
-0.000144546
-0.0403816
-0.000300377
-0.0423726
-0.000342765
-0.0439791
-0.000382848
-0.0451476
-0.000419338
-0.0458256
-0.000450932
-0.0459627
-0.000476334
-0.0455105
-0.000494283
-0.044423
-0.000503574
-0.042657
-0.000503085
-0.0401723
-0.000491796
-0.0369318
-0.000468815
-0.0329018
-0.000433391
-0.0280525
-0.000384939
-0.0223576
-0.00032305
-0.0157952
-0.000247505
-0.00834726
-0.000158287
-5.55823e-05
-0.0509394
0.00218269
-0.0533093
0.00213222
-0.0551846
0.00206227
-0.0565012
0.00197463
-0.0571974
0.00187124
-0.0572147
0.00175408
-0.056498
0.00162519
-0.0549959
0.00148656
-0.0526615
0.00134015
-0.0494523
0.00118783
-0.0453306
0.0010313
-0.0402639
0.000872132
-0.034225
0.000711692
-0.0271923
0.000551128
-0.0191497
0.000391357
-0.010087
0.000233048
7.66188e-05
-0.0621017
0.00552181
-0.0648243
0.0054578
-0.0669293
0.005344
-0.0683427
0.00518312
-0.0689949
0.00497816
-0.0688211
0.00473234
-0.0677616
0.00444898
-0.0657628
0.00413147
-0.0627773
0.00378322
-0.0587642
0.0034075
-0.0536898
0.00300751
-0.0475276
0.00258622
-0.0402585
0.00214639
-0.0318709
0.00169051
-0.0223613
0.00122079
-0.0117337
0.000739145
0.0002472
-0.0738406
0.00972938
-0.0768859
0.0096427
-0.0791759
0.00946655
-0.0806277
0.00920513
-0.0811653
0.00886323
-0.0807197
0.00844604
-0.0792297
0.00795903
-0.0766428
0.00740784
-0.0729154
0.00679819
-0.0680131
0.00613572
-0.0619114
0.00542595
-0.0545956
0.00467418
-0.0460612
0.00388544
-0.0363137
0.00306444
-0.0253688
0.00221556
-0.0132523
0.00134283
0.00044997
-0.0860982
0.0148137
-0.0894318
0.0146911
-0.0918556
0.0144288
-0.0932795
0.0140334
-0.0936226
0.0135126
-0.0928148
0.0128745
-0.0907968
0.0121281
-0.0875216
0.0112824
-0.0829543
0.0103466
-0.0770729
0.00933005
-0.0698684
0.0082418
-0.061345
0.00709069
-0.0515198
0.00588524
-0.0404233
0.00463359
-0.0280986
0.00334348
-0.0146015
0.0020223
0.000677078
-0.098784
0.0207746
-0.102366
0.0205979
-0.104866
0.0202196
-0.106187
0.01965
-0.106246
0.0189008
-0.104976
0.0179848
-0.102323
0.0169158
-0.098251
0.015708
-0.0927399
0.0143759
-0.0857869
0.0129339
-0.0774059
0.0113963
-0.0676278
0.0097772
-0.0565001
0.00809009
-0.0440864
0.00634816
-0.0304663
0.00456411
-0.0157345
0.00275029
0.000918726
-0.111773
0.0275986
-0.115559
0.0273448
-0.11807
0.0268142
-0.119205
0.0260224
-0.118882
0.0249871
-0.117039
0.0237279
-0.113635
0.0222653
-0.108651
0.0206209
-0.102088
0.0188164
-0.0939704
0.0168738
-0.0843438
0.0148145
-0.0732745
0.0126598
-0.0608497
0.0104304
-0.0471759
0.00814647
-0.0323784
0.0058277
-0.0166
0.00349347
0.00116295
-0.124909
0.0352558
-0.128848
0.0348966
-0.131298
0.0341705
-0.132156
0.0331005
-0.131343
0.0317128
-0.128809
0.030036
-0.124531
0.0281005
-0.118513
0.0259377
-0.110788
0.0235794
-0.101415
0.0210575
-0.0904809
0.0184034
-0.0780981
0.015648
-0.064403
0.0128217
-0.0495553
0.00995409
-0.0337357
0.00707455
-0.0171447
0.00421204
0.00139549
-0.138003
0.0436967
-0.142042
0.0431986
-0.144353
0.0422268
-0.144835
0.0408142
-0.143417
0.0389986
-0.140067
0.0368209
-0.134785
0.0343247
-0.127608
0.0315546
-0.11861
0.0285557
-0.107895
0.025373
-0.0956022
0.0220511
-0.0819004
0.0186337
-0.0669865
0.0151637
-0.0510833
0.0116834
-0.0344371
0.00823488
-0.0173145
0.00485974
0.00159979
-0.150841
0.05285
-0.154923
0.0521752
-0.157014
0.0509006
-0.157016
0.0490727
-0.154872
0.0467445
-0.150573
0.0439735
-0.144153
0.0408203
-0.135691
0.0373468
-0.125311
0.0336156
-0.113175
0.0296886
-0.0994859
0.0256272
-0.0844799
0.0214916
-0.0684256
0.0173411
-0.05162
0.0132342
-0.0343838
0.00922918
-0.0170581
0.00538412
0.00175714
-0.16319
0.062622
-0.167257
0.0617288
-0.169044
0.0600882
-0.168458
0.0577643
-0.165463
0.0548299
-0.16008
0.051364
-0.152386
0.0474491
-0.142513
0.0431696
-0.130647
0.0386099
-0.117021
0.0338537
-0.101913
0.0289835
-0.0856394
0.0240804
-0.0685526
0.0192243
-0.051033
0.0144943
-0.0334845
0.00996919
-0.0163291
0.00572738
0.00184696
-0.174805
0.0728962
-0.1788
0.0717407
-0.180199
0.0696656
-0.178918
0.0667575
-0.174944
0.0631147
-0.16834
0.0588435
-0.159235
0.0540544
-0.147829
0.0488598
-0.13438
0.0433718
-0.119206
0.037701
-0.102675
0.0319562
-0.0851957
0.0262445
-0.0672142
0.0206715
-0.0492045
0.0153419
-0.0316608
0.0103596
-0.0150894
0.00582756
0.00184736
-0.185439
0.0835347
-0.189311
0.0820724
-0.19024
0.0794904
-0.188155
0.0759036
-0.183077
0.0714424
-0.175116
0.0662473
-0.164468
0.060464
-0.151409
0.0542394
-0.13629
0.0477198
-0.119526
0.0410491
-0.101587
0.0343685
-0.0829881
0.0278169
-0.06428
0.0215314
-0.0460382
0.0156477
-0.0288516
0.0103001
-0.0133117
0.00562038
0.0017358
-0.194852
0.0943794
-0.198555
0.0925682
-0.198938
0.0894051
-0.195948
0.08504
-0.189643
0.0796434
-0.180193
0.0733983
-0.167873
0.0664935
-0.153052
0.0591187
-0.136186
0.0514617
-0.117804
0.0437068
-0.0984933
0.0360345
-0.0788866
0.0286225
-0.0596496
0.0216461
-0.041465
0.0152783
-0.0250185
0.00968885
-0.0109826
0.0050415
0.00149006
-0.202821
0.105256
-0.206319
0.103058
-0.206089
0.09924
-0.202098
0.0939938
-0.19445
0.0875393
-0.183386
0.0801114
-0.169272
0.0719516
-0.152589
0.0633014
-0.133913
0.0543988
-0.113903
0.0454767
-0.0932773
0.0367632
-0.0728001
0.0284828
-0.0532594
0.0208563
-0.0354493
0.0141007
-0.0201495
0.00842578
-0.00810439
0.00402941
0.0010894
-0.209149
0.115974
-0.212418
0.113363
-0.211521
0.108819
-0.206444
0.102587
-0.197347
0.0949481
-0.184551
0.0861989
-0.168532
0.0766447
-0.149897
0.0665894
-0.129361
0.056331
-0.107729
0.0461608
-0.0858683
0.0363638
-0.064682
0.0272203
-0.0450883
0.0190052
-0.0279929
0.0119862
-0.0142627
0.00641717
-0.00469763
0.00252879
0.000515904
0.323901
0.00213296
-0.329208
0.316191
0.00889248
0.306229
0.0157638
0.294204
0.0225844
0.280334
0.0291864
0.264858
0.0353998
0.248028
0.0410571
0.230104
0.0459971
0.21134
0.0500682
0.191988
0.0531317
0.172283
0.0550648
0.152442
0.055763
0.132663
0.0551417
0.11312
0.0531382
0.0939612
0.0497125
0.0753133
0.0448479
0.0572787
0.0385514
0.039939
0.0308534
0.0233566
0.0218076
0.0075776
0.0114904
-0.00736541
4.38678e-15
-0.0214504
-0.0125442
-0.0346631
-0.0260028
-0.0469945
-0.0402171
-0.0584386
-0.0550112
-0.0689904
-0.0701927
-0.0786447
-0.0855553
-0.087395
-0.100881
-0.095233
-0.115943
-0.102149
-0.130511
-0.108132
-0.14435
-0.11317
-0.157233
-0.117253
-0.168941
-0.120374
-0.17927
-0.122529
-0.188037
-0.123722
-0.195087
-0.123963
-0.200298
-0.123271
-0.203586
-0.121679
-0.204907
-0.119229
-0.204262
-0.201699
0.322932
0.0149545
-0.327595
0.315758
0.0214489
0.306231
0.0279655
0.294545
0.0343444
0.280927
0.0404221
0.265625
0.046036
0.248903
0.0510275
0.231028
0.0552456
0.212269
0.0585503
0.192884
0.0608154
0.173118
0.0619307
0.153196
0.0618041
0.133322
0.0603633
0.113677
0.057557
0.0944141
0.0533558
0.0756644
0.0477523
0.0575338
0.0407618
0.0401066
0.0324214
0.0234476
0.0227905
0.00760447
0.0119496
-0.00738864
-2.25734e-15
-0.0215087
-0.0129371
-0.0347407
-0.0267215
-0.047075
-0.0411949
-0.058505
-0.056182
-0.0690256
-0.0714924
-0.0786311
-0.0869218
-0.0873148
-0.102255
-0.095068
-0.117268
-0.101881
-0.131731
-0.107741
-0.145416
-0.112639
-0.158096
-0.116562
-0.169554
-0.119504
-0.179588
-0.121461
-0.188018
-0.122437
-0.194689
-0.122442
-0.199481
-0.121499
-0.20231
-0.119639
-0.203135
-0.116908
-0.201959
-0.198832
0.316558
0.0269448
-0.31992
0.31051
0.0331912
0.301946
0.039371
0.291075
0.0453263
0.278137
0.0508985
0.263396
0.055932
0.247131
0.0602776
0.229626
0.0637955
0.21116
0.0663579
0.192005
0.0678515
0.172418
0.0681794
0.152635
0.0672627
0.132869
0.0650421
0.113308
0.0614782
0.0941132
0.0565524
0.0754208
0.0502674
0.0573419
0.0426466
0.0399651
0.0337346
0.0233585
0.0235964
0.00757303
0.0123167
-0.00735509
-2.26811e-15
-0.0214008
-0.0132307
-0.0345474
-0.0272345
-0.0467841
-0.0418533
-0.0581031
-0.0569129
-0.0684983
-0.0722245
-0.0779632
-0.0875863
-0.0864904
-0.102786
-0.0940706
-0.117601
-0.100693
-0.131807
-0.106346
-0.145176
-0.111016
-0.157485
-0.114694
-0.16852
-0.117371
-0.178079
-0.119043
-0.185984
-0.119713
-0.192081
-0.119392
-0.19625
-0.118103
-0.198409
-0.115877
-0.198515
-0.112763
-0.196574
-0.192636
0.304962
0.0374633
-0.306442
0.300567
0.0435432
0.293445
0.0494617
0.283824
0.0550636
0.271965
0.0601957
0.258152
0.0647108
0.24268
0.06847
0.225851
0.0713456
0.207962
0.073223
0.1893
0.074003
0.170134
0.0736031
0.150713
0.0719585
0.131261
0.0690232
0.111975
0.0647707
0.0930254
0.059194
0.0745554
0.0523059
0.0566825
0.0441388
0.0395002
0.0347446
0.0230814
0.0241941
0.00748072
0.0125768
-0.00726235
2.52836e-15
-0.02112
-0.0134115
-0.0340733
-0.0275159
-0.0461094
-0.0421556
-0.0572191
-0.0571577
-0.0673946
-0.0723354
-0.0766284
-0.0874894
-0.0849119
-0.10241
-0.092235
-0.116878
-0.0985861
-0.130673
-0.103952
-0.143569
-0.108321
-0.155346
-0.11168
-0.165792
-0.114021
-0.174709
-0.115339
-0.181918
-0.115636
-0.187268
-0.114923
-0.190637
-0.113222
-0.191944
-0.110565
-0.191147
-0.107
-0.188251
-0.183305
0.288507
0.0459563
-0.287643
0.286195
0.0519984
0.280916
0.0577742
0.272921
0.0631325
0.262493
0.067927
0.249935
0.0720202
0.235564
0.0752848
0.2197
0.0776067
0.202657
0.078886
0.18474
0.0790385
0.166231
0.0779971
0.147394
0.0757121
0.128463
0.0721519
0.109646
0.0673033
0.0911237
0.0611714
0.0730463
0.0537799
0.0555385
0.0451703
0.0387002
0.0354022
0.0226095
0.0245524
0.00732541
0.0127149
-0.00710847
2.66353e-15
-0.0206611
-0.0134656
-0.0333106
-0.0275399
-0.0450418
-0.0420657
-0.0558434
-0.0568718
-0.065706
-0.0717736
-0.0746206
-0.0865747
-0.0825775
-0.101069
-0.0895656
-0.115042
-0.0955723
-0.128274
-0.100584
-0.140546
-0.104587
-0.15164
-0.107569
-0.161347
-0.109521
-0.169472
-0.110436
-0.175838
-0.110316
-0.180295
-0.109172
-0.182723
-0.107023
-0.183039
-0.103903
-0.181202
-0.0998577
-0.177216
-0.171131
0.267728
0.0519942
-0.264211
0.267803
0.0581511
0.264666
0.0639262
0.258589
0.0691736
0.249875
0.073756
0.238848
0.0775467
0.225845
0.0804318
0.211204
0.082312
0.195257
0.0831031
0.178321
0.0827374
0.160697
0.081164
0.142658
0.0783491
0.124453
0.0742762
0.1063
0.068946
0.0883882
0.0623763
0.0708762
0.0546017
0.0538966
0.0456734
0.0375557
0.0356584
0.0219373
0.0246398
0.00710544
0.0127159
-0.00689194
-2.93352e-15
-0.02002
-0.0133798
-0.0322538
-0.0272813
-0.0435753
-0.0415484
-0.053971
-0.0560119
-0.0634298
-0.0704902
-0.071941
-0.0847905
-0.0794938
-0.0987105
-0.086076
-0.112041
-0.0916745
-0.124567
-0.0962751
-0.136073
-0.0998634
-0.146347
-0.102426
-0.155183
-0.103954
-0.162391
-0.104439
-0.167796
-0.103883
-0.171251
-0.102295
-0.172638
-0.0996943
-0.171874
-0.096112
-0.16892
-0.0915936
-0.163779
-0.156503
0.243321
0.0553029
-0.237023
0.245935
0.0617232
0.245112
0.0676389
0.241142
0.0729113
0.234344
0.0774128
0.22506
0.0810294
0.213641
0.0836615
0.20044
0.0852255
0.185806
0.0856541
0.170068
0.0848966
0.153539
0.082919
0.136505
0.0797039
0.119224
0.0752503
0.101926
0.0695731
0.0848064
0.0627029
0.0680339
0.0546854
0.0517475
0.045581
0.03606
0.0354647
0.021061
0.0244252
0.00681962
0.012565
-0.00661171
-3.00548e-15
-0.0191943
-0.0131408
-0.0308998
-0.0267156
-0.0417074
-0.0405699
-0.0516013
-0.0545373
-0.0605684
-0.06844
-0.0685969
-0.0820898
-0.0756746
-0.0952898
-0.0817889
-0.107836
-0.0869259
-0.11952
-0.091071
-0.130132
-0.0942099
-0.139467
-0.0963289
-0.147324
-0.0974172
-0.153519
-0.0974683
-0.157881
-0.0964815
-0.160268
-0.0944649
-0.160565
-0.0914361
-0.158692
-0.0874252
-0.154612
-0.0824755
-0.14833
-0.139898
0.216115
0.0557854
-0.207112
0.22125
0.062584
0.222773
0.0687556
0.220982
0.0741693
0.216206
0.0787085
0.208796
0.082272
0.199114
0.0847755
0.187524
0.0861515
0.174382
0.0863496
0.160029
0.0853363
0.144785
0.0830947
0.128947
0.0796238
0.11278
0.0749376
0.0965206
0.0690653
0.0803737
0.0620499
0.0645137
0.0539477
0.049086
0.0448284
0.0342092
0.0347739
0.0199783
0.0238784
0.00646728
0.0122478
-0.00626726
-3.1954e-15
-0.0181828
-0.0127359
-0.0292478
-0.0258192
-0.0394388
-0.0390982
-0.0487377
-0.0524102
-0.0571298
-0.0655823
-0.064602
-0.0784322
-0.0711414
-0.0907696
-0.0767348
-0.102398
-0.0813683
-0.113116
-0.0850273
-0.122724
-0.0876973
-0.131022
-0.0893649
-0.137821
-0.0900189
-0.14294
-0.0896523
-0.146219
-0.0882637
-0.14752
-0.0858595
-0.146736
-0.0824559
-0.143792
-0.0780802
-0.138654
-0.0727731
-0.13133
-0.121876
0.187045
0.0535336
-0.175621
0.194504
0.0607629
0.198252
0.0672535
0.198584
0.072883
0.19583
0.0775455
0.19034
0.081153
0.182479
0.0836357
0.172611
0.0849419
0.161097
0.0850376
0.148281
0.0839059
0.134487
0.081546
0.120016
0.0779724
0.105138
0.0732137
0.0900941
0.0673121
0.0750936
0.0603221
0.060316
0.0523101
0.0459111
0.0433537
0.0320023
0.0335409
0.0186887
0.0229704
0.00604827
0.0117506
-0.00585855
0
-0.016986
-0.012153
-0.0272997
-0.0245702
-0.0367737
-0.0371037
-0.0453882
-0.0495962
-0.053127
-0.0618812
-0.059976
-0.0737839
-0.0659221
-0.0851226
-0.0709519
-0.0957098
-0.0750517
-0.105355
-0.0782074
-0.113867
-0.0804048
-0.121059
-0.0816308
-0.12675
-0.0818743
-0.130771
-0.0811278
-0.132973
-0.0793891
-0.133227
-0.0766629
-0.131433
-0.0729632
-0.127526
-0.0683144
-0.121477
-0.0627535
-0.113302
-0.103059
0.157115
0.048828
-0.143759
0.166524
0.0564516
0.172222
0.0632489
0.17449
0.0691054
0.173645
0.0739253
0.170026
0.0776327
0.16399
0.0801711
0.155894
0.0815032
0.146093
0.0816098
0.134926
0.0804889
0.122716
0.0781542
0.109761
0.0746339
0.0963306
0.0699694
0.082666
0.0642142
0.068978
0.0574329
0.0554475
0.0496998
0.0422267
0.041099
0.0294412
0.0317233
0.0171931
0.0216738
0.00556298
0.0110602
-0.00538606
-3.5293e-20
-0.0156057
-0.0113808
-0.0250595
-0.0229482
-0.0337196
-0.0345599
-0.0415647
-0.0460655
-0.0485777
-0.0573071
-0.0547443
-0.0681196
-0.0600511
-0.0783317
-0.0644851
-0.0877679
-0.0680332
-0.0962501
-0.070682
-0.103601
-0.0724182
-0.109645
-0.0732293
-0.114218
-0.0731043
-0.117163
-0.0720354
-0.118344
-0.0700195
-0.117645
-0.0670595
-0.114979
-0.0631667
-0.110291
-0.0583621
-0.103561
-0.0526782
-0.0948129
-0.0841126
0.127358
0.0421248
-0.112743
0.138175
0.0499982
0.1454
0.0569954
0.149286
0.0630086
0.150123
0.0679513
0.148232
0.0717577
0.143945
0.0743828
0.137602
0.0758012
0.129543
0.0760061
0.120094
0.0750077
0.109567
0.0728314
0.0982485
0.0695164
0.0864037
0.065114
0.0742676
0.0596866
0.0620474
0.0533056
0.0499215
0.0460514
0.0380409
0.0380119
0.0265311
0.029282
0.0154944
0.0199635
0.00501233
0.0101646
-0.00485079
0
-0.0140454
-0.0104091
-0.0225337
-0.0209351
-0.0302869
-0.0314434
-0.037283
-0.0417932
-0.0435046
-0.0518372
-0.0489372
-0.0614226
-0.053568
-0.0703916
-0.0573847
-0.0785831
-0.0603753
-0.0858345
-0.0625274
-0.0919845
-0.0638287
-0.0968756
-0.0642675
-0.100358
-0.0638333
-0.102296
-0.062518
-0.102566
-0.0603175
-0.101071
-0.0572329
-0.0977361
-0.0532725
-0.0925206
-0.0484535
-0.0854176
-0.0428039
-0.0764592
-0.0657189
0.0987946
0.0340321
-0.0837486
0.110332
0.0418913
0.118524
0.0488738
0.123587
0.0548788
0.125774
0.0598272
0.125368
0.0636617
0.122671
0.0663462
0.117994
0.0678644
0.111648
0.0682185
0.103937
0.0674272
0.095151
0.0655239
0.0855616
0.0625549
0.0754171
0.0585779
0.0649411
0.0536598
0.0543309
0.0478759
0.0437577
0.0413085
0.033367
0.0340461
0.0232802
0.0261826
0.0135971
0.017817
0.00439781
0.00905319
-0.00425426
0
-0.0123099
-0.00922901
-0.0197312
-0.0185153
-0.0264896
-0.0277352
-0.032563
-0.03676
-0.0379345
-0.0454564
-0.04259
-0.0536867
-0.0465177
-0.0613095
-0.0497065
-0.0681816
-0.0521456
-0.0741593
-0.053824
-0.0791006
-0.0547309
-0.0828685
-0.0548553
-0.0853338
-0.0541873
-0.0863794
-0.0527189
-0.0859041
-0.0504448
-0.083827
-0.0473644
-0.0800923
-0.0434831
-0.0746729
-0.0388145
-0.0675748
-0.0333819
-0.05884
-0.0485485
0.0723922
0.0252771
-0.0578589
0.0838442
0.0327357
0.0923318
0.0393763
0.0980221
0.0451053
0.101122
0.0498507
0.10187
0.0535624
0.100523
0.0562106
0.0973521
0.057785
0.0926305
0.0582928
0.0866276
0.0577571
0.0796028
0.0562148
0.0718
0.0537144
0.0634444
0.0503149
0.0547396
0.0460832
0.0458665
0.0410933
0.0369826
0.0354251
0.0282226
0.0291629
0.0196998
0.0223954
0.0115076
0.0152148
0.00372147
0.00771666
-0.00359851
0
-0.0104054
-0.00783288
-0.0166632
-0.0156762
-0.0223443
-0.0234206
-0.0274279
-0.0309533
-0.0318981
-0.0381582
-0.0357422
-0.0449161
-0.0389494
-0.0511061
-0.0415103
-0.056606
-0.0434156
-0.0612943
-0.0446561
-0.0650523
-0.0452221
-0.0677662
-0.0451042
-0.0693306
-0.044293
-0.069651
-0.0427806
-0.0686484
-0.0405612
-0.0662622
-0.0376325
-0.0624546
-0.0339976
-0.0572137
-0.0296667
-0.0505572
-0.0246592
-0.0425346
-0.0332293
0.0490268
0.0166653
-0.0360179
0.0595076
0.0232228
0.0675296
0.0290839
0.0732087
0.0341653
0.0766994
0.0384038
0.0781858
0.0417557
0.0778737
0.0441961
0.0759821
0.0457179
0.0727362
0.0463296
0.0683602
0.046054
0.0630721
0.0449261
0.0570786
0.0429916
0.0505719
0.0403044
0.0437271
0.0369259
0.0367004
0.0329229
0.0296288
0.0283666
0.0226304
0.023332
0.0158046
0.0178968
0.00923401
0.0121412
0.00298589
0.0061475
-0.0028861
9.17681e-15
-0.00833985
-0.00621485
-0.0133429
-0.0124085
-0.0178706
-0.0184903
-0.0219044
-0.0243675
-0.0254301
-0.0299452
-0.028437
-0.0351272
-0.030916
-0.0398163
-0.0328595
-0.0439154
-0.03426
-0.0473289
-0.03511
-0.0499642
-0.0354016
-0.0517341
-0.0351266
-0.0525588
-0.0342768
-0.052369
-0.0328448
-0.0511085
-0.0308245
-0.0487373
-0.0282128
-0.0452348
-0.0250111
-0.0406023
-0.021227
-0.0348658
-0.0168766
-0.0280775
-0.0203175
0.0294511
0.00903726
-0.0189962
0.0380344
0.0140949
0.0447742
0.0186395
0.0497379
0.0226041
0.0530261
0.0259379
0.054766
0.0286057
0.0551044
0.0305876
0.0542016
0.0318776
0.0522251
0.0324825
0.049344
0.0324206
0.0457247
0.0317198
0.0415264
0.0304164
0.0368984
0.0285534
0.0319776
0.0261793
0.0268873
0.0233468
0.0217359
0.0201118
0.0166176
0.0165328
0.0116121
0.0126699
0.00678618
0.00858473
0.00219421
0.00434017
-0.00212009
0
-0.00612235
-0.00437093
-0.00978602
-0.00870678
-0.013091
-0.0129407
-0.0160222
-0.0170047
-0.0185685
-0.0208304
-0.0207213
-0.0243484
-0.0224738
-0.0274897
-0.0238205
-0.0301861
-0.0247557
-0.032371
-0.0252739
-0.0339811
-0.0253691
-0.0349577
-0.0250348
-0.0352482
-0.0242643
-0.0348087
-0.0230511
-0.0336053
-0.0213898
-0.0316169
-0.0192773
-0.0288368
-0.0167141
-0.0252746
-0.013706
-0.0209583
-0.0102662
-0.0159349
-0.0102713
0.014269
0.00322311
-0.00736412
0.0200306
0.006109
0.0246497
0.00871886
0.0281548
0.011012
0.0305979
0.0129574
0.0320499
0.0145331
0.032597
0.0157264
0.0323354
0.0165329
0.0313683
0.0169558
0.0298012
0.0170054
0.0277395
0.0166975
0.0252849
0.0160531
0.0225337
0.0150971
0.0195751
0.0138578
0.0164897
0.0123658
0.0133492
0.0106536
0.0102159
0.00875503
0.0071432
0.00670481
0.00417569
0.0045383
0.00135009
0.00229132
-0.00130404
-1.02628e-14
-0.00376341
-0.0022992
-0.00601002
-0.00456957
-0.00803028
-0.00677414
-0.00981411
-0.00887574
-0.0113541
-0.0108371
-0.0126448
-0.0126211
-0.0136819
-0.014191
-0.014462
-0.0155111
-0.0149816
-0.016547
-0.0152374
-0.0172665
-0.0152252
-0.0176404
-0.014941
-0.0176436
-0.0143799
-0.0172558
-0.0135373
-0.016463
-0.0124095
-0.0152582
-0.0109939
-0.0136427
-0.00929083
-0.0116266
-0.00730459
-0.00923037
-0.00504495
-0.00648439
-0.00342989
0.00391816
-0.00147679
0.00597748
0.00765074
0.00894395
0.00987178
0.0104561
0.0107244
0.0107084
0.0104427
0.00996311
0.00930584
0.0085062
0.00759788
0.00661223
0.00557784
0.00452024
0.00346176
0.00242158
0.00141581
0.000457724
-0.000441974
-0.00127485
-0.00203441
-0.00271579
-0.00331544
-0.00383078
-0.00425998
-0.00460167
-0.0048547
-0.00501798
-0.0050903
-0.00507025
-0.00495617
-0.00474625
-0.00443859
-0.00403153
-0.00352399
-0.00291592
-0.00220887
-0.00140664
-0.00472548
0.00112391
-0.0144177
0.00425447
-0.0284013
0.00908866
-0.0458523
0.0155004
-0.0658363
0.0232926
-0.0873529
0.0322021
-0.109383
0.0419088
-0.130936
0.0520498
-0.151093
0.0622365
-0.169045
0.0720744
-0.184123
0.0811835
-0.195811
0.0892172
-0.203764
0.0958794
-0.2078
0.100937
-0.207895
0.104231
-0.204169
0.105674
0.105254
-0.00814564
0.00156582
-0.0203335
0.00540934
-0.0358738
0.0105922
-0.0539794
0.0169735
-0.0737993
0.0243617
-0.0944548
0.0325201
-0.115076
0.0411762
-0.13484
0.0500324
-0.152995
0.0587795
-0.168898
0.0671109
-0.182023
0.0747364
-0.191978
0.0813956
-0.198512
0.0868688
-0.201504
0.0909853
-0.200966
0.0936284
-0.197023
0.0947374
0.0943058
-0.0110288
0.00185774
-0.0252025
0.00612607
-0.0418528
0.0114072
-0.0602545
0.01756
-0.0796535
0.0244089
-0.0992955
0.0317499
-0.118454
0.0393573
-0.136454
0.0469932
-0.152699
0.0544167
-0.166682
0.0613941
-0.178004
0.067708
-0.186375
0.0731665
-0.191622
0.0776097
-0.193678
0.080915
-0.192582
0.0830002
-0.188461
0.0838238
0.0833841
-0.0133558
0.0020133
-0.0290128
0.00645042
-0.0463506
0.0116179
-0.0647227
0.0173845
-0.0834788
0.0235973
-0.101987
0.0300862
-0.119651
0.0366705
-0.135935
0.0431644
-0.15037
0.0493847
-0.162571
0.0551569
-0.172242
0.0603219
-0.179182
0.0647411
-0.183279
0.0683008
-0.18451
0.0709155
-0.182935
0.0725291
-0.178686
0.0731149
0.072675
-0.0151259
0.0020494
-0.0317834
0.00643633
-0.0494179
0.0113183
-0.0674711
0.0165804
-0.0853975
0.0220949
-0.10268
0.0277255
-0.118845
0.0333312
-0.133473
0.0387714
-0.146209
0.0439099
-0.156769
0.04862
-0.164945
0.0527878
-0.170603
0.0563159
-0.173686
0.0591258
-0.174205
0.0611597
-0.172236
0.0623811
-0.167912
0.0627743
0.0623441
-0.0163548
0.00198519
-0.03356
0.00614288
-0.0511377
0.0106076
-0.0686209
0.0152838
-0.0855654
0.0200694
-0.101561
0.0248586
-0.116239
0.0295455
-0.129286
0.0340264
-0.140439
0.0382033
-0.149501
0.0419865
-0.156334
0.0452971
-0.160861
0.0480688
-0.163064
0.0502492
-0.162982
0.051801
-0.160703
0.0527017
-0.156359
0.0529437
0.0525335
-0.0170713
0.00184104
-0.0344098
0.00563134
-0.0516184
0.00958574
-0.0683196
0.0136285
-0.0841632
0.0176814
-0.0988344
0.0216658
-0.112059
0.0255044
-0.123607
0.0291236
-0.1333
0.0324553
-0.141005
0.0354382
-0.146643
0.0380195
-0.150182
0.0401557
-0.151636
0.0418136
-0.151062
0.0429705
-0.148556
0.0436139
-0.144249
0.0437417
0.0433611
-0.0173154
0.00163758
-0.0344168
0.00496252
-0.0509871
0.00834945
-0.0667324
0.0117413
-0.0813876
0.0150807
-0.0947209
0.0183116
-0.106537
0.0213801
-0.11668
0.0242359
-0.125033
0.0268334
-0.13152
0.0291327
-0.136107
0.0310999
-0.138795
0.0327082
-0.139623
0.0339378
-0.13866
0.034776
-0.136008
0.0352172
-0.131792
0.0352627
0.0349198
-0.0171345
0.00139482
-0.0336759
0.00419436
-0.049382
0.00698913
-0.0640344
0.00973835
-0.0774421
0.0124021
-0.0894439
0.0149423
-0.0999099
0.0173231
-0.108743
0.0195119
-0.115877
0.0214798
-0.121282
0.023202
-0.124953
0.0246584
-0.12692
0.0258334
-0.127237
0.0267164
-0.125983
0.0273015
-0.12326
0.0275874
-0.119187
0.0275772
0.0272781
-0.0165809
0.00113143
-0.0322881
0.00338009
-0.0469465
0.00558635
-0.060403
0.00772283
-0.0725294
0.00976337
-0.0832225
0.0116835
-0.0924053
0.013461
-0.100027
0.015076
-0.106062
0.0165113
-0.11051
0.0177529
-0.113394
0.0187896
-0.11476
0.0196138
-0.114674
0.0202205
-0.113218
0.0206082
-0.110493
0.020778
-0.10661
0.0207338
0.020482
-0.0157089
0.000864189
-0.0303555
0.00256693
-0.0438222
0.00421231
-0.0560109
0.00578326
-0.066844
0.00726389
-0.0762649
0.00863977
-0.0842375
0.00989811
-0.0907463
0.0110279
-0.0957953
0.01202
-0.0994075
0.0128674
-0.101623
0.0135649
-0.1025
0.0141094
-0.102108
0.0144997
-0.100532
0.0147366
-0.0978671
0.0148223
-0.0942189
0.0147609
0.0145577
-0.0145721
0.00060766
-0.0279771
0.00179539
-0.0401446
0.00292711
-0.0510202
0.00399322
-0.0605663
0.00498507
-0.0687615
0.00589508
-0.0756006
0.0067168
-0.0810934
0.00744499
-0.0852647
0.00807562
-0.0881529
0.00860589
-0.0898093
0.00903424
-0.0902965
0.00936025
-0.0896877
0.00958466
-0.0880647
0.00970921
-0.0855174
0.00973661
-0.0821416
0.00967037
0.00951475
-0.0132215
0.00037408
-0.0252454
0.00109906
-0.0360378
0.00177987
-0.0455779
0.00241192
-0.0538576
0.0029913
-0.060881
0.00351477
-0.0666642
0.00397979
-0.0712343
0.00438459
-0.0746291
0.00472806
-0.0768963
0.00500983
-0.0780923
0.00523017
-0.0782813
0.00538999
-0.0775349
0.00549078
-0.0759304
0.00553453
-0.0735501
0.0055237
-0.0704804
0.00546113
0.00534996
-0.0117036
0.000173405
-0.0222433
0.000504976
-0.031612
0.00080956
-0.0398126
0.00108562
-0.0468571
0.00133202
-0.0527667
0.00154799
-0.0575707
0.00173318
-0.0613064
0.0018876
-0.0640186
0.00201162
-0.0657585
0.00210597
-0.0665832
0.00217166
-0.0665553
0.00221001
-0.0657418
0.00222257
-0.0642134
0.00221109
-0.062044
0.00217749
-0.0593096
0.00212382
0.00205217
-0.0100594
1.35235e-05
-0.0190427
3.43713e-05
-0.026961
4.63863e-05
-0.033832
4.96341e-05
-0.0396798
4.43652e-05
-0.044535
3.10077e-05
-0.0484338
1.01573e-05
-0.0514176
-1.74371e-05
-0.0535327
-5.08882e-05
-0.0548298
-8.91887e-05
-0.0553631
-0.000131232
-0.0551904
-0.000175832
-0.054372
-0.00022175
-0.0529706
-0.000267714
-0.0510504
-0.000312445
-0.048677
-0.000354683
-0.000393207
-0.00832328
-9.94265e-05
-0.0157036
-0.000296358
-0.0221616
-0.000486532
-0.0277225
-0.000669252
-0.032416
-0.000843768
-0.0362757
-0.00100929
-0.0393389
-0.001165
-0.0416463
-0.00131004
-0.0432418
-0.00144356
-0.0441716
-0.00156469
-0.0444844
-0.00167259
-0.0442306
-0.00176644
-0.0434624
-0.00184544
-0.0422329
-0.00190887
-0.0405961
-0.00195605
-0.0386064
-0.00198639
-0.00199937
-0.00652359
-0.000160685
-0.0122736
-0.000474508
-0.0172736
-0.000771276
-0.0215502
-0.00105022
-0.0251326
-0.00131061
-0.0280527
-0.00155173
-0.0303444
-0.0017729
-0.0320439
-0.00197347
-0.0331888
-0.00215286
-0.0338184
-0.00231051
-0.0339733
-0.00244595
-0.0336951
-0.00255874
-0.0330258
-0.00264853
-0.0320084
-0.00271506
-0.0306857
-0.00275812
-0.0291009
-0.00277759
-0.00277348
-0.00468246
-0.000166499
-0.00878924
-0.000489967
-0.0123415
-0.000793344
-0.0153621
-0.00107606
-0.0178755
-0.00133761
-0.0199076
-0.00157752
-0.0214856
-0.00179538
-0.0226377
-0.00199083
-0.0233931
-0.00216357
-0.0237818
-0.00231335
-0.0238343
-0.00243999
-0.0235817
-0.00254339
-0.0230553
-0.0026235
-0.0222864
-0.00268032
-0.0213066
-0.00271397
-0.0201471
-0.00272459
-0.00271242
-0.00281683
-0.000113802
-0.00527748
-0.000334278
-0.00739653
-0.000540151
-0.00918946
-0.000731134
-0.0106726
-0.000906976
-0.0118628
-0.00106746
-0.0127778
-0.00121243
-0.0134357
-0.00134173
-0.0138551
-0.00145528
-0.0140548
-0.00155303
-0.0140541
-0.00163497
-0.0138722
-0.00170113
-0.0135285
-0.00175157
-0.0130425
-0.00178642
-0.0124334
-0.00180583
-0.0117203
-0.00181
-0.00179917
-0.000939636
0
-0.00175792
0
-0.00246014
0
-0.00305182
1.76772e-19
-0.00353875
3.97285e-19
-0.00392693
2.20512e-19
-0.00422255
0
-0.00443194
0
-0.00456155
0
-0.00461792
0
-0.00460768
-2.37285e-19
-0.00453747
2.02028e-20
-0.00441394
5.34826e-19
-0.00424373
2.77339e-19
-0.00403342
-3.15878e-19
-0.00378952
1.86355e-20
3.34513e-19
0.000938741
0.000177108
0.00175446
0.000519523
0.00245261
0.000838321
0.00303892
0.00113313
0.00351935
0.00140365
0.00390009
0.00164965
0.00418751
0.00187097
0.00438813
0.00206749
0.0045086
0.00223921
0.00455565
0.00238614
0.00453607
0.00250839
0.00445669
0.00260613
0.00432435
0.00267958
0.00414586
0.00272905
0.00392796
0.00275487
0.00367734
0.00275746
0.0027373
0.0028088
0.000419234
0.00524638
0.00122991
0.00732891
0.00198518
0.00907349
0.00268401
0.010498
0.00332556
0.0116212
0.00390914
0.0124624
0.00443425
0.0130412
0.00490059
0.0133781
0.005308
0.0134937
0.00565652
0.0134086
0.00594633
0.013144
0.0061778
0.0127207
0.00635145
0.0121598
0.00646799
0.0114822
0.00652823
0.0107083
0.00653318
0.00648398
0.00466025
0.00072732
0.00870317
0.00213496
0.0121542
0.00344894
0.0150405
0.0046669
0.0173912
0.00578687
0.0192367
0.00680719
0.0206089
0.00772657
0.0215407
0.00854408
0.022066
0.00925912
0.0222194
0.00987144
0.0220363
0.0103811
0.0215522
0.0107886
0.0208031
0.0110946
0.0198247
0.0113002
0.0186529
0.0114067
0.0173231
0.0114159
0.0113296
0.00648038
0.00110108
0.0121059
0.00323537
0.0169081
0.00523397
0.0209219
0.00709206
0.0241853
0.00880544
0.0267389
0.0103705
0.0286257
0.0117843
0.029891
0.0130444
0.0305818
0.0141491
0.0307467
0.0150972
0.0304356
0.0158882
0.0296992
0.0165223
0.0285887
0.0169999
0.0271559
0.0173225
0.0254524
0.0174916
0.0235297
0.0175098
0.0173797
0.00825259
0.00153835
0.0154287
0.00452688
0.0215614
0.00733788
0.0266891
0.00996221
0.0308551
0.0123917
0.0341075
0.0146192
0.0364983
0.0166386
0.0380835
0.0184446
0.0389221
0.0200332
0.039076
0.0214012
0.0386096
0.0225465
0.0375888
0.0234682
0.0360811
0.0241661
0.0341549
0.0246411
0.0318789
0.0248951
0.0293219
0.024931
0.0247524
0.00995529
0.00203437
0.018637
0.00599819
0.026073
0.00974816
0.0322994
0.0132682
0.0373602
0.0165436
0.0413064
0.0195613
0.0441961
0.0223096
0.0460931
0.0247784
0.0470668
0.0269594
0.0471913
0.0288457
0.0465449
0.0304321
0.045209
0.0317153
0.0432678
0.0326934
0.0408074
0.033366
0.0379149
0.0337346
0.0346783
0.0338021
0.0335728
0.0115611
0.0025809
0.0216858
0.00762843
0.0303881
0.0124383
0.0376944
0.0169839
0.0436425
0.0212406
0.0482812
0.0251858
0.0516695
0.028799
0.053876
0.0320625
0.0549776
0.0349605
0.0550589
0.0374802
0.0542111
0.0396109
0.052531
0.041345
0.0501201
0.0426769
0.0470832
0.0436041
0.0435278
0.0441263
0.0395626
0.0442457
0.043967
0.0130365
0.00316539
0.0245189
0.00938474
0.0344372
0.0153639
0.0427982
0.0210612
0.0496253
0.0264372
0.0549577
0.0314554
0.0588496
0.0360824
0.0613692
0.0402881
0.0625973
0.0440458
0.0626267
0.0473329
0.0615601
0.0501301
0.0595092
0.0524223
0.0565933
0.0541983
0.0529372
0.0554509
0.0486703
0.0561768
0.0439249
0.0563764
0.056054
0.0143421
0.00377023
0.0270698
0.0112199
0.0381364
0.0184587
0.047518
0.0254241
0.0552133
0.0320564
0.0612427
0.0382994
0.0656479
0.0441007
0.0684905
0.0494126
0.0698508
0.0541921
0.0698258
0.0584015
0.0685281
0.0620087
0.0660834
0.0649873
0.062629
0.0673166
0.0583113
0.0689821
0.0532836
0.069975
0.0477046
0.0702924
0.0699373
0.0154333
0.0043721
0.0292619
0.0130703
0.0413886
0.0216311
0.0517454
0.0299647
0.0602938
0.0379841
0.0670248
0.0456063
0.0719582
0.0527527
0.0751411
0.0593508
0.0766467
0.0653343
0.0765725
0.0706441
0.0750378
0.0752289
0.0721812
0.0790454
0.0681582
0.0820591
0.0631379
0.0842439
0.0573006
0.0855825
0.0508341
0.0860664
0.0856958
0.0162612
0.00494161
0.0310108
0.0148548
0.0440855
0.0247618
0.0553582
0.0345387
0.0647395
0.0440634
0.0721778
0.0532174
0.0776594
0.0618874
0.0812076
0.0699669
0.0828811
0.0773574
0.0827717
0.08397
0.0810019
0.0897261
0.0777216
0.0945585
0.0731045
0.0984121
0.0673441
0.101244
0.0606501
0.103025
0.0532437
0.103736
0.103374
0.016775
0.00544331
0.0322271
0.0164743
0.0461111
0.0277027
0.058225
0.0389635
0.0684121
0.0500912
0.0765637
0.0609223
0.0826193
0.0712982
0.0865666
0.0810675
0.0884406
0.0900887
0.0883204
0.098232
0.0863272
0.105381
0.0826195
0.111436
0.0773891
0.116313
0.0708557
0.119944
0.0632615
0.122281
0.0548656
0.123295
0.122972
0.0169232
0.00583602
0.0328194
0.017812
0.0473459
0.0302764
0.0602086
0.043017
0.0711667
0.0558163
0.0800376
0.0684555
0.0866987
0.0807188
0.0910888
0.0923972
0.0932074
0.103292
0.093113
0.11322
0.0909192
0.122015
0.0867903
0.12953
0.0809355
0.135641
0.0736025
0.140249
0.06507
0.14328
0.0556401
0.144684
0.14444
0.0166569
0.00607369
0.0326988
0.0187362
0.0476714
0.0322794
0.0611718
0.0464398
0.0728574
0.0609404
0.0824531
0.0754964
0.0897572
0.0898219
0.0946439
0.103635
0.0970643
0.116666
0.0970456
0.128658
0.0946868
0.139381
0.0901542
0.148625
0.0836737
0.156215
0.0755228
0.162006
0.066021
0.165888
0.0555195
0.167787
0.167665
0.0159317
0.00610671
0.0317828
0.0191025
0.0469757
0.0334852
0.0609833
0.0489387
0.0733428
0.0651209
0.0836679
0.0816714
0.0916585
0.0982201
0.0971063
0.114396
0.0998993
0.129838
0.100021
0.144201
0.0975468
0.157165
0.0926409
0.168444
0.0855446
0.177789
0.0765675
0.184996
0.0660745
0.189909
0.0544731
0.19242
0.192472
0.0147112
0.00588372
0.0300004
0.0187595
0.0451594
0.033651
0.0595235
0.0501937
0.0724928
0.067978
0.0835499
0.0865594
0.0922757
0.105471
0.0983603
0.124234
0.101611
0.142376
0.101952
0.159437
0.0994286
0.174987
0.094194
0.188638
0.0865044
0.200049
0.0767037
0.208937
0.0652086
0.215083
0.0524902
0.218337
0.218614
0.0129694
0.00535381
0.0272967
0.0175539
0.042141
0.0325258
0.0566913
0.0498671
0.0701945
0.0691033
0.0819832
0.0897011
0.0914978
0.111084
0.0983053
0.132648
0.102112
0.153783
0.10277
0.173891
0.100277
0.192404
0.0947735
0.208799
0.0865267
0.222619
0.075918
0.233481
0.063422
0.241084
0.0495832
0.245221
0.245776
0.0106936
0.00446914
0.0236371
0.0153384
0.0378632
0.0298609
0.0524098
0.0476153
0.0663591
0.0680726
0.0788747
0.0906104
0.089235
0.114532
0.0968609
0.139092
0.101337
0.163517
0.102422
0.187039
0.100058
0.208916
0.0943596
0.228462
0.0856056
0.245068
0.0742178
0.258223
0.060736
0.267524
0.0457886
0.272692
0.273571
0.00788657
0.00318778
0.0190123
0.0119791
0.0322978
0.0254206
0.0466329
0.0431029
0.0609271
0.0644608
0.0741591
0.0887899
0.0854236
0.115269
0.0939714
0.142992
0.0992413
0.170997
0.100881
0.19831
0.0987575
0.22398
0.092954
0.247114
0.083757
0.266915
0.0716326
0.282708
0.0571947
0.293964
0.0411678
0.300313
0.301551
0.00456872
0.0134409
0.0254504
0.0393501
0.0538744
0.0678046
0.0800311
0.0896101
0.0958097
0.0981431
0.0963866
0.0905811
0.0810186
0.0682139
0.0528651
0.0358059
-0.0333929
-0.382024
0.01569
-0.0505403
-0.385855
-0.0652938
-0.375372
-0.0758612
-0.350523
-0.0807044
-0.31244
-0.0787155
-0.263362
-0.0693335
-0.206417
-0.0525917
-0.145316
-0.0291029
-0.0840067
-1.42807e-09
-0.0263483
0.0331464
0.024169
0.068423
0.0646555
0.103682
0.0930085
0.136673
0.108064
0.165208
0.109709
0.187357
0.0989292
0.201663
0.0777599
0.207319
0.049104
0.204292
0.0164218
-0.0166783
0.193329
-0.0323657
-0.360046
0.0149755
-0.0491145
-0.362086
-0.0634783
-0.351102
-0.0737575
-0.327108
-0.0784849
-0.29115
-0.076589
-0.245241
-0.0675093
-0.192189
-0.0512515
-0.135341
-0.0283856
-0.0782895
-1.37764e-09
-0.0245769
0.0323761
0.0225696
0.0668701
0.0604656
0.101383
0.0871559
0.133727
0.10156
0.161797
0.103572
0.183748
0.0940849
0.198197
0.0749344
0.204371
0.0487246
0.202212
0.0185522
-0.0123446
0.192375
-0.0311602
-0.336166
0.0141845
-0.0474175
-0.336664
-0.0613095
-0.325398
-0.071234
-0.302447
-0.0758023
-0.268776
-0.0739905
-0.226193
-0.0652497
-0.177204
-0.0495665
-0.124806
-0.027471
-0.0722327
-1.31698e-09
-0.0226948
0.0313741
0.0208661
0.0648408
0.0559933
0.0983713
0.0808939
0.129862
0.0945752
0.157296
0.0969287
0.178921
0.0887473
0.193421
0.0716599
0.200054
0.0479733
0.198731
0.0204302
-0.00808968
0.190018
-0.0298029
-0.310828
0.0133392
-0.0454801
-0.310026
-0.0588236
-0.29869
-0.0683322
-0.276952
-0.0727025
-0.245704
-0.0709669
-0.20656
-0.0625981
-0.161746
-0.0475715
-0.113919
-0.0263788
-0.0659603
-1.24734e-09
-0.0207414
0.0301622
0.0190944
0.0623773
0.0513318
0.0947063
0.0743492
0.125144
0.0872432
0.151776
0.0899007
0.172943
0.0830084
0.187396
0.0679884
0.194417
0.0468569
0.193889
0.0220157
-0.0040004
0.186289
-0.0283201
-0.284483
0.0124608
-0.0433343
-0.282617
-0.0560585
-0.271408
-0.0650959
-0.251032
-0.0692336
-0.222309
-0.0675676
-0.186674
-0.0596007
-0.146085
-0.0453028
-0.102879
-0.0251296
-0.0595905
-1.17003e-09
-0.0187543
0.0287636
0.0172887
0.0595253
0.0465702
0.0904526
0.0676441
0.119652
0.0796969
0.145321
0.0826098
0.165897
0.0769632
0.180198
0.0639774
0.187531
0.0453894
0.187747
0.0232759
-0.000157226
0.181238
-0.0267373
-0.257581
0.0115684
-0.0410124
-0.254877
-0.0530533
-0.243976
-0.0615704
-0.225086
-0.0654455
-0.198955
-0.063844
-0.16685
-0.0563049
-0.130479
-0.0427981
-0.0918731
-0.023745
-0.0532341
-1.08643e-09
-0.0167686
0.0272027
0.015481
0.056334
0.0417927
0.0856804
0.0608949
0.113473
0.0720639
0.138027
0.0751755
0.157881
0.0707079
0.171924
0.0596889
0.179484
0.0435913
0.180384
0.024186
0.00336762
0.174936
-0.0250784
-0.230563
0.0106786
-0.0385461
-0.227234
-0.0498475
-0.216801
-0.0578021
-0.199492
-0.0613895
-0.175984
-0.0598487
-0.147384
-0.0527597
-0.115166
-0.0400963
-0.0810727
-0.0222471
-0.0469925
-9.9792e-10
-0.0148166
0.0255051
0.013701
0.052855
0.0370769
0.0804651
0.0542103
0.106699
0.0644649
0.129999
0.0677135
0.149008
0.0643385
0.162684
0.0551881
0.170382
0.0414898
0.171899
0.0247298
0.00651175
0.167472
-0.0233657
-0.203849
0.00980497
-0.0359662
-0.200095
-0.0464803
-0.190267
-0.0538379
-0.174604
-0.0571177
-0.153711
-0.0556352
-0.128544
-0.0490147
-0.10036
-0.0372368
-0.0706333
-0.0206585
-0.040957
-9.05927e-10
-0.0129271
0.0236973
0.0119752
0.049142
0.0324933
0.0748859
0.0476894
0.0994326
0.0570121
0.121354
0.0603331
0.139401
0.0579484
0.152605
0.0505423
0.16035
0.0391178
0.162411
0.0249
0.00922403
0.158955
-0.021619
-0.177837
0.00895786
-0.0333024
-0.173838
-0.0429909
-0.164729
-0.0497247
-0.150746
-0.0526826
-0.132422
-0.0512577
-0.110574
-0.0451201
-0.086254
-0.0342595
-0.0606913
-0.019002
-0.0352076
-8.11872e-10
-0.0111254
0.0218061
0.0103268
0.0452504
0.0281041
0.0690251
0.0414211
0.0917775
0.0498069
0.112213
0.0531356
0.129194
0.051627
0.141827
0.045819
0.149527
0.0365131
0.152052
0.0246987
0.0114656
0.14951
-0.019856
-0.152887
0.0081444
-0.0305831
-0.148807
-0.0394177
-0.140503
-0.0455097
-0.128202
-0.048137
-0.112368
-0.0467703
-0.0936807
-0.0411263
-0.0730109
-0.0312043
-0.0513628
-0.0173007
-0.0298121
-7.17168e-10
-0.00943312
0.0198585
0.00877571
0.041236
0.0239626
0.0629666
0.0354821
0.0838431
0.0429391
0.102706
0.0462128
0.118529
0.0454581
0.130499
0.0410852
0.138063
0.0337179
0.140973
0.0241365
0.0132108
0.139278
-0.0180921
-0.129322
0.0073687
-0.0278353
-0.125303
-0.0357983
-0.117865
-0.0412394
-0.107219
-0.0435335
-0.0937568
-0.0422273
-0.0780384
-0.0370834
-0.0607658
-0.0281109
-0.0427428
-0.0155772
-0.0248256
-6.23211e-10
-0.00786762
0.0178818
0.00733817
0.0371551
0.0201127
0.0567957
0.0299369
0.0757406
0.0364854
0.0929651
0.0396453
0.107557
0.0395182
0.11878
0.0364053
0.126123
0.0307776
0.129332
0.023233
0.0144473
0.128412
-0.0163412
-0.107417
0.00663222
-0.0250849
-0.103579
-0.03217
-0.0970426
-0.03696
-0.0879942
-0.0389242
-0.0767582
-0.0376822
-0.0637836
-0.0330408
-0.0496232
-0.0250184
-0.0349041
-0.013854
-0.0202904
-5.31359e-10
-0.00644229
0.0159025
0.00602664
0.0330636
0.0165888
0.0505971
0.0248368
0.0675819
0.0305085
0.0831259
0.0335015
0.0964285
0.0338751
0.106835
0.0318406
0.113877
0.0277399
0.117301
0.022016
0.0151769
0.117075
-0.0146153
-0.0873985
0.00593424
-0.0223568
-0.0838403
-0.0285692
-0.0782132
-0.0327175
-0.0706784
-0.0343607
-0.0614956
-0.0331879
-0.0510141
-0.0290473
-0.0396565
-0.0219653
-0.0278972
-0.012153
-0.0162355
-4.42925e-10
-0.00516635
0.0139469
0.00484985
0.0290161
0.0134155
0.0444546
0.0202197
0.0594781
0.0250569
0.0733233
0.027837
0.085299
0.0285875
0.0948315
0.0274476
0.101499
0.0246539
0.105056
0.0205207
0.0154147
0.105439
-0.0129255
-0.0694365
0.00527255
-0.0196751
-0.0662329
-0.0250319
-0.0615005
-0.028557
-0.0553717
-0.0298939
-0.0480473
-0.0287963
-0.039789
-0.0251502
-0.0309082
-0.0189886
-0.0217504
-0.0104954
-0.0126769
-3.59162e-10
-0.00404497
0.0120402
0.00381285
0.0250657
0.0106076
0.0384498
0.0161103
0.0515381
0.0201645
0.0636905
0.0226937
0.0743219
0.0237034
0.0829389
0.0232773
0.0891681
0.0215691
0.0927766
0.0187892
0.0151892
0.0936803
-0.0112825
-0.0536446
0.00464412
-0.017064
-0.050848
-0.0215937
-0.0469728
-0.0245231
-0.0421227
-0.0255736
-0.0364455
-0.0245578
-0.0301284
-0.0213955
-0.0233902
-0.0161242
-0.0164704
-0.00890155
-0.00961827
-2.81249e-10
-0.00307939
0.0102065
0.00291712
0.0212631
0.00817071
0.0326608
0.0125199
0.0438669
0.0158505
0.0543571
0.0181
0.0636477
0.0192602
0.0713231
0.0193746
0.0770602
0.0185342
0.0806437
0.0168695
0.0145412
0.0819759
-0.00969711
-0.0400781
0.0040458
-0.0145472
-0.0377183
-0.0182899
-0.0346433
-0.0206596
-0.0309288
-0.0214483
-0.0266774
-0.0205211
-0.0220146
-0.0178271
-0.0170845
-0.0134062
-0.012043
-0.00739064
-0.00705108
-2.10284e-10
-0.0022671
0.00846866
0.00216074
0.0176564
0.00610151
0.027162
0.00944772
0.0365646
0.0121201
0.0454474
0.0140707
0.0534211
0.0152842
0.0601458
0.0157775
0.0653481
0.0155969
0.0688352
0.0148146
0.0135232
0.0705022
-0.00818044
-0.028733
0.00347507
-0.012149
-0.0268186
-0.0151557
-0.0244699
-0.0170095
-0.0217375
-0.0175652
-0.0186863
-0.0167331
-0.0153935
-0.0144868
-0.0119454
-0.0108668
-0.00843452
-0.00598074
-0.00495573
-1.47275e-10
-0.00160215
0.00684789
0.00153863
0.0142902
0.00438824
0.0220225
0.00688075
0.0297249
0.00896522
0.0370779
0.0106075
0.0437797
0.011791
0.0495609
0.0125168
0.0541978
0.0128027
0.0575228
0.0126813
0.012198
0.0594306
-0.00674474
-0.0195477
0.00293065
-0.009894
-0.0180675
-0.0122259
-0.0163579
-0.0136148
-0.0144483
-0.0139694
-0.0123744
-0.0132382
-0.010177
-0.011414
-0.00790085
-0.00853583
-0.00559329
-0.00468851
-0.00330237
-9.31215e-11
-0.00107538
0.00536361
0.00104287
0.0112053
0.00301157
0.0173058
0.00479533
0.0234338
0.00636527
0.0293567
0.00769985
0.034851
0.00878542
0.0397126
0.00961628
0.0437656
0.0101946
0.0468697
0.0105297
0.0106375
0.0489253
-0.00540346
-0.0124046
0.00241302
-0.00780726
-0.0113295
-0.00953479
-0.0101623
-0.010516
-0.00891604
-0.0107039
-0.00760523
-0.0100778
-0.00624599
-0.00864485
-0.00485546
-0.00644069
-0.00345146
-0.00352907
-0.00205199
-4.86171e-11
-0.000674837
0.00403331
0.000662936
0.00843846
0.00194538
0.0130688
0.00315807
0.0177691
0.00428841
0.0223814
0.00532595
0.0267511
0.00626251
0.0307329
0.00709238
0.0341958
0.00781228
0.037028
0.00842135
0.00892103
0.03914
-0.00417146
0.00192483
-0.00591435
-0.00711616
-0.00775173
-0.00780914
-0.00729053
-0.00621251
-0.00460602
-0.00251592
-1.44344e-11
0.00287235
0.00602191
0.00936163
0.012799
0.0162383
0.0195834
0.0227402
0.0256186
0.0281354
0.0302157
0.0110777
0.027649
0.013998
0.036336
0.0171041
0.0459151
0.0203395
0.0562377
0.023648
0.0671405
0.026974
0.0784489
0.0302643
0.0899793
0.0334681
0.101543
0.0365388
0.11295
0.0394333
0.124011
0.0421136
0.134542
0.0445459
0.144368
0.0467014
0.153326
0.0485559
0.161265
0.0500892
0.168055
0.0512856
0.173581
0.052133
0.177751
0.0526227
0.180493
0.0527491
0.181757
0.181517
0.010353
0.0247531
0.0135648
0.0329496
0.0171376
0.0420305
0.0210292
0.0518453
0.0251914
0.0622275
0.0295705
0.0729985
0.0341082
0.08397
0.0387424
0.0949479
0.0434079
0.105736
0.0480375
0.116139
0.0525626
0.125968
0.056914
0.135043
0.061023
0.143195
0.0648216
0.15027
0.0682437
0.156134
0.0712258
0.160672
0.0737076
0.163789
0.0756329
0.165415
0.0769503
0.165503
0.164027
0.00951275
0.0216089
0.0128781
0.0290885
0.0167499
0.0374073
0.0211007
0.0464191
0.0258907
0.0559617
0.0310682
0.0658598
0.03657
0.0759286
0.0423221
0.0859767
0.0482404
0.0958106
0.0542322
0.105238
0.0601974
0.114072
0.0660296
0.122133
0.0716183
0.129255
0.0768503
0.135288
0.0816117
0.140098
0.0857897
0.143571
0.0892745
0.145617
0.0919617
0.146166
0.0937539
0.145175
0.14262
0.00855807
0.0183027
0.0119305
0.0248758
0.0159143
0.0322097
0.0204956
0.0401686
0.0256429
0.0486016
0.0313068
0.057345
0.03742
0.0662256
0.0438977
0.0750641
0.0506391
0.0836784
0.057528
0.0918873
0.0644352
0.0995145
0.0712204
0.106392
0.0777345
0.112361
0.0838226
0.117281
0.0893267
0.121025
0.0940888
0.123486
0.0979545
0.124579
0.100776
0.12424
0.102414
0.122425
0.119117
0.0074923
0.0149234
0.0107211
0.0204465
0.0146171
0.0266243
0.0191781
0.0333376
0.0243801
0.0404533
0.0301765
0.0478268
0.0364981
0.0553049
0.0432533
0.0627282
0.0503287
0.0699351
0.0575912
0.0767643
0.0648898
0.0830585
0.0720581
0.0886672
0.0789178
0.0934498
0.085282
0.0972787
0.0909591
0.100041
0.0957569
0.10164
0.0994867
0.102
0.101968
0.101062
0.103031
0.0987885
0.0951629
0.006321
0.011561
0.00925578
0.0159425
0.0128591
0.0208528
0.0171371
0.0261938
0.0220727
0.0318559
0.0276233
0.0377198
0.0337215
0.043659
0.0402741
0.0495415
0.0471638
0.0552333
0.0542501
0.0606004
0.0613722
0.0655118
0.0683513
0.069842
0.0749947
0.0734734
0.0810995
0.0762988
0.0864572
0.0782232
0.090858
0.0791657
0.0940963
0.0790606
0.0959752
0.0778587
0.0963115
0.0755278
0.072053
0.00505194
0.0083045
0.00754762
0.0115082
0.0106557
0.0151034
0.0143877
0.0190165
0.0187319
0.0231651
0.0236521
0.0274595
0.0290869
0.0318046
0.0349497
0.0361008
0.0411292
0.040247
0.047491
0.0441419
0.0538801
0.047686
0.0601233
0.0507839
0.066033
0.053346
0.0714111
0.05529
0.0760539
0.0565427
0.0797562
0.0570414
0.082317
0.0567349
0.0835438
0.0555843
0.0832583
0.0535637
0.0506605
0.00369499
0.00523962
0.00561641
0.00728545
0.00803743
0.00958308
0.0109709
0.0120848
0.0144098
0.0147371
0.0183264
0.0174819
0.0226706
0.0202572
0.0273709
0.0229985
0.0323342
0.0256399
0.0374472
0.0281153
0.0425785
0.0303597
0.0475805
0.0323104
0.0522932
0.0339083
0.0565473
0.0350988
0.0601682
0.035833
0.0629801
0.0360688
0.0648106
0.0357712
0.065495
0.0349133
0.0648806
0.0334766
0.0314515
0.00226199
0.00244697
0.00348853
0.00340856
0.0050487
0.00448883
0.00695292
0.00566517
0.00919799
0.00691233
0.0117661
0.00820285
0.0146245
0.00950753
0.0177248
0.0107959
0.021004
0.0120368
0.024385
0.013199
0.0277777
0.0142515
0.0310808
0.0151644
0.0341841
0.0159092
0.0369709
0.0164597
0.0393204
0.0167919
0.0411113
0.0168851
0.042224
0.0167218
0.0425447
0.0162881
0.0419674
0.0155744
0.0145751
0.000766514
5.98672e-12
0.00119627
2.00381e-11
0.00174706
3.80219e-11
0.00242322
5.94499e-11
0.00322403
8.37566e-11
0.00414341
1.10309e-10
0.00516963
1.38416e-10
0.00628532
1.67343e-10
0.00746754
1.96321e-10
0.00868807
2.2456e-10
0.00991389
2.51267e-10
0.0111078
2.75653e-10
0.0122291
2.96951e-10
0.0132347
3.1443e-10
0.01408
3.27404e-10
0.0147199
3.35248e-10
0.0151101
3.37411e-10
0.0152081
3.33423e-10
0.0149745
3.22905e-10
3.05583e-10
-0.000776387
-0.00203664
-0.001223
-0.00283398
-0.00179874
-0.00372884
-0.00250871
-0.00470276
-0.00335261
-0.00573532
-0.00432436
-0.00680444
-0.00541184
-0.00788669
-0.00659686
-0.00895766
-0.0078552
-0.00999234
-0.00915698
-0.0109654
-0.0104671
-0.0118518
-0.0117459
-0.0126267
-0.0129499
-0.0132666
-0.014033
-0.0137488
-0.0149473
-0.0140528
-0.0156442
-0.0141597
-0.0160759
-0.0140534
-0.0161965
-0.0137203
-0.0159631
-0.0131502
-0.012336
-0.00235048
-0.00360864
-0.00372783
-0.00500678
-0.0055109
-0.00657384
-0.00771702
-0.00827823
-0.0103467
-0.0100852
-0.0133823
-0.0119574
-0.0167876
-0.0138554
-0.0205071
-0.0157381
-0.0244666
-0.0175632
-0.0285743
-0.0192881
-0.0327218
-0.02087
-0.0367865
-0.0222668
-0.0406335
-0.0234374
-0.0441194
-0.0243427
-0.0470946
-0.0249459
-0.0494075
-0.0252132
-0.0509078
-0.0251149
-0.0514506
-0.0246254
-0.0509002
-0.0237241
-0.0223965
-0.00393871
-0.00467319
-0.00627386
-0.0064542
-0.00930509
-0.00844652
-0.0130641
-0.0106113
-0.017554
-0.0129062
-0.0227479
-0.0152861
-0.028587
-0.0177035
-0.0349806
-0.020109
-0.0418066
-0.022452
-0.0489127
-0.024681
-0.0561192
-0.026744
-0.0632216
-0.0285896
-0.0699953
-0.030167
-0.0761995
-0.0314271
-0.0815834
-0.032323
-0.0858914
-0.032811
-0.088869
-0.0328513
-0.0902698
-0.0324091
-0.0898608
-0.0314551
-0.0299671
-0.00552358
-0.00519989
-0.00881514
-0.00713636
-0.0130933
-0.00929678
-0.0184053
-0.0116409
-0.0247592
-0.0141254
-0.0321214
-0.0167048
-0.0404148
-0.0193313
-0.0495188
-0.0219555
-0.0592693
-0.0245265
-0.0694614
-0.0269925
-0.0798518
-0.0293009
-0.0901634
-0.0313988
-0.100091
-0.0332336
-0.109306
-0.0347534
-0.117465
-0.0359076
-0.124217
-0.0366481
-0.129211
-0.03693
-0.132105
-0.0367127
-0.132574
-0.0359609
-0.034646
-0.00708751
-0.00517131
-0.0113054
-0.00703863
-0.016787
-0.00911436
-0.0235949
-0.0113621
-0.0317439
-0.0137437
-0.0411975
-0.0162192
-0.0518661
-0.0187474
-0.0636066
-0.021286
-0.0762231
-0.0237911
-0.0894694
-0.0262179
-0.103053
-0.0285204
-0.116638
-0.0306517
-0.129856
-0.0325639
-0.142307
-0.034209
-0.153573
-0.0355392
-0.163224
-0.0365076
-0.170829
-0.0370691
-0.175964
-0.0371815
-0.178225
-0.036807
-0.035913
-0.00861324
-0.00458309
-0.0136996
-0.00617164
-0.0202996
-0.00792852
-0.0284907
-0.00982552
-0.0382953
-0.0118339
-0.0496779
-0.0139247
-0.0625425
-0.0160681
-0.076733
-0.018234
-0.0920336
-0.0203911
-0.108172
-0.022507
-0.124821
-0.0245478
-0.14161
-0.0264779
-0.158124
-0.02826
-0.173915
-0.0298554
-0.188515
-0.031224
-0.201436
-0.032325
-0.212191
-0.0331178
-0.220296
-0.0335632
-0.225287
-0.0336238
-0.0332662
-0.0100842
-0.00344387
-0.0159549
-0.00457031
-0.0235502
-0.00580601
-0.0329599
-0.00713388
-0.0442146
-0.00853775
-0.0572828
-0.0100023
-0.0720687
-0.0115126
-0.0884124
-0.0130537
-0.106091
-0.01461
-0.12482
-0.016165
-0.14426
-0.0176999
-0.16402
-0.0191942
-0.183666
-0.0206246
-0.202728
-0.0219649
-0.220707
-0.0231867
-0.23709
-0.0242591
-0.251357
-0.0251496
-0.26299
-0.0258248
-0.271491
-0.0262517
-0.0263987
-0.011485
-0.0017747
-0.0180322
-0.00229202
-0.0264656
-0.00284758
-0.0368838
-0.00343684
-0.0493248
-0.0040575
-0.0637634
-0.00470913
-0.0801093
-0.00539256
-0.098207
-0.00610917
-0.117837
-0.00686006
-0.13872
-0.0076452
-0.160519
-0.00846261
-0.182844
-0.00930764
-0.205262
-0.0101724
-0.227303
-0.0110454
-0.248468
-0.0119112
-0.26824
-0.0127511
-0.286092
-0.0135427
-0.301501
-0.0142613
-0.313956
-0.0148802
-0.0153722
-0.0128014
0.000391722
-0.019897
0.000585959
-0.0289829
0.000816964
-0.040162
0.00107668
-0.053478
0.00135382
-0.0689125
0.00163448
-0.0863842
0.00190287
-0.105749
0.00214224
-0.1268
0.00233587
-0.149274
0.00246806
-0.17285
0.00252516
-0.197157
0.00249642
-0.221782
0.00237482
-0.246274
0.00215756
-0.270155
0.00184645
-0.292925
0.001448
-0.314076
0.000973271
-0.333098
0.000437429
-0.349494
-0.000140863
-0.000740311
-0.0140209
0.00301219
-0.0215206
0.00396982
-0.0310517
0.0050348
-0.0427165
0.00618771
-0.0565609
0.00740532
-0.0725732
0.00866135
-0.0906826
0.00992732
-0.11076
0.0111735
-0.132618
0.0123701
-0.156016
0.0134882
-0.18066
0.0145008
-0.206211
0.015384
-0.232289
0.0161178
-0.258476
0.0166866
-0.28433
0.01708
-0.309386
0.0172928
-0.333169
0.0173252
-0.355203
0.0171825
-0.375016
0.016875
0.0164168
0.0271671
0.00853968
-0.0291283
0.0247879
0.00804392
0.0220573
0.00744856
0.0190506
0.00675224
0.0158492
0.00595553
0.0125396
0.00506105
0.00921112
0.00407348
0.00595352
0.00299963
0.00285503
0.0018483
-1.44344e-11
0.000630237
-0.00253324
-0.000642138
-0.00467441
-0.00195491
-0.00636301
-0.00329301
-0.00754987
-0.00464053
-0.00819823
-0.00598109
-0.00828457
-0.00729825
-0.00779897
-0.0085759
-0.0067451
-0.00979861
-0.00513976
-0.0109521
-0.0120233
0.0356056
0.0101216
-0.0375832
0.0329475
0.00997827
0.0296862
0.00962923
0.0259201
0.00906044
0.0217657
0.00826314
0.0173538
0.00723453
0.0128256
0.0059783
0.00832719
0.00450491
0.00400501
0.00283153
-4.86171e-11
0.00098187
-0.00355737
-0.00101438
-0.00655195
-0.00312232
-0.0088881
-0.00530286
-0.0104931
-0.00751389
-0.0113196
-0.00971164
-0.011347
-0.0118521
-0.0105815
-0.0138925
-0.0090556
-0.0157926
-0.00682577
-0.0175161
-0.0190318
0.0449069
0.0115408
-0.0468211
0.042011
0.0119217
0.0382178
0.0119776
0.0336479
0.0116692
0.0284551
0.0109673
0.02282
0.00985432
0.0169436
0.00832657
0.0110388
0.00639468
0.00532114
0.00408418
-9.31215e-11
0.00143516
-0.00473098
-0.00149867
-0.00870232
-0.00465166
-0.0117761
-0.00794846
-0.013852
-0.0113067
-0.014871
-0.0146403
-0.0148179
-0.0178626
-0.0137207
-0.0208899
-0.0116486
-0.0236448
-0.00870758
-0.026059
-0.0280758
0.0549472
0.0127289
-0.056718
0.0518598
0.0138174
0.0475423
0.0144524
0.0421365
0.0145545
0.0358346
0.0140605
0.0288719
0.0129272
0.0215163
0.0111347
0.0140564
0.00868916
0.00678811
0.0056235
-1.47275e-10
0.00199748
-0.00604052
-0.00210385
-0.0111005
-0.00657306
-0.0149931
-0.0112844
-0.0175861
-0.0160991
-0.0188085
-0.0208711
-0.0186528
-0.0254537
-0.0171743
-0.0297059
-0.014487
-0.0334988
-0.010756
-0.0367211
-0.0392838
0.0655955
0.0136271
-0.0671427
0.0623672
0.0156135
0.057542
0.0170125
0.0512805
0.0176886
0.0438143
0.0175289
0.0354368
0.0164513
0.0264892
0.0144101
0.0173446
0.0114004
0.00838875
0.00746084
-2.10284e-10
0.00267395
-0.00747056
-0.00283622
-0.013718
-0.00890839
-0.0184999
-0.0153508
-0.0216489
-0.0219498
-0.0230814
-0.0284797
-0.0228003
-0.0347142
-0.0208937
-0.0404366
-0.0175281
-0.0454512
-0.0129368
-0.049592
-0.0527306
0.0767146
0.014187
-0.0779587
0.0734004
0.0172638
0.0680926
0.0196182
0.060968
0.0210404
0.0522978
0.0213518
0.0424361
0.0204164
0.0318034
0.0181508
0.0208645
0.0145319
0.0101041
0.00960144
-2.81249e-10
0.00346731
-0.00900393
-0.00369943
-0.0165228
-0.0116708
-0.0222529
-0.020172
-0.0259885
-0.0288945
-0.027633
-0.0375117
-0.0272027
-0.0456957
-0.0248242
-0.0531348
-0.0207238
-0.0595496
-0.0152117
-0.0647075
-0.0684343
0.088163
0.0143714
-0.0890255
0.0848214
0.0187284
0.0790643
0.0222309
0.0710815
0.0245766
0.0611831
0.0255029
0.0497865
0.0248039
0.0373957
0.0223458
0.0245742
0.0180787
0.0119137
0.0120443
-3.59162e-10
0.00437786
-0.0106219
-0.00469436
-0.0194801
-0.0148643
-0.0262044
-0.0257561
-0.0305479
-0.0369453
-0.0324013
-0.047981
-0.0317974
-0.058411
-0.0289064
-0.0678074
-0.0240218
-0.0757901
-0.0175391
-0.082048
-0.0863552
0.0997957
0.0141544
-0.1002
0.0964886
0.0199742
0.0903234
0.0248144
0.0814991
0.0282615
0.0703639
0.0299499
0.0574002
0.029587
0.0431992
0.0269748
0.0284291
0.0220274
0.0137956
0.0147819
-4.42926e-10
0.00540339
-0.0123043
-0.00581904
-0.0225522
-0.0184835
-0.0303027
-0.0320946
-0.0352658
-0.0460895
-0.03732
-0.059869
-0.0365175
-0.072833
-0.0330773
-0.0844151
-0.0273673
-0.0941171
-0.0198754
-0.101538
-0.106395
0.111466
0.0135218
-0.111337
0.108258
0.020975
0.101733
0.027335
0.0920955
0.0320575
0.0797306
0.0346552
0.0651862
0.0347312
0.0491443
0.0320087
0.0323826
0.0263557
0.0157268
0.0178005
-5.3136e-10
0.00653916
-0.0140298
-0.00706861
-0.0256994
-0.0225135
-0.0344936
-0.0391616
-0.0400779
-0.0562892
-0.0423195
-0.0731243
-0.041293
-0.0888938
-0.0372717
-0.102871
-0.0307037
-0.114422
-0.0221761
-0.123045
-0.128396
0.123027
0.012471
-0.122292
0.119985
0.021712
0.113155
0.0297615
0.102743
0.0359257
0.0891706
0.0395763
0.0730506
0.0401942
0.0551587
0.0374094
0.0363859
0.0310332
0.017683
0.02108
-6.23211e-10
0.00777788
-0.015776
-0.00843529
-0.0288801
-0.0269295
-0.0387204
-0.0469139
-0.0449173
-0.0674813
-0.047328
-0.0876621
-0.0460527
-0.106486
-0.0414233
-0.123043
-0.033974
-0.136547
-0.0243973
-0.146382
-0.152147
0.134332
0.0110102
-0.132922
0.131524
0.0221732
0.12445
0.0320656
0.113314
0.0398259
0.09857
0.0446659
0.0808977
0.0459267
0.0611682
0.0431303
0.0403889
0.0360208
0.0196393
0.0245937
-7.17168e-10
0.00910972
-0.0175199
-0.00990837
-0.0320514
-0.0316971
-0.0429248
-0.055291
-0.0497157
-0.0795774
-0.0522727
-0.103365
-0.0507247
-0.125461
-0.0454664
-0.144752
-0.0371229
-0.160281
-0.0264967
-0.171313
-0.177381
0.145236
0.00915866
-0.143084
0.142732
0.0223535
0.13548
0.0342217
0.12368
0.0437168
0.107814
0.0498721
0.0886307
0.0518722
0.0670974
0.0491163
0.0443405
0.0412714
0.0215703
0.0283088
-8.11872e-10
0.0105223
-0.0192378
-0.0114742
-0.0351694
-0.0367724
-0.0470478
-0.0642152
-0.0544045
-0.0924643
-0.0570814
-0.120084
-0.0552387
-0.145635
-0.0493373
-0.167778
-0.0400974
-0.185371
-0.0284351
-0.197548
-0.203784
0.155599
0.00694507
-0.152642
0.153468
0.0222538
0.14611
0.0362069
0.133712
0.047556
0.116788
0.0551392
0.0961522
0.0579675
0.0728703
0.0553044
0.0481887
0.0467299
0.02345
0.0321863
-9.05927e-10
0.0120009
-0.0209058
-0.0131164
-0.0381902
-0.0421019
-0.0510304
-0.0735923
-0.0589157
-0.106005
-0.0616832
-0.137637
-0.0595265
-0.166784
-0.0529756
-0.19186
-0.0428483
-0.211518
-0.0301772
-0.224758
-0.230996
0.165285
0.00440728
-0.161464
0.163597
0.0218813
0.156206
0.0380008
0.143286
0.0513007
0.125379
0.0604072
0.103365
0.0641432
0.0784105
0.0616237
0.0518815
0.0523334
0.0252523
0.0361813
-9.9792e-10
0.0135281
-0.0224998
-0.0148157
-0.0410698
-0.0476228
-0.0548143
-0.0833116
-0.0631829
-0.120039
-0.06601
-0.155818
-0.0635241
-0.188654
-0.0563255
-0.216698
-0.0453317
-0.238385
-0.0316928
-0.252572
-0.258621
0.174164
0.00159098
-0.169424
0.172987
0.0212482
0.16564
0.0395854
0.15228
0.0549071
0.133475
0.0656128
0.110174
0.0703239
0.0836425
0.0679961
0.055367
0.0580118
0.0269514
0.0402431
-1.08643e-09
0.0150845
-0.0239963
-0.0165501
-0.0437652
-0.0532635
-0.0583428
-0.0932469
-0.0671425
-0.134384
-0.0699975
-0.174388
-0.067172
-0.210959
-0.0593371
-0.241962
-0.0475096
-0.265604
-0.0329574
-0.280589
-0.286231
0.182114
-0.00145134
-0.176406
0.181515
0.0203714
0.17429
0.040945
0.160575
0.0583311
0.140968
0.0706897
0.116485
0.0764287
0.0884917
0.0743365
0.0585938
0.0636876
0.0285214
0.0443154
-1.17003e-09
0.016648
-0.0253718
-0.018295
-0.0462343
-0.0589438
-0.0615616
-0.103257
-0.0707345
-0.148839
-0.0735865
-0.193088
-0.0704171
-0.233385
-0.0619668
-0.267295
-0.0493506
-0.292778
-0.033953
-0.308381
-0.313377
0.189024
-0.00466167
-0.182303
0.189067
0.0192718
0.182041
0.0420657
0.168062
0.0615282
0.147755
0.0755686
0.122208
0.0823721
0.0928852
0.0805534
0.0615117
0.0692767
0.0299372
0.0483364
-1.24734e-09
0.0181947
-0.0266038
-0.0200234
-0.048437
-0.0645757
-0.0644192
-0.113189
-0.0739031
-0.163182
-0.0767234
-0.211637
-0.073213
-0.255598
-0.0641787
-0.292315
-0.0508309
-0.31949
-0.0346678
-0.335505
-0.339594
0.194794
-0.00797774
-0.18702
0.195537
0.0179735
0.188786
0.0429357
0.174634
0.0644542
0.153737
0.0801782
0.127254
0.0880639
0.0967529
0.0865494
0.064072
0.074689
0.0311744
0.0522397
-1.31698e-09
0.0196985
-0.0276707
-0.0217058
-0.0503352
-0.0700636
-0.066868
-0.122874
-0.0765981
-0.177178
-0.0793613
-0.229733
-0.0755208
-0.277243
-0.0659448
-0.316628
-0.0519341
-0.345313
-0.0350971
-0.361508
-0.364413
0.199335
-0.0113343
-0.190475
0.200834
0.0165034
0.19443
0.043545
0.180196
0.0670652
0.158821
0.084446
0.131542
0.0934108
0.100027
0.0922222
0.0662279
0.0798286
0.0322096
0.0559539
-1.37764e-09
0.0211314
-0.0285521
-0.0233108
-0.0518936
-0.075305
-0.0688645
-0.132136
-0.0787748
-0.190576
-0.0814605
-0.247064
-0.0773097
-0.297956
-0.0672451
-0.339828
-0.0526515
-0.369813
-0.0352423
-0.385936
-0.387368
0.202574
-0.192602
0.204877
0.198888
0.184661
0.162923
0.134993
0.102646
0.067935
0.0330206
-1.42807e-09
-0.0292288
-0.0530797
-0.0703699
-0.0803951
-0.082989
-0.0785573
-0.068068
-0.0529817
-0.0351108
-0.549714
-0.00817746
-0.522268
-0.00878299
-0.491196
-0.00929422
-0.457203
-0.00969119
-0.421017
-0.00995761
-0.383368
-0.0100817
-0.344978
-0.0100569
-0.306543
-0.00988213
-0.268722
-0.00956193
-0.23212
-0.00910636
-0.197283
-0.00853045
-0.164681
-0.00785351
-0.134704
-0.00709824
-0.107654
-0.00628965
-0.0837447
-0.00545387
-0.0630915
-0.004617
-0.0457185
-0.00380391
-0.0315571
-0.00303717
-0.0204508
-0.00233616
-0.00171635
-0.473004
-0.0251979
-0.453883
-0.0260928
-0.430459
-0.0267027
-0.40347
-0.0270124
-0.373678
-0.0270127
-0.34185
-0.0267016
-0.308744
-0.0260846
-0.275093
-0.025175
-0.241591
-0.0239937
-0.20888
-0.022569
-0.177536
-0.0209358
-0.14806
-0.0191343
-0.120871
-0.0172091
-0.0962972
-0.0152074
-0.0745719
-0.0131778
-0.055833
-0.0111684
-0.0401216
-0.00922568
-0.0273846
-0.0073925
-0.0174783
-0.00570735
-0.00420318
-0.37414
-0.033361
-0.36335
-0.0347597
-0.348033
-0.0357093
-0.328903
-0.0362017
-0.306691
-0.0362368
-0.282138
-0.0358232
-0.255971
-0.0349786
-0.228894
-0.0337296
-0.201572
-0.0321114
-0.174622
-0.0301672
-0.148596
-0.0279472
-0.123979
-0.0255072
-0.101175
-0.0229077
-0.0805055
-0.0202113
-0.0622038
-0.0174821
-0.0464138
-0.0147833
-0.0331895
-0.0121754
-0.0224979
-0.00971526
-0.0142221
-0.00745435
-0.00543761
-0.268173
-0.0327035
-0.263807
-0.034447
-0.255332
-0.0356678
-0.243362
-0.0363656
-0.228523
-0.0365487
-0.211447
-0.0362342
-0.192754
-0.035448
-0.173042
-0.0342241
-0.152875
-0.0326048
-0.132774
-0.0306393
-0.113208
-0.0283829
-0.0945879
-0.0258959
-0.0772586
-0.023242
-0.0614961
-0.020487
-0.0475043
-0.0176969
-0.0354132
-0.014937
-0.0252799
-0.0122699
-0.0170895
-0.00975431
-0.010759
-0.00744358
-0.00538504
-0.166704
-0.0243882
-0.165952
-0.0259422
-0.16215
-0.0270505
-0.15574
-0.0277181
-0.14717
-0.0279568
-0.13689
-0.0277852
-0.125341
-0.0272284
-0.112947
-0.0263173
-0.100107
-0.0250887
-0.0871888
-0.023584
-0.0745235
-0.0218486
-0.0624015
-0.019931
-0.0510678
-0.0178819
-0.0407196
-0.0157532
-0.0315045
-0.0135964
-0.0235199
-0.0114625
-0.0168125
-0.00939993
-0.0113804
-0.00745455
-0.00717446
-0.00566815
-0.00407796
-0.0764533
-0.00961288
-0.0767777
-0.0102778
-0.0755425
-0.0107532
-0.0729688
-0.0110427
-0.0692818
-0.011153
-0.0647057
-0.0110931
-0.0594598
-0.0108748
-0.0537542
-0.0105119
-0.0477866
-0.0100203
-0.0417391
-0.00941741
-0.035776
-0.00872207
-0.0300411
-0.00795414
-0.0246564
-0.00713405
-0.0197209
-0.00628255
-0.0153094
-0.00542023
-0.0114728
-0.00456725
-0.00823737
-0.00374291
-0.00560587
-0.00296539
-0.00355827
-0.00225138
-0.00161583
3.05867e-09
0.0110847
3.04018e-09
0.0118295
2.96481e-09
0.0123542
2.82413e-09
0.0126645
2.64298e-09
0.0127695
2.43272e-09
0.012681
2.18744e-09
0.0124135
1.93832e-09
0.0119837
1.67863e-09
0.0114102
1.42256e-09
0.0107134
1.18016e-09
0.00991466
9.45275e-10
0.00903644
7.38408e-10
0.00810163
5.52129e-10
0.00713326
3.926e-10
0.00615418
2.63147e-10
0.00518666
1.58549e-10
0.00425208
8.18602e-11
0.00337057
3.06292e-11
0.00256073
0.00183935
0.0619573
0.0377338
0.0623473
0.0399138
0.0614888
0.0413907
0.0595548
0.0421872
0.056721
0.0423357
0.0531625
0.041877
0.0490502
0.0408598
0.0445483
0.0393389
0.0398116
0.0373748
0.0349831
0.0350322
0.0301927
0.0323793
0.025555
0.0294863
0.0211686
0.0264247
0.0171148
0.0232661
0.0134569
0.0200815
0.0102402
0.0169398
0.00749155
0.0139075
0.00521954
0.0110473
0.00341531
0.00841756
0.00607122
0.108157
0.0700651
0.108179
0.0730941
0.106268
0.0749756
0.102687
0.075752
0.0977041
0.075481
0.0915863
0.0742331
0.0845972
0.0720907
0.0769908
0.0691457
0.0690079
0.0654981
0.0608732
0.0612544
0.0527917
0.0565254
0.0449464
0.0514254
0.0374962
0.04607
0.030574
0.0405751
0.0242859
0.0350551
0.0187099
0.0296218
0.0138958
0.0243829
0.0098649
0.0194407
0.00661118
0.0148907
0.0108206
0.135591
0.106358
0.134568
0.109212
0.131529
0.110613
0.126736
0.110621
0.120457
0.109313
0.112966
0.106784
0.104535
0.103139
0.0954294
0.0984982
0.085903
0.0929902
0.0761966
0.086751
0.0665323
0.0799224
0.0571118
0.0726499
0.0481129
0.0650807
0.0396879
0.0573624
0.0319616
0.0496412
0.0250302
0.0420599
0.0189604
0.0347571
0.0137888
0.0278647
0.00952305
0.0215073
0.0157995
0.140323
0.142744
0.138441
0.144363
0.134891
0.144415
0.129864
0.142969
0.123566
0.140113
0.116209
0.13595
0.108008
0.1306
0.0991798
0.124194
0.0899352
0.116873
0.0804787
0.108787
0.0710033
0.100091
0.0616887
0.0909449
0.0526979
0.081511
0.044175
0.0719516
0.0362436
0.0624279
0.0290049
0.0530986
0.0225366
0.0441178
0.0168922
0.0356336
0.0121009
0.0277863
0.0207067
0.119891
0.173534
0.118406
0.173268
0.115768
0.171497
0.112071
0.168291
0.107422
0.163738
0.101941
0.157941
0.0957562
0.151019
0.0890016
0.143099
0.0818154
0.134321
0.0743367
0.124832
0.066703
0.114785
0.0590481
0.104335
0.0514993
0.093644
0.0441756
0.0828711
0.037186
0.0721767
0.0306277
0.0617185
0.0245847
0.0516507
0.0191273
0.0421222
0.0143108
0.0332752
0.0252434
0.0759094
0.07669
0.076778
0.0761716
0.0748825
0.0729357
0.0703686
0.06723
0.0635789
0.0594832
0.0550176
0.0502627
0.0453032
0.0402261
0.0351198
0.0300721
0.0251699
0.0204974
0.0161354
)
;

boundaryField
{
    inlet
    {
        type            calculated;
        value           uniform 0;
    }
    outlet
    {
        type            calculated;
        value           uniform 0;
    }
    dymWall
    {
        type            calculated;
        value           nonuniform List<scalar> 
73
(
-0.00839807
-0.00753757
-0.00666927
-0.00579406
-0.00491286
-0.00402657
-0.00313611
-0.00224241
-0.00134637
-0.000448946
0.000448946
0.00134637
0.00224241
0.00313611
0.00402657
0.00491286
0.00579406
0.00666927
0.00753757
0.00839807
-0.00713394
-0.00641899
-0.00569214
-0.00495474
-0.00420815
-0.00345374
-0.00269292
-0.0019271
-0.00115769
-0.000386137
0.000386137
0.00115769
0.0019271
0.00269292
0.00345374
0.00420815
0.00495474
0.00569214
0.00641899
0.00713394
-0.0121607
-0.0101754
-0.00816751
-0.00614152
-0.00410192
-0.00205323
0
0.00205323
0.00410192
0.00614152
0.00816751
0.0101754
0.0121607
-0.00687166
-0.00617911
-0.00547636
-0.00476457
-0.00404492
-0.0033186
-0.00258682
-0.00185077
-0.00111168
-0.000370764
0.000370764
0.00111168
0.00185077
0.00258682
0.0033186
0.00404492
0.00476457
0.00547636
0.00617911
0.00687166
)
;
    }
    AMI1
    {
        type            cyclicAMI;
        value           nonuniform List<scalar> 
73
(
0.401674
0.407542
0.397788
0.372282
0.332259
0.280208
0.2196
0.154517
0.0892557
0.0279682
-0.0256271
-0.0684675
-0.0983229
-0.11395
-0.115219
-0.103193
-0.0800912
-0.0491119
-0.0140853
0.0209995
0.0525097
0.0776144
0.0945631
0.102744
0.102525
0.09494
0.0813002
0.0628309
0.0403977
0.014374
-0.0153372
-0.0491332
-0.0874294
-0.130317
-0.177234
-0.226728
-0.276385
-0.322972
-0.362785
-0.392155
-0.0146646
0.0148904
0.0438856
0.0693183
0.0882985
0.0983167
0.097465
0.0845946
0.0594037
0.0224637
-0.0248048
-0.0801919
-0.140789
-0.203115
-0.263305
-0.317364
-0.361509
-0.392561
-0.408347
-0.408009
0.572862
0.487122
0.379727
0.267846
0.163985
0.0743572
-2.99367e-09
-0.0601525
-0.105952
-0.13435
-0.140359
-0.120144
-0.0744515
)
;
    }
    AMI2
    {
        type            cyclicAMI;
        value           nonuniform List<scalar> 
162
(
-0.197257
-0.200732
-0.202448
-0.202316
-0.200283
-0.196335
-0.190498
-0.18284
-0.173467
-0.162519
-0.15017
-0.136621
-0.122093
-0.106826
-0.0910662
-0.0750669
-0.0590794
-0.0433496
-0.0281138
-0.013595
-4.79371e-15
0.0124833
0.023688
0.0334707
0.0417134
0.0483254
0.0532455
0.0564437
0.0579228
0.0577199
0.0559062
0.052587
0.0479002
0.0420138
0.0351216
0.0274381
0.0191925
0.0106218
0.00196267
-0.00655567
-0.014719
-0.0229852
-0.0302159
-0.0365294
-0.0418163
-0.0460064
-0.0490673
-0.0510013
-0.0518414
-0.0516452
-0.0504888
-0.0484597
-0.0456505
-0.0421519
-0.0380477
-0.0334098
-0.028295
-0.0227423
-0.0167722
-0.0103876
-0.00357487
0.00369277
0.0114513
0.0197409
0.0286003
0.0380611
0.0481411
0.0588388
0.070128
0.0819535
0.094228
0.10683
0.119606
0.13237
0.144909
0.15699
0.168365
0.178782
0.187995
0.19577
0.201898
0.0108332
0.00386547
-0.00331237
-0.0105341
-0.0176258
-0.0244101
-0.0307104
-0.0363548
-0.0411803
-0.0450363
-0.0477876
-0.0493175
-0.0495295
-0.0483499
-0.0457284
-0.0416392
-0.0360811
-0.0290781
-0.0206782
-0.0109538
2.02949e-15
0.0120655
0.0251041
0.038957
0.0534471
0.0683807
0.0835491
0.098732
0.1137
0.128218
0.142051
0.154968
0.166747
0.177181
0.186087
0.193307
0.198716
0.202228
0.203798
0.203422
0.201143
-0.196865
-0.189899
-0.181527
-0.171958
-0.161415
-0.150121
-0.138298
-0.126159
-0.113899
-0.101695
-0.0896995
-0.0780383
-0.0668106
-0.0560881
-0.0459164
-0.0363183
-0.0272966
-0.0188388
-0.0109222
-0.00351846
0.00340056
0.00985851
0.0158702
0.0214385
0.0265522
0.0311852
0.0352969
0.0388345
0.0417353
0.0439312
0.0453537
0.0459382
0.0456305
0.0443908
0.0421986
0.0390564
0.0349924
0.0300614
0.0243455
0.017953
)
;
    }
    walls
    {
        type            calculated;
        value           uniform 0;
    }
    front
    {
        type            empty;
        value           nonuniform 0();
    }
    back
    {
        type            empty;
        value           nonuniform 0();
    }
}


// ************************************************************************* //
