/*--------------------------------*- C++ -*----------------------------------*\
  =========                 |
  \\      /  F ield         | OpenFOAM: The Open Source CFD Toolbox
   \\    /   O peration     | Website:  https://openfoam.org
    \\  /    A nd           | Version:  6
     \\/     M anipulation  |
\*---------------------------------------------------------------------------*/
FoamFile
{
    version     2.0;
    format      ascii;
    class       surfaceScalarField;
    location    "2.6";
    object      meshPhi;
}
// * * * * * * * * * * * * * * * * * * * * * * * * * * * * * * * * * * * * * //

dimensions      [0 3 -1 0 0 0 0];

internalField   nonuniform List<scalar> 
8193
(
0.00380064
-0.00135807
-0.00132009
0.00624775
-0.00251662
0.00855459
-0.00349574
0.0106206
-0.0042802
0.0123588
-0.00486611
0.0137018
-0.00525929
0.014605
-0.00547317
0.0150488
-0.00552652
0.0150377
-0.00544126
0.0145986
-0.00524038
0.0137772
-0.00494637
0.0126342
-0.00457985
0.0112401
-0.0041588
0.00967117
-0.00369808
0.00800437
-0.0032093
0.0063139
-0.00270101
0.00466757
-0.00217898
0.00312422
-0.00164673
0.0017317
-0.00110595
0.000525594
-0.000557122
-0.000471575
-5.01602e-18
-0.00125045
0.000565864
-0.00181452
0.00114061
-0.00217924
0.00172357
-0.00237066
0.00231277
-0.00242355
0.00290438
-0.00237891
0.00349226
-0.00228107
0.00406741
-0.00217419
0.00461764
-0.00209838
0.00512725
-0.00208566
0.00557696
-0.00215584
0.00594417
-0.00231283
0.0062035
-0.00254164
0.00632783
-0.00280654
0.00628966
-0.00305074
0.00606302
-0.0031981
0.00562565
-0.00315682
0.00496139
-0.00282548
0.00406266
-0.00210104
0.00293268
0.00158726
-0.000888494
0.0147985
-0.00459654
-0.00712864
0.0221216
-0.00687333
0.0288106
-0.00864826
0.0346109
-0.00990741
0.0393162
-0.0106685
0.0427795
-0.0109746
0.0449189
-0.0108873
0.0457188
-0.0104792
0.0452262
-0.00982691
0.0435434
-0.00900489
0.0408182
-0.00808092
0.0372323
-0.00711249
0.032989
-0.00614487
0.0283015
-0.00521033
0.0233817
-0.00432849
0.0184305
-0.00350734
0.0136298
-0.0027449
0.00913639
-0.00203109
0.00507731
-0.00134967
0.00154685
-0.000680227
-0.00139483
9.77838e-18
-0.00372189
0.000714328
-0.00544181
0.00148495
-0.00659319
0.00233124
-0.00724233
0.00326801
-0.0074787
0.00430371
-0.00740905
0.00543856
-0.0071502
0.00666269
-0.00682067
0.0079544
-0.00653119
0.00927886
-0.00637452
0.0105872
-0.00641512
0.0118169
-0.00667937
0.0128923
-0.00714728
0.0137279
-0.00774661
0.014232
-0.00835043
0.014312
-0.00877907
0.0138814
-0.00880699
0.0128673
-0.00817506
0.0112183
-0.00660794
0.00891265
0.0059643
-0.00383603
0.0323491
-0.00978761
-0.0197105
0.0440019
-0.0128434
0.054278
-0.0149926
0.0628538
-0.0162498
0.0694885
-0.0166822
0.0740343
-0.0163978
0.076439
-0.0155314
0.0767431
-0.0142314
0.0750714
-0.0126471
0.0716207
-0.010918
0.0666443
-0.00916615
0.0604354
-0.00748989
0.0533101
-0.00596165
0.045591
-0.00462709
0.0375931
-0.00350646
0.0296106
-0.00259722
0.0219075
-0.00187754
0.0147092
-0.00131017
0.00819769
-0.000846405
0.00250787
-0.000429856
-0.00227383
-2.20581e-21
-0.00610931
0.000504507
-0.00900716
0.00114267
-0.0110196
0.00196798
-0.0122381
0.00302519
-0.0127872
0.00434684
-0.0128171
0.0059496
-0.0124944
0.00783059
-0.011991
0.0099638
-0.0114717
0.0122971
-0.0110812
0.01475
-0.0109292
0.0172135
-0.0110777
0.0195512
-0.0115283
0.0216031
-0.0122133
0.0231926
-0.0129894
0.0241358
-0.0136384
0.0242533
-0.0138717
0.0233842
-0.0133439
0.0214009
-0.011671
0.018224
0.0138355
-0.00845615
0.0564803
-0.0165395
-0.0396297
0.0714856
-0.019822
0.0842379
-0.0217848
0.0944274
-0.0224962
0.101853
-0.0220947
0.106428
-0.0207696
0.108177
-0.018742
0.107228
-0.0162445
0.103801
-0.0135034
0.0981897
-0.0107244
0.0907441
-0.00808151
0.0818506
-0.00570978
0.0719124
-0.00370236
0.0613322
-0.00211051
0.0504961
-0.000946336
0.0397604
-0.000187363
0.0294415
0.000217793
0.019808
0.000343293
0.0110755
0.000280002
0.00340374
0.00012974
-0.0031044
2.75727e-22
-0.00840227
-9.28582e-07
-0.0124972
0.000231404
-0.0154473
0.000792999
-0.0173558
0.0017666
-0.0183655
0.00321656
-0.0186499
0.00518329
-0.0184037
0.0076776
-0.0178311
0.010675
-0.0171326
0.0141108
-0.0164901
0.0178765
-0.016052
0.0218179
-0.0159176
0.0257369
-0.0161233
0.029396
-0.0166309
0.0325273
-0.0173193
0.0348453
-0.0179818
0.036064
-0.0183283
0.0359165
-0.0179956
0.0341769
-0.0165628
0.0306824
0.0253532
-0.0135751
0.086609
-0.024052
-0.0667692
0.103659
-0.0269145
0.117574
-0.0281037
0.128125
-0.0277581
0.135203
-0.0260969
0.138822
-0.0233963
0.139108
-0.019963
0.13629
-0.0161104
0.130682
-0.0121358
0.122665
-0.00830255
0.112667
-0.00482762
0.101144
-0.00187303
0.0885575
0.000456894
0.0753608
0.00211443
0.0619816
0.00310408
0.0488097
0.00347596
0.0361884
0.00331782
0.0244072
0.00274677
0.0136973
0.00190107
0.00423036
0.000932612
-0.00388265
1.67441e-14
-0.0105897
-0.00073774
-0.0158953
-0.00112709
-0.0198567
-0.00102597
-0.0225788
-0.000309888
-0.0242078
0.0011213
-0.0249234
0.00333615
-0.0249294
0.00636399
-0.0244422
0.0101873
-0.0236786
0.0147345
-0.0228414
0.0198752
-0.0221048
0.0254167
-0.0215991
0.0311053
-0.0213966
0.0366313
-0.0214994
0.0416398
-0.0218299
0.0457462
-0.0222262
0.0485575
-0.0224411
0.0496966
-0.0221489
0.0488307
-0.0209567
0.0456994
0.040141
-0.0184221
0.121533
-0.0312429
-0.100251
0.139138
-0.0330693
0.152837
-0.0329773
0.162525
-0.0311795
0.168215
-0.0279748
0.170036
-0.0237188
0.168222
-0.0187943
0.163096
-0.0135827
0.155051
-0.00843872
0.144538
-0.00367008
0.132038
0.000476605
0.118049
0.00382419
0.103064
0.00626752
0.0875586
0.00777113
0.0719752
0.0083631
0.056713
0.00812646
0.0421204
0.00718918
0.0284897
0.00571383
0.0160535
0.00388758
0.00498441
0.00191303
-0.004605
7.91979e-15
-0.0126601
-0.00164201
-0.0191815
-0.00281077
-0.0242208
-0.0033183
-0.0278761
-0.00299823
-0.030286
-0.00171382
-0.0316221
0.000633286
-0.032081
0.00409368
-0.031874
0.00866073
-0.0312164
0.0142619
-0.0303143
0.0207515
-0.0293522
0.0279071
-0.0284792
0.0354293
-0.0277959
0.0429474
-0.0273437
0.0500308
-0.0270947
0.0562073
-0.0269469
0.0609863
-0.0267217
0.0638888
-0.0261667
0.0644787
-0.0249636
0.062397
0.0573931
-0.0227403
0.159495
-0.0369217
-0.138451
0.176153
-0.0372345
0.188339
-0.0355153
0.196086
-0.0320446
0.199533
-0.0271888
0.198922
-0.0213687
0.194577
-0.0150264
0.186899
-0.00859403
0.17634
-0.00246642
0.163393
0.00302019
0.148566
0.00760341
0.132372
0.0111028
0.11531
0.0134219
0.0978536
0.0145444
0.0804366
0.0145267
0.0634481
0.0134875
0.0472247
0.011596
0.0320471
0.00905977
0.0181382
0.00611322
0.00566339
0.00300729
-0.00526827
-1.76465e-20
-0.0146019
-0.00265191
-0.0223333
-0.0047008
-0.0285055
-0.00591588
-0.0332039
-0.00609147
-0.0365506
-0.00505605
-0.0386989
-0.00268221
-0.0398254
0.00110253
-0.0401222
0.00630484
-0.039787
0.0128553
-0.0390137
0.0205998
-0.0379808
0.0292949
-0.0368412
0.0386068
-0.0357109
0.048117
-0.0346603
0.0573348
-0.0337061
0.0657163
-0.032806
0.0726906
-0.0318568
0.0776917
-0.030695
0.0801947
-0.0291014
0.0797518
0.0760289
-0.0268091
0.198321
-0.0399825
-0.179119
0.212688
-0.0385157
0.222279
-0.0350321
0.227251
-0.029866
0.227855
-0.0234346
0.224422
-0.0162049
0.217346
-0.00865864
0.207078
-0.00125993
0.194101
0.00557351
0.178922
0.0114925
0.162053
0.0162316
0.143997
0.0196174
0.125235
0.0215691
0.10622
0.0220944
0.0873586
0.0212805
0.0690157
0.0192819
0.0515028
0.0163075
0.0350788
0.0126068
0.0199489
0.00845793
0.00626557
0.00415528
-0.00586966
0
-0.0164032
-0.00370928
-0.0253263
-0.00668481
-0.0326712
-0.00865807
-0.0385064
-0.00938863
-0.0429328
-0.00867394
-0.0460774
-0.00636024
-0.0480882
-0.00235435
-0.0491269
0.00336421
-0.0493621
0.0107318
-0.0489614
0.0195912
-0.0480832
0.0296855
-0.0468687
0.0406574
-0.0454342
0.0520543
-0.0438642
0.063341
-0.0422064
0.0739202
-0.0404675
0.0831602
-0.0386116
0.0904286
-0.0365613
0.0951301
-0.0341997
0.0967464
0.0948734
-0.0313756
0.235607
-0.0395841
-0.219577
0.246648
-0.0363104
0.252879
-0.0311413
0.254558
-0.0244474
0.252014
-0.0166781
0.245637
-0.00832731
0.235863
0.000102153
0.22316
0.00813188
0.208018
0.0153368
0.190934
0.0213678
0.172397
0.0259669
0.152882
0.0289749
0.132837
0.0303317
0.112674
0.0300714
0.0927649
0.0283116
0.0734372
0.0252408
0.0549694
0.0211042
0.0375918
0.0161889
0.0214868
0.0108108
0.00678998
0.0053019
-0.00640679
-3.2279e-16
-0.0180528
-0.00476098
-0.0281348
-0.00865971
-0.0366733
-0.0113962
-0.0437187
-0.0127011
-0.0493467
-0.0123458
-0.0536546
-0.0101544
-0.0567557
-0.00601572
-0.0587749
0.000103485
-0.059843
0.00814636
-0.0600915
0.0179558
-0.0596468
0.0292678
-0.0586255
0.0417104
-0.0571291
0.0548085
-0.0552406
0.0679976
-0.0530213
0.0806445
-0.0505092
0.0920757
-0.0477191
0.101613
-0.0446433
0.108612
-0.0412536
0.112504
0.112835
-0.0375045
0.268939
-0.0352882
-0.256984
0.276034
-0.0304018
0.278528
-0.0238124
0.276743
-0.0159109
0.271054
-0.00716177
0.261874
0.00193097
0.24965
0.0108595
0.234843
0.0191453
0.217922
0.0263684
0.199354
0.0321896
0.17959
0.0363655
0.159061
0.038756
0.138167
0.039324
0.117273
0.0381297
0.0967074
0.0353194
0.0767527
0.0311121
0.0576507
0.0257845
0.0395994
0.0196556
0.0227556
0.0130725
0.0072364
0.00639822
-0.00687777
1.82112e-17
-0.0195398
-0.00576003
-0.0307324
-0.010534
-0.0404646
-0.0139973
-0.048768
-0.015858
-0.0556929
-0.0158674
-0.0613047
-0.0138321
-0.0656802
-0.00962698
-0.0689039
-0.00320828
-0.0710644
0.00537342
-0.0722508
0.0159627
-0.07255
0.0282926
-0.0720439
0.0419831
-0.0708072
0.0565464
-0.0689069
0.0714009
-0.066401
0.0858919
-0.0633402
0.0993219
-0.0597683
0.110985
-0.0557247
0.120208
-0.0512463
0.126392
0.129048
-0.0463696
0.296128
-0.0271367
-0.288632
0.299119
-0.020997
0.297906
-0.0133813
0.292834
-0.00468761
0.284289
0.004618
0.272683
0.0140346
0.258442
0.0230613
0.242
0.0312303
0.223788
0.0381352
0.204226
0.0434532
0.183716
0.0469599
0.162634
0.0485364
0.141329
0.0481687
0.120112
0.0459413
0.0992626
0.0420261
0.0790189
0.036668
0.0595833
0.0301696
0.041121
0.0228753
0.0237623
0.0151574
0.00760529
0.00740233
-0.00728116
-3.00993e-15
-0.0208541
-0.00666646
-0.0330931
-0.0122297
-0.0439962
-0.0163472
-0.0535773
-0.018711
-0.0618618
-0.0190583
-0.0688843
-0.0171837
-0.0746853
-0.0129522
-0.0793089
-0.00631291
-0.0828002
0.00268821
-0.085204
0.0138976
-0.0865637
0.0270474
-0.0869207
0.0417541
-0.086315
0.0575242
-0.0847866
0.073768
-0.0823768
0.0898215
-0.0791315
0.104976
-0.0751035
0.118514
-0.070356
0.12975
-0.0649643
0.138069
0.142967
-0.0590182
0.315419
-0.0156542
-0.31223
0.314603
-0.00870711
0.310087
-0.000515185
0.302213
0.0085263
0.291349
0.0179591
0.277879
0.0272944
0.262195
0.0360466
0.244685
0.0437653
0.225732
0.0500631
0.205702
0.0546374
0.184939
0.0572848
0.163764
0.0579076
0.142469
0.0565134
0.121314
0.0532082
0.100528
0.0481854
0.0803058
0.0417107
0.0608123
0.0341069
0.0421806
0.0257381
0.0245158
0.0169946
0.00789775
0.00828
-0.00761606
-2.85125e-15
-0.021987
-0.0074479
-0.0351919
-0.0136834
-0.0472195
-0.0183527
-0.0580671
-0.0211378
-0.0677379
-0.0217676
-0.0762378
-0.0200299
-0.0835735
-0.0157846
-0.0897509
-0.00897715
-0.0947738
0.000348719
-0.0986437
0.0120403
-0.10136
0.0258295
-0.102923
0.0413319
-0.103334
0.0580526
-0.102599
0.0754005
-0.100734
0.0927105
-0.0977685
0.109273
-0.0937474
0.12437
-0.0887378
0.137314
-0.0828306
0.14749
0.15439
-0.0761416
0.325659
-0.00178001
-0.326151
0.321717
0.005527
0.314612
0.0138635
0.304657
0.0228432
0.292187
0.032022
0.277546
0.040929
0.261077
0.049099
0.24312
0.056103
0.224002
0.0615757
0.204031
0.0652362
0.183497
0.0669021
0.162663
0.066496
0.14177
0.0640445
0.121026
0.0596721
0.100616
0.053589
0.080694
0.0460771
0.0613894
0.0374739
0.0428063
0.028157
0.0250273
0.0185291
0.0081155
0.00900496
-0.00788211
-2.29151e-15
-0.022931
-0.0080799
-0.0370059
-0.0148475
-0.0500875
-0.0199431
-0.0621591
-0.0230445
-0.0732041
-0.0238776
-0.0832034
-0.0222282
-0.0921339
-0.0179555
-0.0999673
-0.0110048
-0.10667
-0.0014206
-0.112204
0.0106437
-0.116529
0.0249195
-0.119604
0.0410223
-0.121392
0.0584585
-0.121866
0.0766398
-0.12101
0.0949053
-0.118831
0.112551
-0.115355
0.128867
-0.110642
0.143172
-0.104779
0.154858
0.163422
-0.0978888
0.326403
0.0132609
-0.329592
0.320291
0.0205527
0.311513
0.0286824
0.300347
0.0372767
0.287084
0.0459101
0.272022
0.0541332
0.255458
0.0615041
0.237677
0.0676177
0.218954
0.0721319
0.199544
0.0747877
0.179683
0.0754232
0.159585
0.0739793
0.139441
0.0704996
0.119416
0.0651229
0.0996533
0.0580726
0.0802721
0.049642
0.0613711
0.0401787
0.0430295
0.0300687
0.0253098
0.0197219
0.00826079
0.00955903
-0.0080795
2.99853e-15
-0.0236803
-0.00854597
-0.0385148
-0.0156896
-0.052557
-0.0210705
-0.0657785
-0.0243669
-0.0781461
-0.0253061
-0.0896197
-0.0236765
-0.100151
-0.0193403
-0.109683
-0.0122464
-0.118149
-0.00244243
-0.125479
0.00991541
-0.131595
0.0245569
-0.136422
0.0410978
-0.139887
0.0590469
-0.141931
0.0778207
-0.142509
0.0967659
-0.1416
0.115189
-0.13921
0.13239
-0.135381
0.147703
-0.13019
0.160531
0.170381
-0.123751
0.31794
0.0281247
-0.322651
0.310749
0.0351483
0.301301
0.0428399
0.289838
0.0508432
0.27661
0.0587537
0.261871
0.0661464
0.245872
0.0726045
0.228851
0.0777481
0.211036
0.0812587
0.192634
0.0828993
0.173836
0.0825271
0.154812
0.0800999
0.135711
0.0756751
0.116662
0.0694036
0.0977722
0.0615181
0.0791331
0.0523196
0.0608173
0.0421614
0.0428834
0.0314339
0.0253774
0.0205499
0.00833641
0.00993189
-0.00820897
-2.45752e-15
-0.024231
-0.00883738
-0.0397016
-0.016193
-0.0545893
-0.0217099
-0.0688564
-0.0250705
-0.0824562
-0.0260077
-0.0953316
-0.0243157
-0.107414
-0.0198633
-0.118621
-0.0126058
-0.128863
-0.00259679
-0.13804
0.0100029
-0.146044
0.0249203
-0.152771
0.0417707
-0.15812
0.0600655
-0.162
0.0792272
-0.164341
0.0986116
-0.165098
0.117537
-0.164254
0.13532
-0.161832
0.151307
-0.157892
0.164918
0.175674
-0.152536
0.301247
0.0415274
-0.306288
0.294056
0.0481702
0.284907
0.0553261
0.274009
0.0626588
0.26158
0.0697877
0.247835
0.0763138
0.232985
0.0818471
0.21723
0.0860336
0.200757
0.0885789
0.183736
0.0892673
0.16632
0.0879743
0.148641
0.084673
0.130817
0.0794328
0.112946
0.0724138
0.0951084
0.0638555
0.0773719
0.0540632
0.0597893
0.0433929
0.0424026
0.0322361
0.0252454
0.0210052
0.00834556
0.0101207
-0.00827186
2.30435e-15
-0.0245813
-0.00895271
-0.0405535
-0.0163556
-0.0561525
-0.0218579
-0.0713331
-0.0251499
-0.0860379
-0.0259726
-0.100196
-0.0241296
-0.113723
-0.0194986
-0.126519
-0.0120439
-0.138471
-0.00182735
-0.149458
0.0109838
-0.15935
0.0261123
-0.168017
0.0431723
-0.175334
0.0616773
-0.181188
0.0810558
-0.185484
0.100673
-0.188153
0.119862
-0.189162
0.137952
-0.188511
0.154308
-0.186243
0.168366
0.179659
-0.182441
0.27787
-0.282194
0.27161
0.263587
0.253982
0.242985
0.23078
0.217549
0.203458
0.188665
0.173307
0.157508
0.141375
0.124997
0.108451
0.0917966
0.0750828
0.0583481
0.0416223
0.0249297
0.00829186
-0.00827003
-0.0247315
-0.041062
-0.0572218
-0.0731593
-0.0888087
-0.104089
-0.118901
-0.133133
-0.146655
-0.159327
-0.171002
-0.18153
-0.190766
-0.198576
-0.204846
-0.209487
-0.212444
-0.213697
-0.213268
-0.211218
-0.207533
-0.193189
-0.212557
-0.168377
-0.210923
-0.142507
-0.203219
-0.117372
-0.190458
-0.0944373
-0.173905
-0.0747249
-0.154893
-0.0587479
-0.134653
-0.0465162
-0.114191
-0.037604
-0.0942288
-0.0312701
-0.0752228
-0.0266132
-0.0574411
-0.0227412
-0.0410942
-0.0189321
-0.0264839
-0.0147646
-0.0141403
-0.0102003
-0.00491419
-0.00560806
-0.0017254
-0.212192
-0.175093
-0.217074
-0.153951
-0.215866
-0.131806
-0.209045
-0.110073
-0.197444
-0.089939
-0.182119
-0.072268
-0.164207
-0.0575525
-0.144792
-0.0459055
-0.124799
-0.0370974
-0.104938
-0.0306293
-0.0856932
-0.0258357
-0.0673718
-0.0220012
-0.0501868
-0.01848
-0.0343705
-0.0148009
-0.0202893
-0.0107478
-0.00853891
-0.00640349
-0.00215418
-0.213419
-0.157135
-0.218274
-0.139333
-0.217601
-0.120579
-0.211772
-0.101983
-0.201455
-0.0844947
-0.187514
-0.0688379
-0.170899
-0.055467
-0.152546
-0.0445555
-0.133285
-0.0360126
-0.113786
-0.0295255
-0.0945417
-0.0246244
-0.0758823
-0.0207607
-0.058031
-0.0173906
-0.0411821
-0.0140564
-0.0255906
-0.0104545
-0.0116583
-0.00648464
-0.00227411
-0.211283
-0.139518
-0.216181
-0.124709
-0.216102
-0.109003
-0.21132
-0.0932623
-0.202357
-0.0782428
-0.1899
-0.0645407
-0.17473
-0.0525628
-0.157635
-0.0425112
-0.139341
-0.0343881
-0.120463
-0.0280187
-0.101478
-0.0230898
-0.082725
-0.0191999
-0.0644373
-0.0159159
-0.0467908
-0.0128315
-0.02997
-0.00962116
-0.0142379
-0.00608474
-0.00217826
-0.205992
-0.122438
-0.210963
-0.11027
-0.211488
-0.0972688
-0.207758
-0.0840983
-0.200161
-0.0713519
-0.189235
-0.0595158
-0.175602
-0.048944
-0.159912
-0.0398442
-0.142785
-0.0322766
-0.124766
-0.0261643
-0.106299
-0.0213144
-0.08772
-0.017449
-0.0692653
-0.0142412
-0.0511034
-0.0113554
-0.0333778
-0.00848688
-0.0162594
-0.00539801
-0.00194756
-0.197871
-0.106082
-0.202907
-0.0962113
-0.204006
-0.0855791
-0.201284
-0.0746921
-0.19502
-0.0640116
-0.185616
-0.0539277
-0.173559
-0.044741
-0.15937
-0.0366499
-0.143562
-0.0297461
-0.126606
-0.0240183
-0.108903
-0.0193624
-0.0907678
-0.0155991
-0.0724352
-0.0124957
-0.0540697
-0.00979265
-0.0357933
-0.00723023
-0.0177206
-0.00457568
-0.00164749
-0.18733
-0.0906175
-0.192397
-0.0827159
-0.194005
-0.0741328
-0.192211
-0.06525
-0.187201
-0.0564217
-0.179267
-0.0479565
-0.168774
-0.0401038
-0.156128
-0.0330431
-0.141744
-0.0268791
-0.126015
-0.0216412
-0.109289
-0.0172872
-0.0918543
-0.0137129
-0.0739334
-0.0107642
-0.0556866
-0.00825303
-0.0372256
-0.00597481
-0.018635
-0.00372698
-0.00132708
-0.174839
-0.0761887
-0.179879
-0.069952
-0.181906
-0.0631183
-0.180931
-0.0559721
-0.177065
-0.0487818
-0.170508
-0.0417878
-0.161523
-0.0351923
-0.150416
-0.0291514
-0.137512
-0.0237698
-0.123127
-0.0190988
-0.107554
-0.0151371
-0.0910475
-0.0118346
-0.0738109
-0.00909864
-0.0559974
-0.00680296
-0.0377136
-0.00479823
-0.0190305
-0.00292377
-0.00101987
-0.160887
-0.0629126
-0.165829
-0.0580637
-0.168171
-0.0527044
-0.167888
-0.0470437
-0.165032
-0.041282
-0.15973
-0.0356035
-0.152161
-0.0301687
-0.142547
-0.0251084
-0.131131
-0.0205194
-0.118161
-0.0164622
-0.103874
-0.0129594
-0.088486
-0.00999747
-0.0721764
-0.00752903
-0.0550878
-0.00547741
-0.0373224
-0.00374244
-0.0189468
-0.00220726
-0.000746012
-0.145954
-0.0508752
-0.150722
-0.0471674
-0.153268
-0.0430345
-0.15354
-0.0386276
-0.151547
-0.0340943
-0.147359
-0.0295731
-0.141088
-0.0251885
-0.132887
-0.0210467
-0.122928
-0.0172323
-0.1114
-0.0138058
-0.0984867
-0.0108018
-0.0843635
-0.00822944
-0.0691845
-0.00607226
-0.0530769
-0.00429062
-0.0361378
-0.00282419
-0.018433
-0.00159569
-0.000515164
-0.130483
-0.0401315
-0.135003
-0.0373489
-0.137641
-0.0342224
-0.138331
-0.0308598
-0.13705
-0.0273675
-0.133824
-0.0238476
-0.128717
-0.0203946
-0.121823
-0.017092
-0.11326
-0.0140102
-0.103161
-0.0112044
-0.0916654
-0.00871298
-0.0789098
-0.00655678
-0.0650204
-0.00473883
-0.0501076
-0.00324484
-0.0342604
-0.00204422
-0.0175442
-0.00109168
-0.000329455
-0.114857
-0.0307067
-0.119061
-0.0286637
-0.121688
-0.026352
-0.122664
-0.0238467
-0.121947
-0.0212232
-0.119532
-0.0185551
-0.115444
-0.015912
-0.109736
-0.0133577
-0.102482
-0.0109482
-0.0937694
-0.00873064
-0.0836983
-0.0067414
-0.0723705
-0.00500579
-0.0598855
-0.00353721
-0.0463349
-0.00233704
-0.031798
-0.00139478
-0.0163381
-0.000688614
-0.000186283
-0.0993913
-0.0226
-0.103218
-0.0211397
-0.105741
-0.019478
-0.106882
-0.0176661
-0.106589
-0.015756
-0.104838
-0.0137992
-0.101627
-0.0118456
-0.0969777
-0.00994224
-0.0909293
-0.00813178
-0.0835368
-0.0064519
-0.0748659
-0.00493416
-0.064989
-0.00360324
-0.0539811
-0.00247646
-0.0419153
-0.00156327
-0.0288593
-0.000865187
-0.0148718
-0.000375709
-8.06003e-05
-0.0843173
-0.0157897
-0.0877172
-0.0147813
-0.090055
-0.0136299
-0.091255
-0.0123693
-0.0912613
-0.0110341
-0.0900375
-0.00965932
-0.0875661
-0.00827933
-0.083847
-0.00692725
-0.0788957
-0.00563417
-0.0727413
-0.0044285
-0.0654236
-0.00333535
-0.0569909
-0.00237593
-0.0474967
-0.00156716
-0.036997
-0.000921209
-0.0255471
-0.0004453
-0.0131993
-0.000141488
-6.61953e-06
-0.0697877
-0.0102397
-0.0727217
-0.00957547
-0.074807
-0.008817
-0.0759746
-0.00798564
-0.0761696
-0.00710351
-0.0753515
-0.00619319
-0.0734938
-0.00527725
-0.0705836
-0.00437782
-0.0666204
-0.0035162
-0.0616152
-0.00271242
-0.0555893
-0.00198484
-0.0485721
-0.00134984
-0.0405996
-0.000821468
-0.0317125
-0.000411149
-0.0219543
-0.000127459
-0.0113691
2.40676e-05
4.10737e-05
-0.0558786
-0.00590668
-0.0583168
-0.00549843
-0.0600954
-0.00503482
-0.0611548
-0.00452844
-0.0614455
-0.00399252
-0.0609278
-0.00344066
-0.0595726
-0.00288662
-0.0573606
-0.00234414
-0.0542826
-0.00182663
-0.0503383
-0.00134701
-0.0455361
-0.000917477
-0.0398919
-0.000549279
-0.0334284
-0.000252533
-0.0261737
-3.60416e-05
-0.0181601
9.28739e-05
-0.00942321
0.000128512
6.69149e-05
-0.0425982
-0.00274694
-0.0445184
-0.00252257
-0.0459477
-0.00227166
-0.0468381
-0.00200089
-0.047148
-0.00171734
-0.0468431
-0.00142835
-0.0458959
-0.00114138
-0.0442864
-0.000863978
-0.0420017
-0.00060361
-0.0390359
-0.000367579
-0.0353898
-0.000162907
-0.0310706
3.766e-06
-0.0260911
0.000126287
-0.0204697
0.000199089
-0.0142291
0.00021728
-0.00739598
0.000176729
7.41405e-05
-0.0298977
-0.00072329
-0.0312836
-0.000623031
-0.0323311
-0.000515036
-0.0330049
-0.00040222
-0.033274
-0.000287659
-0.0331117
-0.000174546
-0.0324962
-6.61534e-05
-0.0314102
3.42043e-05
-0.0298416
0.000123218
-0.0277831
0.000197624
-0.025232
0.000254248
-0.0221906
0.000290051
-0.0186654
0.000302166
-0.0146672
0.000287944
-0.0102109
0.000244991
-0.00531468
0.000171207
6.482e-05
-0.0176841
0.000189426
-0.0185232
0.000216624
-0.0191644
0.000242693
-0.0195862
0.000266866
-0.0197693
0.000288343
-0.019697
0.000306299
-0.019355
0.000319896
-0.0187321
0.000328288
-0.0178196
0.000330633
-0.0166117
0.000326104
-0.0151057
0.000313898
-0.0133016
0.000293246
-0.0112022
0.000263423
-0.00881298
0.000223758
-0.00614212
0.000173645
-0.00320019
0.000112549
4.00193e-05
-0.00583333
1.20667e-18
-0.00611533
9.56917e-19
-0.00633239
1.02559e-18
-0.00647722
9.98003e-19
-0.00654329
7.76808e-19
-0.00652482
7.39336e-19
-0.00641693
7.03586e-19
-0.00621558
5.27343e-19
-0.00591769
3.66886e-19
-0.0055211
2.61735e-19
-0.00502462
1.47936e-19
-0.00442801
1.48695e-19
-0.00373198
1.84809e-19
-0.00293819
1.2954e-19
-0.00204918
6.61454e-20
-0.00106837
2.65144e-20
5.30578e-21
0.00579645
-0.00130186
0.00608066
-0.00128486
0.00630021
-0.00125656
0.00644777
-0.00121752
0.00651673
-0.00116833
0.00650128
-0.00110964
0.00639645
-0.00104217
0.00619818
-0.000966651
0.00590329
-0.000883871
0.00550958
-0.000794624
0.0050158
-0.000699718
0.00442163
-0.000599963
0.00372774
-0.00049616
0.00293572
-0.000389089
0.00204804
-0.000279506
0.00106808
-0.000168124
-5.56129e-05
0.0173514
-0.00374646
0.0182105
-0.00366637
0.0188742
-0.00355326
0.0193206
-0.00340958
0.0195299
-0.00323803
0.0194848
-0.00304149
0.0191706
-0.00282302
0.0185753
-0.00258576
0.0176899
-0.00233294
0.016508
-0.00206782
0.0150263
-0.00179364
0.0132442
-0.0015136
0.0111641
-0.00123078
0.00879075
-0.000948121
0.0061319
-0.000668404
0.00319755
-0.000394175
-0.00012773
0.0289694
-0.00738309
0.0304112
-0.00718844
0.0315218
-0.00692811
0.0322646
-0.00660817
0.0326068
-0.00623517
0.0325207
-0.00581607
0.0319826
-0.00535807
0.0309739
-0.0048686
0.029481
-0.00435511
0.0274949
-0.00382505
0.0250115
-0.0032857
0.0220314
-0.00274409
0.0185597
-0.0022069
0.0146057
-0.00168032
0.0101826
-0.00117005
0.00530738
-0.000681093
-0.000217777
0.0407668
-0.0122772
0.042798
-0.0119075
0.0443526
-0.0114279
0.0453795
-0.0108504
0.0458345
-0.0101876
0.0456801
-0.00945277
0.0448861
-0.00865946
0.0434294
-0.00782146
0.041294
-0.00695245
0.0384709
-0.00606579
0.0349579
-0.00517434
0.0307592
-0.0042902
0.0258846
-0.00342455
0.0203496
-0.00258745
0.014174
-0.00178765
0.00738177
-0.00103249
-0.000327731
0.0528265
-0.018506
0.0554511
-0.0178877
0.0574399
-0.0171036
0.0587283
-0.016174
0.0592621
-0.0151206
0.0589965
-0.0139658
0.0578975
-0.0127322
0.0559406
-0.0114424
0.0531114
-0.0101185
0.0494045
-0.00878152
0.0448233
-0.00745117
0.0393788
-0.00614549
0.0330887
-0.00488046
0.0259764
-0.00366975
0.0180698
-0.00252442
0.00939997
-0.00145277
-0.000460188
0.0651859
-0.0261516
0.0684036
-0.025195
0.0708085
-0.0240038
0.0723243
-0.022611
0.0728884
-0.0210509
0.0724527
-0.0193587
0.0709828
-0.0175695
0.068458
-0.0157175
0.06487
-0.0138353
0.0602222
-0.0119535
0.054528
-0.0100995
0.0478095
-0.00829753
0.0400958
-0.00656773
0.0314206
-0.00492603
0.0218209
-0.00338372
0.0113349
-0.00194729
-0.000618381
0.0778258
-0.0352948
0.0816303
-0.0338895
0.0844237
-0.032168
0.0861196
-0.0301809
0.086651
-0.0279803
0.0859704
-0.0256188
0.0840488
-0.0231478
0.0808749
-0.0206163
0.0764531
-0.0180702
0.0708014
-0.0155506
0.0639491
-0.0130931
0.0559342
-0.0107272
0.0468004
-0.00847562
0.0365946
-0.00635359
0.0253638
-0.00436898
0.0131524
-0.00252213
-0.000806055
0.0906616
-0.0460058
0.0950389
-0.0440175
0.0981822
-0.0416185
0.0999977
-0.0388836
0.100418
-0.0358893
0.0994035
-0.0327111
0.0969364
-0.0294216
0.0930225
-0.0260886
0.0876863
-0.0227729
0.0809679
-0.0195273
0.0729187
-0.0163949
0.0635977
-0.0134083
0.0530673
-0.0105892
0.0413891
-0.00794786
0.0286205
-0.00548318
0.014811
-0.00318349
-0.0010271
0.103537
-0.0583367
0.108464
-0.0556039
0.111907
-0.052353
0.113769
-0.0486921
0.113987
-0.0447302
0.112536
-0.0405729
0.10942
-0.0363197
0.104669
-0.0320606
0.0983387
-0.0278736
0.0904976
-0.0238227
0.0812266
-0.0199565
0.0706108
-0.0163069
0.0587342
-0.012889
0.0456748
-0.00970145
0.0314997
-0.00672748
0.0162625
-0.00393619
-0.00128477
0.116221
-0.0723132
0.121667
-0.0686444
0.125349
-0.0643379
0.12717
-0.0595468
0.127083
-0.0544228
0.125085
-0.0491103
0.12121
-0.043742
0.115528
-0.0384339
0.10813
-0.0332821
0.0991242
-0.0283604
0.0886279
-0.0237184
0.0767565
-0.019381
0.0636182
-0.0153494
0.0493076
-0.0116023
0.0339008
-0.00809864
0.0174536
-0.00478119
-0.00158048
0.128411
-0.0879278
0.134337
-0.0830997
0.138188
-0.0775032
0.139874
-0.0713511
0.139371
-0.0648508
0.13671
-0.0581958
0.13197
-0.0515586
0.125266
-0.0450848
0.116742
-0.0388883
0.106552
-0.0330484
0.094856
-0.0276092
0.0818027
-0.0225798
0.0675261
-0.0179372
0.0521364
-0.0136301
0.0357179
-0.00958493
0.0183279
-0.00571172
-0.00191196
0.139743
-0.105135
0.146105
-0.0988911
0.150049
-0.0917392
0.151501
-0.0839697
0.150469
-0.0758612
0.147032
-0.0676684
0.141326
-0.0596112
0.133528
-0.0518667
0.123841
-0.0445639
0.112477
-0.0377813
0.0996402
-0.0315469
0.0855175
-0.0258422
0.0702667
-0.0206078
0.0540125
-0.0157518
0.0368461
-0.0111603
0.0188286
-0.00670807
-0.00227094
0.149806
-0.123846
0.156559
-0.115899
0.160519
-0.106896
0.161638
-0.0972288
0.159969
-0.0872659
0.155653
-0.0773367
0.148897
-0.0677159
0.139954
-0.0586127
0.129099
-0.0501657
0.116605
-0.0424413
0.102727
-0.0354381
0.0876876
-0.0290943
0.0716663
-0.0233004
0.0548005
-0.017914
0.0371885
-0.0127765
0.0189016
-0.00773119
-0.00264036
0.158162
-0.14393
0.165265
-0.133964
0.169173
-0.122787
0.169869
-0.11092
0.167468
-0.0988462
0.162187
-0.0869841
0.154323
-0.0756695
0.144216
-0.0651419
0.132223
-0.0555393
0.118684
-0.0469011
0.103904
-0.0391773
0.0881377
-0.0322454
0.0715837
-0.0259314
0.054389
-0.0200347
0.0366631
-0.0143545
0.0184988
-0.00871552
-0.00299151
0.164377
-0.165216
0.1718
-0.152889
0.175599
-0.139192
0.175801
-0.124808
0.172593
-0.11036
0.166291
-0.096376
0.157294
-0.0832563
0.146043
-0.0712649
0.132984
-0.0605242
0.118526
-0.0510248
0.103021
-0.0426456
0.0867498
-0.0351828
0.0699245
-0.0283853
0.0527016
-0.0219926
0.0352091
-0.0157739
0.0175815
-0.00956181
-0.00328134
0.168049
-0.187493
0.17578
-0.172448
0.179436
-0.155865
0.179098
-0.138635
0.175043
-0.121553
0.167698
-0.10527
0.157582
-0.0902573
0.145251
-0.0767915
0.131242
-0.0649574
0.116031
-0.0546691
0.10001
-0.0457068
0.0834778
-0.0377646
0.0666527
-0.0305053
0.0497035
-0.023617
0.0327917
-0.0168642
0.0161231
-0.0101311
-0.0034506
0.168843
-0.210519
0.176893
-0.19239
0.180404
-0.172547
0.179515
-0.152136
0.174609
-0.132164
0.166243
-0.113425
0.155071
-0.0964587
0.141771
-0.0815372
0.126971
-0.0686777
0.111208
-0.057683
0.0949022
-0.0482033
0.078358
-0.0398112
0.0617971
-0.0320832
0.045407
-0.0246769
0.0294058
-0.0173969
0.0141109
-0.0102414
-0.00342339
0.166518
-0.234024
0.174932
-0.212451
0.17833
-0.188971
0.176921
-0.16505
0.171206
-0.141945
0.16189
-0.120614
0.149775
-0.101662
0.135661
-0.0853299
0.120269
-0.0715282
0.104181
-0.0599062
0.0878287
-0.0499503
0.0715119
-0.0410974
0.0554522
-0.0328493
0.0398706
-0.0248739
0.025076
-0.017082
0.0115481
-0.00966753
-0.0031086
0.160957
-0.257719
0.169812
-0.232362
0.173173
-0.204879
0.171322
-0.177126
0.164891
-0.150662
0.154747
-0.126631
0.141848
-0.10569
0.127121
-0.0880143
0.111364
-0.0733573
0.0951898
-0.0611658
0.0790214
-0.0507293
0.0631403
-0.0413435
0.0477717
-0.0324655
0.033195
-0.0238385
0.0198549
-0.0155692
0.00845375
-0.00814739
-0.00240386
0.152186
-0.281298
0.161593
-0.251856
0.165036
-0.220027
0.162869
-0.18814
0.155865
-0.158116
0.145063
-0.131303
0.131585
-0.108396
0.11648
-0.0894556
0.100606
-0.0740183
0.0845799
-0.0612727
0.0687966
-0.0502814
0.0535088
-0.040209
0.0389567
-0.030522
0.0255139
-0.0211319
0.0138192
-0.0124567
0.00486266
-0.00539336
-0.00120218
-0.210536
0.107189
0.212114
-0.207554
0.117294
-0.203272
0.127368
-0.197801
0.136991
-0.191249
0.145707
-0.183716
0.153055
-0.175297
0.158597
-0.166074
0.161947
-0.156116
0.162794
-0.145483
0.160923
-0.134222
0.156224
-0.122368
0.148701
-0.10995
0.138467
-0.0969861
0.12574
-0.0834891
0.110827
-0.069467
0.0941091
-0.0549247
0.0760275
-0.0398657
0.0570638
-0.024295
0.0377256
-0.00822121
0.0185317
0.00834069
-1.97641e-18
0.0253663
-0.0173637
0.0428186
-0.033076
0.0606452
-0.0466857
0.0787751
-0.0577845
0.0971162
-0.0660186
0.115554
-0.0711009
0.133949
-0.0728249
0.152139
-0.0710782
0.169941
-0.0658549
0.187151
-0.0572656
0.20355
-0.0455432
0.218914
-0.0310431
0.233017
-0.0142361
0.24564
0.00430612
0.256582
0.0239327
0.265668
0.0439429
0.272759
0.0636196
0.277754
0.082266
0.280601
0.099242
0.113998
-0.234414
0.0969427
0.236873
-0.230361
0.107525
-0.224841
0.118196
-0.217987
0.128513
-0.209932
0.137998
-0.200807
0.146163
-0.190733
0.152547
-0.179821
0.15674
-0.168169
0.158409
-0.155866
0.15732
-0.142985
0.153349
-0.12959
0.146488
-0.11573
0.136842
-0.101448
0.12462
-0.0867761
0.110127
-0.0717386
0.0937414
-0.0563548
0.0759037
-0.0406402
0.0570963
-0.0246086
0.0378286
-0.00827467
0.0186225
0.00834275
0
0.0252181
-0.017528
0.0423158
-0.0334717
0.059587
-0.0473723
0.0769664
-0.0588129
0.0943702
-0.0674294
0.111694
-0.0729244
0.12881
-0.0750799
0.14557
-0.0737722
0.161806
-0.0689848
0.177328
-0.0608189
0.191938
-0.0495
0.205427
-0.0353792
0.217586
-0.0189262
0.228215
-0.000715654
0.237131
0.0185947
0.244176
0.0382934
0.249228
0.0576496
0.252206
0.075951
0.253076
0.0925412
0.106856
-0.252705
0.0838388
0.255159
-0.248372
0.094866
-0.242314
0.106112
-0.234691
0.117117
-0.225668
0.127383
-0.215408
0.136399
-0.204068
0.143681
-0.191794
0.148795
-0.178721
0.151391
-0.164974
0.151214
-0.150662
0.148125
-0.13588
0.142102
-0.120711
0.13324
-0.105226
0.12174
-0.0894821
0.107897
-0.0735268
0.0920875
-0.0573988
0.0747463
-0.0411289
0.0563536
-0.0247434
0.0374172
-0.00826582
0.0184584
0.00827956
-3.57307e-16
0.0248651
-0.0174454
0.0414561
-0.0333848
0.0580079
-0.0473554
0.0744626
-0.0589345
0.0907464
-0.0677516
0.106767
-0.0735012
0.122413
-0.0759572
0.137553
-0.074987
0.152038
-0.0705655
0.165699
-0.0627864
0.178358
-0.0518692
0.189829
-0.038161
0.199924
-0.0221308
0.208463
-0.00435584
0.215283
0.0145002
0.220244
0.0337164
0.223241
0.0525497
0.224209
0.0702736
0.223127
0.0862175
0.0998033
-0.263805
0.0690429
0.265203
-0.260147
0.0803428
-0.254405
0.0920105
-0.246775
0.103574
-0.237455
0.114516
-0.226647
0.124308
-0.214549
0.132446
-0.20135
0.138474
-0.187231
0.142022
-0.172357
0.142819
-0.156882
0.140707
-0.140942
0.135651
-0.124659
0.127731
-0.10814
0.117137
-0.0914749
0.104154
-0.0747393
0.0891481
-0.0579963
0.0725472
-0.0412971
0.054824
-0.0246837
0.0364803
-0.00819108
0.0180327
0.00814921
4.70527e-15
0.0243065
-0.0171077
0.0402472
-0.0327987
0.0559317
-0.0466101
0.0713112
-0.0581178
0.0863245
-0.0669486
0.100896
-0.0727931
0.114933
-0.07542
0.128326
-0.0746913
0.140951
-0.0705758
0.152666
-0.0631615
0.163318
-0.0526631
0.172749
-0.0394242
0.180797
-0.0239127
0.187307
-0.00670673
0.192138
0.0115259
0.195171
0.0300575
0.196318
0.0481362
0.195526
0.0650248
0.192788
0.0800418
0.0925994
-0.266648
0.0538442
0.265924
-0.26465
0.0651148
-0.260134
0.0769237
-0.253323
0.0887909
-0.244452
0.100188
-0.233764
0.11057
-0.2215
0.119416
-0.207898
0.126254
-0.193185
0.130694
-0.177579
0.132448
-0.161282
0.131341
-0.144479
0.127321
-0.127339
0.120452
-0.11001
0.110909
-0.0926207
0.0989625
-0.0752824
0.0849648
-0.0580872
0.0693303
-0.0411108
0.0525195
-0.0244144
0.0350229
-0.00804724
0.0173465
0.00795037
2.0117e-17
0.023544
-0.0165144
0.0387015
-0.0317117
0.0533897
-0.0451341
0.0675708
-0.0563612
0.0811995
-0.0650217
0.0942201
-0.070807
0.106565
-0.0734851
0.118151
-0.0729156
0.128885
-0.0690644
0.138656
-0.0620158
0.147346
-0.0519806
0.154827
-0.0392991
0.160969
-0.0244361
0.165647
-0.00796888
0.168745
0.00943464
0.170165
0.0270447
0.169834
0.0441056
0.16771
0.0598755
0.163791
0.0736682
0.0848921
-0.26082
0.0394831
0.257069
-0.261365
0.050331
-0.25892
0.0619042
-0.253728
0.0737218
-0.246053
0.0852499
-0.236173
0.0959363
-0.224371
0.105246
-0.21093
0.112696
-0.196132
0.117881
-0.180245
0.120495
-0.163525
0.120348
-0.146211
0.11737
-0.128523
0.111605
-0.110657
0.103211
-0.0927877
0.0924389
-0.0750638
0.079621
-0.0576122
0.0651531
-0.0405368
0.0494772
-0.0239214
0.0330661
-0.00783156
0.016409
0.00768225
1.927e-17
0.0225814
-0.0156732
0.0368357
-0.0301384
0.0504196
-0.0429491
0.063309
-0.0536945
0.0754777
-0.0620113
0.0868942
-0.0675965
0.0975192
-0.070222
0.107304
-0.0697496
0.116188
-0.066145
0.124101
-0.0594907
0.130961
-0.0499942
0.136678
-0.0379913
0.141158
-0.0239417
0.144305
-0.00841711
0.14603
0.00791981
0.146254
0.0243443
0.144914
0.040105
0.141975
0.0544644
0.137429
0.0667406
0.0763474
-0.246623
0.0269871
0.239254
-0.250352
0.036991
-0.250644
0.0479075
-0.247745
0.0592654
-0.24193
0.0705353
-0.233499
0.0811658
-0.222767
0.0906193
-0.21006
0.0984053
-0.195702
0.104109
-0.180016
0.107414
-0.163312
0.108113
-0.145882
0.106117
-0.128002
0.101453
-0.109917
0.0942532
-0.0918512
0.0847468
-0.0739958
0.0732411
-0.0565151
0.0601064
-0.0395443
0.0457595
-0.023192
0.0306484
-0.00754178
0.0152382
0.00734467
5.28393e-15
0.0214244
-0.0146
0.0346697
-0.0281099
0.0470645
-0.0401013
0.0586003
-0.0501798
0.0692731
-0.0579963
0.0790792
-0.0632596
0.0880123
-0.0657505
0.0960606
-0.0653369
0.103204
-0.0619875
0.109414
-0.0557843
0.114649
-0.0469313
0.118861
-0.0357576
0.12199
-0.0227135
0.123971
-0.00835895
0.124736
0.00665711
0.12422
0.0216248
0.122365
0.0358089
0.119124
0.0484885
0.114469
0.058999
0.0667727
-0.225043
0.0170417
0.213898
-0.232245
0.0258274
-0.235665
0.0356881
-0.235519
0.0461752
-0.232069
0.0567782
-0.225616
0.0669593
-0.21649
0.0761898
-0.205042
0.0839832
-0.191636
0.0899237
-0.176635
0.0936876
-0.1604
0.0950572
-0.143277
0.0939268
-0.12559
0.0903016
-0.107641
0.0842902
-0.0896973
0.0760931
-0.0719977
0.0659879
-0.0547443
0.0543133
-0.0381053
0.0414538
-0.022215
0.0278251
-0.00717619
0.0138604
0.00693798
5.57581e-15
0.0200804
-0.0133195
0.0322266
-0.025674
0.043371
-0.0366611
0.0535231
-0.0459102
0.062703
-0.0530929
0.0709377
-0.057936
0.0782566
-0.0602345
0.0846878
-0.0598664
0.090254
-0.0568056
0.0949694
-0.0511345
0.0988365
-0.043052
0.101844
-0.0328766
0.103967
-0.0210428
0.105166
-0.00808997
0.105386
0.00535791
0.104564
0.0186194
0.102631
0.0309904
0.099514
0.0417829
0.0951426
0.0503666
0.0562089
-0.19765
0.00991839
0.183063
-0.2082
0.0172298
-0.214792
0.0257221
-0.217578
0.0349864
-0.216775
0.0445472
-0.212656
0.0538975
-0.205545
0.0625329
-0.195797
0.069985
-0.183796
0.0758481
-0.169936
0.0798013
-0.154617
0.0816216
-0.138227
0.0811907
-0.12114
0.078494
-0.103701
0.0736145
-0.0862281
0.0667218
-0.068999
0.0580587
-0.0522547
0.0479267
-0.0361955
0.0366712
-0.0209814
0.0246679
-0.00673368
0.0123104
0.0064631
0
0.0185582
-0.0118644
0.0295311
-0.0228948
0.039388
-0.0327225
0.0481568
-0.0410079
0.0558836
-0.0474508
0.0626268
-0.0518015
0.0684527
-0.0538744
0.0734297
-0.0535607
0.0776229
-0.0508415
0.0810887
-0.0457988
0.0838694
-0.0386233
0.0859885
-0.0296172
0.0874472
-0.0191906
0.0882214
-0.00785062
0.0882607
0.00381786
0.0874889
0.0151784
0.0858058
0.0255762
0.0830913
0.0343759
0.0792102
0.0410009
0.0449725
-0.166444
0.00547117
0.149222
-0.17979
0.0112196
-0.189223
0.0181698
-0.194799
0.0259692
-0.196656
0.0341963
-0.195014
0.042393
-0.190155
0.0500979
-0.182418
0.0568768
-0.172184
0.0623492
-0.159861
0.0662087
-0.145867
0.0682363
-0.130625
0.0683071
-0.114542
0.0663904
-0.0980042
0.0625441
-0.0813655
0.0569057
-0.0649425
0.04968
-0.0490094
0.0411261
-0.0337956
0.0315444
-0.0194843
0.0212638
-0.00621379
0.0106309
0.00592143
0
0.0168679
-0.0102755
0.0266096
-0.0198513
0.0351646
-0.0284005
0.0425797
-0.0356215
0.0489259
-0.0412485
0.0542927
-0.0450612
0.0587814
-0.0468972
0.0624984
-0.0466637
0.0655476
-0.044349
0.0680229
-0.0400331
0.0699998
-0.0338936
0.0715283
-0.0262089
0.072626
-0.0173538
0.0732725
-0.00778947
0.0734056
0.00195457
0.0729198
0.0113055
0.0716671
0.0196779
0.0694601
0.0265095
0.0660776
0.0312977
0.033636
-0.133639
0.00320349
0.114979
-0.14885
0.00748254
-0.16044
0.0128813
-0.16834
0.0191174
-0.172588
0.0258401
-0.173317
0.0326588
-0.170747
0.0391733
-0.165172
0.0450018
-0.156945
0.049805
-0.146462
0.0533051
-0.134146
0.0552982
-0.120429
0.0556615
-0.105739
0.0543535
-0.0904876
0.0514102
-0.0750555
0.0469373
-0.0597867
0.0411002
-0.0449815
0.0341124
-0.0308918
0.0262245
-0.0177197
0.0177132
-0.00561675
0.00887141
0.00531491
0
0.0150203
-0.00860038
0.0234886
-0.0166363
0.0307488
-0.023829
0.0368653
-0.0299215
0.0419318
-0.0346876
0.0460649
-0.037941
0.0493966
-0.0395454
0.0520653
-0.0394252
0.054207
-0.0375754
0.0559441
-0.0340701
0.057376
-0.029068
0.0585676
-0.0228145
0.0595406
-0.0156372
0.0602645
-0.00793676
0.0606513
-0.000170277
0.0605519
0.00717144
0.0597562
0.0135918
0.057997
0.0186201
0.0549574
0.0218451
0.0229468
-0.101448
0.00239464
0.0827819
-0.117319
0.00545241
-0.130087
0.00944607
-0.139558
0.0141708
-0.145652
0.0193575
-0.1484
0.0246977
-0.147939
0.0298683
-0.144493
0.0345562
-0.138364
0.0384789
-0.129912
0.0414013
-0.11954
0.0431472
-0.107668
0.0436053
-0.0947262
0.0427309
-0.0811297
0.0405429
-0.0672714
0.037118
-0.0535085
0.0325823
-0.0401553
0.0271029
-0.0274769
0.0208778
-0.0156865
0.0141278
-0.0049435
0.0070878
0.00464591
1.09338e-14
0.0130271
-0.00689293
0.0201942
-0.0133538
0.026186
-0.019157
0.0310806
-0.0240949
0.0349898
-0.0279851
0.038051
-0.0306777
0.0404187
-0.0320645
0.0422544
-0.0320868
0.0437148
-0.0307438
0.04494
-0.0280996
0.04604
-0.0242872
0.0470822
-0.0195094
0.0480794
-0.0140354
0.0489795
-0.0081916
0.049658
-0.00234771
0.0499144
0.00310304
0.0494723
0.00776777
0.0479854
0.0112809
0.0450477
0.0133324
0.0136944
-0.0718621
0.00226512
0.0546693
-0.0870538
0.00443487
-0.0998341
0.00728032
-0.1099
0.010671
-0.117062
0.0144223
-0.121248
0.018314
-0.1225
0.0221101
-0.120958
0.0255772
-0.116856
0.0285021
-0.110494
0.0307043
-0.102229
0.032046
-0.0924485
0.0324375
-0.0815559
0.0318388
-0.0699513
0.0302579
-0.0580171
0.0277465
-0.0461053
0.0243949
-0.0345283
0.0203244
-0.0235509
0.0156808
-0.0133869
0.0106278
-0.00419574
0.00534051
0.00391726
0
0.0109001
-0.0052117
0.0167515
-0.0101164
0.0215169
-0.0145445
0.0252832
-0.01834
0.0281723
-0.0213657
0.030333
-0.0235096
0.031931
-0.0246908
0.0331375
-0.0248662
0.034117
-0.0240365
0.0350125
-0.0222511
0.0359314
-0.0196108
0.0369311
-0.0162686
0.0380052
-0.0124257
0.039073
-0.00832479
0.0399713
-0.00423835
0.0404514
-0.000452989
0.0401815
0.00274922
0.0387545
0.00511182
0.0357036
0.00642554
0.00654861
-0.0464663
0.00215312
0.0320729
-0.0596748
0.00375224
-0.0712425
0.00573922
-0.0808014
0.00804422
-0.0880858
0.0105585
-0.0929392
0.0131464
-0.0953149
0.0156587
-0.0952701
0.0179452
-0.0929549
0.0198668
-0.0885973
0.0213041
-0.0824853
0.0221651
-0.0749488
0.0223888
-0.0663403
0.0219466
-0.0570178
0.0208421
-0.0473286
0.0191081
-0.0375967
0.016803
-0.0281118
0.0140067
-0.0191217
0.0108157
-0.0108265
0.0073389
-0.00337597
0.00369323
0.00313217
0
0.00865122
-0.00361858
0.0131836
-0.00704264
0.016777
-0.0101579
0.0195195
-0.012859
0.021533
-0.0150533
0.0229643
-0.0166649
0.0239758
-0.0176386
0.0247329
-0.0179445
0.0253915
-0.0175816
0.0260826
-0.0165812
0.0268982
-0.0150086
0.0278758
-0.0129627
0.0289856
-0.0105736
0.0301201
-0.00799745
0.0310869
-0.00540836
0.0316078
-0.00298737
0.0313238
-0.000909788
0.0298063
0.000669114
0.0265768
0.00162842
0.00189477
-0.0263141
0.00167119
0.0157099
-0.0364327
0.00288664
-0.0456433
0.00423937
-0.0535815
0.00569893
-0.0599602
0.0072141
-0.0645803
0.00871884
-0.0673364
0.0101391
-0.0682152
0.0113996
-0.0672887
0.0124299
-0.064703
0.0131697
-0.0606639
0.0135726
-0.0554207
0.0136082
-0.0492503
0.0132633
-0.0424404
0.0125416
-0.0352757
0.0114623
-0.0280253
0.0100585
-0.0209321
0.00837477
-0.0142053
0.00646465
-0.00801482
0.00438851
-0.00248747
0.00221118
0.00229423
1.09111e-14
0.00629218
-0.00217708
0.00951101
-0.00425323
0.011995
-0.0061645
0.0138234
-0.00785166
0.0151046
-0.00926215
0.0159678
-0.0103522
0.0165542
-0.0110892
0.0170056
-0.0114538
0.0174522
-0.0114418
0.0179988
-0.0110663
0.0187119
-0.0103578
0.0196056
-0.00936453
0.020631
-0.00815091
0.0216673
-0.00679443
0.0225178
-0.00538141
0.0229106
-0.00400115
0.0225065
-0.00273906
0.0209131
-0.00166929
0.017706
-0.00084732
-0.00030343
-0.0118637
0.000814659
0.00557131
-0.0181227
0.0015985
-0.0240444
0.00237344
-0.0293513
0.00312788
-0.0338095
0.00384519
-0.037241
0.00450522
-0.0395312
0.00508625
-0.0406306
0.00556684
-0.0405529
0.00592763
-0.039368
0.00615273
-0.0371932
0.00623088
-0.0341821
0.006156
-0.0305126
0.00592748
-0.0263752
0.00555004
-0.0219622
0.00503334
-0.0174579
0.0043913
-0.0130307
0.0036415
-0.00882669
0.00280431
-0.00496484
0.00190225
-0.0015343
0.000959235
0.00140738
1.08784e-14
0.00383436
-0.000950494
0.00575152
-0.00186759
0.00719223
-0.00272747
0.00821488
-0.00350771
0.00889821
-0.00418793
0.00933536
-0.00475038
0.00962659
-0.00518071
0.00987081
-0.00546864
0.0101562
-0.0056086
0.01055
-0.00560029
0.0110884
-0.00544895
0.0117675
-0.00516538
0.012535
-0.00476554
0.013285
-0.00426976
0.0138572
-0.00370149
0.0140387
-0.00308565
0.0135732
-0.00244669
0.0121739
-0.00180651
0.00954269
-0.00118244
-0.000585476
-0.00299154
0.0010064
-0.00505016
-0.00707073
-0.00894551
-0.0105786
-0.0118922
-0.0128307
-0.0133629
-0.0134818
-0.013203
-0.0125618
-0.0116089
-0.0104059
-0.00902115
-0.00752471
-0.00598491
-0.00446476
-0.0030193
-0.00169359
-0.000521339
0.000475829
0.00128857
0.00191944
0.00238206
0.00269966
0.00290321
0.00302892
0.00311526
0.00319949
0.00331379
0.00348123
0.00371178
0.00399875
0.00431594
0.0046161
0.00483095
0.00487318
0.00464069
0.00402307
0.00291014
0.00535605
-0.00301516
0.0165646
-0.0121347
0.0327493
-0.0273129
0.052492
-0.0486362
0.0739594
-0.075628
0.0950986
-0.107236
0.113873
-0.14189
0.128503
-0.177617
0.137672
-0.212211
0.140673
-0.243438
0.137469
-0.269244
0.128663
-0.287951
0.115387
-0.298417
0.0991173
-0.300141
0.0814664
-0.293295
0.0639597
-0.278694
-0.257689
0.00918447
-0.00445063
0.0231151
-0.0161844
0.040716
-0.0330866
0.0605276
-0.0549065
0.0808431
-0.0809587
0.0998828
-0.110149
0.115983
-0.141043
0.127774
-0.171973
0.134321
-0.201172
0.135214
-0.22692
0.130591
-0.247694
0.121097
-0.262295
0.107779
-0.269951
0.0919433
-0.270378
0.0749874
-0.263792
0.05823
-0.250881
-0.23272
0.0123663
-0.00558358
0.0283363
-0.0192003
0.0467404
-0.0370111
0.0661686
-0.058556
0.0850989
-0.0830631
0.102042
-0.109489
0.115683
-0.136585
0.12501
-0.162989
0.129402
-0.187321
0.128679
-0.20829
0.123099
-0.224796
0.113316
-0.236007
0.100284
-0.241425
0.0851483
-0.240919
0.0691078
-0.234725
0.0532921
-0.223418
-0.207852
0.0148905
-0.00639039
0.0322613
-0.021166
0.0509415
-0.0391573
0.0696396
-0.0598041
0.0870529
-0.0823377
0.10198
-0.105825
0.113423
-0.129225
0.12067
-0.15146
0.123352
-0.171483
0.12146
-0.188351
0.115329
-0.201293
0.105596
-0.209752
0.0931198
-0.213431
0.078891
-0.2123
0.063932
-0.206595
0.0492007
-0.196795
-0.183574
0.0167697
-0.00686779
0.0349636
-0.0221219
0.0534836
-0.0396752
0.0712028
-0.0589498
0.087052
-0.0792418
0.100101
-0.0997597
0.109628
-0.11967
0.11517
-0.138147
0.11655
-0.154421
0.113882
-0.167826
0.107543
-0.177838
0.098135
-0.184105
0.0864194
-0.186468
0.0732469
-0.184962
0.0594811
-0.179813
0.0459272
-0.171412
-0.160292
0.0180353
-0.00703171
0.036545
-0.0221577
0.0545569
-0.0387753
0.0711342
-0.0563463
0.0854381
-0.0742665
0.0967832
-0.0918964
0.104681
-0.108594
0.108865
-0.123749
0.109304
-0.136816
0.106192
-0.14734
0.0999211
-0.154982
0.0910471
-0.159537
0.0802369
-0.160936
0.068214
-0.159254
0.0557022
-0.154695
0.043373
-0.14758
-0.138323
0.0187325
-0.0069143
0.0371245
-0.021401
0.0543618
-0.0367087
0.0697043
-0.0523735
0.0825283
-0.0679055
0.0923607
-0.0828113
0.0989024
-0.0966165
0.10204
-0.108888
0.101844
-0.119253
0.0985556
-0.127416
0.092564
-0.133173
0.0843713
-0.136416
0.0745546
-0.137138
0.0637244
-0.135429
0.052483
-0.131471
0.0413862
-0.125521
-0.117901
0.0189165
-0.00655983
0.0368292
-0.0200036
0.0530954
-0.0337466
0.0671641
-0.0474142
0.0786025
-0.06063
0.0871141
-0.0730311
0.0925489
-0.0842825
0.0949052
-0.0940902
0.0943222
-0.102213
0.091065
-0.10847
0.0855029
-0.112751
0.0780828
-0.115011
0.069299
-0.11528
0.0596625
-0.113652
0.049671
-0.110283
0.0397819
-0.105377
-0.0991814
0.0186477
-0.0060199
0.0357867
-0.0181288
0.0509429
-0.0301611
0.0637367
-0.0418322
0.0738967
-0.0528685
0.0812674
-0.0630167
0.0858113
-0.0720522
0.0876047
-0.0797865
0.0868278
-0.0860736
0.0837506
-0.0908135
0.0787143
-0.0939555
0.0721106
-0.0954977
0.0643588
-0.095486
0.0558835
-0.0940106
0.0470937
-0.0912007
0.0383633
-0.087218
-0.0822491
0.0179884
-0.00534886
0.0341188
-0.0159389
0.0480715
-0.0262089
0.0596131
-0.0359562
0.0686025
-0.0449935
0.0749919
-0.0531541
0.0788239
-0.0602969
0.080225
-0.0663101
0.0793955
-0.0711134
0.076597
-0.0746606
0.0721375
-0.0769389
0.0663556
-0.0779691
0.0596039
-0.0778033
0.052233
-0.0765218
0.044577
-0.0742299
0.0369403
-0.0710526
-0.0671299
0.0170001
-0.00459967
0.0319386
-0.0135851
0.0446275
-0.0221199
0.054952
-0.0300692
0.0628705
-0.0373133
0.0684126
-0.0437507
0.071674
-0.0493002
0.0728092
-0.0539022
0.072023
-0.0575204
0.0695595
-0.0601413
0.0656914
-0.0617741
0.0607078
-0.0624496
0.0549025
-0.0622186
0.0485634
-0.0611494
0.041962
-0.0593254
0.0353448
-0.0568415
-0.0538013
0.0157412
-0.00382076
0.0293472
-0.0112011
0.0407358
-0.0180892
0.0498819
-0.0244023
0.0568154
-0.0300704
0.061617
-0.0350379
0.0644133
-0.0392638
0.0653702
-0.0427226
0.0646852
-0.0454041
0.0625797
-0.0473135
0.0592904
-0.0484703
0.0550613
-0.0489075
0.0501354
-0.0486702
0.0447472
-0.047814
0.0391162
-0.0464029
0.0334412
-0.0445077
-0.0422034
0.0142651
-0.00305388
0.0264332
-0.00889839
0.0365006
-0.0142737
0.0445051
-0.0191343
0.0505229
-0.0234442
0.0546645
-0.0271775
0.0570699
-0.0303182
0.0579032
-0.0328608
0.0573473
-0.0348093
0.0555974
-0.0361775
0.0528557
-0.0369876
0.0493253
-0.03727
0.0452052
-0.0370619
0.0406849
-0.0364066
0.0359409
-0.0353517
0.0311325
-0.0339485
-0.0322502
0.0126193
-0.00233307
0.0232719
-0.00676482
0.032007
-0.0107927
0.0389013
-0.0143953
0.0440563
-0.0175576
0.0475947
-0.0202712
0.0496566
-0.0225342
0.0503954
-0.0243509
0.0499741
-0.0257313
0.0485604
-0.0266911
0.0463236
-0.027251
0.0434304
-0.0274361
0.0400417
-0.0272751
0.0363093
-0.0268001
0.0323735
-0.0260451
0.028361
-0.0250461
-0.0238394
0.0108445
-0.00168448
0.0199261
-0.00486595
0.0273235
-0.00773106
0.033132
-0.0102723
0.0374616
-0.0124861
0.0404337
-0.0143729
0.0421787
-0.0159367
0.042833
-0.0171854
0.0425363
-0.0181297
0.0414289
-0.0187838
0.0396491
-0.0191641
0.0373313
-0.0192895
0.0346031
-0.0191808
0.0315845
-0.0188602
0.0283855
-0.0183509
0.0251056
-0.0176766
-0.0168613
0.00897502
-0.00112707
0.0164465
-0.00324736
0.0225035
-0.00514462
0.0272437
-0.00681794
0.0307723
-0.00826863
0.0331994
-0.00950016
0.0346386
-0.010518
0.0352051
-0.0113293
0.0350138
-0.0119431
0.0341778
-0.0123699
0.0328068
-0.0126213
0.0310058
-0.01271
0.0288739
-0.0126497
0.0265034
-0.0124547
0.0239789
-0.0121393
0.0213764
-0.0117185
-0.0112069
0.00703829
-0.000673643
0.012873
-0.00193842
0.0175879
-0.0030664
0.0212709
-0.00405879
0.0240124
-0.00491788
0.0259041
-0.00564697
0.0270381
-0.0062503
0.0275055
-0.00673295
0.0273959
-0.00710076
0.0267958
-0.00736021
0.0257882
-0.00751833
0.0244519
-0.0075826
0.0228604
-0.00756081
0.0210821
-0.00746096
0.0191792
-0.00729119
0.0172081
-0.0070596
-0.00677422
0.00505593
-0.000332147
0.00923582
-0.000956155
0.0126072
-0.0015131
0.0152387
-0.00200403
0.0171991
-0.00243043
0.0185568
-0.00279415
0.0193795
-0.00309744
0.0197327
-0.00334285
0.0196803
-0.00353322
0.0192831
-0.00367163
0.0185993
-0.00376134
0.0176832
-0.00380578
0.0165858
-0.00380849
0.0153538
-0.00377305
0.0140299
-0.00370308
0.0126527
-0.0036022
-0.00347393
0.00304449
-0.000106971
0.00555778
-0.000309047
0.00758332
-0.000490892
0.00916443
-0.000652808
0.010344
-0.000795201
0.0111641
-0.000918576
0.0116658
-0.00102352
0.0118888
-0.00111072
0.011871
-0.0011809
0.0116486
-0.00123487
0.0112558
-0.00127347
0.0107246
-0.00129759
0.0100846
-0.00130815
0.00936332
-0.00130607
0.00858548
-0.00129231
0.00777356
-0.0012678
-0.00123347
0.00101672
0
0.00185576
0
0.00253205
0
0.00306036
5.81111e-20
0.00345521
1.30601e-19
0.00373076
7.24898e-20
0.00390074
0
0.00397835
0
0.00397621
0
0.00390627
0
0.00377979
-7.80035e-20
0.0036073
6.64135e-21
0.00339852
1.75815e-19
0.0031624
9.11706e-20
0.0029071
-1.0384e-19
0.00263994
6.1261e-21
1.09966e-19
-0.00101701
-1.13386e-05
-0.0018569
-2.83733e-05
-0.00253452
-3.77418e-05
-0.0030646
-3.9961e-05
-0.00346158
-3.56191e-05
-0.00373958
-2.53669e-05
-0.00391226
-9.90822e-06
-0.00399275
1.00093e-05
-0.00399361
3.36046e-05
-0.00392674
6.00727e-05
-0.00380334
8.85952e-05
-0.00363385
0.00011835
-0.00342797
0.000148522
-0.00319458
0.000178311
-0.00294177
0.000206944
-0.00267682
0.00023368
0.000257822
-0.00304713
-0.000139597
-0.00556801
-0.000390773
-0.00760555
-0.000599708
-0.00920255
-0.00076797
-0.0104014
-0.000897484
-0.0112435
-0.000990499
-0.0117695
-0.00104955
-0.0120185
-0.00107741
-0.0120277
-0.00107707
-0.011833
-0.00105167
-0.011468
-0.00100448
-0.010964
-0.000938835
-0.0103502
-0.000858118
-0.00965348
-0.000765688
-0.00889818
-0.00066486
-0.00810625
-0.000558852
-0.000450758
-0.00506323
-0.000381726
-0.00926411
-0.00108059
-0.0126688
-0.00167907
-0.0153444
-0.00217938
-0.0173583
-0.0025847
-0.0187774
-0.00289911
-0.0196676
-0.0031275
-0.0200933
-0.00327547
-0.0201165
-0.00334925
-0.0197967
-0.00335559
-0.0191904
-0.00330164
-0.0183504
-0.00319488
-0.0173261
-0.00304298
-0.016163
-0.00285368
-0.0149022
-0.00263473
-0.013581
-0.00239373
-0.00213806
-0.0070525
-0.000732427
-0.0129281
-0.00208636
-0.0177081
-0.0032641
-0.0214775
-0.00426653
-0.0243238
-0.00509661
-0.026336
-0.00575924
-0.0276031
-0.0062611
-0.0282133
-0.00661052
-0.0282529
-0.00681731
-0.0278056
-0.00689256
-0.0269512
-0.00684842
-0.0257655
-0.00669789
-0.0243191
-0.00645462
-0.0226773
-0.00613266
-0.0208996
-0.00574622
-0.0190395
-0.00530949
-0.00483635
-0.00899826
-0.00118322
-0.0165369
-0.00338911
-0.0227008
-0.0053341
-0.0275834
-0.00701369
-0.0312854
-0.00842711
-0.0339121
-0.00957723
-0.0355724
-0.0104704
-0.0363763
-0.0111163
-0.0364339
-0.0115274
-0.0358529
-0.0117192
-0.034738
-0.0117091
-0.0331892
-0.0115169
-0.0313004
-0.0111637
-0.029159
-0.0106719
-0.0268445
-0.0100643
-0.0244285
-0.00936432
-0.00859514
-0.0108787
-0.0017213
-0.0200595
-0.00495902
-0.0276154
-0.00785428
-0.0336358
-0.0103904
-0.0382241
-0.012557
-0.041495
-0.0143496
-0.0435718
-0.0157701
-0.0445834
-0.0168259
-0.0446619
-0.0175301
-0.0439399
-0.0179008
-0.042548
-0.0179608
-0.0406125
-0.0177367
-0.0382535
-0.0172583
-0.035583
-0.0165584
-0.0327036
-0.0156712
-0.0297074
-0.0146323
-0.0134775
-0.0126661
-0.00232843
-0.0234552
-0.00675196
-0.0324094
-0.0107699
-0.0395976
-0.014344
-0.045113
-0.0174451
-0.0490692
-0.0200535
-0.0515965
-0.0221593
-0.0528381
-0.0237621
-0.0529461
-0.0248709
-0.0520777
-0.0255034
-0.0503907
-0.0256855
-0.0480407
-0.0254504
-0.0451771
-0.0248376
-0.0419405
-0.0238918
-0.0384604
-0.0226617
-0.0348525
-0.0211987
-0.0195555
-0.0143259
-0.00297994
-0.026672
-0.00870627
-0.0370268
-0.0140008
-0.0454189
-0.0187915
-0.0519142
-0.0230184
-0.0566117
-0.0266354
-0.0596388
-0.0296104
-0.0611462
-0.0319259
-0.0613026
-0.0335795
-0.0602883
-0.0345826
-0.0582904
-0.0349607
-0.0554964
-0.0347516
-0.0520894
-0.0340042
-0.0482436
-0.0327771
-0.0441198
-0.0311364
-0.0398622
-0.0291538
-0.0269044
-0.0158168
-0.00364435
-0.0296455
-0.0107406
-0.041396
-0.0174367
-0.0510332
-0.0236126
-0.0585751
-0.0291632
-0.0640887
-0.0340006
-0.0676851
-0.0380566
-0.0695132
-0.0412839
-0.0697523
-0.0436571
-0.0686044
-0.0451727
-0.0662863
-0.0458489
-0.063021
-0.0457243
-0.0590305
-0.0448559
-0.0545282
-0.0433171
-0.0497125
-0.0411948
-0.0447618
-0.0385864
-0.0355961
-0.0170907
-0.00428354
-0.0322981
-0.0127534
-0.0454275
-0.0209345
-0.0563542
-0.0286446
-0.0650238
-0.0357164
-0.0714501
-0.0420026
-0.0757106
-0.0473804
-0.0779391
-0.0517554
-0.0783177
-0.0550637
-0.0770662
-0.0572734
-0.074431
-0.0583854
-0.0706745
-0.0584319
-0.0660629
-0.0574748
-0.060856
-0.0556026
-0.0552975
-0.0529265
-0.0496068
-0.0495756
-0.0456919
-0.0180934
-0.00485395
-0.0345388
-0.0146244
-0.049012
-0.0243186
-0.0612715
-0.0336795
-0.0711633
-0.0424604
-0.0786227
-0.0504344
-0.0836714
-0.0574024
-0.0864115
-0.0632003
-0.0870158
-0.0677047
-0.0857154
-0.0708371
-0.082786
-0.0725655
-0.0785315
-0.0729054
-0.0732691
-0.0719172
-0.0673133
-0.0697031
-0.0609619
-0.0664019
-0.0544837
-0.0621821
-0.0572338
-0.0187658
-0.00530876
-0.036263
-0.0162193
-0.0520181
-0.0273846
-0.0656465
-0.0384653
-0.0768651
-0.0491209
-0.0855015
-0.0590235
-0.0914953
-0.0678727
-0.0948947
-0.0754077
-0.0958472
-0.0814187
-0.094586
-0.0857552
-0.091412
-0.0883318
-0.0866737
-0.0891305
-0.0807454
-0.0882008
-0.0740057
-0.0856549
-0.0668171
-0.081662
-0.0595078
-0.0764382
-0.0702356
-0.0190454
-0.00560102
-0.0373544
-0.0173968
-0.0542923
-0.029907
-0.0693087
-0.0427125
-0.0819625
-0.0553693
-0.091941
-0.0674299
-0.0990704
-0.0784657
-0.103318
-0.0880878
-0.104784
-0.0959664
-0.103691
-0.101847
-0.100358
-0.105561
-0.0951786
-0.107036
-0.0885914
-0.106294
-0.0810492
-0.10345
-0.0729909
-0.0987073
-0.0648157
-0.0923383
-0.0846732
-0.0188688
-0.00568768
-0.0376869
-0.0180179
-0.0556593
-0.031651
-0.072054
-0.0461042
-0.086245
-0.0608308
-0.0977458
-0.07525
-0.106234
-0.0887792
-0.111561
-0.100867
-0.113755
-0.111023
-0.113007
-0.118848
-0.109644
-0.124054
-0.104104
-0.12648
-0.096896
-0.126102
-0.0885567
-0.123026
-0.0796152
-0.117487
-0.0705546
-0.109828
-0.100475
-0.0181744
-0.00553401
-0.0371292
-0.0179581
-0.0559251
-0.0323882
-0.073645
-0.0483126
-0.0894561
-0.0650977
-0.102665
-0.0820258
-0.112761
-0.0983389
-0.119443
-0.113286
-0.122631
-0.126173
-0.122458
-0.136405
-0.119246
-0.143525
-0.113473
-0.147245
-0.10572
-0.147459
-0.0966215
-0.144253
-0.0868099
-0.13789
-0.0768665
-0.128793
-0.117515
-0.0169061
-0.00511805
-0.0355497
-0.0171196
-0.0548835
-0.0319143
-0.0738155
-0.0490186
-0.0912942
-0.0677483
-0.10639
-0.0872603
-0.118362
-0.106609
-0.126712
-0.12481
-0.131211
-0.140913
-0.131902
-0.154071
-0.12908
-0.163598
-0.123253
-0.169023
-0.115079
-0.170121
-0.105299
-0.166928
-0.0946647
-0.159733
-0.0838701
-0.149056
-0.135599
-0.0150175
-0.0044343
-0.0328254
-0.0154436
-0.0523253
-0.0300687
-0.0722798
-0.0479356
-0.0914199
-0.0683706
-0.108556
-0.0904383
-0.122678
-0.113007
-0.13304
-0.134832
-0.139216
-0.154656
-0.141118
-0.171309
-0.138986
-0.183804
-0.133344
-0.191419
-0.124925
-0.193755
-0.114589
-0.190766
-0.10322
-0.182758
-0.0916411
-0.170361
-0.154468
-0.0124764
-0.0034962
-0.0288509
-0.0129203
-0.0480519
-0.0267524
-0.0687474
-0.0448335
-0.0894693
-0.0665894
-0.108755
-0.0910528
-0.125288
-0.116929
-0.138026
-0.142696
-0.146287
-0.166741
-0.149803
-0.187496
-0.148722
-0.203584
-0.143564
-0.213949
-0.135135
-0.217946
-0.124419
-0.215401
-0.11245
-0.206627
-0.100193
-0.192381
-0.173789
-0.00926964
-0.0023367
-0.0235495
-0.0095954
-0.0418916
-0.0219441
-0.0629426
-0.0395623
-0.0850746
-0.0620946
-0.106555
-0.0886342
-0.125731
-0.117774
-0.141209
-0.147721
-0.151992
-0.176457
-0.157574
-0.20194
-0.157964
-0.222302
-0.15365
-0.236045
-0.145502
-0.242192
-0.134637
-0.240387
-0.12225
-0.230924
-0.109465
-0.21471
-0.19316
-0.00540758
-0.0168857
-0.0337194
-0.0546295
-0.0778917
-0.101525
-0.123522
-0.142088
-0.155846
-0.163981
-0.166311
-0.163256
-0.155737
-0.145004
-0.13243
-0.119306
0.144309
0.112682
-0.138471
0.146639
0.137871
0.145323
0.161194
0.139869
0.177254
0.129554
0.18138
0.113733
0.170876
0.0921738
0.145744
0.0652619
0.10873
0.0340259
0.0647993
1.58279e-09
0.0203109
-0.0349673
-0.0178954
-0.0688632
-0.0433517
-0.0995857
-0.050755
-0.12499
-0.0367355
-0.143
-0.000576418
-0.151866
0.0552619
-0.150554
0.125059
-0.139156
0.200422
-0.119127
0.271585
0.329215
-0.0931918
0.131958
0.109817
-0.126928
0.134081
0.133033
0.13317
0.15408
0.128731
0.168221
0.120003
0.17136
0.106222
0.161095
0.0869354
0.137377
0.0622326
0.102614
0.0328263
0.0612894
1.52689e-09
0.0192677
-0.0345181
-0.017043
-0.0686859
-0.0415345
-0.100254
-0.0492081
-0.12688
-0.0369302
-0.14631
-0.00407793
-0.156672
0.0470549
-0.156854
0.111272
-0.146866
0.181057
-0.128032
0.247718
0.302918
-0.102886
0.119421
0.105922
-0.115014
0.121478
0.127004
0.121057
0.145671
0.117651
0.157817
0.11046
0.159906
0.0986249
0.14986
0.0815159
0.12763
0.0589754
0.0953406
0.0314498
0.0570076
1.45966e-09
0.0179562
-0.0337705
-0.0159295
-0.0678264
-0.039009
-0.0998313
-0.0466713
-0.127312
-0.0360494
-0.147891
-0.0065913
-0.159606
0.0396266
-0.161271
0.0979728
-0.152804
0.161809
-0.135376
0.223489
0.27563
-0.111311
0.10704
0.101037
-0.103091
0.109146
0.119865
0.109263
0.136101
0.106864
0.146237
0.101118
0.147277
0.0910912
0.137471
0.0760198
0.116811
0.0555544
0.0871779
0.0299249
0.0521331
1.38247e-09
0.0164376
-0.0327417
-0.0146121
-0.0663059
-0.0359198
-0.0983266
-0.0433212
-0.126266
-0.0342376
-0.14768
-0.00817286
-0.16055
0.0330445
-0.163631
0.0853648
-0.156741
0.143014
-0.140887
0.199347
0.247899
-0.118164
0.0951195
0.0952318
-0.0914864
0.097358
0.111735
0.0980229
0.125547
0.0965661
0.133719
0.0921318
0.133764
0.0837397
0.124257
0.0705336
0.105249
0.0520254
0.078405
0.0282781
0.0468519
1.29679e-09
0.0147754
-0.0314537
-0.013151
-0.0641595
-0.032421
-0.0957759
-0.0393526
-0.123763
-0.0316682
-0.145667
-0.00891862
-0.159452
0.0273283
-0.163829
0.0736007
-0.158519
0.124958
-0.144356
0.175702
0.220246
-0.123197
0.0839131
0.0886055
-0.0804785
0.0863319
0.102767
0.0875186
0.114221
0.0869029
0.120532
0.0836172
0.119685
0.0766603
0.110561
0.0651254
0.0932764
0.0484357
0.0693027
0.0265346
0.0413492
1.20413e-09
0.0130329
-0.0299326
-0.0116058
-0.0614362
-0.0286682
-0.0922422
-0.0349684
-0.119867
-0.0285325
-0.141899
-0.00895481
-0.156324
0.0224558
-0.161832
0.0627833
-0.158052
0.107873
-0.145647
0.152916
0.193149
-0.126231
0.0736135
0.0812852
-0.07029
0.0762278
0.0931463
0.0778767
0.102363
0.0779726
0.106968
0.0756502
0.10537
0.0699139
0.0967288
0.0598455
0.081222
0.0448245
0.0601418
0.0247176
0.035802
1.10603e-09
0.0112702
-0.028208
-0.0100338
-0.058197
-0.0248122
-0.0878125
-0.0303691
-0.114678
-0.0250287
-0.136473
-0.00842757
-0.151243
0.0183705
-0.15768
0.0529691
-0.155335
0.0919411
-0.144704
0.131296
0.167039
-0.127161
0.0643493
0.0734228
-0.0610797
0.0671432
0.0830822
0.0691673
0.0902338
0.0698247
0.0933275
0.0682687
0.0911464
0.0635349
0.0830933
0.0547279
0.0693947
0.0412237
0.0511732
0.0228487
0.0303726
1.00407e-09
0.00954243
-0.0263124
-0.00848739
-0.0545132
-0.0209921
-0.0825958
-0.0257436
-0.108333
-0.0213505
-0.129538
-0.00749219
-0.144349
0.0149908
-0.151487
0.0441747
-0.150441
0.0772908
-0.141554
0.111093
0.142288
-0.125963
0.0561839
0.0651912
-0.0529407
0.0591143
0.0728009
0.0614059
0.0781028
0.0624638
0.079911
0.0614764
0.0773292
0.0575337
0.0699638
0.0497927
0.0580734
0.0376589
0.0426191
0.0209482
0.0252031
8.99827e-10
0.00789731
-0.0242809
-0.00701214
-0.0504648
-0.0173301
-0.0767186
-0.0212613
-0.100997
-0.0176778
-0.121283
-0.00630284
-0.135838
0.0122193
-0.143434
0.036383
-0.143522
0.0640035
-0.136303
0.0924958
0.119204
-0.122695
0.0491175
0.0567779
-0.0459009
0.0521198
0.0625365
0.0545589
0.0662369
0.0558549
0.0670035
0.0552475
0.0642061
0.0519009
0.0576135
0.0450485
0.0474978
0.0341504
0.0346665
0.019035
0.020411
7.94864e-10
0.00637423
-0.02215
-0.0056456
-0.0461379
-0.0139278
-0.0703216
-0.0170654
-0.0928628
-0.0141681
-0.111937
-0.00500304
-0.125956
0.00995212
-0.133766
0.0295518
-0.134798
0.052117
-0.129135
0.0756402
0.0980303
-0.117493
0.0430941
0.0483792
-0.0399281
0.0460883
0.0525218
0.048551
0.0548898
0.0499307
0.0548639
0.0495328
0.0520272
0.0466121
0.0462703
0.0404953
0.037861
0.0307144
0.0274617
0.0171269
0.0160869
6.90728e-10
0.00500313
-0.0199569
-0.00441632
-0.0416223
-0.0108634
-0.0635544
-0.0132685
-0.0841361
-0.0109501
-0.101754
-0.00371768
-0.114986
0.00808751
-0.122774
0.0236216
-0.12455
0.0416324
-0.120302
0.0606057
0.0789404
-0.110562
0.0380096
0.0401918
-0.0349378
0.0409078
0.0429783
0.0432747
0.0442907
0.0446002
0.0437144
0.0442676
0.0409956
0.0416332
0.0361095
0.0361276
0.0293044
0.0273651
0.0211077
0.0152411
0.0122924
5.88925e-10
0.00380413
-0.0177392
-0.00334345
-0.0370093
-0.00818978
-0.0565714
-0.00994973
-0.0750349
-0.00811891
-0.091005
-0.00254683
-0.103239
0.00653333
-0.110789
0.0185227
-0.113109
0.0325201
-0.110111
0.0474216
0.0620415
-0.102171
0.0337243
0.0324055
-0.0308037
0.0364378
0.034107
0.0386016
0.0346351
0.0397586
0.0337318
0.039379
0.0312607
0.036926
0.0272498
0.0319381
0.0219154
0.0241152
0.0156631
0.0133939
0.0090607
4.90911e-10
0.00278761
-0.0155336
-0.00243682
-0.0323893
-0.00593515
-0.0495268
-0.00715387
-0.0657792
-0.00573423
-0.0799712
-0.00156175
-0.0910435
0.0052126
-0.098168
0.0141825
-0.100836
0.0247266
-0.0989116
0.0360726
0.0473769
-0.0926356
0.0300756
0.0251944
-0.0273704
0.0325219
0.0260797
0.0343943
0.0260769
0.0352977
0.0250408
0.0347936
0.022914
0.0324531
0.0197506
0.0279203
0.0157278
0.0209777
0.0111437
0.0116015
0.00639736
3.98072e-10
0.00195471
-0.0133755
-0.00169744
-0.0278493
-0.00410381
-0.0425699
-0.00489256
-0.0565845
-0.00382018
-0.0689294
-0.000803261
-0.0787269
0.00406716
-0.0852737
0.0105306
-0.0881131
0.0181806
-0.0870779
0.026504
0.0349299
-0.0823028
0.0268927
0.0187096
-0.0244675
0.0290018
0.0190315
0.0305183
0.0187216
0.0311151
0.0177105
0.0304454
0.0159879
0.0281834
0.013614
0.0240716
0.0107242
0.0179669
0.00752563
0.0098799
0.0042831
3.11718e-10
0.00129827
-0.0112983
-0.00111842
-0.0234709
-0.00267872
-0.035841
-0.00314721
-0.0476542
-0.00236774
-0.0581449
-0.000282426
-0.0666078
0.00305917
-0.0724649
0.00750199
-0.0753195
0.012798
-0.0749927
0.0186281
0.0246302
-0.0715367
0.0240103
0.0130718
-0.0219242
0.0257304
0.013055
0.0268538
0.0126235
0.0271241
0.0117534
0.0262821
0.0104572
0.0240963
0.00878813
0.0203955
0.0068413
0.0150995
0.00474993
0.00824489
0.00267724
2.33066e-10
0.0008041
-0.00933256
-0.000686212
-0.0193283
-0.0016248
-0.0294676
-0.00187349
-0.0391739
-0.00133906
-0.0478609
1.6424e-05
-0.0549824
0.00217026
-0.0600794
0.00503941
-0.0628206
0.00848636
-0.0630299
0.01233
0.01636
-0.0607001
0.0212831
0.00836469
-0.0195829
0.022584
0.00819609
0.0233061
0.00778371
0.0232615
0.00712673
0.0222712
0.00624369
0.0201853
0.00517383
0.0169036
0.00397662
0.0123951
0.00272923
0.0067124
0.00152206
1.6323e-10
0.000452546
-0.00750605
-0.000382155
-0.0154873
-0.000893089
-0.0235611
-0.00100712
-0.0313059
-0.000673605
-0.0382918
0.000130669
-0.0441135
0.00139869
-0.0484217
0.00309291
-0.0509506
0.0051475
-0.0515382
0.0074728
0.00996166
-0.0501378
0.018597
0.00463047
-0.0173122
0.0194733
0.00445179
0.0198138
0.00415192
0.0194941
0.0037374
0.0184042
0.00322321
0.0164602
0.0026328
0.0136167
0.00199747
0.00987646
0.00135501
0.00529829
0.000747792
1.0321e-10
0.000220199
-0.00584284
-0.000184168
-0.0120033
-0.000425493
-0.0182145
-0.000470612
-0.0241847
-0.000295521
-0.0296157
0.000112678
-0.0342223
0.000754582
-0.0377515
0.00161813
-0.0399996
0.00267915
-0.0408259
0.00390267
0.00524502
-0.0401616
0.0158794
0.00186601
-0.0150179
0.0163511
0.00177054
0.0163554
0.00162954
0.0158229
0.00144827
0.014699
0.0012344
0.0129492
0.00099785
0.0105655
0.000750494
0.00757003
0.000505731
0.00401839
0.000277921
5.38841e-11
8.17359e-05
-0.00436328
-6.85458e-05
-0.00892108
-0.000159762
-0.0135006
-0.000180561
-0.0179146
-0.000122016
-0.0219707
2.18659e-05
-0.0254816
0.000253785
-0.0282748
0.000572958
-0.0302025
0.000975113
-0.0311489
0.00145265
0.001995
-0.0310368
0.0131059
-0.0126507
0.0132179
0.0129529
0.0122855
0.0112012
0.00969854
0.00779035
0.00550532
0.00288827
1.59982e-11
-0.00308375
-0.00627401
-0.00947104
-0.0125674
-0.0154514
-0.0180111
-0.020138
-0.0217313
-0.022701
-0.0229719
-0.0176921
-0.0190157
-0.0255121
-0.0262195
-0.0350754
-0.0344535
-0.0464261
-0.0435128
-0.0595746
-0.0531303
-0.0745011
-0.0629882
-0.0911575
-0.0727326
-0.10947
-0.0819905
-0.129337
-0.0903886
-0.150634
-0.0975723
-0.173204
-0.103224
-0.196862
-0.107081
-0.221384
-0.108949
-0.246512
-0.108714
-0.271941
-0.106348
-0.297324
-0.101914
-0.322269
-0.0955613
-0.346338
-0.0875203
-0.369054
-0.0780915
-0.067631
-0.0164433
-0.0151374
-0.0243527
-0.0212725
-0.0342299
-0.0283502
-0.0461585
-0.0361785
-0.0601738
-0.0445021
-0.0762626
-0.053014
-0.0943633
-0.0613703
-0.114366
-0.0692082
-0.136115
-0.0761656
-0.159404
-0.081901
-0.183981
-0.0861134
-0.209548
-0.0885598
-0.235757
-0.0890709
-0.262216
-0.0875616
-0.288487
-0.0840385
-0.314088
-0.0786013
-0.338502
-0.07144
-0.361176
-0.0628265
-0.381533
-0.0531016
-0.0426583
-0.0150077
-0.0114637
-0.0227504
-0.0164039
-0.0325893
-0.0221524
-0.0446385
-0.0285396
-0.0589499
-0.0353355
-0.0755098
-0.0422609
-0.094236
-0.0490017
-0.114977
-0.0552263
-0.137513
-0.0606045
-0.161555
-0.0648281
-0.186753
-0.0676294
-0.212692
-0.0687994
-0.238903
-0.0682022
-0.26487
-0.0657859
-0.29003
-0.0615889
-0.313791
-0.055741
-0.335533
-0.0484597
-0.354627
-0.0400405
-0.370439
-0.030843
-0.0212734
-0.0133958
-0.00811563
-0.0207168
-0.011823
-0.0301547
-0.0161738
-0.0418424
-0.0210283
-0.0558401
-0.0261937
-0.0721279
-0.0314335
-0.0906005
-0.0364807
-0.111066
-0.0410534
-0.133245
-0.0448723
-0.156776
-0.0476788
-0.181219
-0.0492524
-0.206065
-0.0494275
-0.230746
-0.0481058
-0.254645
-0.0452669
-0.277116
-0.040973
-0.297491
-0.0353698
-0.3151
-0.0286823
-0.329287
-0.0212048
-0.339425
-0.0132872
-0.00531775
-0.0116224
-0.00520468
-0.0182776
-0.00773151
-0.0269585
-0.0107248
-0.0378042
-0.0140792
-0.0508752
-0.017647
-0.0661428
-0.0212452
-0.0834829
-0.0246664
-0.102673
-0.0276916
-0.123392
-0.0301049
-0.145228
-0.0317085
-0.167682
-0.0323373
-0.190187
-0.0318726
-0.212115
-0.0302529
-0.232802
-0.027482
-0.251564
-0.0236334
-0.267718
-0.0188502
-0.2806
-0.0133406
-0.289592
-0.00736985
-0.294132
-0.00124713
0.00468993
-0.00970634
-0.00282891
-0.0154729
-0.0043138
-0.0230651
-0.006095
-0.0326159
-0.00810277
-0.0441797
-0.0102368
-0.0577208
-0.0123718
-0.0731058
-0.014365
-0.0901004
-0.0160659
-0.10837
-0.0173267
-0.127488
-0.0180136
-0.146943
-0.0180179
-0.166157
-0.0172658
-0.184503
-0.0157264
-0.201324
-0.0134179
-0.215961
-0.0104102
-0.227775
-0.00682516
-0.236168
-0.00283236
-0.24061
0.00135737
-0.240656
0.00550215
0.00934152
-0.00767054
-0.00106974
-0.0123558
-0.00172811
-0.0185685
-0.00253773
-0.0264241
-0.00346088
-0.0359667
-0.0044414
-0.0471584
-0.00540799
-0.0598709
-0.00627899
-0.0738829
-0.00696826
-0.0888815
-0.00739184
-0.104469
-0.00747494
-0.120173
-0.00715884
-0.135464
-0.00640704
-0.149774
-0.00521045
-0.16252
-0.00359088
-0.173124
-0.00160288
-0.181044
0.000666702
-0.185792
0.00310122
-0.186961
0.00555897
-0.18424
0.00787987
0.0098939
-0.00554104
1.09423e-05
-0.00899125
-9.87267e-05
-0.0135894
-0.000255114
-0.0194242
-0.000444858
-0.0265277
-0.000646303
-0.0348658
-0.000831
-0.0443316
-0.000965907
-0.0547434
-0.00101613
-0.0658454
-0.000948082
-0.0773145
-0.000732734
-0.0887695
-0.000348884
-0.0997858
0.000213938
-0.109912
0.000953092
-0.11869
0.00185118
-0.125676
0.00287533
-0.130463
0.00397748
-0.132698
0.00509576
-0.132104
0.00615696
-0.128496
0.00707992
0.00777983
-0.00334653
0.000373085
-0.00545342
0.000490363
-0.00826988
0.000613499
-0.0118515
0.000742569
-0.0162173
0.00087943
-0.0213436
0.00102739
-0.0271597
0.00119069
-0.0335462
0.00137386
-0.0403361
0.00158098
-0.0473189
0.00181485
-0.0542475
0.00207625
-0.0608482
0.00236325
-0.0668317
0.00267062
-0.0719076
0.00298953
-0.0757981
0.00330738
-0.0782531
0.003608
-0.0790638
0.00387205
-0.0780752
0.00407775
-0.0751961
0.00420186
0.00422086
-0.00111756
1.96804e-12
-0.00182328
6.58721e-12
-0.00276772
1.24991e-11
-0.00396967
1.95432e-11
-0.00543536
2.75336e-11
-0.00715633
3.62623e-11
-0.00910787
4.55021e-11
-0.0112485
5.50113e-11
-0.0135204
6.45372e-11
-0.0158507
7.38205e-11
-0.0181543
8.25999e-11
-0.020337
9.06164e-11
-0.0222997
9.76179e-11
-0.0239434
1.03364e-10
-0.0251743
1.07629e-10
-0.0259088
1.10207e-10
-0.0260787
1.10918e-10
-0.0256352
1.09607e-10
-0.0245525
1.0615e-10
1.00456e-10
0.00111432
-0.00110083
0.00181449
-0.00156177
0.00275073
-0.00208793
0.00394156
-0.00266572
0.0053931
-0.00327828
0.00709685
-0.00390601
0.00902825
-0.00452738
0.0111461
-0.0051198
0.013393
-0.00566075
0.0156966
-0.00612881
0.0179725
-0.00650477
0.0201272
-0.00677262
0.0220627
-0.00692044
0.0236809
-0.00694103
0.0248892
-0.00683231
0.025605
-0.00659748
0.0257612
-0.00624479
0.0253103
-0.00578705
0.0242275
-0.00524089
-0.00462574
0.00331745
-0.00289778
0.00537475
-0.0041396
0.00811794
-0.00556644
0.0116003
-0.00713887
0.0158397
-0.00880624
0.0208123
-0.0105087
0.0264486
-0.0121799
0.0326316
-0.0137501
0.0391978
-0.0151504
0.0459417
-0.0163158
0.0526222
-0.0171898
0.0589725
-0.0177274
0.0647115
-0.0178984
0.0695576
-0.0176892
0.0732425
-0.0171048
0.0755259
-0.016168
0.0762092
-0.0149196
0.0751475
-0.0134154
0.0722596
-0.0117239
-0.00992185
0.00546092
-0.00533595
0.00877512
-0.00763297
0.0131727
-0.0102794
0.0187361
-0.0132005
0.0254941
-0.0162992
0.0334123
-0.0194599
0.0423867
-0.022554
0.0522418
-0.0254463
0.0627315
-0.0280031
0.0735454
-0.0300993
0.0843182
-0.0316265
0.094644
-0.0324998
0.104093
-0.032664
0.11223
-0.0320977
0.118636
-0.030816
0.122931
-0.0288708
0.124789
-0.0263488
0.12396
-0.0233674
0.120284
-0.0200687
-0.0166111
0.00751549
-0.00833879
0.0119391
-0.0119006
0.0177672
-0.0160062
0.0251033
-0.0205403
0.0339854
-0.0253524
0.0443743
-0.030263
0.056147
-0.0350721
0.0690935
-0.0395694
0.0829182
-0.0435464
0.0972462
-0.0468083
0.111635
-0.0491861
0.125589
-0.0505471
0.138579
-0.0508046
0.150063
-0.0499245
0.159511
-0.0479289
0.166428
-0.0448971
0.170376
-0.0409624
0.170997
-0.0363061
0.168029
-0.031148
-0.025734
0.00945436
-0.0118105
0.0147991
-0.0167668
0.0217738
-0.0224733
0.030493
-0.0287735
0.0410004
-0.0354634
0.0532585
-0.0422993
0.0671411
-0.0490098
0.0824302
-0.0553099
0.0988177
-0.0609159
0.115911
-0.0655622
0.133242
-0.0690171
0.150284
-0.0710967
0.166468
-0.0716778
0.181203
-0.0707065
0.193898
-0.0682031
0.203986
-0.064264
0.210943
-0.0590573
0.214315
-0.0528151
0.213728
-0.045822
-0.0383992
0.0112539
-0.015639
0.0172985
-0.0220293
0.0250904
-0.0293686
0.0347429
-0.0374631
0.0463008
-0.0460609
0.059732
-0.0548622
0.0749212
-0.0635334
0.0916669
-0.0717236
0.109682
-0.0790835
0.1286
-0.085284
0.147981
-0.0900359
0.167322
-0.0931062
0.186077
-0.0943328
0.203666
-0.0936356
0.219495
-0.0910223
0.232978
-0.0865903
0.243551
-0.0805227
0.250693
-0.0730799
0.253942
-0.0645858
-0.0554114
0.0128941
-0.0196994
0.0193939
-0.0274686
0.0276445
-0.0363581
0.0377449
-0.0461442
0.049735
-0.0565386
0.0635887
-0.0671994
0.0792103
-0.0777466
0.0964324
-0.0877809
0.115016
-0.0969035
0.134655
-0.104737
0.154978
-0.110947
0.175559
-0.115258
0.195922
-0.117473
0.215557
-0.11748
0.233927
-0.115266
0.250481
-0.110913
0.264671
-0.104596
0.275962
-0.0965798
0.283843
-0.0871967
-0.0768355
0.0143594
-0.023858
0.0210561
-0.0328576
0.0293955
-0.0431032
0.03945
-0.0543516
0.0512463
-0.0662922
0.0647618
-0.0785591
0.0799232
-0.0907467
0.0966059
-0.102429
0.114634
-0.11318
0.133781
-0.122593
0.153774
-0.130305
0.174291
-0.136013
0.19497
-0.139488
0.215411
-0.140591
0.235179
-0.139281
0.253813
-0.135611
0.270833
-0.129735
0.285744
-0.121892
0.298051
-0.1124
-0.101633
0.0156384
-0.0279761
0.0222711
-0.0379717
0.0303359
-0.0492788
0.0398689
-0.0616461
0.0508751
-0.0747566
0.0633296
-0.0882397
0.0771784
-0.101686
0.0923391
-0.114667
0.108701
-0.126751
0.126124
-0.137527
0.144439
-0.146622
0.163445
-0.153719
0.18291
-0.158572
0.202566
-0.161018
0.222112
-0.160987
0.241208
-0.1585
0.259485
-0.153674
0.276538
-0.146711
0.291939
-0.137888
-0.127545
0.0167245
-0.0319146
0.0230392
-0.0425985
0.0304903
-0.0545899
0.03907
-0.0676406
0.048755
-0.0814422
0.0595111
-0.0956377
0.071296
-0.109835
0.0840613
-0.123624
0.097753
-0.136591
0.11231
-0.148342
0.12766
-0.158511
0.143717
-0.166787
0.160376
-0.172919
0.177504
-0.176729
0.194938
-0.178124
0.212478
-0.177092
0.229883
-0.173708
0.24687
-0.168128
0.263114
-0.160579
-0.151349
-0.00554644
0.00875111
0.00370794
-0.00701354
0.00813923
-0.0080412
0.00741883
-0.00857117
0.00659897
-0.0085582
0.00569229
-0.00797299
0.00471486
-0.00680461
0.00368574
-0.00506235
0.00262642
-0.00277679
0.00156008
1.59982e-11
0.000510758
0.00319523
-0.000497568
0.00671698
-0.00144192
0.0104568
-0.00230125
0.0142929
-0.00305726
0.0180944
-0.00369514
0.0217254
-0.0042041
0.0250497
-0.00457774
0.0279356
-0.00481418
0.0302605
-0.00491604
-0.0048901
-0.00595094
0.0143838
0.00345625
-0.00808667
0.0136714
-0.00973093
0.0126948
-0.0107591
0.0114655
-0.0110626
0.0100075
-0.0105573
0.00835655
-0.00919112
0.00656002
-0.00694987
0.00467463
-0.00386193
0.00276421
5.38841e-11
0.000896485
0.00451974
-0.000860455
0.00954124
-0.00244191
0.0148749
-0.00379023
0.0203065
-0.00485807
0.0256071
-0.00561107
0.0305455
-0.00602967
0.0348993
-0.00610999
0.0384669
-0.0058637
0.0410774
-0.00531693
-0.00450828
-0.00605184
0.021604
0.00288394
-0.00891536
0.0209313
-0.0112694
0.0197652
-0.0129086
0.0181087
-0.0136422
0.0159918
-0.0133103
0.0134736
-0.0117989
0.0106407
-0.00905365
0.00760409
-0.00509033
0.00449378
1.0321e-10
0.00145101
0.00605081
-0.00138062
0.0128261
-0.00386481
0.0200323
-0.00588198
0.0273346
-0.00733768
0.0343777
-0.00816913
0.0408079
-0.00834946
0.0462959
-0.00788902
0.0505576
-0.00683403
0.0533711
-0.00526244
-0.0032777
-0.0059093
0.0304312
0.00208015
-0.00952975
0.0299965
-0.0126596
0.0287629
-0.0150014
0.0267053
-0.0162654
0.0238491
-0.0161948
0.0202747
-0.0145928
0.0161179
-0.0113465
0.0115653
-0.00644699
0.0068438
1.6323e-10
0.00220601
0.00777146
-0.00208812
0.0165359
-0.00579136
0.0258719
-0.00868885
0.0352963
-0.0106157
0.0442975
-0.0114701
0.0523735
-0.0112217
0.0590683
-0.00991251
0.0640049
-0.00765303
0.066912
-0.00461151
-0.000999433
-0.00563466
0.0408241
0.00118215
-0.0100103
0.0408796
-0.0139504
0.0397557
-0.017058
0.0373725
-0.0189296
0.0337311
-0.0191931
0.0289263
-0.017548
0.0231505
-0.0138049
0.0166877
-0.00791678
0.00989758
2.33066e-10
0.00318958
0.00966067
-0.00300974
0.020623
-0.0082932
0.0323151
-0.0123093
0.0440772
-0.0147939
0.0552134
-0.0155948
0.0650485
-0.014684
0.0729829
-0.01216
0.0785406
-0.00823613
0.0814056
-0.00322001
0.0025157
-0.00538294
0.0526842
0.000366558
-0.0104821
0.0535279
-0.0152325
0.0527433
-0.0191344
0.05016
-0.0216602
0.0457279
-0.0223062
0.0395421
-0.0206502
0.0318552
-0.0164086
0.0230709
-0.00948457
0.013721
3.11718e-10
0.00442425
0.0116936
-0.00416699
0.0250291
-0.0114275
0.0392624
-0.0168198
0.0535314
-0.0199475
0.06693
-0.0205948
0.0785885
-0.0187467
0.0877506
-0.0145887
0.0938392
-0.00848584
0.0965024
-0.000944201
0.00744004
-0.00534255
0.0658607
-0.000162059
-0.0111061
0.0678248
-0.016632
0.0676545
-0.0213185
0.0650454
-0.0245078
0.0598601
-0.0255529
0.0521737
-0.0238949
0.0422977
-0.0191415
0.0307769
-0.0111353
0.0183572
3.98072e-10
0.00592512
0.0138418
-0.00557433
0.0296855
-0.0152317
0.0465954
-0.0222677
0.0634847
-0.0261165
0.0792152
-0.0264857
0.0927061
-0.0233868
0.103036
-0.017131
0.109529
-0.00829276
0.111811
0.00235477
0.0139216
-0.0057226
0.0801565
-0.000184616
-0.0120681
0.0835945
-0.0183009
0.0843492
-0.0237225
0.0819316
-0.0275435
0.0760741
-0.0289666
0.0668036
-0.0272859
0.0544847
-0.0219903
0.0398229
-0.0128539
0.0238219
4.90911e-10
0.00769821
0.0160736
-0.00723753
0.0345142
-0.0197192
0.054179
-0.028665
0.0737386
-0.0332993
0.0918066
-0.0332409
0.10708
-0.0285452
0.118469
-0.0196945
0.125206
-0.00753845
0.126913
0.00680535
0.0220768
-0.0067388
0.0953367
0.000517809
-0.0135659
0.100608
-0.020407
0.102622
-0.0264753
0.100649
-0.0308532
0.0942405
-0.0325917
0.0833414
-0.0308338
0.0683591
-0.0249443
0.0501767
-0.0146254
0.0300995
5.88926e-10
0.00973912
0.0183548
-0.00915231
0.0394302
-0.024876
0.0618652
-0.0359835
0.0840764
-0.0414482
0.104419
-0.0407889
0.121364
-0.0341258
0.133657
-0.0221634
0.140451
-0.00609976
0.141382
0.0125193
0.0319829
-0.00859841
0.111137
0.00214888
-0.0157956
0.118592
-0.0231213
0.122209
-0.0297122
0.120958
-0.0345303
0.114155
-0.0364794
0.101623
-0.0345533
0.0837967
-0.0279942
0.0617529
-0.0164347
0.037141
6.90728e-10
0.0120321
0.0206491
-0.0113034
0.0443425
-0.0306578
0.0694964
-0.0441517
0.0942688
-0.050467
0.116756
-0.0490123
0.135204
-0.039997
0.148203
-0.0244026
0.154843
-0.0038547
0.154798
0.0195849
0.0436716
-0.0114854
0.127272
0.00488238
-0.0189372
0.137236
-0.0266059
0.142796
-0.0335652
0.142558
-0.0386684
0.135544
-0.0406821
0.121411
-0.0384601
0.100606
-0.0311311
0.0744116
-0.0182662
0.0448618
7.94864e-10
0.0145493
0.0229187
-0.0136641
0.0491572
-0.0369888
0.07691
-0.0530538
0.104082
-0.0602107
0.128516
-0.0577499
0.148245
-0.0459956
0.161719
-0.0262643
0.16798
-0.000689492
0.166767
0.0280602
0.0571237
-0.0155467
0.143446
0.00884884
-0.0231412
0.156208
-0.0310015
0.164031
-0.0381523
0.165097
-0.0433529
0.158071
-0.045248
0.142402
-0.0425681
0.118533
-0.034345
0.08796
-0.0201039
0.0531426
8.99828e-10
0.017251
0.0251252
-0.016196
0.0537788
-0.043762
0.0839433
-0.0625305
0.113283
-0.0704884
0.139407
-0.0668012
0.16015
-0.0519338
0.173839
-0.0275948
0.179495
0.00349373
0.17694
0.0379663
0.0722647
-0.0208797
0.159362
0.0141243
-0.0285164
0.175161
-0.0364157
0.185535
-0.0435673
0.188181
-0.0486531
0.181348
-0.0502157
0.164235
-0.0468858
0.137261
-0.0376235
0.102155
-0.021931
0.0618308
1.00407e-09
0.020086
0.0272301
-0.0188496
0.0581135
-0.050841
0.0904379
-0.0723822
0.121652
-0.0810679
0.149153
-0.0759334
0.170606
-0.0576073
0.184238
-0.0282438
0.189068
0.00876881
0.185023
0.0492815
0.088962
-0.0275229
0.17473
0.0207217
-0.0351195
0.193747
-0.0429131
0.206916
-0.0498711
0.21139
-0.0546148
0.204946
-0.0556085
0.186496
-0.0514132
0.156427
-0.0409503
0.116708
-0.0237296
0.0707431
1.10603e-09
0.0229924
0.0291959
-0.0215654
0.0620711
-0.0580621
0.0962448
-0.082374
0.128983
-0.0916833
0.157508
-0.0848901
0.179344
-0.0628053
0.192643
-0.0280744
0.196443
0.0151777
0.190795
0.0619365
0.107024
-0.035449
0.189274
0.028586
-0.0429475
0.211626
-0.0505076
0.227781
-0.0570837
0.234292
-0.0612537
0.228414
-0.0614299
0.208741
-0.0561386
0.175625
-0.0443039
0.131295
-0.0254805
0.0796706
1.20413e-09
0.0258993
0.0309867
-0.0242749
0.065568
-0.0652397
0.101229
-0.0922429
0.135097
-0.102044
0.164262
-0.0934025
0.186143
-0.0673214
0.198843
-0.0269719
0.201437
0.0227236
0.194111
0.0758113
0.126203
-0.0445622
0.202739
0.037592
-0.0519333
0.228478
-0.0591563
0.24775
-0.0651787
0.256456
-0.0685502
0.251286
-0.0676588
0.230499
-0.0610362
0.19442
-0.0476562
0.145563
-0.0271631
0.0883844
1.29679e-09
0.0287287
0.0325687
-0.0269033
0.0685287
-0.0721712
0.105273
-0.101706
0.139844
-0.111846
0.169249
-0.101201
0.190839
-0.0709647
0.202696
-0.024854
0.203944
0.031365
0.194913
0.090734
0.146197
-0.0546981
0.214898
0.0475471
-0.0619446
0.244012
-0.0687574
0.266468
-0.0740797
0.277468
-0.0764457
0.273104
-0.0742466
0.251296
-0.0660634
0.212364
-0.0509718
0.159142
-0.0287551
0.0966428
1.38247e-09
0.031398
0.0339114
-0.0293712
0.0708885
-0.0786441
0.108283
-0.110473
0.14311
-0.120783
0.172352
-0.108027
0.193334
-0.0735712
0.204137
-0.021678
0.203943
0.0410116
0.193228
0.106481
0.166653
-0.0656288
0.225553
0.0581969
-0.0727861
0.257972
-0.0791509
0.283613
-0.0836594
0.296941
-0.0848402
0.293428
-0.0811154
0.270664
-0.0711597
0.229008
-0.054207
0.171658
-0.0302324
0.104199
1.45966e-09
0.0338225
0.0349879
-0.0315978
0.0725949
-0.0844438
0.110188
-0.118252
0.144821
-0.128561
0.173511
-0.113646
0.193597
-0.0750132
0.203177
-0.0174475
0.201495
0.0515231
0.189168
0.12278
0.187181
-0.07707
0.23454
0.0692348
-0.0842056
0.27014
-0.0901216
0.298906
-0.0937409
0.314529
-0.0935933
0.311849
-0.0881568
0.288159
-0.0762456
0.243917
-0.0573094
0.182742
-0.0315692
0.110809
1.52689e-09
0.0359191
0.0357752
-0.0335036
0.0736091
-0.0893614
0.110944
-0.124768
0.144945
-0.134908
0.172719
-0.11786
0.191662
-0.0752078
0.199903
-0.012216
0.196742
0.0627093
0.182921
0.139316
0.207357
-0.0886928
0.0803145
-0.095903
-0.101406
-0.104103
-0.102526
-0.0952329
-0.081223
-0.0602181
-0.0327381
1.58279e-09
0.0362552
0.0739071
0.110536
0.14349
0.170028
0.187632
0.194471
0.189892
0.174743
0.137507
-0.128446
0.140296
-0.118229
0.140816
-0.107277
0.139103
-0.096019
0.135278
-0.0848515
0.129536
-0.0741207
0.122135
-0.0641103
0.113381
-0.0550318
0.10361
-0.0470199
0.0931682
-0.0401327
0.0823999
-0.0343563
0.0716283
-0.0296136
0.0611435
-0.0257768
0.0511923
-0.0226818
0.0419719
-0.0201455
0.0336266
-0.0179823
0.0262485
-0.0160208
0.0198804
-0.014119
0.0145223
-0.0121766
-0.010144
0.105791
-0.108358
0.107366
-0.100807
0.107497
-0.0921892
0.106197
-0.08295
0.103525
-0.0735097
0.0995821
-0.0642426
0.0945044
-0.0554624
0.0884585
-0.047411
0.0816323
-0.0402532
0.0742275
-0.0340753
0.0664513
-0.0288895
0.0585087
-0.0246423
0.0505957
-0.0212271
0.0428937
-0.0184989
0.0355642
-0.0162912
0.028746
-0.0144335
0.0225525
-0.0127675
0.01707
-0.0111628
0.0123575
-0.00952837
-0.00782164
0.0920284
-0.0801935
0.0901393
-0.0758408
0.0875376
-0.0703105
0.084336
-0.0639921
0.0806266
-0.0572577
0.0764836
-0.0504443
0.0719675
-0.0438399
0.0671289
-0.0376728
0.0620143
-0.0321062
0.0566706
-0.0272366
0.0511496
-0.023097
0.0455122
-0.0196637
0.0398298
-0.016867
0.0341863
-0.0146031
0.0286766
-0.012749
0.0234039
-0.0111764
0.0184757
-0.00976606
0.0139972
-0.00842001
0.0100642
-0.00707136
-0.00569126
0.0834238
-0.0494802
0.0787724
-0.0477961
0.0737173
-0.0451519
0.0685439
-0.041811
0.0634508
-0.0380287
0.0585568
-0.0340398
0.0539131
-0.0300485
0.0495176
-0.0262206
0.0453309
-0.0226794
0.0412934
-0.0195047
0.0373411
-0.0167342
0.03342
-0.0143677
0.0294967
-0.0123745
0.0255661
-0.0107006
0.0216546
-0.0092788
0.0178192
-0.00803737
0.0141423
-0.00690949
0.0107229
-0.0058409
0.00766505
-0.00479628
-0.00376337
0.0675057
-0.0227399
0.0625054
-0.0225474
0.0571108
-0.0218392
0.0517053
-0.0207307
0.0465582
-0.0193359
0.0418328
-0.0177617
0.0376
-0.0161027
0.0338563
-0.0144383
0.0305438
-0.0128302
0.0275717
-0.0113219
0.0248357
-0.0099393
0.0222368
-0.00869227
0.019695
-0.00757743
0.0171602
-0.00658153
0.0146171
-0.00568525
0.0120859
-0.00486704
0.00961778
-0.00410683
0.00728685
-0.00338926
0.00517845
-0.00270614
-0.00205814
0.0390183
-0.00483624
0.0359366
-0.00498551
0.0325359
-0.00502574
0.0290974
-0.00497205
0.0258223
-0.00484005
0.0228368
-0.0046451
0.0202012
-0.0044017
0.0179217
-0.00412295
0.0159649
-0.00382026
0.0142712
-0.00350318
0.0127697
-0.00317937
0.0113898
-0.00285476
0.0100716
-0.0025338
0.0087735
-0.00221974
0.00747561
-0.00191507
0.00618091
-0.00162189
0.00491276
-0.00134226
0.00370987
-0.00107852
0.0026192
-0.000833556
-0.0006109
-1.87442e-09
0.00196775
-1.70607e-09
0.00228192
-1.52749e-09
0.00257042
-1.34287e-09
0.0028213
-1.1697e-09
0.00302406
-1.01407e-09
0.00317024
-8.72081e-10
0.00325395
-7.52661e-10
0.00327212
-6.47726e-10
0.00322468
-5.56764e-10
0.00311449
-4.77729e-10
0.00294716
-4.02618e-10
0.00273062
-3.35612e-10
0.00247469
-2.7062e-10
0.00219049
-2.09016e-10
0.00188982
-1.5281e-10
0.00158455
-1.00593e-10
0.00128597
-5.673e-11
0.00100432
-2.31439e-11
0.000748348
0.000524935
-0.0437836
-0.00231826
-0.0406804
-0.000898341
-0.0371558
0.000659762
-0.0335071
0.00224957
-0.0299515
0.00377159
-0.0266315
0.00513864
-0.0236231
0.00628016
-0.020948
0.00714514
-0.0185865
0.0077037
-0.0164922
0.00794724
-0.0146051
0.00788724
-0.0128645
0.00755287
-0.0112182
0.00698767
-0.00963021
0.00624544
-0.0080846
0.00538582
-0.0065861
0.00446974
-0.00515794
0.0035551
-0.00383687
0.00269292
-0.00266619
0.00192431
0.00127824
-0.086752
-0.0156967
-0.0814974
-0.0124437
-0.0754812
-0.00877968
-0.0691454
-0.00495412
-0.0628192
-0.00120074
-0.0567256
0.00227451
-0.0509939
0.00530309
-0.0456764
0.00776059
-0.0407672
0.00957033
-0.0362225
0.0107038
-0.0319797
0.0111781
-0.0279749
0.0110504
-0.0241565
0.0104107
-0.0204954
0.00937253
-0.0169901
0.00806257
-0.0136671
0.00661062
-0.0105766
0.00513954
-0.00778504
0.00375647
-0.00536362
0.00254576
0.00156397
-0.127008
-0.0342631
-0.121258
-0.0285125
-0.114416
-0.0222094
-0.106883
-0.0157265
-0.0989757
-0.00941038
-0.0909308
-0.00356461
-0.0829137
0.001564
-0.0750315
0.00579493
-0.0673468
0.00901891
-0.0598922
0.0111984
-0.052685
0.0123634
-0.0457397
0.0126038
-0.0390779
0.0120578
-0.0327352
0.010898
-0.026764
0.00931675
-0.0212324
0.00750991
-0.0162197
0.00566222
-0.0118079
0.0039338
-0.00807134
0.00244931
0.00129011
-0.168892
-0.0531499
-0.164074
-0.0447729
-0.157605
-0.0359371
-0.149767
-0.0270714
-0.140826
-0.0185699
-0.13103
-0.0107735
-0.120608
-0.00395481
-0.10977
0.00169153
-0.0987132
0.00605435
-0.0876186
0.00910574
-0.0766571
0.0108961
-0.0659891
0.0115444
-0.0557659
0.0112255
-0.0461294
0.0101532
-0.0372106
0.00856289
-0.0291268
0.00669327
-0.0219777
0.00476828
-0.01584
0.00298132
-0.0107615
0.00148211
0.000367089
-0.221871
-0.0687115
-0.217648
-0.0583826
-0.210946
-0.0478448
-0.20199
-0.0375104
-0.191053
-0.0277519
-0.178448
-0.0188858
-0.164521
-0.0111593
-0.149633
-0.0047417
-0.134156
0.00027941
-0.118456
0.00389748
-0.102886
0.00618154
-0.0877701
0.00726663
-0.0734007
0.00734059
-0.0600278
0.00662831
-0.0478542
0.00537426
-0.0370319
0.00382445
-0.02766
0.00220902
-0.0197844
0.000726408
-0.0133988
-0.000469951
-0.00128145
-0.293262
-0.286772
-0.277049
-0.264361
-0.249064
-0.231586
-0.212409
-0.192052
-0.171047
-0.14992
-0.129167
-0.109241
-0.0905324
-0.0733582
-0.0579565
-0.0444812
-0.0330035
-0.0235161
-0.0159409
)
;

boundaryField
{
    inlet
    {
        type            calculated;
        value           uniform 0;
    }
    outlet
    {
        type            calculated;
        value           uniform 0;
    }
    dymWall
    {
        type            calculated;
        value           nonuniform List<scalar> 
73
(
0.0115346
0.0103707
0.00919026
0.00799506
0.00678701
0.00556801
0.00434004
0.00310505
0.00186504
0.000622016
-0.000622016
-0.00186504
-0.00310505
-0.00434004
-0.00556801
-0.00678701
-0.00799506
-0.00919026
-0.0103707
-0.0115346
2.13186e-05
5.41311e-05
7.56721e-05
8.70264e-05
8.93674e-05
8.39462e-05
7.20812e-05
5.51459e-05
3.45575e-05
1.17648e-05
-1.17648e-05
-3.45575e-05
-5.51459e-05
-7.20812e-05
-8.39462e-05
-8.93674e-05
-8.70264e-05
-7.56721e-05
-5.41311e-05
-2.13186e-05
0.010139
0.00844611
0.00675464
0.00506455
0.00337564
0.0016876
-2.14591e-16
-0.0016876
-0.00337564
-0.00506455
-0.00675464
-0.00844611
-0.010139
-0.00462543
-0.00419555
-0.00374714
-0.00328209
-0.00280243
-0.00231024
-0.00180771
-0.00129706
-0.000780578
-0.000260584
0.000260584
0.000780578
0.00129706
0.00180771
0.00231024
0.00280243
0.00328209
0.00374714
0.00419555
0.00462543
)
;
    }
    AMI1
    {
        type            cyclicAMI;
        value           nonuniform List<scalar> 
73
(
-0.114505
-0.141475
-0.166923
-0.184766
-0.189754
-0.178941
-0.152456
-0.113446
-0.0673738
-0.0210299
0.0184352
0.0443335
0.0511644
0.0353604
-0.00392201
-0.0641286
-0.13908
-0.219527
-0.294607
-0.353959
-0.389904
-0.398983
-0.382349
-0.34493
-0.293738
-0.235963
-0.177431
-0.121788
-0.070406
-0.0228303
0.0225137
0.0675344
0.113701
0.161318
0.20891
0.252908
0.287848
0.307264
0.305238
0.278251
0.241728
0.280343
0.312116
0.329934
0.328005
0.303375
0.256686
0.19205
0.116243
0.0376086
-0.0350139
-0.0932028
-0.129768
-0.13959
-0.120512
-0.0741229
-0.00608886
0.074334
0.155739
0.226736
-0.132503
-0.102806
-0.0930703
-0.0872968
-0.0716122
-0.0414192
2.00428e-09
0.0460887
0.0906896
0.131181
0.171759
0.223444
0.296347
)
;
    }
    AMI2
    {
        type            cyclicAMI;
        value           nonuniform List<scalar> 
162
(
0.0524073
0.0586839
0.0653267
0.0720222
0.0784156
0.0841358
0.0888204
0.0921418
0.0938299
0.0936898
0.0916149
0.0875919
0.081701
0.0741094
0.0650612
0.0548639
0.0438736
0.0324803
0.0210935
0.0101294
2.22833e-15
-0.00889724
-0.0161882
-0.0215312
-0.0246262
-0.0252253
-0.0231431
-0.0182691
-0.0105786
-0.000143458
0.0128609
0.0281515
0.04534
0.0639414
0.0833894
0.103059
0.122294
0.14044
0.156879
0.171061
0.182534
0.195818
0.201193
0.20303
0.201427
0.196622
0.188966
0.178896
0.166895
0.153463
0.139084
0.1242
0.109193
0.0943676
0.0799507
0.0660878
0.0528498
0.0402414
0.0282126
0.0166709
0.00549434
-0.00545558
-0.0163213
-0.0272368
-0.0383157
-0.0496393
-0.0612451
-0.0731159
-0.0851709
-0.0972587
-0.109155
-0.120562
-0.131122
-0.140422
-0.148025
-0.153489
-0.156398
-0.156402
-0.153238
-0.14677
-0.137003
-0.113691
-0.123401
-0.132967
-0.141993
-0.15005
-0.156702
-0.161539
-0.164199
-0.164392
-0.16192
-0.15669
-0.148716
-0.138119
-0.125121
-0.11003
-0.0932291
-0.0751561
-0.0562898
-0.0371331
-0.0181994
0
0.0169673
0.0322278
0.0453406
0.0559087
0.0635905
0.0681121
0.0692806
0.0669968
0.0612676
0.0522144
0.0400788
0.0252217
0.00811542
-0.0106706
-0.0304924
-0.0506596
-0.0704687
-0.0892383
-0.106344
-0.12125
0.047851
0.0427683
0.0386497
0.0355076
0.033271
0.0318014
0.030912
0.0303897
0.0300163
0.0295874
0.0289268
0.0278962
0.0263996
0.0243835
0.0218325
0.0187635
0.0152185
0.0112564
0.00694752
0.00236747
-0.00240623
-0.00729718
-0.0122323
-0.0171442
-0.021974
-0.0266751
-0.0312182
-0.0355963
-0.0398302
-0.0439723
-0.0481087
-0.0523573
-0.0568621
-0.0617826
-0.0672792
-0.0734944
-0.0805329
-0.0884415
-0.0971914
-0.106666
)
;
    }
    walls
    {
        type            calculated;
        value           nonuniform List<scalar> 
80
(
0
0
0
0
0
0
-7.40149e-15
-2.22045e-14
0
0
0
0
-2.22045e-14
-7.40149e-15
0
0
0
1.4803e-14
3.28692e-30
0
0
-1.4803e-14
-3.28692e-30
0
0
0
7.40149e-15
1.4803e-14
0
0
0
0
1.4803e-14
7.40149e-15
0
0
0
0
0
0
0
0
0
0
0
0
-7.40149e-15
-2.22045e-14
0
0
0
0
-2.22045e-14
-7.40149e-15
0
0
0
0
0
0
0
0
0
0
0
0
7.40149e-15
1.4803e-14
0
0
0
0
1.4803e-14
7.40149e-15
0
0
0
0
0
0
)
;
    }
    front
    {
        type            empty;
        value           nonuniform 0();
    }
    back
    {
        type            empty;
        value           nonuniform 0();
    }
}


// ************************************************************************* //
