/*--------------------------------*- C++ -*----------------------------------*\
  =========                 |
  \\      /  F ield         | OpenFOAM: The Open Source CFD Toolbox
   \\    /   O peration     | Website:  https://openfoam.org
    \\  /    A nd           | Version:  6
     \\/     M anipulation  |
\*---------------------------------------------------------------------------*/
FoamFile
{
    version     2.0;
    format      ascii;
    class       volScalarField;
    location    "1.01";
    object      T;
}
// * * * * * * * * * * * * * * * * * * * * * * * * * * * * * * * * * * * * * //

dimensions      [0 0 0 1 0 0 0];

internalField   nonuniform List<scalar> 
5835
(
292.89
293.162
292.969
293.129
293.123
293.149
293.141
293.171
293.107
293.174
293.133
293.206
293.148
293.147
293.113
293.149
292.59
292.888
293.142
293.149
292.1
293.149
292.374
293.203
293.148
293.146
293.1
293.148
293.154
293.139
293.152
293.141
293.145
293.154
293.155
293.143
293.143
293.144
293.153
293.154
293.138
293.155
293.143
293.152
293.146
293.153
293.146
293.155
293.146
293.15
293.148
293.151
293.151
293.15
293.149
293.15
293.152
293.147
293.152
293.143
293.157
293.145
293.156
293.143
293.145
293.153
293.151
293.147
293.152
293.155
293.155
293.153
293.143
293.144
293.141
293.144
293.154
293.155
293.15
293.151
293.138
293.155
293.155
292.99
292.971
293.134
293.131
293.149
293.165
293.146
293.119
293.166
293.112
293.134
293.145
293.154
293.147
293.142
293.15
293.112
293.161
293.134
293.158
293.154
293.015
293.158
293.147
292.989
293.162
293.124
293.132
293.152
293.171
293.173
293.151
293.173
293.177
293.152
293.156
293.113
293.117
293.151
293.151
293.159
293.163
293.148
293.154
293.157
293.155
293.126
293.125
293.151
293.148
293.138
293.153
293.145
291.536
293.145
291.517
293.153
293.148
293.152
291.576
291.545
291.596
291.415
292.86
292.886
293.152
293.16
292.935
293.147
293.133
293.15
292.916
293.173
293.178
293.136
293.145
293.124
293.165
293.137
293.156
293.117
293.145
293.13
293.162
293.099
293.156
293.162
293.124
293.164
293.124
293.117
293.152
293.153
293.153
293.121
293.124
293.129
293.164
293.158
293.144
293.142
293.168
293.111
293.164
293.148
293.138
293.155
293.15
293.149
293.155
293.149
293.121
293.148
293.15
293.152
293.156
293.151
291.561
291.585
293.149
293.149
293.149
293.149
293.143
293.151
293.15
293.14
293.167
293.148
293.129
293.158
293.158
293.151
293.147
293.147
293.151
293.152
293.154
293.141
293.14
293.097
293.169
293.12
293.133
291.456
293.142
293.147
293.135
293.163
293.157
293.153
293.142
293.158
292.955
293.142
292.911
293.14
293.135
293.149
293.144
293.129
293.162
293.116
293.158
293.13
293.136
293.16
293.132
293.104
293.155
293.104
293.162
293.169
293.155
293.116
293.113
293.143
293.115
293.029
293.022
293.153
292.94
293.136
293.133
293.146
292.882
292.913
293.145
293.145
293.128
293.162
293.146
293.132
293.153
293.145
293.155
293.143
293.145
293.157
292.92
293.152
293.145
293.142
293.137
293.143
293.131
293.152
291.347
292.992
293.11
293.095
293.145
293.134
293.098
293.153
293.163
291.063
293.144
291.537
291.475
291.498
292.89
291.484
293.149
291.596
293.14
292.83
291.319
292.868
291.501
292.886
293.15
293.141
293.116
292.972
293.139
293.168
293.16
293.117
293.155
292.928
293.151
292.87
293.141
293.132
291.405
293.161
293.114
293.137
293.148
293.14
293.142
293.11
293.145
293.152
293.131
293.149
293.153
291.49
293.147
291.506
293.144
293.133
293.119
293.12
293.15
293.142
293.161
293.118
293.125
293.168
293.109
293.167
293.157
293.152
293.133
293.129
293.171
293.124
293.148
293.142
293.159
293.16
293.205
293.123
293.162
293.143
293.155
293.142
293.138
293.134
293.176
293.146
293.162
293.157
293.143
293.141
293.149
293.148
293.153
293.147
293.15
293.145
293.15
293.149
293.15
293.146
293.16
293.143
293.141
293.155
293.135
293.135
293.152
293.148
293.15
293.147
293.147
293.153
293.154
293.132
293.162
293.171
293.173
293.147
293.144
293.165
293.157
293.141
293.161
293.075
293.145
293.162
293.151
293.175
293.118
293.144
293.164
293.141
293.136
293.104
293.162
293.138
293.106
293.162
293.143
293.15
293.159
293.114
293.077
293.168
293.175
293.16
293.108
293.193
293.148
293.134
293.115
293.143
293.137
293.151
293.127
293.131
293.141
293.146
293.148
293.156
293.118
293.155
293.114
293.135
293.171
293.109
293.11
293.155
293.11
293.162
293.152
293.112
293.14
293.118
293.171
293.194
293.16
293.163
293.135
293.14
293.135
293.166
293.136
293.163
293.133
293.156
293.133
293.149
293.12
293.137
293.154
293.168
293.111
293.146
293.125
293.174
293.141
293.158
293.16
293.134
293.164
293.149
293.136
293.137
293.128
293.159
293.126
293.157
293.149
293.147
293.167
293.116
293.181
293.165
293.068
293.155
293.164
293.145
293.034
293.168
293.123
293.099
293.151
293.17
293.154
293.166
291.422
293.158
293.145
291.254
291.453
291.433
293.157
293.149
293.146
293.156
292.875
292.783
293.156
293.154
293.173
292.872
291.446
293.153
291.156
293.148
293.162
293.17
292.917
293.135
293.092
293.194
291.503
293.155
292.845
293.101
293.092
293.122
293.14
293.143
293.175
293.193
293.137
293.064
293.122
293.17
293.146
293.151
293.147
293.146
293.157
293.115
291.236
293.161
293.116
293.151
293.15
293.195
293.086
293.153
293.186
293.158
293.09
293.128
293.162
293.132
291.417
293.155
293.162
293.16
293.11
293.152
293.14
293.15
293.115
293.163
293.042
293.119
293.131
293.118
293.114
293.154
293.16
293.145
293.166
293.122
293.14
293.107
293.17
293.178
293.077
293.179
293.169
293.168
293.185
293.17
293.141
293.156
293.15
293.126
293.139
292.816
293.158
292.862
293.141
292.829
293.116
293.179
293.189
291.518
293.153
292.905
293.172
293.154
292.844
293.154
291.271
293.156
292.903
292.705
293.168
293.065
290.766
291.355
292.782
293.148
293.121
293.12
293.173
292.796
291.32
293.141
292.848
293.138
293.144
293.112
293.131
290.788
291.03
293.149
292.794
293.139
291.382
293.138
293.169
293.172
290.737
293.144
291.321
293.148
293.113
293.191
293.145
293.15
293.139
293.17
293.111
293.091
293.165
293.169
293.189
293.109
293.123
293.102
293.182
293.149
293.152
293.143
293.146
293.15
293.146
293.148
293.145
293.149
293.148
293.134
293.165
293.149
293.131
293.144
293.185
293.168
293.123
293.159
293.141
293.116
293.128
293.13
293.1
293.196
293.109
293.153
293.104
293.085
293.197
293.141
293.199
293.093
293.135
293.127
293.145
293.156
293.136
293.102
293.138
293.175
293.103
293.14
293.08
293.178
293.254
293.162
293.163
293.171
293.016
293.194
293.125
293.169
293.148
293.155
293.134
293.031
293.097
293.126
293.137
293.181
293.102
293.159
293.094
293.044
293.079
293.158
293.13
293.165
293.134
293.091
293.163
293.13
293.191
293.15
293.09
293.169
293.128
293.119
293.179
293.118
293.093
293.157
293.192
293.104
293.152
293.256
293.229
293.119
293.177
293.149
293.121
293.129
293.159
293.102
293.167
293.127
293.184
293.09
293.201
293.143
293.108
293.127
293.116
293.173
293.149
293.136
293.147
293.147
293.107
293.134
293.149
293.149
293.149
293.149
293.195
293.155
293.143
293.147
293.164
293.164
293.148
293.107
293.096
293.127
293.167
293.147
293.04
293.151
293.113
293.084
293.113
293.138
293.122
293.081
293.122
293.09
293.118
293.148
293.159
293.141
293.109
293.101
293.117
293.138
293.154
293.072
293.116
293.142
293.115
293.053
293.129
292.906
292.618
292.508
292.923
293.143
293.139
293.123
293.157
293.149
293.177
293.142
293.163
293.139
293.141
293.138
293.152
293.164
293.14
293.15
293.158
293.157
293.134
293.161
293.115
293.158
293.156
293.16
292.972
293.16
293.168
293.166
293.158
293.118
293.17
293.058
293.094
293.139
293.123
293.114
293.128
293.26
293.188
293.094
293.074
293.126
293.208
293.149
293.17
293.13
293.114
293.157
293.137
293.166
293.138
293.146
293.078
293.103
293.161
293.147
293.101
293.171
293.147
293.1
292.702
293.104
292.709
293.129
293.171
293.158
293.146
293.14
293.152
293.14
293.15
293.151
293.082
293.129
293.153
293.164
293.112
293.121
293.134
293.121
293.105
293.17
293.147
292.193
292.277
293.143
293.14
293.151
292.177
292.17
292.3
293.146
292.078
293.153
293.138
293.142
291.661
292.289
293.148
292.223
292.085
293.155
293.156
293.15
292.61
293.147
293.155
292.437
293.14
292.715
293.14
293.147
293.151
292.147
292.25
292.048
293.147
293.149
293.141
292.111
292.242
292.295
292.021
292.192
293.15
293.15
292.273
293.15
293.15
292.401
292.317
292.272
293.151
292.273
293.15
293.159
293.143
293.149
293.17
293.149
293.13
293.143
293.165
293.155
293.153
293.094
293.118
293.154
293.155
293.115
293.136
293.16
292.158
293.148
293.149
292.085
293.166
293.12
293.149
293.15
293.142
293.148
293.135
293.148
293.145
293.149
293.137
293.157
293.155
293.154
293.138
293.136
293.156
293.141
293.152
293.15
293.148
293.151
293.149
293.144
293.152
293.137
293.156
293.15
293.142
293.141
293.131
293.153
293.142
293.136
293.136
292.888
291.678
293.142
293.148
292.992
291.624
293.143
292.952
293.04
293.137
293.137
293.137
293.158
293.151
293.155
293.15
293.157
293.141
293.148
293.151
293.149
293.147
293.134
293.133
293.168
293.135
293.153
293.152
293.157
293.103
293.109
293.119
293.161
293.139
293.153
293.137
293.128
293.139
293.175
293.1
293.139
293.137
293.154
293.117
293.167
293.155
293.105
293.148
293.145
293.167
293.178
293.111
293.147
293.131
293.158
293.183
293.128
293.143
293.115
293.163
293.137
293.169
293.113
293.176
293.155
293.144
293.095
293.119
293.106
293.164
293.212
293.149
293.174
293.146
293.141
293.105
293.063
293.166
293.142
293.164
293.119
293.118
293.148
293.14
293.145
293.115
293.125
293.102
293.153
293.14
293.121
293.169
293.144
293.15
293.117
293.171
293.152
293.148
293.109
293.143
293.144
293.112
293.122
293.158
293.113
293.156
293.134
293.123
293.188
293.048
293.094
293.148
293.118
293.129
293.144
293.154
293.135
293.155
293.106
293.159
293.185
293.15
293.161
293.122
293.141
293.144
293.168
293.121
293.179
293.096
293.12
293.16
293.147
293.157
293.121
293.151
293.082
293.13
293.165
293.161
293.11
293.173
293.122
293.192
293.136
293.155
293.139
293.14
293.144
293.158
293.187
293.156
293.135
293.21
293.116
293.119
293.144
293.148
293.15
293.14
293.157
293.121
293.175
293.097
293.123
293.127
293.155
293.154
293.131
293.158
293.169
293.127
293.178
293.139
293.179
293.139
293.141
293.121
293.232
293.135
293.158
293.154
293.141
293.119
293.128
293.122
293.169
293.148
293.141
293.136
293.113
293.149
293.164
293.176
293.179
293.114
293.149
293.161
293.133
293.091
293.18
293.121
293.127
293.137
293.143
293.152
293.114
293.144
293.125
293.17
293.116
293.146
293.155
293.132
293.136
293.14
293.16
293.183
293.159
293.147
293.128
293.137
293.146
293.104
293.146
293.129
293.195
293.098
293.134
293.161
293.123
293.176
293.118
293.153
293.137
293.153
293.147
293.151
293.16
293.191
293.138
293.134
293.122
293.124
293.152
293.144
293.124
293.131
293.125
293.141
293.167
293.128
293.135
293.142
293.143
293.138
293.137
293.119
293.126
293.11
293.133
293.189
293.132
293.123
293.157
293.142
293.109
293.169
293.126
293.117
293.144
293.131
293.141
293.132
293.145
293.137
293.147
293.177
293.162
293.158
293.15
293.118
293.169
293.154
293.128
293.128
293.166
293.114
293.139
293.129
293.168
293.097
293.181
293.154
293.139
293.102
293.189
292.686
291.794
293.141
293.149
293.153
293.146
293.146
293.128
293.151
293.159
293.139
293.005
292.404
293.156
293.111
293.15
292.289
292.352
293.126
293.145
291.668
293.183
293.114
293.153
293.177
293.16
293.162
292.817
292.759
291.755
293.13
292.291
290.889
293.131
291.613
293.121
291.468
290.857
292.29
290.773
292.272
293.124
292.903
292.895
292.152
293.09
292.478
292.341
290.73
293.16
293.046
293.142
293.128
293.145
290.744
292.595
293.128
293.141
293.139
292.971
292.789
293.109
293.119
292.939
293.098
293.141
292.211
293.124
293.15
293.154
290.734
293.166
293.144
293.126
293.15
293.104
293.095
293.125
293.125
293.079
293.099
293.124
293.133
293.135
293.149
291.948
293.17
293.165
293.14
293.178
293.092
293.119
293.144
293.173
293.127
293.17
291.485
293.157
293.094
293.135
291.167
293.143
293.114
293.153
293.155
293.143
293.146
292.861
293.104
293.146
293.136
293.135
293.129
293.143
293.172
293.101
293.123
292.179
293.141
292.995
292.652
293.153
293.141
293.113
293.094
290.483
290.791
293.151
293.138
293.104
293.137
293.163
293.16
292.322
293.146
293.129
293.175
293.126
293.165
293.163
293.127
293.147
291.093
293.153
293.153
293.167
293.118
293.143
293.135
292.287
293.144
292.936
293.133
293.142
293.156
292.304
291.494
293.1
293.167
293.154
293.15
293.16
293.094
293.126
293.164
293.168
293.133
293.151
293.119
293.156
293.126
293.142
293.147
293.136
293.151
293.152
293.152
293.14
293.149
293.152
293.144
293.133
293.151
293.138
293.152
293.143
293.147
293.139
293.128
293.13
293.154
293.137
293.151
293.172
293.15
293.155
293.159
293.139
293.132
293.151
293.154
293.162
293.138
293.157
293.157
293.148
293.14
293.156
293.145
293.15
293.129
293.154
293.154
293.144
293.138
293.146
293.132
293.133
293.155
293.154
293.141
293.148
293.135
293.158
293.152
290.642
293.15
293.143
293.108
293.161
293.161
293.001
293.162
293.132
293.149
293.135
293.142
293.159
293.119
293.098
293.169
293.1
293.152
293.164
293.136
293.143
293.142
293.148
293.137
293.124
293.093
293.177
293.147
293.136
293.142
293.172
293.112
293.18
293.119
293.167
293.087
293.17
293.175
293.123
293.106
293.157
293.127
293.155
293.152
293.144
293.118
293.067
293.122
293.159
293.127
292.967
293.126
293.167
293.115
293.126
293.112
293.134
293.166
293.152
290.994
293.133
293.137
293.119
293.111
293.199
293.142
293.124
292.357
293.129
293.171
293.149
293.15
293.102
293.119
293.134
293.122
293.151
293.169
293.115
293.118
292.361
293.156
293.155
291.037
293.138
293.068
293.148
293.126
293.13
293.148
293.118
293.134
293.138
293.16
293.174
293.173
293.127
293.168
293.153
293.17
293.142
293.182
293.186
293.12
293.106
293.128
293.152
293.125
293.122
293.12
293.144
293.141
293.147
293.155
293.179
293.137
293.151
293.07
293.126
293.142
293.133
293.166
293.145
293.138
293.169
293.15
293.146
293.164
293.156
293.119
293.166
293.142
293.118
293.132
293.177
293.143
293.15
293.142
293.136
293.145
293.138
293.151
293.153
293.148
293.112
293.149
293.141
293.15
293.161
293.141
293.16
293.138
293.143
293.145
293.122
293.146
293.15
293.149
293.154
293.148
293.156
293.134
293.137
293.137
293.12
293.155
293.136
293.14
293.159
293.137
293.15
293.15
293.155
293.161
293.111
293.146
290.839
293.136
293.149
293.146
293.154
293.148
293.12
293.135
293.139
293.158
293.139
292.384
293.142
293.132
293.158
293.128
293.145
293.159
293.142
293.151
293.139
293.147
293.162
293.159
293.158
293.132
293.136
293.158
292.038
293.134
290.864
293.14
293.152
293.13
293.164
293.16
293.135
293.131
293.124
293.16
293.139
293.169
293.126
293.14
293.154
293.129
293.164
293.171
293.122
293.148
293.16
293.142
293.149
293.082
293.113
293.127
293.155
293.152
293.004
293.17
292.343
293.154
291.029
293.153
293.132
293.135
293.145
293.139
290.702
293.118
292.381
293.155
293.03
292.344
292.931
293.151
293.153
293.135
291.295
293.141
293.13
291.736
293.163
293.167
290.781
293.142
292.04
290.753
293.146
293.134
293.146
290.926
293.143
292.367
293.152
292.362
293.15
290.998
293.15
293.146
293.137
293.158
293.151
293.15
293.122
293.144
293.139
293.151
293.152
293.141
293.116
293.147
293.127
293.118
293.083
293.15
293.151
292.478
292.715
293.15
293.143
292.407
292.738
293.148
293.153
292.82
292.66
293.143
292.888
292.58
293.148
293.144
293.152
292.821
293.039
293.139
292.959
293.15
293.002
293.153
293.146
292.923
292.932
292.659
293.151
293.152
292.341
292.403
293.154
292.457
293.152
292.9
293.152
293.154
292.828
293.004
293.152
293.153
292.925
293.15
293.151
292.449
292.423
293.151
293.151
292.883
292.833
293.142
293.142
292.657
292.244
293.15
292.833
292.911
293.15
293.141
292.832
293.146
292.993
292.524
293.14
293.144
292.272
293.146
292.968
293.143
292.806
292.927
293.148
293.147
292.841
293.057
293.161
293.149
293.107
293.117
293.172
293.151
293.188
293.086
293.175
293.148
293.059
293.014
293.099
293.152
293.144
293.144
292.972
293.152
293.154
292.93
293.148
293.006
293.417
293.142
293.307
293.135
292.739
293.155
292.782
293.156
293.141
293.142
293.389
292.622
292.568
293.644
293.138
293.145
293.152
293.153
292.646
293.128
293.149
293.149
293.142
293.156
293.15
293.061
292.973
293.143
293.136
292.922
293.256
293.156
293.132
292.463
293.155
293.312
293.441
292.797
293.139
293.146
292.86
293.153
293.176
293.15
292.897
292.909
293.153
293.156
293.133
293.152
293.142
293.096
293.165
293.086
293.191
293.123
293.131
293.144
293.142
293.133
293.136
293.143
293.113
293.113
293.129
293.178
292.445
293.148
293.149
293.149
292.386
293.149
292.506
292.451
293.134
293.153
293.133
293.153
293.138
293.145
293.136
293.159
293.153
293.136
293.155
293.133
293.156
293.136
293.155
293.139
293.148
293.148
293.148
293.153
293.151
293.149
293.143
293.151
293.127
293.161
293.154
293.146
293.138
293.156
293.155
293.134
293.16
293.138
293.146
291.782
292.909
292.717
292.811
293.137
293.142
293.019
291.982
293.137
293.129
293.136
293.162
293.14
293.116
293.138
293.161
293.134
293.15
293.147
293.157
293.139
293.151
293.146
293.151
293.146
293.148
293.156
293.142
293.152
293.14
293.132
293.147
293.138
293.151
293.136
293.133
293.148
293.128
293.156
293.148
293.134
293.133
293.15
293.122
293.134
293.159
293.136
293.162
293.139
293.119
293.148
293.141
293.153
293.152
293.146
293.147
293.117
293.145
293.104
293.152
293.161
293.123
293.144
293.156
293.153
293.118
293.127
293.153
293.151
293.151
293.146
293.09
293.162
293.146
293.125
293.139
293.119
293.129
293.169
293.134
293.175
293.15
293.14
293.076
293.113
293.125
293.132
293.15
293.144
293.12
293.161
293.186
293.193
293.11
293.104
293.155
293.11
293.122
293.14
293.112
293.176
293.133
293.14
293.103
293.187
293.121
293.137
293.108
293.149
293.111
293.147
293.16
293.127
293.151
293.132
293.129
293.137
293.194
293.147
293.146
293.13
293.14
293.18
293.049
293.2
293.07
293.151
293.12
293.093
293.131
293.142
293.138
293.15
293.152
293.142
293.124
293.12
293.114
293.115
293.153
293.142
293.146
293.121
293.162
293.144
293.138
293.075
293.146
293.113
293.161
293.131
293.114
293.139
293.119
293.163
293.125
293.148
293.147
293.118
293.162
293.157
293.164
293.127
293.163
293.157
293.141
293.141
293.161
293.172
293.124
293.158
293.112
293.19
293.135
293.153
293.157
293.134
293.153
293.165
293.124
293.121
293.166
293.147
293.135
293.149
293.154
293.088
293.142
293.166
293.154
293.087
293.143
293.129
293.184
293.13
293.135
293.12
293.191
293.123
293.094
293.182
293.139
293.145
293.149
293.12
293.105
293.084
293.147
293.099
293.169
293.156
293.194
293.138
293.137
293.169
293.118
293.142
293.155
293.144
293.142
293.146
293.129
293.085
293.157
293.111
293.126
293.151
293.136
293.152
293.151
293.144
293.124
293.131
293.168
293.145
293.195
293.112
293.122
293.164
293.085
293.185
293.121
293.156
293.137
293.168
293.129
293.128
293.184
293.134
293.162
293.159
293.212
293.137
293.138
293.124
293.124
293.127
293.163
293.111
293.095
293.179
293.108
293.14
293.14
293.136
293.139
293.15
293.122
293.142
293.141
293.139
293.166
293.099
293.157
293.142
293.071
293.087
293.167
293.109
293.168
293.115
293.177
293.148
293.132
293.158
293.161
293.158
293.122
293.128
293.16
293.137
293.144
293.128
293.144
293.142
293.157
293.153
293.159
293.136
293.165
293.125
293.118
293.14
293.12
293.123
293.088
293.12
293.136
293.146
293.12
293.069
293.14
293.097
293.149
293.152
293.165
293.154
293.159
293.137
293.184
293.14
293.133
293.094
293.119
293.175
293.166
293.097
293.139
293.137
293.134
293.138
293.19
293.065
293.096
293.127
293.091
293.189
293.124
293.159
293.149
293.139
293.126
293.131
293.134
293.13
293.14
293.116
293.154
293.141
293.153
293.155
293.133
293.122
293.152
293.157
293.135
293.13
293.164
293.12
293.123
293.141
293.155
293.152
293.14
293.132
293.136
293.074
293.14
293.19
293.104
293.17
293.163
293.14
293.156
293.144
293.134
293.12
293.143
293.181
293.132
293.162
293.137
293.094
293.115
293.12
293.153
293.161
293.117
293.123
293.162
293.144
293.142
293.031
293.125
293.114
293.161
293.152
293.154
293.151
293.148
293.144
293.093
293.134
293.097
293.101
293.165
293.142
293.096
293.129
293.091
293.116
293.164
293.159
293.154
293.139
293.142
293.148
293.096
293.147
293.106
293.121
293.161
293.078
293.137
293.093
293.143
293.135
293.149
293.129
293.143
293.161
293.147
293.105
293.126
293.14
293.131
293.121
293.174
293.137
293.114
293.118
293.122
293.144
293.161
293.14
293.114
293.136
293.108
293.151
293.137
293.164
293.151
293.142
291.731
293.143
293.147
293.147
292.917
292.372
292.005
292.182
293.168
293.146
292.229
291.4
293.147
293.136
293.105
293.156
291.443
290.954
293.16
293.175
293.159
293.147
293.155
292.087
293.16
293.14
293.172
293.087
292.22
293.155
293.134
292.102
293.165
293.153
291.619
291.763
291.324
293.131
292.149
290.941
292.951
291.233
292.228
292.202
292.303
292.942
293.101
290.355
293.049
291.68
293.142
293.11
293.09
291.74
291.329
293.132
293.124
293.077
292.188
292.99
293.144
293.126
293.173
293.103
293.136
293.043
291.882
291.398
293.084
293.132
293.037
293.089
292.551
291.693
293.137
292.584
292.007
293.133
293.122
293.116
293.098
293.123
293.1
293.131
293.091
293.161
293.095
293.069
293.162
293.137
293.143
293.147
293.139
293.153
293.124
293.12
293.12
293.125
293.077
293.112
293.081
293.103
293.136
293.136
293.138
291.449
293.132
291.879
293.189
293.157
293.172
293.205
293.133
293.12
289.918
291.326
293.159
293.173
293.136
293.159
293.136
293.144
293.191
293.147
293.143
293.138
293.027
292.908
293.141
293.151
293.143
293.152
293.152
293.153
293.157
293.148
293.155
293.153
293.145
293.141
293.142
293.138
293.162
293.144
293.116
293.143
293.158
293.148
293.126
293.152
293.115
293.085
293.149
293.162
293.123
293.161
293.128
293.15
293.158
293.169
293.164
293.164
293.137
293.123
293.134
293.159
293.17
293.153
293.145
293.14
293.133
293.151
293.166
293.165
293.144
293.163
293.155
293.146
293.169
293.12
293.164
293.125
293.158
293.175
293.136
293.156
293.173
293.155
293.127
293.163
293.132
293.155
293.127
293.113
293.154
293.158
293.12
293.125
293.136
293.141
293.157
293.126
293.157
293.119
293.129
293.151
293.159
293.133
293.142
293.144
293.147
293.14
292.2
293.149
292.195
293.145
293.079
293.152
293.128
293.159
293.127
291.4
293.144
293.165
291.262
293.105
293.134
293.167
293.173
293.141
293.143
293.162
292.155
293.161
292.151
293.111
293.051
293.167
293.184
293.159
293.152
293.165
291.642
291.416
293.147
293.142
292.069
292.135
293.151
293.141
293.157
293.153
293.153
289.907
291.263
293.131
293.149
293.119
293.164
291.283
291.147
293.152
293.156
293.223
293.136
293.163
293.123
293.157
293.131
293.131
293.081
293.145
293.077
293.1
293.122
293.096
293.176
293.125
293.012
293.07
293.15
293.1
293.13
293.122
293.176
293.172
293.017
293.051
293.169
293.158
293.141
293.13
293.133
293.083
292.965
293.158
293.161
293.123
293.11
293.177
293.161
293.162
293.157
293.113
293.116
293.154
293.132
293.138
293.157
293.155
293.153
293.129
293.152
293.16
293.13
293.129
293.092
293.121
293.135
293.157
293.158
293.127
293.153
293.167
293.168
293.087
293.179
293.129
293.144
293.087
293.17
293.167
293.124
293.103
293.115
293.121
293.161
293.161
293.126
293.149
293.134
293.149
293.167
293.097
293.168
293.128
293.147
293.16
293.122
293.123
293.181
293.166
293.162
293.164
293.113
293.167
293.099
293.103
293.17
293.166
293.152
293.151
293.138
293.148
293.163
293.154
293.154
293.108
293.079
293.164
293.132
293.114
293.15
293.182
293.159
293.184
293.136
293.143
293.099
293.173
293.132
293.111
293.15
293.106
293.134
293.097
293.085
293.127
293.14
293.151
293.101
293.2
291.286
291.583
293.13
293.121
293.126
292.211
292.269
293.13
293.141
293.104
293.166
293.1
293.11
293.144
293.079
293.176
293.153
293.125
293.129
293.159
293.117
293.145
293.117
293.137
293.126
293.146
293.146
293.049
293.132
293.151
293.134
293.101
293.139
293.05
293.116
293.163
293.101
293.134
293.174
293.143
293.115
293.147
293.123
293.145
293.154
293.144
293.115
293.124
293.103
293.144
293.175
293.152
293.117
293.145
293.144
293.166
293.133
293.153
293.164
293.116
293.183
293.176
293.177
293.098
293.192
293.144
293.107
293.138
293.099
293.112
293.172
293.179
293.109
293.135
293.138
293.138
293.126
293.123
293.145
293.14
293.139
293.145
293.154
293.131
293.145
293.153
293.148
293.118
293.139
293.161
293.164
293.134
293.127
293.173
293.16
293.134
293.132
293.149
293.135
293.151
293.142
293.143
293.142
293.146
293.159
293.119
293.133
293.137
293.126
293.162
293.181
293.158
293.124
293.123
293.162
293.168
293.128
293.134
293.153
293.123
293.135
293.143
293.16
293.126
293.129
293.162
293.142
293.143
293.149
293.153
293.147
293.148
293.147
293.147
293.156
293.134
293.152
293.146
293.088
293.132
293.148
293.119
293.15
293.053
293.152
292.27
293.155
293.151
291.394
291.339
293.152
293.145
293.137
293.166
293.156
293.12
293.133
293.159
293.124
293.131
293.168
293.144
293.158
293.158
293.164
293.141
293.137
293.138
293.155
293.152
293.121
293.16
293.142
293.127
293.141
293.17
293.15
293.153
293.158
293.136
293.134
293.133
293.128
293.163
293.154
293.173
293.143
293.152
293.154
293.104
293.131
293.126
293.131
293.151
293.147
293.145
293.145
293.096
293.131
293.144
293.141
293.132
293.133
293.121
293.154
293.162
293.137
293.128
293.118
293.134
293.139
293.159
293.159
293.147
293.126
293.144
293.132
293.142
293.17
293.182
293.166
293.167
293.119
293.12
293.116
293.17
293.16
293.139
293.137
293.137
293.162
293.165
293.161
293.165
293.107
293.091
293.155
293.167
293.124
293.134
293.133
293.135
293.12
293.126
291.375
291.211
292.245
293.122
292.165
293.114
293.149
293.127
293.092
293.137
293.149
293.094
293.151
293.142
293.154
293.126
293.1
291.546
290.44
291.621
293.1
293.132
291.241
291.477
293.142
292.078
293.138
291.35
293.141
293.143
291.209
293.147
292.177
293.152
292.216
293.153
293.14
293.137
293.135
293.141
293.123
293.122
293.126
293.161
293.168
293.108
293.139
293.12
293.118
293.122
293.117
293.145
293.103
293.134
293.196
293.157
293.134
293.152
293.134
293.087
293.185
293.077
293.203
293.131
293.13
293.142
293.145
293.145
293.162
293.151
293.108
293.163
293.101
293.12
293.159
293.138
293.206
293.143
293.137
293.14
293.135
293.119
293.129
293.102
293.065
293.117
293.151
293.132
293.142
293.145
293.145
293.143
293.145
293.136
293.141
293.154
293.147
293.116
293.121
293.162
293.171
293.092
293.105
293.196
293.193
293.175
293.129
293.13
293.125
293.011
293.149
293.124
293.148
293.09
293.146
293.13
293.154
293.161
293.171
292.646
293.172
292.697
293.118
293.08
293.005
293.148
293.176
293.176
293.092
293.166
293.148
293.097
293.138
293.147
292.966
291.435
291.704
292.562
293.596
292.208
292.438
291.648
291.282
293.571
292.47
292.405
292.151
293.145
293.151
293.136
293.124
293.141
293.14
293.147
293.151
293.147
293.143
293.149
293.153
293.162
293.155
293.149
293.133
292.951
293.175
293.132
293.131
293.141
293.153
293.135
293.149
293.114
293.106
293.119
293.149
293.152
293.131
293.144
293.158
293.124
293.151
293.158
293.141
293.145
293.143
293.144
293.161
293.134
293.163
293.159
293.118
293.132
293.158
293.16
293.152
293.117
293.12
293.109
293.117
293.146
293.143
293.178
293.176
293.155
293.154
293.136
293.134
293.15
293.105
293.147
293.102
293.113
293.169
293.162
293.182
293.161
293.164
293.156
293.171
293.159
293.14
293.139
293.133
293.122
293.13
293.159
293.164
293.134
293.129
293.187
293.134
293.157
293.122
293.118
293.134
293.148
293.153
293.144
293.177
293.163
293.152
293.158
293.159
293.162
293.156
293.151
293.161
293.163
293.148
293.16
293.154
293.157
293.155
293.158
293.155
293.121
293.164
293.15
293.148
293.166
293.15
293.161
293.155
293.157
293.151
293.138
293.112
293.112
293.121
293.128
293.148
293.164
293.16
293.146
293.141
293.138
293.139
293.144
293.145
293.142
293.145
293.139
293.145
293.135
293.138
293.1
293.139
293.088
293.092
293.178
293.17
293.151
293.151
293.14
293.131
293.136
293.141
293.153
293.159
293.068
293.108
293.081
293.103
293.149
293.147
293.15
293.148
293.146
293.149
293.149
293.148
293.14
293.145
293.126
293.136
292.984
293.007
292.229
292.518
292.051
292.361
293.155
293.15
293.159
293.159
293.156
293.156
292.743
292.146
292.951
292.939
292.846
292.458
293.146
293.147
293.152
293.15
293.163
293.133
293.144
293.155
293.129
293.146
293.134
293.152
293.139
293.145
293.151
293.151
293.143
293.148
293.146
293.134
293.142
293.1
293.122
293.153
293.155
293.156
293.158
293.153
293.158
293.143
293.143
293.167
293.17
293.182
293.19
293.172
293.164
293.145
293.164
293.15
293.143
293.147
293.152
293.139
293.146
293.142
293.136
293.157
293.151
293.142
293.141
293.144
293.139
293.141
293.147
293.155
293.142
293.154
293.158
293.163
293.176
293.176
293.166
293.163
293.164
293.154
293.158
293.16
293.153
293.165
291.001
290.78
291.629
290.962
293.138
293.132
293.12
293.132
293.1
293.103
293.143
293.138
293.077
293.127
293.12
293.129
293.127
293.111
293.174
293.166
293.163
293.142
293.144
293.151
293.156
293.153
293.163
293.171
293.173
293.146
293.159
293.141
293.117
293.101
293.108
293.086
293.16
293.148
293.153
293.147
293.142
293.135
293.153
293.162
293.171
293.157
293.147
293.116
293.142
293.14
293.102
293.111
293.152
293.165
293.166
293.173
293.133
293.143
293.124
293.136
293.137
293.137
293.171
293.154
293.161
293.16
293.152
293.167
293.167
293.167
293.164
293.175
293.167
293.17
293.16
293.163
293.164
293.159
293.162
293.162
293.144
293.135
293.13
293.131
293.14
293.142
293.178
293.121
293.114
293.147
293.136
293.122
293.119
293.141
293.153
293.161
293.161
293.157
293.155
293.164
293.155
293.163
293.115
293.131
293.132
293.102
293.142
293.1
293.134
293.116
293.177
293.141
293.118
293.152
293.134
293.147
293.118
293.149
293.148
293.138
293.111
293.133
293.134
293.131
293.145
293.133
293.138
293.153
293.159
293.164
293.165
293.156
293.156
293.115
293.124
293.131
293.113
293.111
293.138
293.113
293.127
293.143
293.132
293.102
293.104
293.109
293.119
293.138
293.158
293.121
293.164
293.132
293.166
293.106
293.173
293.098
293.176
293.158
293.156
293.142
293.143
293.14
293.151
293.139
293.154
293.155
293.151
293.141
293.158
293.157
293.178
293.149
293.152
293.141
293.161
293.118
293.123
293.124
293.128
293.135
293.124
293.131
293.147
293.151
293.137
293.139
293.127
292.733
292.991
292.416
293.025
292.342
292.988
292.677
292.876
293.11
293.148
293.144
293.134
293.137
293.137
293.144
293.143
293.146
293.156
293.155
293.177
293.169
293.156
293.158
293.134
293.127
293.091
293.068
293.159
293.158
293.117
293.122
293.079
293.1
293.131
293.142
293.097
293.116
293.133
293.128
293.149
293.151
293.154
293.146
293.174
293.163
293.145
293.148
293.148
293.144
293.146
293.157
293.147
293.148
292.997
293.013
292.007
292.356
291.574
291.996
291.747
291.163
293.305
292.348
292.212
292.038
291.76
291.313
293.389
292.382
292.211
292.07
291.771
291.409
291.893
291.505
291.974
291.528
293.142
293.152
293.152
293.149
293.147
293.149
292.014
292.908
292.859
292.917
292.447
292.929
293.146
293.15
293.133
293.133
293.147
293.145
293.127
293.135
293.137
293.137
293.143
293.145
293.138
293.146
293.121
293.146
293.127
293.115
293.157
293.134
293.144
293.127
293.153
292.186
292.883
292.845
292.952
292.496
292.899
291.404
292.197
291.858
292.032
293.15
293.142
293.127
293.135
293.139
293.139
293.005
292.599
292.971
292.845
293.064
293.049
293.157
293.136
293.134
293.138
293.147
293.14
291.544
291.438
291.597
291.76
292.328
292.266
293.067
292.68
292.984
292.864
293.222
293.149
293.146
293.143
293.144
293.149
293.146
291.725
291.248
293.627
292.48
292.697
292.243
291.497
291.317
291.669
291.939
291.988
291.475
293.003
292.674
292.954
292.898
292.979
293.018
293.147
293.138
293.1
293.104
293.091
293.102
293.16
293.168
293.161
293.172
293.195
293.179
293.185
293.184
293.146
293.14
293.143
293.151
293.148
291.003
290.31
290.638
292.154
291.803
293.137
293.169
293.184
293.136
293.124
291.711
291.245
293.343
292.36
292.162
292
293.153
293.155
293.147
293.143
293.152
293.153
293.15
293.15
291.458
290.907
293.243
292.053
292.061
291.776
293.153
293.109
293.149
293.108
293.15
293.114
293.157
293.175
293.16
293.145
293.116
293.148
293.17
293.109
293.144
293.093
293.093
293.169
293.16
293.122
293.153
293.154
293.129
293.175
293.113
293.141
293.123
293.115
293.11
293.132
293.135
293.143
293.124
293.132
293.124
293.129
293.13
293.122
293.12
293.142
293.152
293.136
293.137
293.123
293.121
293.13
293.149
293.102
293.136
293.111
293.15
293.153
293.193
293.189
293.188
293.18
293.154
293.167
293.167
293.172
293.135
293.146
293.138
293.127
293.11
293.112
293.13
293.134
293.152
293.137
293.139
293.129
293.18
293.171
293.14
293.125
293.083
293.049
293.146
293.131
293.146
293.143
293.153
293.152
293.139
293.145
293.105
293.151
293.114
293.143
293.157
293.155
293.16
293.098
293.114
293.159
293.16
293.098
293.123
293.102
293.132
293.098
293.128
293.102
293.124
293.144
293.157
293.125
293.132
293.139
293.129
293.133
293.104
293.145
293.172
293.157
293.179
293.128
293.137
293.13
293.15
293.15
293.157
293.145
293.155
293.148
293.151
293.144
293.135
293.157
293.142
293.15
293.141
293.156
293.156
293.146
293.148
293.156
293.136
293.142
293.157
293.145
293.149
293.14
293.152
293.136
293.153
293.149
293.131
293.145
293.147
293.14
293.136
293.139
293.148
293.143
293.146
293.14
293.151
293.155
293.139
293.151
293.146
293.148
293.146
293.118
293.103
293.131
293.11
293.151
293.13
293.136
293.138
293.104
293.145
293.124
293.169
293.143
293.146
293.115
293.118
293.135
293.136
293.144
293.147
293.091
293.102
293.127
293.13
293.185
293.159
293.062
293.086
293.104
293.119
293.143
293.136
293.149
293.145
293.144
293.15
293.123
293.137
293.149
293.138
293.144
293.139
293.133
293.144
293.13
293.133
293.138
293.138
293.131
293.163
293.148
293.186
293.187
293.121
293.128
293.154
293.16
293.187
293.178
293.169
293.172
293.141
293.128
293.154
293.116
293.146
293.115
293.135
293.157
293.133
293.163
293.136
293.163
293.169
293.161
293.18
293.157
293.118
293.101
293.112
293.131
293.129
293.084
293.127
293.093
293.117
293.15
293.165
293.147
293.157
293.155
293.155
293.161
293.159
293.134
293.169
293.136
293.066
293.139
293.152
293.141
293.163
293.166
293.136
293.142
293.14
293.12
293.15
293.141
293.167
293.16
293.15
293.133
293.143
293.176
293.15
293.141
293.12
293.127
293.142
293.111
293.198
293.138
293.139
293.127
293.132
293.147
293.107
293.127
293.117
293.106
293.145
293.176
293.141
293.182
293.142
293.176
293.15
293.096
293.158
293.121
293.154
293.148
293.162
293.113
293.12
293.161
293.157
293.132
293.112
293.113
293.117
293.113
293.123
293.136
293.178
293.143
293.159
293.136
293.171
293.098
293.098
293.079
293.125
293.113
293.112
293.125
293.11
293.169
293.176
293.13
293.126
293.165
293.117
293.157
293.128
293.15
293.146
293.169
293.125
293.165
293.117
293.137
293.135
293.148
293.151
293.155
293.141
293.144
293.142
293.17
293.124
293.158
293.101
293.111
293.144
293.138
293.099
293.137
293.111
293.113
293.112
293.106
293.116
293.164
293.139
293.18
293.173
293.113
293.12
293.139
293.131
293.122
293.108
293.141
293.126
293.137
293.167
293.136
293.138
293.146
293.143
293.106
293.104
293.123
293.143
293.158
293.147
293.105
293.144
293.148
293.148
293.145
293.162
293.117
293.11
293.161
293.151
293.156
293.159
293.173
293.173
293.151
293.153
293.101
293.105
293.065
293.084
293.107
293.126
293.152
293.148
293.167
293.147
293.15
293.137
293.11
293.112
293.121
293.125
293.142
293.126
293.112
293.109
293.13
293.133
293.146
293.147
293.162
293.17
293.175
293.171
293.127
293.133
293.13
293.154
293.155
293.135
293.154
293.124
293.15
293.143
293.177
293.163
293.158
293.137
293.177
293.132
293.163
293.126
293.081
293.104
293.044
293.115
293.124
293.076
293.115
293.114
293.084
293.129
293.127
293.122
293.184
293.15
293.15
293.142
293.135
293.146
293.087
293.116
293.126
293.149
293.168
293.143
293.155
293.139
293.149
293.133
293.143
293.147
293.141
293.142
293.103
293.128
293.143
293.139
293.125
293.125
293.149
293.145
293.133
293.152
293.135
293.152
293.153
293.107
293.123
293.141
293.128
293.122
293.12
293.142
293.142
293.156
293.145
293.109
293.11
293.1
293.113
293.154
293.172
293.168
293.157
293.118
293.139
293.122
293.115
293.111
293.138
293.139
293.154
293.164
293.168
293.17
293.138
293.147
293.142
293.137
293.161
293.158
293.152
293.152
293.177
293.149
293.19
293.16
293.139
293.155
293.129
293.157
293.121
293.162
293.149
293.142
293.113
293.12
293.076
293.105
293.141
293.146
293.128
293.119
293.14
293.142
293.158
293.146
293.167
293.141
293.16
293.132
293.154
293.127
293.141
293.132
293.151
293.154
293.149
293.154
293.144
293.117
293.119
293.12
293.127
293.15
293.164
293.153
293.153
293.166
293.156
293.154
293.155
293.168
293.165
293.159
293.157
293.128
293.139
293.134
293.143
293.141
293.136
293.144
293.141
293.149
293.143
293.167
293.175
293.131
293.129
293.132
293.129
293.134
293.138
293.13
293.138
293.16
293.166
293.159
293.159
293.155
293.136
293.142
293.125
293.156
293.149
293.127
293.111
293.141
293.134
293.128
293.151
292.96
293.096
292.943
293.06
293.083
293.085
293.147
293.161
293.113
293.13
293.129
293.124
293.154
293.164
293.117
293.14
293.127
293.125
293.142
293.138
293.149
293.144
293.146
293.142
293.157
292.035
292.29
292.74
293.735
293.15
293.148
293.15
293.151
293.955
292.821
292.38
292.29
293.151
293.148
293.146
293.147
293.143
293.126
293.13
293.121
293.112
293.147
293.138
293.139
293.137
293.131
293.125
293.106
293.104
293.091
293.128
293.124
293.145
293.143
293.134
293.133
293.138
293.131
293.141
293.138
293.15
293.15
293.146
293.145
293.145
293.142
293.143
293.139
293.141
293.139
293.157
293.155
293.155
293.151
293.144
293.143
293.145
293.144
293.145
293.144
293.146
293.146
293.147
293.146
293.139
293.135
293.139
293.139
293.147
293.14
293.139
293.143
293.144
293.143
293.145
293.18
293.077
293.084
293.138
293.133
293.057
293.028
293.097
293.11
293.108
293.102
293.115
293.12
293.106
293.136
293.14
291.675
291.86
291.353
291.956
293.132
293.131
293.193
293.195
293.146
293.148
293.143
293.136
293.148
290.834
291.13
293.152
293.156
293.161
293.169
293.14
293.148
293.142
293.163
293.159
293.134
293.134
293.113
293.096
293.14
293.143
293.201
293.22
293.182
293.14
293.142
293.143
293.138
293.147
293.144
293.135
293.128
292.451
292.184
292.435
293.137
293.091
293.132
293.105
293.144
293.145
293.141
293.143
293.143
293.128
293.124
293.119
293.126
293.12
293.134
293.138
293.113
293.118
293.092
293.122
293.119
293.193
293.189
293.163
293.09
293.119
293.145
293.128
293.092
293.144
293.146
293.143
293.145
292.997
293.004
292.566
292.352
292.466
292.188
293.118
293.108
293.138
293.141
293.152
293.145
293.149
293.149
293.159
293.162
293.144
293.141
293.145
293.142
293.163
293.156
293.124
293.159
293.163
293.174
293.11
293.1
293.098
293.109
293.121
293.137
293.14
293.13
293.115
293.116
293.132
293.134
293.161
293.168
293.135
293.103
293.107
292.737
292.972
292.877
293.05
293.028
293.122
293.149
293.139
293.143
293.122
293.117
293.158
293.159
293.134
293.141
293.144
293.132
293.145
293.155
293.147
293.151
293.077
293.089
293.144
293.124
293.144
293.129
293.163
293.168
293.17
293.164
293.138
293.134
293.149
293.152
293.098
293.126
293.149
293.157
293.154
293.146
293.125
293.138
293.152
293.156
293.146
293.171
293.146
293.148
293.191
293.181
293.11
293.116
293.127
293.152
293.177
293.169
293.087
293.066
293.123
293.15
293.127
293.151
293.15
293.092
293.105
293.17
293.19
293.119
293.154
293.061
293.095
293.16
293.189
293.2
293.19
293.205
293.132
293.149
293.123
293.098
293.109
293.042
293.181
293.169
293.17
293.158
293.055
293.138
292.961
292.934
293.118
293.133
293.122
293.147
293.118
293.112
293.115
293.128
293.084
293.021
293.086
292.986
293.106
293.13
293.14
293.137
293.148
293.137
293.144
293.163
293.147
293.15
293.15
293.152
293.158
293.16
293.138
293.143
293.156
293.146
293.138
293.135
293.156
293.166
293.134
293.157
293.142
293.132
293.1
293.137
293.146
293.146
293.146
293.146
293.135
293.143
293.159
293.151
293.141
293.183
293.167
293.156
293.167
293.156
293.172
293.167
293.15
293.138
293.152
293.145
293.151
293.134
293.199
293.169
293.165
293.194
293.125
293.084
293.106
293.119
293.1
293.146
293.14
293.138
293.128
293.136
293.117
293.144
293.144
293.157
293.166
293.1
293.133
293.056
293.089
293.151
293.143
293.161
293.111
293.151
293.125
293.106
293.08
293.199
293.176
293.196
293.161
293.08
293.116
293.087
293.131
293.091
293.126
293.11
293.041
293.124
293.138
293.124
293.122
293.163
293.18
293.176
293.16
293.171
293.171
293.152
293.151
293.146
293.157
293.149
293.148
293.143
293.14
293.113
293.122
293.097
293.113
293.151
293.142
293.15
293.139
293.141
293.14
293.137
293.146
293.166
293.163
293.168
293.155
293.149
293.149
293.236
293.203
293.149
293.147
293.149
293.147
293.148
293.148
293.149
293.15
293.15
293.15
293.149
293.15
293.15
293.15
293.148
293.149
293.15
293.149
293.15
293.15
293.147
293.146
293.149
293.148
293.149
293.149
293.149
293.149
293.151
293.145
293.148
293.151
293.149
293.105
293.29
293.308
293.293
293.098
293.359
293.302
293.357
293.259
293.252
293.246
292.881
293.34
293.322
292.961
293.218
293.342
293.174
293.115
293.149
293.151
293.15
293.148
293.15
293.151
293.15
293.15
293.149
293.15
293.15
293.149
293.149
293.149
293.149
293.15
293.112
293.15
293.152
293.15
293.148
293.151
293.15
293.15
293.151
293.149
293.147
293.146
293.143
293.144
293.147
293.14
293.143
293.046
293.148
293.148
293.146
293.151
293.154
293.152
293.15
293.151
293.149
293.141
293.147
293.151
293.149
293.146
293.144
293.141
293.107
293.143
293.141
293.146
293.151
293.149
293.15
293.153
293.151
293.151
293.15
293.143
293.149
293.144
293.145
293.143
293.142
293.101
293.142
293.146
293.15
293.151
293.143
293.149
293.15
293.152
293.15
293.149
293.144
293.141
293.139
293.141
293.14
293.144
293.139
293.146
293.145
293.15
293.143
293.15
293.151
293.151
293.152
293.151
293.147
293.14
293.15
293.152
293.145
293.151
293.145
293.085
293.147
293.141
293.147
293.145
293.147
293.149
293.15
293.151
293.15
293.155
293.154
293.148
293.149
293.15
293.15
293.147
293.069
293.148
293.146
293.142
293.146
293.148
293.15
293.148
293.15
293.151
293.147
293.15
293.152
293.146
293.145
293.146
293.151
293.109
293.146
293.143
293.144
293.147
293.147
293.148
293.15
293.15
293.151
293.152
293.15
293.151
293.151
293.151
293.149
293.149
293.093
293.146
293.147
293.147
293.145
293.143
293.148
293.149
293.15
293.151
293.153
293.152
293.153
293.154
293.15
293.151
293.151
293.122
293.149
293.143
293.148
293.148
293.15
293.146
293.147
293.149
293.148
293.15
293.149
293.149
293.15
293.152
293.152
293.151
293.126
293.15
293.147
293.144
293.139
293.142
293.144
293.146
293.148
293.149
293.148
293.153
293.147
293.152
293.15
293.151
293.148
293.107
293.152
293.15
293.14
293.133
293.141
293.139
293.145
293.147
293.148
293.147
293.138
293.153
293.149
293.149
293.151
293.15
293.109
293.15
293.142
293.152
293.146
293.148
293.149
293.148
293.147
293.148
293.148
293.142
293.149
293.147
293.148
293.146
293.147
293.11
293.152
293.144
293.149
293.15
293.151
293.149
293.143
293.145
293.148
293.146
293.142
293.147
293.151
293.146
293.148
293.149
293.112
293.155
293.157
293.147
293.146
293.147
293.146
293.147
293.148
293.147
293.147
293.145
293.141
293.15
293.156
293.15
293.145
293.112
293.153
293.152
293.148
293.147
293.151
293.147
293.148
293.148
293.146
293.147
293.148
293.145
293.14
293.143
293.145
293.151
293.054
293.149
293.15
293.153
293.15
293.149
293.148
293.149
293.149
293.148
293.141
293.143
293.147
293.149
293.143
293.144
293.146
293.147
293.142
293.143
293.153
293.154
293.153
293.153
293.153
293.152
293.151
293.15
293.148
293.147
293.14
293.145
293.143
293.144
293.145
293.147
293.148
293.151
293.146
293.143
293.137
293.141
293.138
293.141
293.143
293.147
293.15
293.151
293.151
293.152
293.153
293.153
293.153
293.152
293.151
293.147
293.146
293.144
293.146
293.144
293.145
293.144
293.144
293.143
293.146
293.15
293.151
293.152
293.153
293.153
293.154
293.153
293.153
293.152
292.71
292.76
292.75
292.813
292.8
292.701
292.794
292.709
292.788
292.798
292.795
292.774
292.653
292.804
292.772
292.654
292.774
292.822
292.724
293.289
293.15
293.15
293.339
293.104
293.147
293.149
293.147
293.152
293.151
293.148
293.15
293.15
293.15
293.15
293.146
293.147
293.146
293.146
293.143
293.149
293.149
293.146
293.147
293.148
293.149
293.147
293.149
293.15
293.15
293.15
293.149
293.151
293.149
293.15
293.147
293.149
293.151
293.147
293.147
293.146
293.148
293.149
293.14
293.145
293.148
293.149
293.15
293.151
293.149
293.149
293.151
293.151
293.15
293.126
293.034
293.313
293.345
293.321
293.314
293.007
293.296
293.308
293.316
293.376
293.261
293.185
293.317
293.255
293.369
293.204
293.363
293.135
293.148
293.149
293.147
293.149
293.15
293.144
293.147
293.151
293.151
293.152
293.155
293.149
293.152
293.153
293.153
293.131
293.147
293.146
293.148
293.145
293.147
293.146
293.149
293.15
293.151
293.151
293.149
293.15
293.151
293.149
293.15
293.157
293.141
293.144
293.137
293.146
293.148
293.147
293.142
293.151
293.149
293.151
293.151
293.151
293.157
293.147
293.143
293.148
293.149
293.11
293.147
293.149
293.149
293.136
293.141
293.144
293.148
293.151
293.151
293.15
293.147
293.149
293.148
293.149
293.14
293.143
293.094
293.144
293.147
293.142
293.148
293.149
293.146
293.149
293.149
293.151
293.154
293.151
293.144
293.144
293.156
293.148
293.148
293.056
293.148
293.147
293.146
293.152
293.157
293.155
293.152
293.152
293.151
293.151
293.149
293.148
293.147
293.148
293.149
293.141
293.123
293.151
293.147
293.149
293.15
293.153
293.153
293.15
293.151
293.151
293.15
293.147
293.146
293.147
293.145
293.135
293.144
293.116
293.149
293.15
293.149
293.152
293.152
293.152
293.151
293.15
293.15
293.148
293.148
293.146
293.149
293.145
293.147
293.146
293.12
293.15
293.151
293.152
293.15
293.149
293.151
293.151
293.15
293.15
293.149
293.148
293.149
293.144
293.14
293.142
293.146
293.112
293.151
293.151
293.15
293.155
293.15
293.15
293.151
293.149
293.148
293.147
293.147
293.143
293.141
293.147
293.149
293.15
293.116
293.15
293.149
293.152
293.161
293.149
293.154
293.146
293.15
293.147
293.149
293.142
293.142
293.136
293.14
293.149
293.143
293.063
293.151
293.159
293.148
293.149
293.154
293.147
293.145
293.147
293.146
293.146
293.147
293.147
293.147
293.149
293.143
293.15
293.109
293.147
293.147
293.147
293.139
293.148
293.146
293.145
293.147
293.147
293.143
293.148
293.149
293.143
293.164
293.141
293.15
293.122
293.152
293.143
293.152
293.157
293.149
293.126
293.147
293.147
293.144
293.148
293.149
293.146
293.148
293.142
293.147
293.16
293.121
293.15
293.153
293.156
293.149
293.145
293.141
293.144
293.146
293.148
293.141
293.146
293.151
293.14
293.145
293.156
293.154
293.085
293.15
293.15
293.148
293.137
293.145
293.15
293.148
293.148
293.147
293.148
293.147
293.15
293.147
293.148
293.152
293.15
293.118
293.15
293.142
293.139
293.139
293.139
293.149
293.149
293.148
293.149
293.15
293.149
293.149
293.153
293.151
293.156
293.152
293.144
)
;

boundaryField
{
    sides
    {
        type            fixedValue;
        value           uniform 293.15;
    }
    top
    {
        type            fixedValue;
        value           uniform 293.15;
    }
    outlet
    {
        type            fixedValue;
        value           uniform 293.15;
    }
    bottom
    {
        type            fixedValue;
        value           uniform 293.15;
    }
    inlet
    {
        type            fixedValue;
        value           uniform 293.15;
    }
}


// ************************************************************************* //
