/*--------------------------------*- C++ -*----------------------------------*\
  =========                 |
  \\      /  F ield         | OpenFOAM: The Open Source CFD Toolbox
   \\    /   O peration     | Website:  https://openfoam.org
    \\  /    A nd           | Version:  6
     \\/     M anipulation  |
\*---------------------------------------------------------------------------*/
FoamFile
{
    version     2.0;
    format      ascii;
    class       volScalarField;
    location    "4.55";
    object      epsilon;
}
// * * * * * * * * * * * * * * * * * * * * * * * * * * * * * * * * * * * * * //

dimensions      [0 2 -3 0 0 0 0];

internalField   nonuniform List<scalar> 
4214
(
0.023045
0.0108511
0.00522496
0.00282566
0.00198519
0.00188278
0.0022133
0.0029663
0.00429865
0.00645163
0.00971926
0.0142249
0.0199998
0.0263103
0.0317324
0.0357259
0.0388034
0.0432811
0.0537184
0.0752239
0.110291
0.15432
0.19481
0.22363
0.240256
0.241503
0.233608
0.239937
0.287464
0.359681
0.38882
0.338071
0.239145
0.141878
0.0702665
0.029118
0.010904
0.00487883
0.00455286
0.00813529
0.0177607
0.0112825
0.00556736
0.00301816
0.00206129
0.00191927
0.00227202
0.00312702
0.00470225
0.00737049
0.0115875
0.0178008
0.025972
0.0358238
0.0454338
0.0522612
0.0556947
0.0563559
0.0564986
0.0599798
0.0719475
0.0959006
0.129602
0.166155
0.198821
0.21893
0.222624
0.21709
0.224065
0.264152
0.341885
0.397277
0.372857
0.282853
0.179487
0.0956933
0.0427463
0.0165023
0.00620248
0.00321974
0.00334151
0.00536925
0.00394801
0.00268191
0.00203534
0.00193941
0.00232824
0.00328854
0.00512697
0.00835724
0.0136806
0.0218339
0.0332999
0.0474317
0.0630459
0.0760478
0.0830588
0.0839066
0.0798005
0.0736889
0.069124
0.0702568
0.0809075
0.100633
0.125375
0.150733
0.1712
0.183249
0.191216
0.207289
0.246306
0.314271
0.388385
0.395876
0.324589
0.220476
0.126378
0.0609964
0.0250835
0.00933877
0.00378496
0.00242431
0.00268431
0.00248006
0.00204788
0.00197675
0.00238405
0.00343392
0.00552115
0.00931688
0.0157761
0.0260492
0.0410586
0.0608532
0.0833543
0.105528
0.120467
0.125347
0.12119
0.110254
0.0968666
0.0848845
0.0774182
0.0776436
0.0868497
0.102436
0.121132
0.13997
0.155903
0.170087
0.19056
0.228522
0.291632
0.36956
0.408394
0.362669
0.264339
0.162514
0.0846175
0.0374118
0.0145087
0.00546238
0.00258761
0.00202608
0.00202708
0.00200618
0.00242553
0.00355996
0.00585374
0.0101341
0.0176358
0.0299279
0.0484959
0.0738765
0.105005
0.137081
0.164354
0.177577
0.176652
0.164286
0.143777
0.121741
0.102482
0.0880485
0.0801581
0.0804659
0.0881196
0.100734
0.116537
0.133465
0.151028
0.173185
0.209585
0.269029
0.345018
0.403945
0.391601
0.308147
0.203057
0.113732
0.0541654
0.0223174
0.00843762
0.00343702
0.00200752
0.00202966
0.00246027
0.00360674
0.00598601
0.0105482
0.0187676
0.0326843
0.0545594
0.0857669
0.125257
0.1693
0.210128
0.238989
0.246167
0.236009
0.212915
0.18037
0.149988
0.123351
0.101616
0.0869797
0.0801372
0.0808328
0.0876366
0.0992936
0.114614
0.13297
0.156401
0.191533
0.246734
0.319979
0.386953
0.406143
0.347927
0.246376
0.148174
0.0759129
0.0334866
0.0131729
0.00509582
0.00242884
0.00246769
0.00355755
0.00588525
0.010441
0.0188528
0.0335152
0.0574393
0.093307
0.141494
0.198556
0.257348
0.303335
0.327458
0.325116
0.30325
0.268579
0.22245
0.180284
0.145112
0.117598
0.0971374
0.084357
0.0791242
0.0806175
0.0877849
0.0999792
0.116899
0.140073
0.174291
0.225849
0.294908
0.365299
0.403567
0.378239
0.289484
0.18697
0.102883
0.0486925
0.0202686
0.00788542
0.0033553
0.00342885
0.00555012
0.00978024
0.0177519
0.0320317
0.0561746
0.0941512
0.148563
0.217964
0.295511
0.367007
0.412976
0.426716
0.409098
0.373967
0.329328
0.273524
0.220994
0.172785
0.13569
0.109512
0.0920285
0.082098
0.0788841
0.0816755
0.0900704
0.104108
0.1254
0.157667
0.205804
0.270891
0.342134
0.392745
0.391137
0.328224
0.227827
0.134784
0.0683546
0.030362
0.0122482
0.00499228
0.00502998
0.0086412
0.0155723
0.0282955
0.0505514
0.0872001
0.143031
0.219978
0.313626
0.410566
0.489047
0.528078
0.522733
0.4837
0.432395
0.379365
0.326642
0.272412
0.210711
0.161544
0.126847
0.103644
0.0898508
0.0826041
0.0810143
0.0851298
0.0956123
0.113912
0.143312
0.187954
0.24931
0.319875
0.378206
0.394635
0.352596
0.266554
0.170353
0.0923952
0.0439735
0.0186782
0.00763788
0.00719737
0.0126515
0.0228939
0.0413876
0.0731939
0.124505
0.200663
0.302284
0.420304
0.532831
0.609664
0.629272
0.594884
0.529992
0.463167
0.406288
0.35884
0.31354
0.259492
0.197163
0.151715
0.121136
0.102337
0.0914858
0.0865012
0.0868334
0.0930158
0.10744
0.133347
0.17445
0.232308
0.30126
0.363677
0.392759
0.368443
0.295922
0.203422
0.120213
0.0611416
0.0276137
0.0116295
0.00950274
0.0168202
0.0304395
0.0548471
0.0964062
0.162515
0.258766
0.383646
0.521995
0.642435
0.70814
0.700029
0.632605
0.542166
0.46282
0.405557
0.365112
0.331459
0.293468
0.244288
0.184001
0.144663
0.120707
0.10565
0.0974102
0.0946633
0.0977183
0.108303
0.130511
0.168113
0.222721
0.289486
0.353081
0.389431
0.377893
0.317764
0.230997
0.145662
0.0804435
0.0392796
0.0172272
0.0112354
0.0199525
0.0362039
0.0653476
0.114874
0.193237
0.306244
0.45023
0.603991
0.726934
0.777051
0.739571
0.64262
0.531772
0.444257
0.388516
0.354985
0.332614
0.309784
0.278461
0.229304
0.173767
0.143166
0.124899
0.113744
0.108266
0.108789
0.11703
0.136421
0.171547
0.223728
0.288015
0.350234
0.388597
0.383715
0.332302
0.251621
0.166983
0.0980967
0.0514376
0.0244989
0.0117709
0.0209955
0.0383867
0.0698713
0.12381
0.209701
0.334136
0.492254
0.658352
0.783494
0.822509
0.762338
0.643826
0.517887
0.423713
0.369696
0.341935
0.329144
0.318858
0.301908
0.272227
0.216713
0.172567
0.150351
0.135396
0.127804
0.126757
0.133909
0.152245
0.186562
0.237536
0.299345
0.357831
0.393014
0.388084
0.339943
0.263715
0.181401
0.111921
0.0621615
0.0316049
0.0109941
0.0196921
0.0364329
0.0673156
0.121309
0.208971
0.338834
0.506166
0.684821
0.817248
0.857572
0.784964
0.652826
0.51403
0.410467
0.35628
0.33188
0.326776
0.327501
0.323128
0.30841
0.275238
0.214277
0.181243
0.162094
0.153915
0.153421
0.161748
0.181879
0.217758
0.268555
0.326739
0.377687
0.403353
0.390965
0.339855
0.265672
0.186428
0.11931
0.0692238
0.0372186
0.00937983
0.0167465
0.0313705
0.0589974
0.109046
0.192381
0.321713
0.492096
0.686452
0.831537
0.891306
0.817098
0.677414
0.526651
0.405762
0.348039
0.322515
0.322672
0.33333
0.342189
0.344035
0.328886
0.281875
0.227404
0.199625
0.188808
0.191928
0.205573
0.231659
0.271245
0.320973
0.371159
0.407742
0.415397
0.38826
0.328836
0.255658
0.180061
0.118424
0.0705671
0.0397963
0.00765094
0.0132978
0.025186
0.0476486
0.0915281
0.164131
0.289424
0.450918
0.667949
0.822678
0.924323
0.861165
0.716987
0.560439
0.407901
0.342094
0.309004
0.310032
0.329032
0.349938
0.372049
0.375642
0.360779
0.310446
0.271821
0.251103
0.252092
0.269886
0.302393
0.3443
0.388509
0.422402
0.435812
0.415949
0.371376
0.301224
0.232435
0.161064
0.10906
0.0648925
0.0384527
0.00641808
0.0101042
0.020051
0.0353141
0.0751801
0.127369
0.255285
0.380655
0.639717
0.778089
0.947693
0.918735
0.762286
0.625659
0.416706
0.341038
0.291039
0.285394
0.308684
0.332902
0.37728
0.39967
0.423938
0.421285
0.405924
0.390384
0.387751
0.400821
0.425497
0.451858
0.469027
0.464646
0.442177
0.386478
0.333163
0.251892
0.199046
0.12918
0.0939267
0.0516116
0.0337679
0.0159894
0.0198631
0.0206949
0.0190276
0.0157256
0.0118005
0.00832031
0.00565033
0.00379697
0.00263252
0.00198892
0.00172305
0.00177591
0.00227465
0.0038126
0.00992614
0.0407777
0.00946548
0.010679
0.0107963
0.00982075
0.00814251
0.00625641
0.00461219
0.00336866
0.00251426
0.00198654
0.00171313
0.0016462
0.00180551
0.00237574
0.004009
0.0101126
0.0401868
0.00434403
0.00526753
0.00546718
0.00508621
0.00436135
0.00353872
0.00281983
0.00227963
0.00191292
0.00169616
0.00160696
0.00164613
0.00187501
0.00251086
0.00425695
0.0108838
0.0396721
0.00286553
0.00310462
0.00313828
0.00296382
0.00265878
0.00231843
0.00202473
0.00180743
0.00166571
0.0015946
0.00159609
0.00169567
0.00197778
0.00268267
0.00456416
0.0117402
0.0400674
0.00220671
0.0022501
0.00222603
0.00213371
0.00199979
0.00185804
0.00174049
0.00165591
0.00160712
0.00159838
0.0016437
0.00178173
0.0021112
0.00289131
0.00493628
0.0129011
0.0414968
0.00206709
0.00201347
0.00195457
0.00188473
0.00180948
0.00173951
0.00168528
0.00164963
0.00163683
0.00165567
0.00172633
0.00189521
0.00227154
0.00313371
0.00537329
0.0143667
0.0442465
0.00219118
0.0020877
0.00199822
0.00191894
0.00184964
0.00179277
0.00174967
0.00172337
0.00171942
0.00174911
0.00183613
0.00203177
0.00245377
0.00340079
0.00585851
0.0160958
0.0483401
0.00222108
0.00213001
0.00204828
0.00197595
0.00191523
0.00186617
0.00183055
0.00181183
0.00181664
0.00185785
0.0019614
0.00218251
0.00264753
0.00367772
0.00636289
0.017874
0.0534911
0.00241793
0.00231349
0.00222047
0.00213935
0.00206882
0.00201061
0.00196773
0.00194477
0.00194915
0.00199433
0.00210733
0.00234633
0.00284552
0.00394814
0.00684427
0.0194683
0.0593501
0.00244757
0.00236083
0.0022834
0.00221545
0.00215783
0.00211223
0.00208137
0.00206946
0.00208372
0.00213814
0.00226143
0.00251523
0.00304079
0.00420052
0.00727026
0.0207713
0.066035
0.00269501
0.00260428
0.00251962
0.00244195
0.00237288
0.00231508
0.0022724
0.00225033
0.00225747
0.00230884
0.00243389
0.00269504
0.00323622
0.00443233
0.00762357
0.0218552
0.0740792
0.00273191
0.00266399
0.00259998
0.0025408
0.00248808
0.00244462
0.00241453
0.00240374
0.00242113
0.00248211
0.00261641
0.00288657
0.00343712
0.00464999
0.00791014
0.0227839
0.0839285
0.00299504
0.00290972
0.00283062
0.00275809
0.0026942
0.00264258
0.00260795
0.00259623
0.00261593
0.00268189
0.00282287
0.00309958
0.00365366
0.00486741
0.00815577
0.0235982
0.0956747
0.0030571
0.00300587
0.00295169
0.00289855
0.002851
0.00281389
0.00279236
0.00279251
0.00282325
0.00290001
0.00305165
0.00333751
0.00389508
0.00510288
0.00839766
0.0243353
0.109106
0.00333107
0.00324798
0.00317409
0.00311031
0.00305922
0.00302371
0.00300708
0.00301422
0.00305365
0.00314098
0.00330499
0.00360338
0.00416886
0.0053753
0.00868255
0.0250748
0.123752
0.00342223
0.00338192
0.00333495
0.00329156
0.00325769
0.00323696
0.00323302
0.00325157
0.00330253
0.00340297
0.00358261
0.00389883
0.00448183
0.00570588
0.00907449
0.0259488
0.138861
0.00370336
0.00362121
0.00355934
0.0035158
0.00348833
0.00347615
0.00348134
0.00350972
0.00357213
0.00368678
0.0038848
0.00422485
0.00483954
0.00611712
0.00964382
0.027095
0.153407
0.00382466
0.00379349
0.00376374
0.00374304
0.00373208
0.00373251
0.00374861
0.00378806
0.00386318
0.00399375
0.0042132
0.00458449
0.0052511
0.00663999
0.0104835
0.02867
0.166134
0.00410447
0.00404077
0.00401255
0.00400126
0.00400058
0.00401122
0.00403797
0.00408929
0.00417852
0.00432717
0.00457227
0.00498547
0.00573382
0.00731809
0.0116937
0.0307717
0.175534
0.00426883
0.00427164
0.0042731
0.00427844
0.00429031
0.00431279
0.00435187
0.00441688
0.00452253
0.00469292
0.00497105
0.00544374
0.00631931
0.00821478
0.0134003
0.0336121
0.18018
0.00454048
0.00454742
0.00456117
0.00457969
0.00460473
0.00464075
0.00469429
0.00477568
0.00490147
0.00509988
0.00542369
0.00598384
0.00705042
0.00939507
0.0156308
0.0376171
0.17936
0.00481417
0.00484287
0.0048727
0.00490666
0.00494731
0.00499949
0.00507054
0.00517221
0.00532405
0.00556089
0.00595058
0.00663854
0.00797333
0.0108962
0.0183553
0.0425332
0.174509
0.00511608
0.00516344
0.00521091
0.00526244
0.00532082
0.00539138
0.00548233
0.00560732
0.00578981
0.00607288
0.00654156
0.00737628
0.00899411
0.0124611
0.020912
0.0463971
0.170077
0.00544325
0.00551098
0.0055796
0.00565185
0.00573101
0.00582292
0.00593701
0.00608915
0.00630735
0.00664365
0.00720008
0.00818819
0.0100795
0.0140254
0.0232534
0.04953
0.166328
0.00579896
0.00589256
0.00598549
0.00608198
0.00618555
0.00630261
0.00644379
0.00662737
0.006886
0.00728024
0.00792704
0.0090631
0.0111997
0.0155407
0.0253409
0.0520067
0.16331
0.00618983
0.00631157
0.00643435
0.00656029
0.00669336
0.00684051
0.00701357
0.00723313
0.00753595
0.00798974
0.00872311
0.00999101
0.0123302
0.0169705
0.0271498
0.0539051
0.160931
0.0066197
0.00677804
0.00693573
0.00709707
0.00726568
0.00744896
0.00765955
0.00791985
0.00826972
0.00878206
0.00959357
0.0109709
0.0134652
0.0183165
0.0287307
0.0554315
0.159044
0.00709698
0.00729663
0.00749827
0.00770316
0.00791556
0.00814276
0.00839792
0.00870443
0.00910402
0.00967246
0.0105507
0.0120109
0.014609
0.0195813
0.030088
0.0565647
0.15743
0.00762757
0.00788081
0.0081348
0.00839318
0.00865926
0.00894033
0.0092491
0.00960896
0.0100619
0.0106842
0.0116171
0.0131324
0.0157827
0.0207902
0.0312644
0.0573995
0.155855
0.00829605
0.00858899
0.00888634
0.0091929
0.00951632
0.00986447
0.0102391
0.0106626
0.0111756
0.0118521
0.0128301
0.014375
0.0170276
0.0219853
0.0322967
0.0579316
0.154075
0.00902634
0.00940297
0.00978056
0.0101617
0.0105491
0.0109527
0.0114014
0.011904
0.012489
0.013226
0.0142454
0.0158004
0.01841
0.023232
0.0332327
0.0581423
0.151832
0.00982835
0.010302
0.0107814
0.0112663
0.0117594
0.0122654
0.0127937
0.0133832
0.0140612
0.0148748
0.0159432
0.0175009
0.0200337
0.0246399
0.034169
0.0580613
0.14888
0.0107269
0.0113213
0.011926
0.0125411
0.0131677
0.0138092
0.0144731
0.0151737
0.0159692
0.0168909
0.0180344
0.019609
0.0220555
0.0263873
0.0352852
0.0577996
0.145007
0.0117334
0.0124779
0.0132415
0.0140227
0.0148213
0.0156393
0.016483
0.0173663
0.0183122
0.0193959
0.0206688
0.0223111
0.0247068
0.0287559
0.0368992
0.0576215
0.140068
0.0128642
0.0137948
0.0147579
0.0157508
0.0167721
0.0178225
0.018906
0.0200326
0.0212226
0.0225462
0.0240445
0.025861
0.0283173
0.0321733
0.0395402
0.0580506
0.134021
0.01413
0.0152926
0.0165073
0.0177706
0.0190802
0.0204359
0.0218411
0.0233065
0.024856
0.0265412
0.0284182
0.0305972
0.0333427
0.0372634
0.0440514
0.0600624
0.126948
0.0155448
0.0169946
0.0185258
0.0201344
0.0218174
0.0235745
0.0254109
0.0273412
0.0293965
0.031636
0.0341226
0.0369665
0.0404043
0.0449167
0.0517307
0.0653814
0.119046
0.0171171
0.018923
0.0208529
0.0229027
0.0250698
0.0273553
0.0297691
0.0323361
0.035105
0.0381676
0.0416017
0.0455724
0.0503564
0.0564046
0.0645568
0.0770112
0.110584
0.0188534
0.0210982
0.0235288
0.0261424
0.028938
0.0319207
0.0351103
0.0385515
0.0423283
0.0465953
0.0514729
0.057267
0.064421
0.0735758
0.0855569
0.100242
0.101851
0.0207512
0.0235338
0.0265907
0.0299232
0.033535
0.0374401
0.0416769
0.0463285
0.0515447
0.0575691
0.0646376
0.0733251
0.0844565
0.0992723
0.119485
0.144657
0.0931349
0.00668844
0.00678155
0.00692255
0.00712752
0.00739852
0.00772772
0.00810882
0.00853946
0.00902466
0.00957094
0.010187
0.0108798
0.0116552
0.0125171
0.0134667
0.0145046
0.0156311
0.0168479
0.0181592
0.0195729
0.0216599
0.0240049
0.0257135
0.0273285
0.0288412
0.0302498
0.0315492
0.032717
0.0337144
0.0344912
0.0349936
0.0351725
0.0349911
0.0344313
0.0334974
0.032215
0.0306297
0.0287972
0.0267827
0.0246674
0.0225862
0.00731117
0.00738975
0.00753691
0.00776717
0.00807525
0.00844688
0.00887249
0.0093505
0.00988795
0.0104936
0.011178
0.0119487
0.0128127
0.0137736
0.0148341
0.0159967
0.017265
0.018645
0.020144
0.0217733
0.0241305
0.0267777
0.0288111
0.0307811
0.0326605
0.0344338
0.0360846
0.0375832
0.0388815
0.0399171
0.0406218
0.0409313
0.0407959
0.0401897
0.039116
0.0376078
0.0357232
0.0335339
0.0311121
0.0285297
0.0259068
0.00809732
0.00816194
0.00832569
0.00859476
0.00895077
0.00937118
0.0098444
0.0103722
0.0109646
0.0116339
0.0123915
0.0132465
0.0142057
0.0152743
0.0164564
0.0177579
0.0191865
0.0207526
0.022467
0.0243442
0.0270033
0.0299852
0.0323919
0.0347768
0.0370966
0.0393169
0.041405
0.0433169
0.0449903
0.0463464
0.0472978
0.0477612
0.047671
0.0469918
0.0457266
0.0439193
0.0416479
0.03901
0.0360981
0.0329764
0.0297086
0.00909353
0.00915455
0.00935576
0.00968259
0.0100971
0.0105689
0.011089
0.0116656
0.0123139
0.0130493
0.0138845
0.0148291
0.015891
0.0170767
0.0183937
0.0198517
0.0214633
0.0232429
0.0252053
0.0273685
0.0303661
0.0337215
0.0365551
0.0394201
0.0422599
0.0450192
0.0476427
0.0500645
0.0522005
0.0539482
0.0551952
0.0558338
0.0557786
0.0549838
0.053454
0.0512487
0.0484739
0.0452643
0.0417509
0.0380104
0.0340227
0.0103621
0.0104504
0.0107249
0.011131
0.0116081
0.0121258
0.0126855
0.013306
0.0140086
0.0148113
0.0157273
0.0167672
0.0179399
0.0192552
0.0207242
0.0223615
0.0241839
0.02621
0.0284589
0.0309526
0.0343315
0.0381067
0.0414282
0.0448449
0.04829
0.0516875
0.0549545
0.0579947
0.0606919
0.0629102
0.0645034
0.0653326
0.0652889
0.0643157
0.0624229
0.0596926
0.0562689
0.0523343
0.0480747
0.0436112
0.038858
0.0119936
0.0121761
0.0125731
0.013071
0.0135986
0.0141434
0.014728
0.0153841
0.016138
0.0170085
0.0180094
0.0191519
0.0204475
0.0219095
0.0235538
0.025399
0.0274664
0.0297787
0.0323595
0.035236
0.0390467
0.0432965
0.0471761
0.0512238
0.0553657
0.0595058
0.0635303
0.0673041
0.0706677
0.0734391
0.0754267
0.0764518
0.0763778
0.0751386
0.0727559
0.0693455
0.0651013
0.0602652
0.0550884
0.049764
0.0442096
0.0141354
0.014527
0.0150883
0.0156586
0.016198
0.0167381
0.017329
0.0180124
0.0188158
0.0197573
0.0208504
0.0221082
0.0235451
0.0251784
0.0270282
0.0291172
0.031471
0.0341168
0.0370836
0.0404043
0.044706
0.0494954
0.054014
0.058781
0.0637174
0.068708
0.0736055
0.0782287
0.0823626
0.085765
0.0881852
0.0893949
0.089226
0.0876058
0.084578
0.0803062
0.0750496
0.0691225
0.0628474
0.0564983
0.0500863
0.0170473
0.0177919
0.0185
0.0190666
0.0195538
0.0200541
0.0206373
0.0213453
0.022202
0.0232233
0.0244232
0.0258169
0.027422
0.0292592
0.0313526
0.0337292
0.036419
0.0394549
0.0428717
0.0467084
0.0515706
0.0569757
0.0622252
0.0678095
0.0736439
0.0795937
0.0854756
0.0910554
0.0960513
0.100147
0.103018
0.104377
0.104022
0.101879
0.0980274
0.0926953
0.0862246
0.0790149
0.0714656
0.063924
0.056554
0.0211944
0.0223668
0.0230758
0.0235073
0.0238762
0.0243138
0.0248858
0.0256234
0.026544
0.0276616
0.0289909
0.0305492
0.032357
0.0344384
0.0368213
0.0395377
0.0426228
0.0461159
0.0500584
0.054495
0.0599974
0.0661052
0.0721876
0.0786948
0.0855335
0.0925473
0.0995129
0.106137
0.11206
0.116881
0.12019
0.121632
0.120972
0.118144
0.113277
0.106683
0.098803
0.0901311
0.0811497
0.0722637
0.0637922
0.0273573
0.0287489
0.0291703
0.0293333
0.029543
0.0299093
0.0304708
0.0312443
0.0322413
0.0334745
0.0349597
0.0367159
0.0387663
0.0411386
0.043865
0.0469828
0.0505336
0.0545629
0.0591185
0.0642506
0.0704835
0.0773896
0.0844127
0.0919497
0.0998938
0.108062
0.116186
0.123907
0.130781
0.136312
0.140002
0.141425
0.140319
0.136635
0.130571
0.122534
0.113076
0.102794
0.0922467
0.0819021
0.0721275
0.0366373
0.0375373
0.0373723
0.0371965
0.0372269
0.0375063
0.0380451
0.0388496
0.0399279
0.0412917
0.0429573
0.0449454
0.047282
0.0499981
0.0531308
0.0567224
0.0608204
0.0654764
0.070743
0.076674
0.0837344
0.0915366
0.0996042
0.108266
0.117396
0.126776
0.136087
0.1449
0.152685
0.15885
0.162809
0.164077
0.162371
0.157678
0.150272
0.140665
0.129515
0.117535
0.105308
0.0935139
0.0825175
0.0501831
0.0496058
0.0487546
0.048215
0.0480211
0.0481654
0.048643
0.0494544
0.0506053
0.0521057
0.0539716
0.0562251
0.0588942
0.0620132
0.0656226
0.0697692
0.0745046
0.079884
0.0859629
0.0927953
0.100773
0.109557
0.118748
0.128593
0.138936
0.14952
0.15997
0.169784
0.17835
0.184991
0.18905
0.189999
0.187557
0.181752
0.172937
0.161736
0.148871
0.135166
0.121447
0.108185
0.0957704
0.06879
0.0667038
0.0652004
0.0642061
0.0636801
0.0635978
0.0639451
0.0647164
0.0659137
0.0675443
0.0696226
0.0721705
0.075217
0.0787975
0.0829547
0.0877365
0.0931955
0.0993865
0.106363
0.114173
0.123122
0.132926
0.143251
0.154253
0.165735
0.177397
0.188805
0.199396
0.20849
0.215354
0.21929
0.219755
0.216494
0.209584
0.199417
0.186744
0.172426
0.157271
0.142027
0.127287
0.113467
0.0951504
0.0922137
0.0898244
0.0881867
0.0871594
0.0867177
0.0868313
0.0874855
0.0886769
0.0904088
0.0926918
0.0955452
0.0989956
0.103077
0.107829
0.113296
0.119526
0.126565
0.134459
0.143239
0.153113
0.163849
0.175173
0.187128
0.199482
0.211886
0.223865
0.234813
0.244023
0.250743
0.254288
0.254142
0.250078
0.24227
0.231174
0.217492
0.202059
0.185726
0.169256
0.153264
0.138181
0.135219
0.131197
0.127938
0.125441
0.123705
0.122747
0.122492
0.122918
0.124013
0.125775
0.128207
0.131322
0.135138
0.139683
0.144984
0.151075
0.157989
0.165756
0.174397
0.18392
0.194426
0.205728
0.217595
0.229963
0.242564
0.255024
0.266851
0.277449
0.286147
0.292241
0.295104
0.294342
0.289804
0.281628
0.270241
0.256292
0.240554
0.223821
0.20682
0.190156
0.17425
0.198066
0.19306
0.188881
0.185591
0.18317
0.181595
0.180847
0.180917
0.181779
0.183416
0.185822
0.188997
0.192945
0.197675
0.203197
0.209519
0.216648
0.224584
0.233317
0.242816
0.253087
0.263975
0.275278
0.286856
0.298436
0.309665
0.320103
0.329214
0.336462
0.341316
0.343317
0.342155
0.337719
0.330122
0.319695
0.306943
0.292473
0.276923
0.260901
0.24494
0.229383
0.299945
0.295199
0.291042
0.287664
0.285071
0.283257
0.282211
0.281922
0.282373
0.28355
0.285438
0.288023
0.291289
0.295222
0.299805
0.305018
0.310836
0.31723
0.324155
0.331558
0.339392
0.347534
0.355825
0.364125
0.372229
0.379892
0.386829
0.392732
0.397281
0.400176
0.401167
0.400085
0.396866
0.391565
0.384351
0.375485
0.365298
0.35415
0.342406
0.330403
0.318268
0.0491766
0.0243541
0.00601055
0.00307113
0.00220275
0.00203429
0.00226206
0.00284395
0.00377214
0.0049581
0.00614856
0.00697598
0.00715051
0.00666065
0.00578863
0.00489944
0.00417967
0.054687
0.0253331
0.00612677
0.00313404
0.00225359
0.00204798
0.00217015
0.00252581
0.00307085
0.0037269
0.00434433
0.00473701
0.00477869
0.00449487
0.00405236
0.00364511
0.00339239
0.0579173
0.0256205
0.00622471
0.00319905
0.00230963
0.00207323
0.00212297
0.00233989
0.00266539
0.00303698
0.00336685
0.00356299
0.00357629
0.00343836
0.00324814
0.00311504
0.00312272
0.0604392
0.0250424
0.00630026
0.00327476
0.00237435
0.00211101
0.00210968
0.00223917
0.00243768
0.00265699
0.0028459
0.00295988
0.00298296
0.00294064
0.00288713
0.00287245
0.00291136
0.0620779
0.0239129
0.00636924
0.00336469
0.00245081
0.00216298
0.00212429
0.00219793
0.00232301
0.00246156
0.00258305
0.00266621
0.00270731
0.00272307
0.00274121
0.0027837
0.00285537
0.0632942
0.0226565
0.00645452
0.00347591
0.0025425
0.00223016
0.00216224
0.00219899
0.00228109
0.00237696
0.00246668
0.0025394
0.00259471
0.00264191
0.00269416
0.00276098
0.00284541
0.0646652
0.0215226
0.00656368
0.00361252
0.00265331
0.00231411
0.00222109
0.00223205
0.00228811
0.0023612
0.00243647
0.00250727
0.0025737
0.00264093
0.00271588
0.00280384
0.00290689
0.0668212
0.0206196
0.00668862
0.00377093
0.00278411
0.00241631
0.00229932
0.00229078
0.00233008
0.00239041
0.00245886
0.00252987
0.00260255
0.00267859
0.00275997
0.00284683
0.00293636
0.0702573
0.0199879
0.00681027
0.00393411
0.0029286
0.00253557
0.00239465
0.00236909
0.00239538
0.00244622
0.00250873
0.00257689
0.00264824
0.00272199
0.00279754
0.00287376
0.00294917
0.0753535
0.0196611
0.00692022
0.00408557
0.00307766
0.00266992
0.00251087
0.00246716
0.00248275
0.00252704
0.00258645
0.00265462
0.00272874
0.00280781
0.00289176
0.0029808
0.00307496
0.0823795
0.0196451
0.00703246
0.00422315
0.00322531
0.00281809
0.00265045
0.00259329
0.00259326
0.00262707
0.00268046
0.00274492
0.00281527
0.00288881
0.00296368
0.00303846
0.00311173
0.0914678
0.01992
0.00717128
0.00436247
0.00337422
0.00297131
0.00280391
0.00274351
0.00273676
0.00275946
0.00279956
0.00285019
0.00290699
0.0029662
0.00302507
0.00308156
0.0031346
0.102554
0.0204545
0.00735709
0.00452704
0.00354046
0.00313114
0.00295308
0.00288203
0.00286622
0.0028816
0.00291595
0.00296248
0.00301718
0.00307739
0.00314127
0.00320755
0.00327553
0.115331
0.0212244
0.00760825
0.00473518
0.00374086
0.00331687
0.00312133
0.00303395
0.00300384
0.00300647
0.00302886
0.00306371
0.00310676
0.00315531
0.00320745
0.00326183
0.00331838
0.129193
0.0222134
0.0079525
0.00500146
0.00398226
0.00353248
0.00331222
0.00320384
0.0031566
0.00314497
0.00315483
0.00317802
0.00320971
0.00324688
0.00328698
0.00332666
0.00336046
0.143259
0.0234091
0.00843031
0.00534201
0.00427017
0.00378037
0.00352742
0.00339295
0.00332515
0.00329706
0.00329329
0.00330476
0.00332628
0.00335535
0.00339137
0.00343466
0.00348511
0.156587
0.0248617
0.00909767
0.0057766
0.00461055
0.00406298
0.0037686
0.00360267
0.00351042
0.00346284
0.003443
0.00344047
0.00344884
0.00346447
0.00348608
0.00351456
0.00355287
0.168004
0.026742
0.0100308
0.00633269
0.00501255
0.00438406
0.00403785
0.00383464
0.00371381
0.00364361
0.00360535
0.00358737
0.00358216
0.00358491
0.00359272
0.00360385
0.00361462
0.17623
0.0292744
0.0113304
0.00705139
0.00549237
0.00475045
0.00433833
0.00409064
0.00393665
0.00384034
0.0037809
0.00374538
0.00372539
0.00371555
0.0037129
0.00371755
0.00373426
0.180118
0.032714
0.0131033
0.00798584
0.00607527
0.00517329
0.004675
0.00437299
0.00418023
0.00405394
0.00397031
0.00391474
0.00387784
0.00385338
0.00383731
0.00382802
0.00382973
0.178581
0.0371849
0.0154047
0.00918455
0.00679151
0.00566806
0.00505537
0.00468527
0.00444631
0.00428544
0.00417431
0.0040961
0.00404015
0.00399937
0.00396896
0.00394561
0.00392445
0.173083
0.0424862
0.0182437
0.0107009
0.00768512
0.00626153
0.00549396
0.00503508
0.00473894
0.00453712
0.00439428
0.00429033
0.00421285
0.00415376
0.00410756
0.0040706
0.00403991
0.168364
0.0464765
0.0208675
0.0122565
0.00865085
0.00691177
0.0059711
0.00541097
0.00505025
0.0048032
0.004626
0.00449438
0.00439381
0.004315
0.00425173
0.00419978
0.00415584
0.164562
0.0494936
0.0231644
0.013748
0.0096326
0.00759321
0.006476
0.00580828
0.00537776
0.00508187
0.00486782
0.00470672
0.0045816
0.00448181
0.00440035
0.0043324
0.00427439
0.161644
0.051845
0.0251235
0.0151214
0.0105892
0.00828224
0.00699719
0.00622202
0.00571945
0.0053722
0.00511916
0.0049268
0.00477561
0.00465354
0.0045527
0.00446779
0.00439477
0.159494
0.0536459
0.0267669
0.0163561
0.0114962
0.0089625
0.00752568
0.00664795
0.0060736
0.00567365
0.00537986
0.00515449
0.00497564
0.00482984
0.00470836
0.00460527
0.00451617
0.157915
0.0550488
0.02814
0.0174492
0.0123425
0.0096249
0.00805653
0.0070843
0.00644028
0.00598704
0.00565087
0.00539062
0.00518228
0.00501107
0.00486745
0.00474493
0.00463884
0.156648
0.0561027
0.029269
0.0184093
0.0131291
0.0102695
0.00859067
0.007533
0.00682215
0.00631541
0.00593529
0.00563812
0.00539808
0.00519921
0.00503142
0.00488797
0.00476387
0.155393
0.0568066
0.0301666
0.019247
0.0138644
0.0109033
0.00913511
0.00800041
0.00723027
0.00667491
0.0062521
0.00591526
0.00563719
0.00540437
0.00520814
0.00504116
0.00489701
0.15384
0.0571328
0.0308419
0.0199784
0.0145647
0.0115417
0.00972571
0.00855253
0.00773495
0.00713015
0.00666015
0.00628072
0.00596587
0.0056971
0.00546251
0.00525463
0.00507214
0.151686
0.0570533
0.0313148
0.0206347
0.0152598
0.012248
0.0103878
0.00914698
0.00826052
0.00758949
0.00705769
0.00662177
0.00625596
0.00594411
0.00567531
0.00544204
0.00523536
0.14865
0.0565582
0.031634
0.0212727
0.0160223
0.0130163
0.0111144
0.00980682
0.00884416
0.00809618
0.00749134
0.00698861
0.00656322
0.00619928
0.00588573
0.00561433
0.00537843
0.144489
0.0556981
0.0319086
0.0219951
0.0169136
0.0139216
0.0119645
0.0105715
0.00951293
0.00866916
0.00797449
0.00739071
0.00689418
0.00646907
0.00610384
0.00578917
0.00551759
0.139039
0.0546556
0.0323548
0.0229778
0.0180554
0.0150496
0.0130002
0.0114843
0.0102961
0.00932808
0.00852022
0.00783673
0.0072545
0.00675722
0.00633221
0.00596888
0.00565784
0.132257
0.0538573
0.0333699
0.0245107
0.0196445
0.0165268
0.0143031
0.0125981
0.0112283
0.0100955
0.00914315
0.00833605
0.00765018
0.00706756
0.00657341
0.00615497
0.00580063
0.124258
0.0541581
0.0356324
0.0270449
0.021954
0.0185211
0.0159769
0.013978
0.0123506
0.0109977
0.00986012
0.00889941
0.00808802
0.00740444
0.00683036
0.00634942
0.00594706
0.115322
0.0571167
0.0402253
0.031245
0.0253565
0.0212492
0.0181511
0.0157029
0.0137124
0.0120657
0.0106908
0.0095393
0.00857594
0.00777289
0.00710631
0.0065549
0.00609936
0.105855
0.065475
0.0488235
0.0380649
0.0303637
0.0250008
0.0209925
0.0178713
0.0153734
0.0133371
0.0116592
0.010271
0.00912377
0.00817931
0.00740555
0.00677427
0.0062601
0.0963172
0.0840997
0.0640277
0.0489302
0.0378737
0.0302379
0.0247419
0.020617
0.0174125
0.0148599
0.0127951
0.0111134
0.0097432
0.00863097
0.00773277
0.00701045
0.00643091
0.0871353
0.12204
0.0901559
0.0663057
0.0496088
0.0376908
0.0297868
0.0241623
0.0199599
0.0167118
0.0141458
0.0120956
0.0104527
0.00913967
0.00809562
0.0072691
0.00661626
0.00659208
0.020104
0.0760641
0.266534
0.680044
0.999218
0.742093
0.351558
0.25182
0.286232
0.371759
0.468882
0.536689
0.547756
0.517275
0.431885
0.305192
0.17716
0.0818778
0.0290403
0.0062028
0.0163865
0.0586255
0.222167
0.645079
1.06538
0.816849
0.354081
0.220298
0.235899
0.303947
0.407829
0.510267
0.504719
0.449001
0.35175
0.235801
0.132078
0.0602325
0.0219455
0.00634438
0.0146908
0.0451862
0.176485
0.591705
1.12799
0.922783
0.373607
0.197503
0.190686
0.228734
0.301118
0.382397
0.377387
0.327891
0.247417
0.160102
0.0876848
0.0401508
0.0154752
0.00691522
0.0149147
0.0370499
0.133928
0.516144
1.17392
1.06397
0.417463
0.189587
0.163311
0.173088
0.205262
0.247671
0.237443
0.199719
0.146627
0.093614
0.0516482
0.0247581
0.010712
0.00785044
0.0167202
0.0345253
0.0996801
0.421955
1.18437
1.2341
0.491048
0.199131
0.156927
0.148903
0.14936
0.151777
0.129741
0.105059
0.076609
0.0499089
0.0291852
0.0157271
0.00819944
0.00917972
0.0197733
0.0368519
0.0777672
0.3181
1.13613
1.44718
0.602306
0.226966
0.169277
0.152777
0.136644
0.118738
0.0836918
0.0620563
0.0446748
0.0305561
0.0199515
0.0126701
0.00786638
0.0111617
0.0239232
0.0427667
0.0696307
0.220898
1.01092
1.7155
0.758625
0.274551
0.196859
0.174487
0.150748
0.124878
0.0874937
0.0579656
0.0406168
0.0287434
0.0203072
0.0141817
0.00939605
0.0138151
0.0296442
0.0510196
0.0731945
0.149495
0.806653
1.99577
0.969344
0.345955
0.239648
0.209555
0.180954
0.149601
0.115103
0.0766239
0.0532159
0.0380052
0.0273261
0.0194202
0.0127689
0.017296
0.036889
0.0617359
0.0840754
0.116527
0.569975
2.08774
1.27556
0.453321
0.302052
0.261912
0.223
0.185734
0.148309
0.110529
0.077613
0.0561922
0.0407183
0.0290307
0.0187102
0.0219085
0.0461796
0.0753545
0.0984898
0.119971
0.42379
1.75539
1.4967
0.686836
0.397171
0.338779
0.287997
0.237301
0.192658
0.151372
0.114841
0.0849505
0.0628417
0.0455382
0.029193
0.0281206
0.0583797
0.0931066
0.116104
0.129441
0.333147
1.36665
1.3793
1.03092
0.609013
0.453282
0.387252
0.321623
0.259686
0.208001
0.164498
0.128394
0.0982917
0.0735155
0.0482501
0.036701
0.074961
0.11657
0.139155
0.142162
0.270105
1.0384
1.21497
1.07529
0.855532
0.643639
0.533041
0.455025
0.374787
0.302098
0.24138
0.192324
0.152833
0.119531
0.0828551
0.0489958
0.0985925
0.149479
0.170784
0.159237
0.232708
0.762309
1.03923
1.02492
0.9166
0.814308
0.710874
0.629813
0.548354
0.460312
0.374931
0.300325
0.240427
0.193995
0.143644
0.0674959
0.13387
0.198317
0.212754
0.18139
0.217877
0.579768
0.871911
0.933428
0.906956
0.87116
0.849879
0.801738
0.736091
0.658475
0.571565
0.478814
0.389612
0.320561
0.248001
0.0968588
0.19024
0.268682
0.260474
0.20766
0.223697
0.480478
0.746311
0.854866
0.871547
0.882358
0.896981
0.904709
0.878377
0.827103
0.762949
0.687631
0.601422
0.529091
0.423843
0.146584
0.282219
0.353078
0.299774
0.242826
0.251859
0.456672
0.68371
0.807733
0.855173
0.884823
0.914606
0.935667
0.935418
0.911014
0.873062
0.829148
0.782576
0.767557
0.680815
0.23864
0.414544
0.419155
0.332422
0.304003
0.342933
0.48501
0.72333
0.828605
0.87147
0.910193
0.939074
0.947504
0.941055
0.917184
0.884334
0.855493
0.844403
0.895723
0.902877
0.38767
0.545259
0.448162
0.39294
0.413363
0.491521
0.619334
0.815862
0.920994
0.960098
0.988716
0.996242
0.97624
0.933935
0.879291
0.829515
0.795651
0.79332
0.869034
0.983028
0.543159
0.589832
0.509064
0.523327
0.58152
0.680868
0.814484
0.973203
1.09025
1.14167
1.14743
1.11394
1.05024
0.96645
0.874945
0.788684
0.726711
0.708346
0.752959
0.894291
0.390067
0.572233
0.709436
0.839951
0.972338
1.11773
1.29547
1.46962
1.60355
1.66888
1.63121
1.55299
1.44644
1.3228
1.19453
1.0713
0.963793
0.8913
0.844125
0.752466
0.797996
1.05129
1.16493
1.0898
0.71006
0.362146
0.180311
0.0887435
0.0439294
0.0230023
0.0138595
0.00942743
0.00699773
0.00553821
0.00469675
0.00440671
0.00469352
0.0055245
0.00671845
0.0079603
0.68286
1.07779
1.25173
0.974541
0.510051
0.243384
0.117145
0.0570366
0.0285251
0.0151408
0.00891033
0.00600565
0.00454621
0.00373094
0.00323455
0.00293052
0.00276422
0.00269137
0.00265306
0.00258284
0.460485
1.12276
1.30301
0.747666
0.331703
0.151214
0.0706239
0.0340334
0.0173989
0.00982133
0.00630542
0.00459811
0.00370488
0.00318976
0.00285912
0.00262717
0.00245476
0.00232203
0.00221745
0.0021351
0.333492
1.33179
0.978558
0.428581
0.179795
0.0805503
0.0378116
0.0189091
0.0104625
0.00663118
0.00482642
0.00391303
0.00340095
0.00307959
0.00285719
0.00269215
0.0025642
0.00246262
0.00238081
0.00231519
0.248176
1.08305
0.540972
0.207259
0.0880373
0.0402062
0.0197719
0.0108119
0.00682365
0.00499246
0.0040945
0.00360571
0.0033047
0.00309772
0.00294375
0.00282357
0.00272728
0.0026492
0.00258546
0.00253355
0.157998
0.674729
0.259701
0.0980217
0.0426919
0.0205549
0.0111139
0.00699002
0.00514261
0.0042664
0.00380627
0.00353066
0.00334369
0.00320493
0.0030963
0.00300885
0.00293754
0.00287915
0.00283104
0.0027909
0.0899668
0.352341
0.114215
0.0461123
0.0217474
0.0116553
0.0072638
0.00533358
0.00445304
0.00401205
0.00375896
0.00359266
0.00347176
0.00337828
0.00330358
0.00324293
0.00319336
0.00315268
0.00311859
0.00308809
0.0461156
0.15157
0.0506673
0.0237077
0.0127451
0.00781295
0.00563432
0.00467825
0.00423088
0.00399184
0.00384406
0.00374192
0.00366628
0.00360807
0.00356235
0.00352604
0.00349695
0.00347304
0.00345135
0.00342722
0.0242401
0.0535078
0.0249856
0.0146505
0.00893126
0.00617098
0.00498519
0.00447444
0.00423001
0.00409468
0.00401081
0.00395535
0.00391755
0.00389155
0.00387372
0.00386153
0.00385285
0.00384494
0.00383331
0.00381137
0.0166113
0.0237211
0.0167216
0.0111217
0.00720013
0.00545237
0.00476634
0.00447986
0.00434434
0.00427471
0.0042398
0.00422539
0.00422386
0.00423035
0.00424142
0.00425431
0.0042662
0.00427308
0.00426907
0.00424607
0.0148189
0.0189142
0.014178
0.00929464
0.00624895
0.00514842
0.00475146
0.00459361
0.00453034
0.00451377
0.00452412
0.0045506
0.00458665
0.00462746
0.00466915
0.00470826
0.00474096
0.00476227
0.00476579
0.00474306
0.0141649
0.0184563
0.0124889
0.00792191
0.00569887
0.0050726
0.00484627
0.00477477
0.00477174
0.0048062
0.00486273
0.00493215
0.00500816
0.00508557
0.00515989
0.00522704
0.00528272
0.00532183
0.00533832
0.00532594
0.0135434
0.0185374
0.0108466
0.00691718
0.00545885
0.0051323
0.00501255
0.00501003
0.00506183
0.00514743
0.00525269
0.00536876
0.00548893
0.00560754
0.00571968
0.00582108
0.00590742
0.0059735
0.00601328
0.00602158
0.0130389
0.0186698
0.0093481
0.00638139
0.0054436
0.00527354
0.00522658
0.00528643
0.00539516
0.00553608
0.00569507
0.00586332
0.00603382
0.00620084
0.00635948
0.00650548
0.00663455
0.00674123
0.00681872
0.00686047
0.0127268
0.0188537
0.00815446
0.00617331
0.00553588
0.00545471
0.00547688
0.00560162
0.00577178
0.00597316
0.00619193
0.00641944
0.00664889
0.00687501
0.00709346
0.0073003
0.00749125
0.00766061
0.00780098
0.00790437
0.0126031
0.0191631
0.00735839
0.00615242
0.00566324
0.00566904
0.0057626
0.00595537
0.00619237
0.00645995
0.00674541
0.00704119
0.00734143
0.00764202
0.00793973
0.0082317
0.008514
0.00878134
0.00902689
0.00924326
0.0126626
0.0197341
0.00696067
0.00619596
0.00582336
0.00591477
0.00608768
0.00635323
0.00666381
0.00700428
0.00736235
0.00773505
0.00812044
0.00851663
0.00891772
0.00932464
0.00973143
0.0101317
0.010518
0.0108816
0.0129084
0.0197082
0.0068679
0.00629933
0.00603056
0.00620248
0.00646862
0.00682564
0.00724717
0.00772954
0.00822998
0.00873371
0.00923817
0.00974402
0.0102566
0.0107738
0.0112979
0.0118289
0.0123655
0.012907
0.0133463
0.0191281
0.00702213
0.00643432
0.00629347
0.00656085
0.00695554
0.0074511
0.00799277
0.00854261
0.00912423
0.0097399
0.0103881
0.0110692
0.0117831
0.0125261
0.0132899
0.0140612
0.0148236
0.0155608
0.0115688
0.0199643
0.00733495
0.00654931
0.0065947
0.00696768
0.00746172
0.00801472
0.00861497
0.00927244
0.00998461
0.0107514
0.0115744
0.0124548
0.0133914
0.0143786
0.0154067
0.0164637
0.0175378
0.0186182
0.0426451
0.035827
0.0283701
0.0228202
0.0189087
0.0160815
0.0140589
0.0126007
0.0115892
0.0109958
0.0108018
0.0109419
0.0109282
0.0104623
0.0100755
0.00993579
0.010015
0.0103693
0.0109464
0.010213
0.057837
0.0544855
0.0480118
0.0414938
0.0358058
0.0310045
0.0271625
0.0241655
0.022123
0.0212987
0.0219426
0.0241742
0.0243455
0.0222708
0.0202887
0.0193015
0.018889
0.019336
0.0199628
0.0203697
0.0150085
0.0164519
0.0167695
0.0160176
0.0147281
0.0133702
0.0121085
0.0111562
0.0106822
0.0106962
0.0110238
0.0112102
0.0107775
0.00993523
0.00923775
0.00886882
0.00863449
0.00842085
0.00802489
0.00764863
0.00809139
0.00882132
0.00924282
0.00928551
0.00902644
0.00860874
0.00815553
0.00781951
0.00768885
0.00774612
0.00787832
0.0078925
0.00773343
0.00740169
0.00712995
0.00701459
0.00694968
0.0068873
0.00676966
0.00665681
0.00621529
0.0066244
0.00692493
0.0070628
0.00704112
0.00690768
0.00674066
0.00664031
0.00664849
0.00676232
0.0069723
0.00703889
0.00701777
0.00691982
0.00684895
0.0068537
0.00687212
0.00686842
0.00681511
0.0067596
0.00552779
0.00580193
0.00603406
0.00619323
0.00626533
0.00626377
0.00623688
0.00625565
0.00633989
0.00650166
0.0068317
0.00696844
0.00703269
0.00706083
0.00709776
0.00716196
0.00721673
0.00723368
0.00720249
0.00712932
0.00524082
0.00545969
0.00566356
0.00583642
0.00596409
0.0060468
0.0061137
0.00621136
0.00635176
0.00655907
0.00702944
0.00723421
0.00736348
0.00747232
0.00757865
0.00768413
0.0077608
0.00778421
0.00774235
0.00763431
0.00512301
0.00532195
0.00552019
0.00571114
0.00588347
0.00603272
0.00617559
0.00633943
0.00653337
0.00678682
0.00741302
0.0076821
0.00787073
0.00804473
0.00820823
0.00835129
0.00844643
0.00846787
0.00840045
0.0082416
0.00508834
0.00528457
0.00548948
0.00570307
0.00591706
0.0061261
0.00633795
0.00656659
0.00681709
0.00712413
0.00792012
0.00825651
0.00850716
0.00874539
0.008966
0.00914841
0.00926044
0.00927242
0.00916573
0.00893752
0.00510003
0.00530227
0.00552099
0.00576094
0.00601672
0.00628349
0.0065629
0.00685795
0.007175
0.00754447
0.00852586
0.00893886
0.00926013
0.0095693
0.00985234
0.0100774
0.0102043
0.0101977
0.0100355
0.00971605
0.00514107
0.00535358
0.00559051
0.00585977
0.00615888
0.00648406
0.00683033
0.00720035
0.00759482
0.00803796
0.00922222
0.00972721
0.0101323
0.0105232
0.0108764
0.0111474
0.0112855
0.0112484
0.0110114
0.010576
0.00520347
0.00542798
0.00568597
0.00598713
0.00633185
0.00671628
0.00713318
0.00758849
0.00807321
0.00860415
0.01001
0.0106279
0.0111337
0.0116197
0.0120518
0.0123711
0.0125147
0.0124325
0.0120982
0.0115192
0.00528378
0.00552053
0.00580164
0.00613733
0.00653069
0.00697392
0.00747097
0.00802231
0.00861239
0.00924892
0.0108959
0.0116523
0.0122789
0.012875
0.0133954
0.0137646
0.0139058
0.0137603
0.0133022
0.0125489
0.00538119
0.00562967
0.00593563
0.00630875
0.00675122
0.00725967
0.0078458
0.00850565
0.0092187
0.00998319
0.0118912
0.0128157
0.0135861
0.0143092
0.0149276
0.0153478
0.0154757
0.015244
0.0146298
0.0136671
0.00549664
0.00575606
0.00608876
0.00650235
0.00699411
0.00757807
0.00826301
0.0090457
0.00990202
0.0108224
0.0130107
0.0141369
0.0150773
0.0159465
0.0166744
0.0171455
0.0172457
0.0168978
0.0160867
0.0148728
0.00563241
0.00590209
0.00626421
0.00671625
0.00726785
0.00793544
0.00873083
0.00965284
0.0106757
0.0117863
0.0142721
0.0156391
0.0167801
0.0178183
0.0186693
0.0191908
0.0192434
0.0187392
0.0176782
0.0161609
0.00579189
0.00607189
0.00646054
0.00695942
0.00757953
0.00834055
0.00926022
0.0103406
0.0115567
0.0128993
0.0156957
0.0173509
0.0187298
0.0199658
0.020957
0.0215273
0.0215046
0.0207908
0.0194111
0.017524
0.00597976
0.00626506
0.00668523
0.00724003
0.00793787
0.00880447
0.00986496
0.0111259
0.0125655
0.0141895
0.0173056
0.0193087
0.0209731
0.0224436
0.0235963
0.024211
0.0240744
0.0230802
0.021294
0.0189538
0.00619596
0.00648828
0.00694691
0.00756658
0.00835353
0.00934072
0.0105618
0.0120291
0.0137274
0.0156893
0.0191301
0.0215575
0.0235707
0.0253226
0.0266613
0.0273101
0.0270051
0.0256377
0.0233363
0.0204417
0.00644883
0.00674889
0.00725344
0.00794958
0.00883962
0.00996561
0.011371
0.0130751
0.0150726
0.0174361
0.021207
0.0241514
0.0265973
0.0286905
0.0302416
0.0309035
0.0303536
0.0284929
0.0255451
0.0219784
0.00338372
0.00347977
0.00366108
0.00392427
0.00429877
0.00484599
0.00558515
0.00656834
0.00788675
0.00967185
0.0121193
0.0155374
0.0204533
0.0278595
0.039846
0.0613636
0.10567
0.218004
0.441861
0.0989111
0.00294965
0.00303878
0.00314493
0.0032775
0.00344214
0.00365045
0.00392132
0.00428251
0.00477515
0.00546087
0.00643326
0.00783645
0.00989642
0.0129769
0.0176975
0.0252558
0.0385072
0.0661604
0.145499
0.0392757
0.00302304
0.00308481
0.00315082
0.00322293
0.00330423
0.00339974
0.00351742
0.00366991
0.0038775
0.00417336
0.00461282
0.00529025
0.00636929
0.00813438
0.0110719
0.0159852
0.0241647
0.0378489
0.0648261
0.0262226
0.00318287
0.00322585
0.00327017
0.00331662
0.00336627
0.00342102
0.00348414
0.0035612
0.00366165
0.00380192
0.00401155
0.00434627
0.00491585
0.00594341
0.00788951
0.0116753
0.0189026
0.0313943
0.0464385
0.0232842
0.00337977
0.00340532
0.00343129
0.00345874
0.00348836
0.00352103
0.00355826
0.00360274
0.00365917
0.00373582
0.00384769
0.00402398
0.00432614
0.00489448
0.00607572
0.00876245
0.0151192
0.0290403
0.0498014
0.0246014
0.00360867
0.00361501
0.00362122
0.00362915
0.00363972
0.00365363
0.00367177
0.00369566
0.00372806
0.00377386
0.00384179
0.00394819
0.00412657
0.0044545
0.00514132
0.00683996
0.0117781
0.0260586
0.0565076
0.0267621
0.00386976
0.00385369
0.00383782
0.00382433
0.00381451
0.00380917
0.00380904
0.00381518
0.00382942
0.00385512
0.00389832
0.00397024
0.0040927
0.00431321
0.00475571
0.00580528
0.00930019
0.0221402
0.064211
0.0282283
0.00416512
0.00412144
0.00408056
0.00404363
0.00401185
0.0039861
0.00396713
0.0039558
0.00395349
0.00396268
0.00398806
0.00403861
0.00413159
0.00430322
0.00464583
0.0053837
0.00790291
0.0181113
0.0727367
0.0289138
0.00449706
0.00441884
0.00434802
0.00428494
0.00422992
0.00418329
0.00414543
0.00411695
0.0040989
0.00409332
0.00410425
0.00413957
0.00421477
0.00436251
0.00466264
0.00529517
0.00735618
0.0149642
0.0820857
0.0291921
0.00487326
0.00474936
0.00464179
0.0045487
0.0044686
0.00440047
0.00434377
0.00429843
0.00426503
0.00424521
0.00424266
0.00426489
0.00432688
0.00446084
0.00474298
0.00537285
0.00737237
0.0135782
0.0924225
0.0294434
0.00528633
0.00511087
0.00496296
0.00483791
0.0047319
0.00464209
0.00456662
0.00450451
0.00445575
0.00442172
0.00440606
0.00441635
0.00446777
0.00459283
0.00486782
0.0055153
0.00747725
0.0139124
0.105101
0.0299425
0.00569589
0.00548536
0.00530755
0.00515657
0.00502757
0.00491697
0.0048223
0.00474226
0.00467686
0.00462771
0.00459881
0.00459804
0.0046409
0.00476049
0.00503544
0.00570434
0.00761988
0.0146049
0.114201
0.0308957
0.00616745
0.00592426
0.0057127
0.00553032
0.00537213
0.00523464
0.00511561
0.00501409
0.00493042
0.00486642
0.00482593
0.00481652
0.00485361
0.00497107
0.00525079
0.00593209
0.00782439
0.0153755
0.104054
0.0325352
)
;

boundaryField
{
    inlet
    {
        type            turbulentMixingLengthDissipationRateInlet;
        mixingLength    0.01;
        phi             phi;
        k               k;
        value           uniform 0.471671;
    }
    outlet
    {
        type            inletOutlet;
        inletValue      uniform 0.01;
        value           nonuniform List<scalar> 
41
(
0.023045
0.0108511
0.00522496
0.00282566
0.00198519
0.00188278
0.0022133
0.0029663
0.00429865
0.00645163
0.00971926
0.0142249
0.0199998
0.0263103
0.0317324
0.0357259
0.0388034
0.0432811
0.0537184
0.0752239
0.110291
0.15432
0.19481
0.22363
0.240256
0.241503
0.233608
0.239937
0.287464
0.359681
0.38882
0.338071
0.239145
0.141878
0.0702665
0.029118
0.010904
0.00487883
0.00455286
0.00813529
0.0177607
)
;
    }
    dymWall
    {
        Cmu             0.09;
        kappa           0.41;
        E               9.8;
        type            epsilonWallFunction;
        value           nonuniform List<scalar> 
73
(
0.797996
0.68286
0.460485
0.333492
0.248176
0.157998
0.0899668
0.0461156
0.0242401
0.0166113
0.0148189
0.0141649
0.0135434
0.0130389
0.0127268
0.0126031
0.0126626
0.0129084
0.0133463
0.0115688
0.390067
0.572233
0.709436
0.839951
0.972338
1.11773
1.29547
1.46962
1.60355
1.66888
1.63121
1.55299
1.44644
1.3228
1.19453
1.0713
0.963793
0.8913
0.844125
0.752466
0.0989111
0.0392757
0.0262226
0.0232842
0.0246014
0.0267621
0.0282283
0.0289138
0.0291921
0.0294434
0.0299425
0.0308957
0.0325352
0.0426451
0.035827
0.0283701
0.0228202
0.0189087
0.0160815
0.0140589
0.0126007
0.0115892
0.0109958
0.0108018
0.0109419
0.0109282
0.0104623
0.0100755
0.00993579
0.010015
0.0103693
0.0109464
0.010213
)
;
    }
    AMI1
    {
        type            cyclicAMI;
        value           nonuniform List<scalar> 
73
(
0.00742237
0.024049
0.0902162
0.298449
0.702588
0.96201
0.703766
0.358198
0.270923
0.308264
0.383733
0.443802
0.464785
0.4748
0.484014
0.444481
0.336381
0.202284
0.0954301
0.0343363
0.00979654
0.00302185
0.00213585
0.00225785
0.00247482
0.00274045
0.00304315
0.00338712
0.00377229
0.00419849
0.00469236
0.00529261
0.0060048
0.0068613
0.00794041
0.00934689
0.0110569
0.0131744
0.0158718
0.0190588
0.00655826
0.00686677
0.00740007
0.00814199
0.00909366
0.0103033
0.0118208
0.0136702
0.0158524
0.018465
0.0224198
0.0256797
0.0283863
0.0306615
0.0322864
0.0328778
0.0320975
0.0298836
0.0265401
0.0226078
0.00348884
0.00291753
0.0029772
0.00314432
0.00335148
0.00358885
0.00387151
0.00419833
0.00455388
0.00495824
0.00539482
0.00580794
0.00627567
)
;
    }
    AMI2
    {
        type            cyclicAMI;
        value           nonuniform List<scalar> 
162
(
0.0063656
0.00787625
0.0193463
0.0259575
0.0724283
0.096799
0.2496
0.314816
0.632734
0.723298
0.949948
0.962362
0.775387
0.687023
0.423612
0.346447
0.28271
0.268479
0.293022
0.309738
0.362419
0.385939
0.430765
0.444652
0.458132
0.462594
0.464532
0.474307
0.478774
0.485285
0.47429
0.447408
0.414942
0.342186
0.304264
0.209642
0.181803
0.101463
0.0862809
0.037936
0.0308838
0.0113804
0.00857666
0.00337416
0.00270917
0.00216861
0.00210305
0.00225179
0.00226774
0.0024692
0.00248773
0.00273318
0.00275872
0.00302807
0.00307211
0.00336158
0.00342779
0.00373449
0.00382406
0.00414283
0.00426464
0.0045946
0.00479556
0.00517428
0.00540984
0.00586543
0.00613725
0.00669836
0.00701442
0.00772917
0.00814279
0.00911653
0.00958005
0.010798
0.0113449
0.0128857
0.013536
0.0155535
0.0163119
0.0187168
0.0195533
0.00652592
0.00657275
0.00679972
0.00689702
0.00727872
0.00744796
0.00796163
0.00820248
0.00883836
0.00916618
0.00994652
0.0103889
0.0113353
0.0119184
0.0130349
0.0137753
0.0150508
0.015959
0.0174117
0.0185166
0.0207587
0.0226302
0.0243682
0.0257664
0.0272093
0.0284404
0.0296279
0.0306942
0.0315393
0.0323132
0.0326628
0.0329279
0.032705
0.0322208
0.0315425
0.0301278
0.0292487
0.0269096
0.0260426
0.0230547
0.0222209
0.00367436
0.003387
0.00326655
0.00293346
0.00290821
0.00290219
0.00296628
0.002979
0.00298401
0.00311846
0.00314156
0.00315375
0.00330143
0.00333992
0.00336682
0.00350242
0.00356952
0.00361293
0.00374363
0.00384068
0.00390962
0.00403756
0.00415846
0.00424241
0.00437378
0.00451002
0.00459028
0.00471982
0.00488787
0.00499063
0.00512032
0.00533607
0.00540592
0.00548818
0.0057447
0.00580828
0.00586946
0.00620461
0.00626918
0.00633448
)
;
    }
    walls
    {
        Cmu             0.09;
        kappa           0.41;
        E               9.8;
        type            epsilonWallFunction;
        value           nonuniform List<scalar> 
80
(
0.0407777
0.0401868
0.0396721
0.0400674
0.0414968
0.0442465
0.0483401
0.0534911
0.0593501
0.066035
0.0740792
0.0839285
0.0956747
0.109106
0.123752
0.138861
0.153407
0.166134
0.175534
0.18018
0.17936
0.174509
0.170077
0.166328
0.16331
0.160931
0.159044
0.15743
0.155855
0.154075
0.151832
0.14888
0.145007
0.140068
0.134021
0.126948
0.119046
0.110584
0.101851
0.0931349
0.0491766
0.054687
0.0579173
0.0604392
0.0620779
0.0632942
0.0646652
0.0668212
0.0702573
0.0753535
0.0823795
0.0914678
0.102554
0.115331
0.129193
0.143259
0.156587
0.168004
0.17623
0.180118
0.178581
0.173083
0.168364
0.164562
0.161644
0.159494
0.157915
0.156648
0.155393
0.15384
0.151686
0.14865
0.144489
0.139039
0.132257
0.124258
0.115322
0.105855
0.0963172
0.0871353
)
;
    }
    front
    {
        type            empty;
    }
    back
    {
        type            empty;
    }
}


// ************************************************************************* //
