/*--------------------------------*- C++ -*----------------------------------*\
  =========                 |
  \\      /  F ield         | OpenFOAM: The Open Source CFD Toolbox
   \\    /   O peration     | Website:  https://openfoam.org
    \\  /    A nd           | Version:  6
     \\/     M anipulation  |
\*---------------------------------------------------------------------------*/
FoamFile
{
    version     2.0;
    format      ascii;
    class       volScalarField;
    location    "1.89";
    object      rho;
}
// * * * * * * * * * * * * * * * * * * * * * * * * * * * * * * * * * * * * * //

dimensions      [1 -3 0 0 0 0 0];

internalField   nonuniform List<scalar> 
5835
(
3.43422e-05
1.1857e-05
3.20615e-05
1.45404e-05
1.1857e-05
1.1857e-05
1.1857e-05
1.18746e-05
1.1857e-05
1.1857e-05
1.1857e-05
2.54864e-05
1.1857e-05
1.1857e-05
2.69591e-05
1.1857e-05
5.83719e-05
5.66369e-05
1.1857e-05
1.1857e-05
5.91797e-05
1.1857e-05
6.21768e-05
2.54933e-05
1.1857e-05
1.1857e-05
2.87002e-05
1.1857e-05
1.50249e-05
1.1857e-05
1.22811e-05
1.1857e-05
1.1857e-05
1.18983e-05
1.19325e-05
1.1857e-05
1.1857e-05
1.1857e-05
1.18627e-05
1.18622e-05
1.1857e-05
1.18575e-05
1.1857e-05
1.18577e-05
1.1857e-05
1.1857e-05
1.1857e-05
1.18571e-05
1.1857e-05
1.1857e-05
1.1857e-05
1.1857e-05
1.1857e-05
1.1857e-05
1.1857e-05
1.1857e-05
1.1857e-05
1.1857e-05
1.1857e-05
1.1857e-05
1.4125e-05
1.1857e-05
1.53411e-05
1.1857e-05
1.1857e-05
1.18571e-05
1.1857e-05
1.1857e-05
1.18901e-05
1.19038e-05
1.18637e-05
1.18613e-05
1.1857e-05
1.1857e-05
1.1857e-05
1.1857e-05
1.22717e-05
1.2292e-05
1.18575e-05
1.1857e-05
1.1857e-05
1.18576e-05
1.1857e-05
3.3031e-05
3.38088e-05
1.1857e-05
1.1857e-05
1.1857e-05
1.18777e-05
1.44527e-05
1.1857e-05
1.1857e-05
1.1857e-05
1.1859e-05
1.18586e-05
1.1857e-05
1.1857e-05
1.1857e-05
1.57611e-05
1.18573e-05
1.1857e-05
1.18595e-05
1.1857e-05
1.1857e-05
2.43373e-05
1.1857e-05
1.1857e-05
2.52544e-05
1.1857e-05
1.18574e-05
1.1857e-05
1.1857e-05
1.55769e-05
1.1857e-05
1.1857e-05
1.1857e-05
1.1857e-05
1.1857e-05
1.1857e-05
2.29828e-05
2.23575e-05
1.1857e-05
1.1857e-05
1.1857e-05
1.1857e-05
1.1857e-05
1.1857e-05
1.1857e-05
1.1857e-05
1.18572e-05
1.18572e-05
1.1857e-05
1.1857e-05
1.18606e-05
1.1857e-05
1.1857e-05
5.61495e-05
1.1857e-05
5.7595e-05
1.1857e-05
1.1857e-05
1.1857e-05
5.66396e-05
5.56103e-05
5.6859e-05
5.62286e-05
3.75332e-05
3.63152e-05
1.1857e-05
1.1857e-05
3.58957e-05
1.1857e-05
1.1857e-05
1.1857e-05
3.56224e-05
2.32227e-05
1.51675e-05
1.1857e-05
1.24408e-05
2.31742e-05
1.1857e-05
1.1857e-05
1.1857e-05
1.1857e-05
1.54042e-05
1.1857e-05
1.1857e-05
1.48822e-05
1.1857e-05
1.1857e-05
1.2167e-05
1.19621e-05
1.19415e-05
1.1857e-05
1.1857e-05
1.19136e-05
1.1857e-05
1.52812e-05
1.25281e-05
1.43294e-05
1.1857e-05
1.1857e-05
1.18571e-05
1.18571e-05
1.1857e-05
1.19227e-05
1.1857e-05
1.18571e-05
1.18571e-05
1.1857e-05
1.1857e-05
1.1857e-05
1.1857e-05
1.18571e-05
1.18571e-05
1.1857e-05
1.1857e-05
1.1857e-05
1.1857e-05
1.1857e-05
5.46941e-05
5.62169e-05
1.1857e-05
1.1857e-05
1.1857e-05
1.1857e-05
1.1857e-05
1.1857e-05
1.1857e-05
1.1857e-05
1.18676e-05
1.1857e-05
1.18672e-05
1.1857e-05
1.1866e-05
1.1857e-05
1.1857e-05
1.1857e-05
1.1857e-05
1.1857e-05
1.1857e-05
1.1857e-05
1.18571e-05
1.18672e-05
1.1857e-05
1.18987e-05
1.18665e-05
5.68064e-05
1.1857e-05
1.1857e-05
1.18645e-05
1.1857e-05
1.1857e-05
1.1857e-05
1.1857e-05
1.1857e-05
3.51854e-05
1.1857e-05
3.55483e-05
1.18583e-05
1.1857e-05
1.18581e-05
1.18582e-05
1.18891e-05
1.1857e-05
1.18581e-05
1.1857e-05
1.18581e-05
1.1858e-05
1.1857e-05
1.36937e-05
1.1857e-05
1.1857e-05
1.1857e-05
1.1857e-05
1.1857e-05
1.1857e-05
1.94692e-05
1.1857e-05
1.1857e-05
1.1857e-05
2.81893e-05
3.01913e-05
1.1857e-05
3.03595e-05
1.1857e-05
1.1857e-05
1.1857e-05
2.6876e-05
2.86601e-05
1.1857e-05
1.1857e-05
1.1857e-05
1.1857e-05
1.1857e-05
1.19666e-05
1.1857e-05
1.1857e-05
1.1857e-05
1.1857e-05
1.1857e-05
1.1857e-05
2.87647e-05
1.1857e-05
1.1857e-05
1.1857e-05
1.1857e-05
1.1857e-05
1.1857e-05
1.1857e-05
5.59874e-05
3.18235e-05
1.1857e-05
3.11123e-05
1.1857e-05
1.1857e-05
1.1857e-05
1.1857e-05
1.1857e-05
5.42775e-05
1.1857e-05
5.52625e-05
5.5166e-05
5.24697e-05
3.14261e-05
5.36535e-05
1.1857e-05
5.48223e-05
1.1857e-05
3.54427e-05
5.94684e-05
3.48791e-05
5.34937e-05
3.00451e-05
1.1857e-05
1.1857e-05
1.18716e-05
3.01956e-05
1.18577e-05
1.1857e-05
1.1857e-05
1.21e-05
1.1857e-05
3.11791e-05
1.1857e-05
3.25157e-05
1.18753e-05
1.18622e-05
5.51346e-05
1.18673e-05
1.1857e-05
1.89145e-05
1.1857e-05
1.20171e-05
1.1857e-05
1.20101e-05
1.18576e-05
1.1857e-05
1.18576e-05
1.1857e-05
1.1857e-05
5.49265e-05
1.78613e-05
5.70512e-05
1.1857e-05
1.187e-05
1.1857e-05
1.18608e-05
1.1857e-05
1.18612e-05
2.08371e-05
1.1857e-05
1.1857e-05
1.20803e-05
1.19681e-05
1.1857e-05
1.31994e-05
1.1857e-05
2.08024e-05
1.18673e-05
1.43148e-05
1.1857e-05
1.18575e-05
1.18694e-05
2.19565e-05
1.1857e-05
1.1857e-05
1.1857e-05
1.1857e-05
1.18603e-05
1.21823e-05
1.1857e-05
1.1857e-05
1.1857e-05
1.45641e-05
1.18776e-05
1.1857e-05
1.1857e-05
1.1857e-05
1.1857e-05
1.1857e-05
1.1857e-05
1.1857e-05
1.1857e-05
1.1857e-05
1.1857e-05
1.1857e-05
1.1857e-05
1.1857e-05
1.1857e-05
1.1857e-05
1.1857e-05
1.1857e-05
1.1857e-05
1.1857e-05
1.1857e-05
1.1857e-05
1.1857e-05
1.1857e-05
1.1857e-05
1.1857e-05
1.1857e-05
1.1857e-05
1.1857e-05
1.18601e-05
1.19219e-05
1.1857e-05
1.18932e-05
1.47648e-05
1.18572e-05
1.1859e-05
1.1857e-05
1.1857e-05
1.1857e-05
1.1857e-05
1.1857e-05
1.53974e-05
1.1857e-05
1.1857e-05
1.1857e-05
1.1857e-05
1.18574e-05
1.1857e-05
1.26526e-05
1.1857e-05
1.1857e-05
1.1857e-05
1.1857e-05
1.33157e-05
1.1857e-05
1.1857e-05
1.78658e-05
1.18678e-05
1.1857e-05
1.26935e-05
1.1857e-05
1.1857e-05
1.18662e-05
1.1857e-05
1.7335e-05
1.66713e-05
1.1857e-05
1.1857e-05
1.65566e-05
1.19497e-05
1.1857e-05
1.1857e-05
1.18664e-05
1.19406e-05
1.1857e-05
1.61543e-05
1.1857e-05
1.24508e-05
1.1857e-05
1.19459e-05
1.1857e-05
1.1857e-05
1.18665e-05
1.18588e-05
1.19474e-05
1.18655e-05
1.1857e-05
1.65484e-05
1.1857e-05
1.18666e-05
1.18586e-05
1.1857e-05
1.1857e-05
1.65096e-05
1.1857e-05
1.1857e-05
1.23637e-05
1.1857e-05
1.64025e-05
1.1857e-05
1.2508e-05
1.18586e-05
1.5903e-05
1.1857e-05
1.18573e-05
1.1857e-05
1.24841e-05
1.1857e-05
1.18588e-05
1.1857e-05
1.18588e-05
1.1857e-05
1.18582e-05
1.18573e-05
1.1857e-05
1.1857e-05
1.18572e-05
1.1857e-05
1.1857e-05
1.1857e-05
1.18572e-05
1.18578e-05
1.1857e-05
1.1857e-05
1.1857e-05
1.72599e-05
1.18572e-05
1.1857e-05
1.1857e-05
2.25532e-05
1.1857e-05
1.1857e-05
1.1857e-05
2.3812e-05
1.1857e-05
1.1857e-05
1.18572e-05
1.1857e-05
1.59826e-05
1.1857e-05
1.1857e-05
5.59298e-05
1.1857e-05
1.1857e-05
5.5996e-05
5.49699e-05
5.41296e-05
1.1857e-05
1.1857e-05
1.1857e-05
1.1857e-05
3.51938e-05
3.80929e-05
1.1857e-05
1.1857e-05
1.1857e-05
3.58805e-05
5.36243e-05
1.1857e-05
5.51364e-05
1.1857e-05
1.1857e-05
1.1857e-05
3.45534e-05
1.1857e-05
2.31959e-05
1.1857e-05
5.50585e-05
1.1857e-05
3.40803e-05
1.5227e-05
1.25632e-05
1.18571e-05
1.18571e-05
1.24766e-05
1.1857e-05
1.50859e-05
1.18571e-05
1.46352e-05
1.1857e-05
1.1857e-05
1.1857e-05
1.1857e-05
1.1857e-05
1.1857e-05
1.1857e-05
1.19541e-05
5.47255e-05
1.1857e-05
1.42318e-05
1.1857e-05
1.1857e-05
1.19706e-05
1.1857e-05
1.19156e-05
1.1857e-05
1.1857e-05
1.19195e-05
1.1857e-05
1.1857e-05
1.18571e-05
5.36446e-05
1.1857e-05
1.1857e-05
1.1857e-05
1.19592e-05
1.1857e-05
1.1857e-05
1.1857e-05
1.38544e-05
1.1857e-05
1.18675e-05
1.18675e-05
1.1857e-05
1.18581e-05
1.18665e-05
1.1857e-05
1.18664e-05
1.18583e-05
1.1857e-05
1.18668e-05
1.18581e-05
1.1858e-05
1.1857e-05
1.1857e-05
1.21304e-05
1.1857e-05
1.1857e-05
1.1857e-05
2.25938e-05
1.1857e-05
1.1857e-05
1.1857e-05
1.1857e-05
1.1858e-05
1.1857e-05
2.85781e-05
1.54503e-05
2.90731e-05
1.1857e-05
2.95186e-05
1.1864e-05
1.1857e-05
1.1857e-05
5.45355e-05
1.1857e-05
2.73914e-05
1.1857e-05
1.1857e-05
2.97046e-05
1.1857e-05
5.29076e-05
1.1857e-05
3.23342e-05
3.66862e-05
1.1857e-05
1.1857e-05
5.36556e-05
5.18213e-05
3.3871e-05
1.1857e-05
1.1857e-05
1.1857e-05
1.1857e-05
3.0486e-05
5.418e-05
1.1857e-05
2.9643e-05
1.1857e-05
1.1857e-05
1.1857e-05
1.1857e-05
5.53005e-05
5.32034e-05
1.1857e-05
3.05923e-05
1.1857e-05
5.29868e-05
1.1857e-05
1.1857e-05
1.1857e-05
5.41755e-05
1.55185e-05
5.46185e-05
1.1857e-05
1.18624e-05
1.1857e-05
1.81375e-05
1.80695e-05
1.1857e-05
1.1857e-05
1.18838e-05
1.1857e-05
1.35018e-05
2.06692e-05
1.20531e-05
1.1857e-05
2.14159e-05
1.1857e-05
1.1857e-05
1.1857e-05
1.1857e-05
1.1857e-05
1.1857e-05
1.1857e-05
1.1857e-05
1.1857e-05
1.1857e-05
1.1857e-05
1.18784e-05
1.1857e-05
1.1857e-05
1.1857e-05
1.1857e-05
1.1857e-05
1.40351e-05
1.21799e-05
1.1857e-05
1.1857e-05
1.18575e-05
1.18576e-05
1.1857e-05
1.1857e-05
1.1857e-05
1.1857e-05
1.1857e-05
1.18962e-05
1.1857e-05
1.1857e-05
1.4355e-05
1.47522e-05
1.19158e-05
1.1857e-05
1.1857e-05
1.19904e-05
1.18575e-05
1.1857e-05
1.18607e-05
1.18609e-05
1.1857e-05
1.1857e-05
1.1857e-05
1.1857e-05
1.19536e-05
1.1857e-05
1.1857e-05
1.1857e-05
1.1857e-05
1.1857e-05
1.18686e-05
1.1857e-05
1.74642e-05
1.1857e-05
1.1857e-05
1.1857e-05
1.31425e-05
1.27083e-05
1.70077e-05
1.1857e-05
1.18687e-05
1.1857e-05
1.60557e-05
1.62599e-05
1.25289e-05
1.1857e-05
1.1857e-05
1.66553e-05
1.1857e-05
1.1857e-05
1.64404e-05
1.1857e-05
1.1857e-05
1.1857e-05
1.1944e-05
1.194e-05
1.1857e-05
1.67462e-05
1.1857e-05
1.1857e-05
1.19555e-05
1.18587e-05
1.1857e-05
1.18669e-05
1.18672e-05
1.1857e-05
1.64344e-05
1.18588e-05
1.24208e-05
1.1857e-05
1.1857e-05
1.18572e-05
1.1857e-05
1.1857e-05
1.24362e-05
1.1857e-05
1.18572e-05
1.1857e-05
1.23447e-05
1.1857e-05
1.18588e-05
1.18587e-05
1.1857e-05
1.1857e-05
1.1857e-05
1.1857e-05
1.18572e-05
1.18571e-05
1.1857e-05
1.1857e-05
1.18572e-05
1.18571e-05
1.1857e-05
1.1857e-05
1.1857e-05
1.1857e-05
1.18745e-05
1.1857e-05
1.1857e-05
1.1857e-05
1.1857e-05
1.18754e-05
1.18668e-05
1.1924e-05
1.1886e-05
1.1857e-05
1.1857e-05
1.1857e-05
1.1857e-05
1.1857e-05
1.70655e-05
1.18784e-05
1.18718e-05
1.18795e-05
1.18716e-05
1.1857e-05
1.1857e-05
1.21852e-05
1.20147e-05
1.1857e-05
1.1857e-05
1.1857e-05
1.1857e-05
1.1857e-05
1.19479e-05
1.1857e-05
1.1857e-05
1.20412e-05
1.19521e-05
1.1857e-05
1.1857e-05
1.1857e-05
1.1857e-05
3.215e-05
3.4279e-05
3.48194e-05
3.08676e-05
1.1857e-05
1.1857e-05
1.1857e-05
1.1857e-05
1.1857e-05
1.1857e-05
1.1857e-05
1.1857e-05
1.1857e-05
1.1857e-05
1.1857e-05
1.1857e-05
1.1857e-05
1.1857e-05
1.1857e-05
1.1857e-05
1.1857e-05
1.1857e-05
1.1857e-05
1.1857e-05
1.1857e-05
1.1857e-05
1.18605e-05
1.1857e-05
1.18587e-05
2.03485e-05
1.18595e-05
1.1857e-05
2.12065e-05
1.18585e-05
1.1857e-05
1.1857e-05
2.34902e-05
1.1857e-05
1.1857e-05
1.1857e-05
1.18711e-05
1.18657e-05
1.66913e-05
1.1857e-05
1.1857e-05
1.18705e-05
1.18643e-05
1.1857e-05
1.1857e-05
2.03081e-05
1.1857e-05
1.18615e-05
1.1857e-05
1.1857e-05
1.1857e-05
2.14436e-05
1.90621e-05
1.1857e-05
1.1857e-05
1.1857e-05
1.1857e-05
1.54461e-05
1.1857e-05
3.6832e-05
1.1857e-05
3.64745e-05
1.1857e-05
1.18927e-05
1.1857e-05
1.1857e-05
1.1857e-05
1.1857e-05
1.1857e-05
1.1857e-05
1.1857e-05
2.12481e-05
2.33577e-05
1.1857e-05
1.1857e-05
2.02008e-05
1.1857e-05
2.1517e-05
1.1857e-05
1.86697e-05
1.1857e-05
1.1857e-05
5.40818e-05
5.54552e-05
1.1857e-05
1.1857e-05
1.1857e-05
5.313e-05
5.52479e-05
5.5437e-05
1.1857e-05
5.26487e-05
1.1857e-05
1.1857e-05
1.1857e-05
5.88531e-05
5.12111e-05
1.1857e-05
5.45845e-05
5.03949e-05
1.1857e-05
1.1857e-05
1.1857e-05
5.55695e-05
1.1857e-05
1.1857e-05
5.44486e-05
1.1857e-05
5.15325e-05
1.1857e-05
1.1857e-05
1.1857e-05
5.3357e-05
4.99972e-05
5.22289e-05
1.1857e-05
1.1857e-05
1.1857e-05
5.01284e-05
5.71367e-05
5.50178e-05
4.968e-05
5.22927e-05
1.1857e-05
1.1857e-05
5.38939e-05
1.1857e-05
1.1857e-05
5.09602e-05
5.12095e-05
5.3147e-05
1.1857e-05
5.31655e-05
1.1857e-05
1.66193e-05
1.1857e-05
1.1857e-05
1.1857e-05
1.1857e-05
1.18573e-05
1.1857e-05
1.1857e-05
1.1857e-05
1.1857e-05
2.10094e-05
2.29035e-05
1.1857e-05
1.1857e-05
2.01206e-05
1.1857e-05
1.1857e-05
4.89948e-05
1.1857e-05
1.1857e-05
4.8967e-05
1.1857e-05
2.39132e-05
1.1857e-05
1.1857e-05
1.1857e-05
1.18583e-05
1.1857e-05
1.18715e-05
1.19515e-05
1.18572e-05
1.1857e-05
1.21741e-05
1.18847e-05
1.27662e-05
1.1857e-05
1.1857e-05
1.18607e-05
1.1857e-05
1.40076e-05
1.1857e-05
1.1857e-05
1.1857e-05
1.1857e-05
1.1857e-05
1.1857e-05
1.1857e-05
1.18574e-05
1.18575e-05
1.18619e-05
1.1857e-05
1.74797e-05
1.19039e-05
1.1857e-05
1.1857e-05
1.1857e-05
3.12544e-05
5.13769e-05
1.1857e-05
1.1857e-05
2.37398e-05
4.93659e-05
1.1857e-05
3.24471e-05
2.34395e-05
1.1857e-05
1.1857e-05
1.1857e-05
1.19922e-05
1.18718e-05
1.1857e-05
1.18588e-05
1.18572e-05
1.1857e-05
1.1857e-05
1.1857e-05
1.1857e-05
1.1857e-05
1.1857e-05
1.25995e-05
1.1857e-05
2.35185e-05
1.1857e-05
1.1857e-05
1.1857e-05
1.1857e-05
1.1857e-05
2.4346e-05
2.82349e-05
1.1857e-05
1.20217e-05
1.1857e-05
1.1857e-05
1.19814e-05
1.20475e-05
1.1857e-05
1.1857e-05
1.18798e-05
1.18601e-05
1.1857e-05
1.20235e-05
1.21685e-05
1.1857e-05
1.18581e-05
1.1857e-05
1.18776e-05
1.18623e-05
1.1857e-05
1.1857e-05
1.20015e-05
1.1898e-05
1.20849e-05
1.1857e-05
1.18761e-05
1.1857e-05
1.18626e-05
1.1857e-05
1.20169e-05
1.1857e-05
1.18977e-05
1.21493e-05
1.1857e-05
1.1857e-05
1.20172e-05
1.1857e-05
1.19003e-05
1.21101e-05
1.1857e-05
1.18599e-05
1.18751e-05
1.1857e-05
1.1857e-05
1.1857e-05
1.1857e-05
1.1857e-05
1.186e-05
1.1857e-05
1.1857e-05
1.1857e-05
1.1887e-05
1.20457e-05
1.18768e-05
1.1857e-05
1.1857e-05
1.18622e-05
1.1857e-05
1.21953e-05
1.1857e-05
1.19698e-05
1.186e-05
1.18784e-05
1.1857e-05
1.18602e-05
1.1857e-05
1.18603e-05
1.36541e-05
1.1857e-05
1.1857e-05
1.1857e-05
1.32838e-05
1.1857e-05
1.18573e-05
1.1857e-05
1.1857e-05
1.1857e-05
1.18795e-05
1.18632e-05
1.1857e-05
1.42473e-05
1.2033e-05
1.18572e-05
1.18575e-05
1.1857e-05
1.1857e-05
1.1857e-05
1.18574e-05
1.18579e-05
1.1857e-05
1.1857e-05
1.27467e-05
1.18574e-05
1.1857e-05
1.18576e-05
1.1857e-05
1.1904e-05
1.1857e-05
1.1857e-05
1.18909e-05
1.1857e-05
1.1857e-05
1.18827e-05
1.20387e-05
1.2218e-05
1.1857e-05
1.18577e-05
1.1857e-05
1.29491e-05
1.1857e-05
1.4168e-05
1.1857e-05
1.1857e-05
1.18991e-05
1.1857e-05
1.18575e-05
1.1885e-05
1.1857e-05
1.1857e-05
1.18635e-05
1.1857e-05
1.1858e-05
1.1857e-05
1.3908e-05
1.1857e-05
1.18982e-05
1.191e-05
1.1857e-05
1.1857e-05
1.19154e-05
1.1857e-05
1.30758e-05
1.22188e-05
1.18658e-05
1.1857e-05
1.1857e-05
1.18619e-05
1.1857e-05
1.1857e-05
1.29664e-05
1.1857e-05
1.23531e-05
1.18576e-05
1.1857e-05
1.18632e-05
1.18638e-05
1.1857e-05
1.19508e-05
1.1857e-05
1.18576e-05
1.1857e-05
1.43748e-05
1.1857e-05
1.36538e-05
1.1857e-05
1.18691e-05
1.1857e-05
1.18664e-05
1.18645e-05
1.1857e-05
1.1857e-05
1.1857e-05
1.1857e-05
1.18707e-05
1.1857e-05
1.1857e-05
1.4303e-05
1.41657e-05
1.1857e-05
1.18673e-05
1.55101e-05
1.36466e-05
1.1857e-05
1.1857e-05
1.20826e-05
1.1857e-05
1.1857e-05
1.33826e-05
1.1857e-05
1.18892e-05
1.20002e-05
1.1857e-05
1.1857e-05
1.1857e-05
1.86406e-05
1.1857e-05
1.33495e-05
1.1857e-05
1.19445e-05
1.18758e-05
1.1857e-05
1.1857e-05
1.18715e-05
1.1857e-05
1.71836e-05
1.1857e-05
1.18839e-05
1.1858e-05
1.1857e-05
1.1857e-05
1.18586e-05
1.1857e-05
1.20362e-05
1.1857e-05
1.18655e-05
1.1857e-05
1.28135e-05
1.68487e-05
1.1857e-05
1.1857e-05
1.1857e-05
1.1857e-05
1.1857e-05
1.18586e-05
1.1857e-05
1.18778e-05
1.26422e-05
1.81849e-05
1.19975e-05
1.1857e-05
1.1857e-05
1.18579e-05
1.1857e-05
1.1857e-05
1.18591e-05
1.1857e-05
1.71293e-05
1.1857e-05
1.18773e-05
1.1857e-05
1.18601e-05
1.18579e-05
1.1857e-05
1.18583e-05
1.92736e-05
1.23984e-05
1.1857e-05
1.1857e-05
1.19939e-05
1.97947e-05
1.8146e-05
1.1857e-05
2.0228e-05
1.1857e-05
1.97287e-05
1.1857e-05
1.92027e-05
1.58838e-05
1.83168e-05
1.1857e-05
1.1857e-05
1.18586e-05
1.1857e-05
1.18581e-05
1.1857e-05
1.1857e-05
1.21083e-05
1.1857e-05
1.1906e-05
1.98948e-05
1.7394e-05
1.46031e-05
1.1857e-05
1.1857e-05
1.46717e-05
3.40648e-05
4.57935e-05
1.1857e-05
1.1857e-05
1.1857e-05
1.1857e-05
1.1857e-05
1.1857e-05
1.1857e-05
1.1857e-05
1.1857e-05
2.43877e-05
5.81613e-05
1.1857e-05
1.1857e-05
1.1857e-05
3.72398e-05
3.67517e-05
1.1857e-05
1.1857e-05
4.78285e-05
1.22384e-05
1.1857e-05
1.1857e-05
2.65839e-05
1.1857e-05
1.1857e-05
3.29601e-05
3.99579e-05
5.1628e-05
1.1857e-05
5.48929e-05
4.6037e-05
1.1857e-05
5.04088e-05
1.1857e-05
4.41333e-05
4.95007e-05
3.55657e-05
4.50337e-05
4.13766e-05
1.1857e-05
3.0599e-05
2.43707e-05
4.13677e-05
1.18865e-05
3.74852e-05
3.61327e-05
4.67174e-05
1.1857e-05
1.1857e-05
1.1857e-05
1.1857e-05
1.1857e-05
4.75347e-05
4.31853e-05
1.1857e-05
1.1857e-05
1.1857e-05
2.44714e-05
3.61274e-05
1.1857e-05
1.1857e-05
2.92306e-05
1.97263e-05
1.1857e-05
4.17366e-05
1.1857e-05
1.1857e-05
1.1857e-05
4.49042e-05
2.66262e-05
1.22607e-05
1.1857e-05
2.56548e-05
1.1857e-05
2.44263e-05
1.1857e-05
2.2393e-05
1.1857e-05
1.1857e-05
1.3423e-05
2.04843e-05
1.1857e-05
1.1857e-05
3.63956e-05
1.1857e-05
1.34203e-05
1.1857e-05
1.1857e-05
1.1857e-05
1.18682e-05
1.20372e-05
1.1857e-05
1.1857e-05
1.18974e-05
4.69649e-05
1.1857e-05
1.1857e-05
1.18783e-05
4.56032e-05
1.1857e-05
1.1857e-05
1.1857e-05
1.20641e-05
1.1857e-05
1.1857e-05
2.40665e-05
1.1857e-05
1.1857e-05
1.18581e-05
1.1857e-05
1.18603e-05
1.1879e-05
1.1857e-05
1.24834e-05
2.01029e-05
3.6199e-05
1.1857e-05
2.37899e-05
3.78864e-05
1.18576e-05
1.1857e-05
1.1857e-05
2.03458e-05
4.67172e-05
4.77742e-05
1.1857e-05
1.18596e-05
1.1857e-05
1.1857e-05
1.1857e-05
1.18571e-05
3.76596e-05
1.1857e-05
1.1857e-05
1.18571e-05
1.1857e-05
1.18571e-05
1.18571e-05
1.1857e-05
1.18574e-05
4.69158e-05
1.1857e-05
1.1857e-05
1.1857e-05
1.9423e-05
1.1857e-05
1.18613e-05
3.63435e-05
1.66137e-05
2.44225e-05
1.1857e-05
1.1857e-05
1.18573e-05
3.95878e-05
4.83888e-05
1.18571e-05
1.1857e-05
1.1857e-05
1.1857e-05
1.1857e-05
2.05211e-05
1.18571e-05
1.1857e-05
1.1857e-05
2.00151e-05
1.1857e-05
1.1857e-05
2.37409e-05
1.1857e-05
1.1857e-05
1.1857e-05
1.1857e-05
1.1857e-05
1.1857e-05
1.1857e-05
1.1857e-05
1.1857e-05
1.1857e-05
1.1857e-05
1.1857e-05
1.1857e-05
1.1857e-05
1.1857e-05
1.1857e-05
1.1857e-05
1.1857e-05
1.1857e-05
1.1857e-05
1.1857e-05
1.1857e-05
1.1857e-05
1.1857e-05
1.1857e-05
1.1857e-05
1.1857e-05
1.1857e-05
1.1857e-05
1.1857e-05
1.1857e-05
1.1857e-05
1.1857e-05
1.1857e-05
1.1857e-05
1.1857e-05
1.1857e-05
1.18571e-05
1.1857e-05
1.1857e-05
1.1857e-05
1.1857e-05
1.1857e-05
1.1857e-05
1.1857e-05
1.1857e-05
1.1857e-05
1.1857e-05
1.1857e-05
1.1857e-05
1.1857e-05
1.1857e-05
1.1857e-05
1.1857e-05
1.1857e-05
5.04392e-05
1.1857e-05
1.1859e-05
2.20343e-05
1.1857e-05
1.1857e-05
2.39581e-05
1.1857e-05
1.1857e-05
1.1857e-05
1.50131e-05
1.1857e-05
1.1857e-05
2.41378e-05
2.15838e-05
1.1857e-05
2.53955e-05
1.1857e-05
1.1857e-05
1.20112e-05
1.1857e-05
1.18697e-05
1.1857e-05
1.58026e-05
1.18741e-05
1.1857e-05
1.20356e-05
1.1857e-05
1.1857e-05
1.1857e-05
1.1857e-05
1.18834e-05
1.1857e-05
1.19708e-05
1.18571e-05
1.18907e-05
1.1857e-05
1.1857e-05
1.18591e-05
1.20888e-05
1.1857e-05
1.1857e-05
1.1857e-05
1.18571e-05
1.1857e-05
1.18754e-05
1.18784e-05
1.1857e-05
1.1857e-05
1.1857e-05
3.14217e-05
1.1857e-05
1.1857e-05
1.1857e-05
1.1857e-05
1.19836e-05
1.18573e-05
1.1857e-05
1.1857e-05
5.08601e-05
1.1857e-05
1.18597e-05
1.1857e-05
1.20385e-05
1.1857e-05
1.18605e-05
1.1857e-05
4.34618e-05
1.1857e-05
1.1857e-05
1.18571e-05
1.1857e-05
1.1857e-05
1.55287e-05
1.29171e-05
1.1857e-05
1.77925e-05
1.1857e-05
1.1857e-05
1.18592e-05
5.66621e-05
1.1857e-05
1.1857e-05
4.83552e-05
1.18592e-05
1.9272e-05
1.1857e-05
1.188e-05
1.1857e-05
1.1857e-05
1.18615e-05
1.32977e-05
1.1857e-05
1.20498e-05
1.1857e-05
1.1857e-05
1.18613e-05
1.1857e-05
1.1857e-05
1.1857e-05
1.19948e-05
1.30941e-05
1.1857e-05
1.1857e-05
1.38005e-05
1.1857e-05
1.27243e-05
1.1857e-05
1.1857e-05
1.18593e-05
1.1857e-05
1.1857e-05
1.37961e-05
1.19823e-05
1.1857e-05
1.186e-05
1.1857e-05
1.18619e-05
1.18572e-05
1.1857e-05
1.1857e-05
1.29876e-05
1.18573e-05
1.1857e-05
1.1857e-05
1.18572e-05
1.18571e-05
1.1857e-05
1.1857e-05
1.1857e-05
1.18571e-05
1.1857e-05
1.1857e-05
1.18589e-05
1.1857e-05
1.1857e-05
1.18571e-05
1.6018e-05
1.1857e-05
1.18571e-05
1.1857e-05
1.1857e-05
1.51621e-05
1.1857e-05
1.66211e-05
1.1857e-05
1.70155e-05
1.1857e-05
1.1857e-05
1.18571e-05
1.1857e-05
1.1857e-05
1.1857e-05
1.64045e-05
1.1857e-05
1.18571e-05
1.1857e-05
1.1857e-05
1.1857e-05
1.1857e-05
1.1857e-05
1.1857e-05
1.1857e-05
1.74052e-05
1.9147e-05
1.1857e-05
1.1857e-05
1.1857e-05
1.1857e-05
1.1857e-05
1.1857e-05
1.1857e-05
1.1857e-05
1.1857e-05
2.87981e-05
1.1857e-05
5.02723e-05
1.1857e-05
1.1857e-05
1.1857e-05
1.71072e-05
1.1857e-05
1.95326e-05
1.18572e-05
1.1857e-05
1.1857e-05
1.1857e-05
4.23554e-05
1.1857e-05
1.1857e-05
1.1857e-05
1.77228e-05
1.1857e-05
1.1857e-05
1.1857e-05
1.1857e-05
1.1857e-05
1.1857e-05
1.1857e-05
1.1857e-05
1.1857e-05
1.1857e-05
1.18574e-05
1.1857e-05
6.0253e-05
1.1857e-05
4.95326e-05
1.1857e-05
1.1857e-05
1.1857e-05
1.1857e-05
1.1857e-05
1.1857e-05
1.18572e-05
1.1857e-05
1.1857e-05
1.1857e-05
1.1857e-05
1.18574e-05
1.18572e-05
1.1857e-05
1.18573e-05
1.1857e-05
1.1857e-05
1.18574e-05
1.18572e-05
1.1857e-05
1.18571e-05
1.1857e-05
1.18574e-05
1.18575e-05
1.18572e-05
1.1857e-05
1.1857e-05
2.7018e-05
1.1857e-05
5.72767e-05
1.1857e-05
4.88142e-05
1.1857e-05
1.1857e-05
1.1857e-05
2.77443e-05
1.1857e-05
5.10982e-05
1.1857e-05
4.28556e-05
1.1857e-05
3.04046e-05
4.24545e-05
3.18283e-05
2.61974e-05
1.1857e-05
1.1857e-05
4.86199e-05
1.1857e-05
1.1857e-05
5.32705e-05
1.1857e-05
1.1857e-05
5.09654e-05
1.1857e-05
4.24854e-05
5.15345e-05
1.1857e-05
1.1857e-05
1.1857e-05
4.80293e-05
1.1857e-05
4.24419e-05
1.1857e-05
5.77342e-05
1.1857e-05
4.89451e-05
1.1857e-05
1.48059e-05
1.1857e-05
1.1857e-05
1.1857e-05
1.1857e-05
1.18572e-05
1.1857e-05
1.18634e-05
1.28024e-05
1.1857e-05
1.1857e-05
1.1857e-05
1.1857e-05
1.1857e-05
2.91856e-05
2.68884e-05
1.1857e-05
1.1857e-05
5.11301e-05
5.61033e-05
1.1857e-05
1.1857e-05
5.47558e-05
5.80417e-05
1.1857e-05
1.1857e-05
5.56274e-05
5.55851e-05
1.1857e-05
5.46995e-05
6.17767e-05
1.1857e-05
1.1857e-05
1.1857e-05
6.34234e-05
6.06649e-05
1.1857e-05
6.66446e-05
1.1857e-05
6.23087e-05
1.1857e-05
1.1857e-05
5.44331e-05
6.00264e-05
5.66304e-05
1.1857e-05
1.1857e-05
5.91744e-05
5.4153e-05
1.1857e-05
5.5081e-05
1.1857e-05
5.57054e-05
1.1857e-05
1.1857e-05
5.58079e-05
5.45121e-05
1.1857e-05
1.1857e-05
5.80946e-05
1.1857e-05
1.1857e-05
5.65717e-05
5.71793e-05
1.1857e-05
1.1857e-05
5.89421e-05
5.84312e-05
1.1857e-05
1.1857e-05
6.46636e-05
6.43314e-05
1.1857e-05
5.98301e-05
6.01391e-05
1.1857e-05
1.1857e-05
6.40615e-05
1.1857e-05
6.26177e-05
6.30113e-05
1.1857e-05
1.1857e-05
6.63678e-05
1.1857e-05
6.2083e-05
1.1857e-05
6.29139e-05
6.13216e-05
1.1857e-05
1.1857e-05
6.12445e-05
1.91586e-05
1.1857e-05
1.1857e-05
1.89178e-05
1.1857e-05
1.1857e-05
1.1857e-05
1.1857e-05
1.32452e-05
1.1857e-05
1.1857e-05
2.84003e-05
2.91407e-05
1.1857e-05
1.1857e-05
1.18644e-05
1.1857e-05
5.55216e-05
1.1857e-05
1.1857e-05
5.45061e-05
1.1857e-05
5.6384e-05
5.66006e-05
1.1857e-05
4.97671e-05
1.1857e-05
5.20956e-05
1.1857e-05
5.88827e-05
1.1857e-05
1.1857e-05
1.1857e-05
5.80263e-05
6.00875e-05
5.36397e-05
5.54409e-05
1.1857e-05
1.1857e-05
1.1857e-05
1.1857e-05
5.37558e-05
1.1857e-05
1.1857e-05
1.1857e-05
1.1857e-05
1.1857e-05
1.1857e-05
5.67022e-05
5.12846e-05
5.13374e-05
5.77732e-05
5.09793e-05
5.21451e-05
1.1857e-05
1.1857e-05
6.13865e-05
1.1857e-05
5.06694e-05
5.79782e-05
5.45694e-05
1.1857e-05
1.1857e-05
5.75402e-05
1.1857e-05
5.33779e-05
1.1857e-05
5.62495e-05
5.51358e-05
1.1857e-05
1.27413e-05
1.1857e-05
1.1862e-05
1.1857e-05
1.1857e-05
1.1857e-05
1.1857e-05
2.7363e-05
2.44436e-05
1.1857e-05
1.1857e-05
1.18699e-05
1.1857e-05
1.26104e-05
1.1857e-05
1.1857e-05
1.1857e-05
2.63362e-05
3.02151e-05
5.17695e-05
1.1857e-05
1.1857e-05
1.1857e-05
5.60413e-05
1.1857e-05
5.2643e-05
5.37193e-05
1.1857e-05
1.18584e-05
1.1857e-05
1.18725e-05
1.1857e-05
1.19848e-05
1.1857e-05
1.19777e-05
1.18572e-05
1.1857e-05
1.18673e-05
1.1857e-05
1.18579e-05
1.1857e-05
1.26931e-05
1.1857e-05
1.27245e-05
1.1857e-05
1.1857e-05
1.1857e-05
1.1857e-05
1.1857e-05
1.1857e-05
1.1857e-05
1.1857e-05
1.18571e-05
1.1857e-05
1.18582e-05
1.1857e-05
1.18701e-05
1.19388e-05
1.1857e-05
1.31201e-05
1.1857e-05
1.1857e-05
4.95682e-05
2.03275e-05
3.56249e-05
3.56786e-05
1.1857e-05
1.1857e-05
2.04758e-05
4.6088e-05
2.04594e-05
1.1857e-05
1.1857e-05
1.31691e-05
1.1857e-05
1.91553e-05
1.1857e-05
1.20231e-05
1.1857e-05
1.18696e-05
1.18589e-05
1.18572e-05
1.1857e-05
1.1857e-05
1.1857e-05
1.1857e-05
1.1857e-05
1.1857e-05
1.1857e-05
1.1857e-05
1.19355e-05
1.1857e-05
1.2003e-05
1.18663e-05
1.1857e-05
1.1858e-05
1.1857e-05
1.1857e-05
1.18699e-05
1.1857e-05
1.20413e-05
1.18581e-05
1.1857e-05
1.1857e-05
1.20175e-05
1.1857e-05
1.18834e-05
1.18596e-05
1.1857e-05
1.18588e-05
1.1857e-05
1.1857e-05
1.20421e-05
1.1857e-05
1.18793e-05
1.20067e-05
1.18762e-05
1.18613e-05
1.1857e-05
1.1857e-05
1.1857e-05
1.2053e-05
1.1857e-05
1.1857e-05
1.20143e-05
1.18837e-05
1.18772e-05
1.1857e-05
1.1857e-05
1.18601e-05
1.18591e-05
1.1857e-05
1.2094e-05
1.1857e-05
1.18829e-05
1.20424e-05
1.1857e-05
1.18768e-05
1.1857e-05
1.1857e-05
1.20573e-05
1.1857e-05
1.18606e-05
1.18802e-05
1.20275e-05
1.1857e-05
1.1857e-05
1.1857e-05
1.1857e-05
1.18755e-05
1.18603e-05
1.1857e-05
1.18597e-05
1.1857e-05
1.21102e-05
1.18824e-05
1.1857e-05
1.20594e-05
1.1857e-05
1.1878e-05
1.1861e-05
1.1857e-05
1.1857e-05
1.1857e-05
1.18765e-05
1.1857e-05
1.19948e-05
1.1857e-05
1.18795e-05
1.1857e-05
1.18607e-05
1.1857e-05
1.186e-05
1.1857e-05
1.20423e-05
1.1857e-05
1.1993e-05
1.20626e-05
1.18779e-05
1.1857e-05
1.20086e-05
1.18763e-05
1.1857e-05
1.1857e-05
1.18613e-05
1.18829e-05
1.1857e-05
1.18607e-05
1.1857e-05
1.18622e-05
1.18611e-05
1.25315e-05
1.1857e-05
1.1857e-05
1.33894e-05
1.18572e-05
1.18573e-05
1.1857e-05
1.1857e-05
1.1857e-05
1.1857e-05
1.18574e-05
1.1857e-05
1.25544e-05
1.1857e-05
1.18571e-05
1.18574e-05
1.1857e-05
1.35146e-05
1.20598e-05
1.1857e-05
1.18574e-05
1.1857e-05
1.33381e-05
1.20144e-05
1.1857e-05
1.37028e-05
1.1857e-05
1.20031e-05
1.18575e-05
1.1857e-05
1.30867e-05
1.1857e-05
1.18575e-05
1.1857e-05
1.18575e-05
1.1857e-05
1.1857e-05
1.18856e-05
1.1857e-05
1.1857e-05
1.18847e-05
1.18576e-05
1.1857e-05
1.18575e-05
1.1857e-05
1.1857e-05
1.21895e-05
1.1857e-05
1.18575e-05
1.18576e-05
1.1857e-05
1.1857e-05
1.18846e-05
1.1857e-05
1.18862e-05
1.1857e-05
1.1857e-05
1.30381e-05
1.21135e-05
1.18576e-05
1.1857e-05
1.35533e-05
1.18612e-05
1.1857e-05
1.18575e-05
1.1857e-05
1.1857e-05
1.32146e-05
1.18907e-05
1.1857e-05
1.215e-05
1.1857e-05
1.18906e-05
1.1857e-05
1.18617e-05
1.1857e-05
1.34622e-05
1.1857e-05
1.18608e-05
1.21879e-05
1.1857e-05
1.19022e-05
1.1857e-05
1.18924e-05
1.1857e-05
1.1857e-05
1.30793e-05
1.1857e-05
1.19025e-05
1.19077e-05
1.1857e-05
1.1857e-05
1.18627e-05
1.31087e-05
1.18614e-05
1.1857e-05
1.22397e-05
1.1857e-05
1.1857e-05
1.19027e-05
1.18988e-05
1.1857e-05
1.18641e-05
1.22081e-05
1.18577e-05
1.1857e-05
1.1857e-05
1.18623e-05
1.22825e-05
1.1857e-05
1.1857e-05
1.18576e-05
1.23047e-05
1.1857e-05
1.19047e-05
1.1857e-05
1.1865e-05
1.18644e-05
1.18578e-05
1.19098e-05
1.1857e-05
1.1857e-05
1.18577e-05
1.18627e-05
1.1857e-05
1.34227e-05
1.18641e-05
1.19211e-05
1.1857e-05
1.1857e-05
1.35324e-05
1.1857e-05
1.3159e-05
1.1857e-05
1.18684e-05
1.1857e-05
1.18676e-05
1.1857e-05
1.32091e-05
1.1867e-05
1.1857e-05
1.18674e-05
1.1857e-05
1.41285e-05
1.1857e-05
1.1857e-05
1.39816e-05
1.36148e-05
1.1857e-05
1.43237e-05
1.1857e-05
1.41465e-05
1.1857e-05
1.1857e-05
1.48219e-05
1.3227e-05
1.1857e-05
1.1857e-05
1.49644e-05
1.43446e-05
1.1857e-05
1.30045e-05
1.1857e-05
1.2064e-05
1.1857e-05
1.18738e-05
1.20325e-05
1.1857e-05
1.1857e-05
1.46538e-05
1.3123e-05
1.1857e-05
1.1857e-05
1.18719e-05
1.1857e-05
1.1857e-05
1.20253e-05
1.20109e-05
1.1857e-05
1.18762e-05
1.1857e-05
1.1857e-05
1.18719e-05
1.1857e-05
1.1857e-05
1.18577e-05
1.29261e-05
1.1857e-05
1.26899e-05
1.2032e-05
1.87191e-05
1.1857e-05
1.18792e-05
1.1857e-05
1.1857e-05
1.27592e-05
1.80045e-05
1.1857e-05
1.19947e-05
1.1857e-05
1.1857e-05
1.1857e-05
1.79815e-05
1.1857e-05
1.1857e-05
1.1857e-05
1.18734e-05
1.75799e-05
1.1857e-05
1.1857e-05
1.1857e-05
1.18696e-05
1.19581e-05
1.1859e-05
1.1857e-05
1.1857e-05
1.18579e-05
1.18589e-05
1.1857e-05
1.18684e-05
1.1857e-05
1.27204e-05
1.1857e-05
1.1857e-05
1.18589e-05
1.1857e-05
1.23752e-05
1.1857e-05
1.25575e-05
1.1857e-05
1.1857e-05
1.18592e-05
1.19535e-05
1.18579e-05
1.1857e-05
1.1948e-05
1.18709e-05
1.1857e-05
1.18579e-05
1.1857e-05
1.1857e-05
1.19277e-05
1.1857e-05
1.18689e-05
1.1857e-05
1.1857e-05
1.23891e-05
1.1857e-05
1.1858e-05
1.1857e-05
1.1857e-05
1.18578e-05
1.65788e-05
1.1857e-05
1.1857e-05
1.24009e-05
1.18583e-05
1.23902e-05
1.1857e-05
1.1857e-05
1.19166e-05
1.1857e-05
1.1857e-05
1.18789e-05
1.1857e-05
1.1857e-05
1.1902e-05
1.57074e-05
1.1857e-05
1.1857e-05
1.1858e-05
1.18584e-05
1.1857e-05
1.18581e-05
1.1857e-05
1.1857e-05
1.20773e-05
1.1857e-05
1.18808e-05
1.1857e-05
1.1857e-05
1.1857e-05
1.51652e-05
1.1857e-05
1.1857e-05
1.18581e-05
1.18584e-05
1.20423e-05
1.1857e-05
1.2242e-05
1.18844e-05
1.1857e-05
1.46907e-05
1.1857e-05
1.1857e-05
1.36944e-05
1.1857e-05
1.18578e-05
1.18577e-05
1.1857e-05
1.1857e-05
1.2147e-05
1.20315e-05
1.1857e-05
1.1857e-05
1.18584e-05
1.1881e-05
1.1857e-05
1.4154e-05
1.1857e-05
1.1857e-05
1.18609e-05
1.1857e-05
1.18922e-05
1.32552e-05
1.1857e-05
1.18578e-05
1.1857e-05
1.1857e-05
1.20542e-05
1.1857e-05
1.18577e-05
1.19574e-05
1.1857e-05
4.34873e-05
1.1857e-05
1.1857e-05
1.1857e-05
1.97515e-05
3.63648e-05
3.78535e-05
3.81916e-05
1.1857e-05
1.1857e-05
3.65025e-05
3.72562e-05
1.1857e-05
1.1857e-05
2.29537e-05
1.1857e-05
4.56157e-05
3.93956e-05
1.1857e-05
1.1857e-05
1.1857e-05
1.1857e-05
1.1857e-05
3.83635e-05
1.1857e-05
1.1857e-05
1.1857e-05
2.1988e-05
4.25467e-05
1.1857e-05
1.1857e-05
3.78088e-05
1.1857e-05
1.1857e-05
4.78192e-05
4.05125e-05
4.83203e-05
1.1857e-05
3.71601e-05
4.34083e-05
2.22936e-05
4.3156e-05
4.41011e-05
4.40196e-05
3.76668e-05
2.66061e-05
1.1857e-05
4.198e-05
2.94283e-05
4.25807e-05
1.1857e-05
1.1857e-05
2.17515e-05
4.90165e-05
4.53113e-05
1.1857e-05
1.1857e-05
1.1857e-05
4.37993e-05
2.06845e-05
1.1857e-05
1.18583e-05
1.1857e-05
1.1857e-05
1.1857e-05
1.1857e-05
4.2255e-05
4.88318e-05
1.1857e-05
1.1857e-05
2.52396e-05
2.98938e-05
3.67575e-05
3.82605e-05
1.18608e-05
3.91972e-05
4.46865e-05
1.1857e-05
1.1857e-05
1.1857e-05
2.846e-05
1.1857e-05
1.1857e-05
1.1857e-05
1.1857e-05
2.94051e-05
1.1857e-05
1.30812e-05
1.31355e-05
1.1857e-05
1.1857e-05
1.18688e-05
1.1857e-05
1.19918e-05
1.99614e-05
1.1857e-05
2.31841e-05
1.1857e-05
2.47515e-05
2.71519e-05
1.1857e-05
1.1857e-05
1.18592e-05
1.1857e-05
1.1866e-05
3.82159e-05
1.1857e-05
4.0856e-05
1.1857e-05
1.18576e-05
1.1857e-05
2.6251e-05
1.1857e-05
1.1857e-05
4.2339e-05
4.7012e-05
1.1857e-05
1.1857e-05
1.1857e-05
1.18574e-05
1.18588e-05
2.77886e-05
2.75783e-05
1.1857e-05
1.1857e-05
1.1857e-05
2.26606e-05
2.23812e-05
1.1857e-05
1.18572e-05
1.1857e-05
1.1857e-05
1.1857e-05
1.1857e-05
1.1857e-05
1.1857e-05
1.1857e-05
1.1857e-05
1.1857e-05
1.1857e-05
1.1857e-05
1.1857e-05
1.1857e-05
1.1857e-05
1.1857e-05
1.1857e-05
1.1857e-05
1.1857e-05
1.1857e-05
1.1857e-05
1.1857e-05
1.1857e-05
1.1857e-05
1.1857e-05
1.1857e-05
1.1857e-05
1.1857e-05
1.1857e-05
1.1857e-05
1.1857e-05
1.18571e-05
1.1857e-05
1.1857e-05
1.1857e-05
1.1857e-05
1.1857e-05
1.1857e-05
1.1857e-05
1.1857e-05
1.1857e-05
1.1857e-05
1.1857e-05
1.1857e-05
1.1857e-05
1.1857e-05
1.18571e-05
1.18571e-05
1.1857e-05
1.1857e-05
1.1857e-05
1.1857e-05
1.1857e-05
1.1857e-05
1.1857e-05
1.1857e-05
1.1857e-05
1.1857e-05
1.1857e-05
1.1857e-05
1.1857e-05
1.1857e-05
1.1857e-05
1.1857e-05
1.1857e-05
1.1857e-05
1.1857e-05
1.1857e-05
1.1857e-05
1.1857e-05
1.1857e-05
1.1857e-05
1.1857e-05
1.1857e-05
1.1857e-05
1.1857e-05
1.1857e-05
1.1857e-05
1.1857e-05
1.1857e-05
1.1857e-05
1.1857e-05
1.1857e-05
3.81755e-05
1.1857e-05
3.84484e-05
1.1857e-05
1.1857e-05
1.1857e-05
1.18571e-05
1.1857e-05
1.18584e-05
4.47892e-05
1.1857e-05
1.1857e-05
4.49689e-05
1.18571e-05
1.18571e-05
1.1857e-05
1.1857e-05
1.1857e-05
1.18588e-05
1.1857e-05
4.23536e-05
1.1857e-05
3.87148e-05
1.18571e-05
1.18571e-05
1.1857e-05
1.1857e-05
1.1857e-05
1.1857e-05
1.1857e-05
3.82716e-05
4.78421e-05
1.1857e-05
1.1857e-05
4.17703e-05
4.36223e-05
1.1857e-05
1.18588e-05
1.1857e-05
1.1857e-05
1.1857e-05
4.3786e-05
4.86219e-05
2.03091e-05
1.99757e-05
2.01053e-05
1.1857e-05
4.99198e-05
4.70685e-05
1.1857e-05
1.1857e-05
1.89457e-05
2.16749e-05
1.1857e-05
2.00415e-05
2.0052e-05
1.1857e-05
1.1857e-05
2.00948e-05
1.1857e-05
1.89404e-05
1.1857e-05
2.10171e-05
2.06909e-05
1.83563e-05
1.1857e-05
2.25431e-05
2.43904e-05
1.1857e-05
1.1857e-05
1.1857e-05
1.75735e-05
1.1857e-05
1.1857e-05
2.25461e-05
2.46155e-05
1.18571e-05
1.18571e-05
1.18587e-05
1.1857e-05
1.1857e-05
2.5799e-05
2.33587e-05
1.1857e-05
1.1857e-05
1.1857e-05
1.1857e-05
1.1857e-05
1.18571e-05
1.1857e-05
1.1857e-05
1.1857e-05
1.1857e-05
1.1857e-05
1.1857e-05
1.18596e-05
1.1857e-05
1.1857e-05
1.1857e-05
1.5249e-05
1.1857e-05
1.1857e-05
1.18698e-05
1.57548e-05
2.14502e-05
2.19926e-05
1.18764e-05
1.1857e-05
1.1857e-05
1.51954e-05
1.18571e-05
1.18571e-05
1.1857e-05
2.15694e-05
1.1857e-05
1.1857e-05
1.1857e-05
2.15547e-05
1.1857e-05
1.1857e-05
2.24517e-05
2.21793e-05
2.2873e-05
2.39141e-05
1.1857e-05
1.1857e-05
1.54642e-05
1.1857e-05
1.18738e-05
1.1857e-05
1.1857e-05
1.1857e-05
1.1857e-05
1.1857e-05
1.19667e-05
1.1857e-05
1.1857e-05
1.1857e-05
1.1857e-05
1.1857e-05
1.1857e-05
1.1857e-05
1.1857e-05
1.1857e-05
1.1857e-05
1.18776e-05
1.1857e-05
1.1857e-05
1.19729e-05
1.18571e-05
1.18571e-05
1.1857e-05
1.1857e-05
1.1857e-05
1.1968e-05
1.18763e-05
1.18776e-05
1.1857e-05
1.18572e-05
1.18571e-05
1.1857e-05
1.1857e-05
1.18571e-05
1.18571e-05
1.1857e-05
1.1857e-05
1.18781e-05
1.1857e-05
1.1857e-05
1.19794e-05
1.1857e-05
1.19835e-05
1.1857e-05
3.12148e-05
1.1857e-05
2.96393e-05
1.1857e-05
1.1857e-05
1.20098e-05
1.1857e-05
4.77491e-05
5.05636e-05
1.1857e-05
1.1857e-05
1.1857e-05
4.43617e-05
4.59885e-05
1.1857e-05
1.1857e-05
1.20107e-05
1.1857e-05
1.18828e-05
1.1857e-05
1.1857e-05
1.18917e-05
1.1857e-05
1.1857e-05
1.18592e-05
1.1857e-05
1.1857e-05
1.1857e-05
1.1857e-05
1.18592e-05
1.18596e-05
1.18832e-05
1.1857e-05
1.1857e-05
1.1857e-05
1.1891e-05
1.1857e-05
1.18601e-05
1.1857e-05
1.1857e-05
1.1857e-05
1.20794e-05
1.1857e-05
1.1857e-05
1.2139e-05
1.1857e-05
1.1857e-05
1.18595e-05
1.1857e-05
1.18598e-05
1.1857e-05
1.20351e-05
1.20602e-05
1.18596e-05
1.1857e-05
1.30891e-05
1.1857e-05
1.1857e-05
1.1857e-05
1.18597e-05
1.1857e-05
1.31141e-05
1.20213e-05
1.33672e-05
1.1857e-05
1.35159e-05
1.1857e-05
1.1857e-05
1.1857e-05
1.31582e-05
1.18618e-05
1.31889e-05
1.1857e-05
1.18587e-05
1.1857e-05
1.1857e-05
1.32226e-05
1.1857e-05
1.1857e-05
1.1862e-05
1.18593e-05
1.18604e-05
1.31185e-05
1.1857e-05
1.1857e-05
1.18571e-05
1.1857e-05
1.1857e-05
1.1857e-05
1.18571e-05
1.1857e-05
1.18571e-05
1.18571e-05
1.18571e-05
1.1857e-05
1.1857e-05
1.1857e-05
1.1857e-05
1.1857e-05
1.1857e-05
1.1857e-05
1.1857e-05
1.1857e-05
1.1857e-05
1.1857e-05
1.1857e-05
1.1857e-05
1.18572e-05
1.18572e-05
1.1857e-05
1.1857e-05
1.1857e-05
1.1857e-05
1.1857e-05
1.1857e-05
1.1857e-05
1.1857e-05
1.18571e-05
1.18571e-05
1.1857e-05
1.1857e-05
1.1857e-05
1.1857e-05
1.1857e-05
1.1857e-05
1.18572e-05
1.1857e-05
1.1857e-05
1.18572e-05
1.1857e-05
1.1857e-05
1.1857e-05
1.1857e-05
1.18572e-05
1.18571e-05
1.1857e-05
1.1857e-05
1.1857e-05
1.1857e-05
1.1857e-05
1.1857e-05
1.1857e-05
1.61324e-05
1.1857e-05
1.18571e-05
1.1857e-05
1.1857e-05
1.1857e-05
2.93806e-05
1.1857e-05
2.63335e-05
1.1857e-05
4.21431e-05
1.1857e-05
1.1857e-05
5.00357e-05
4.85505e-05
1.1857e-05
1.6862e-05
1.1857e-05
1.1857e-05
1.1857e-05
1.1857e-05
1.1857e-05
1.1857e-05
1.1857e-05
1.1857e-05
1.1857e-05
1.1857e-05
1.62446e-05
1.1857e-05
1.1857e-05
1.1857e-05
1.1857e-05
1.1857e-05
1.1857e-05
1.1857e-05
1.1857e-05
1.1857e-05
1.1857e-05
1.1857e-05
1.1857e-05
1.1857e-05
1.1857e-05
1.61939e-05
1.1857e-05
1.1857e-05
1.1857e-05
1.1857e-05
1.1857e-05
1.1857e-05
1.1857e-05
1.1857e-05
1.18572e-05
1.1857e-05
1.1857e-05
1.95282e-05
1.1857e-05
1.1857e-05
1.1857e-05
1.1857e-05
1.1857e-05
1.71396e-05
1.1857e-05
1.84614e-05
1.82564e-05
1.1857e-05
1.62437e-05
1.1857e-05
1.18571e-05
1.18571e-05
1.1857e-05
1.1857e-05
1.80472e-05
1.1857e-05
1.86995e-05
1.18572e-05
1.18572e-05
1.1857e-05
1.1857e-05
1.73419e-05
1.18571e-05
1.18573e-05
1.18571e-05
1.18573e-05
1.1857e-05
1.1857e-05
1.1857e-05
1.1857e-05
1.79801e-05
1.18572e-05
1.18573e-05
1.1857e-05
1.1857e-05
1.72947e-05
1.18572e-05
1.18572e-05
1.1857e-05
1.1857e-05
1.1857e-05
1.1857e-05
1.18574e-05
1.18573e-05
1.1857e-05
1.1857e-05
1.1857e-05
1.1857e-05
1.1857e-05
1.1857e-05
1.1857e-05
1.1857e-05
5.09384e-05
4.98019e-05
4.60684e-05
1.1857e-05
4.54335e-05
1.1857e-05
1.1857e-05
3.06283e-05
3.11869e-05
1.1857e-05
1.1857e-05
3.33142e-05
1.1857e-05
2.91113e-05
2.82771e-05
1.1857e-05
1.1857e-05
5.17243e-05
4.51516e-05
4.32708e-05
1.1857e-05
1.1857e-05
4.95408e-05
5.03117e-05
1.1857e-05
4.63934e-05
1.1857e-05
5.13677e-05
1.1857e-05
1.1857e-05
5.00677e-05
1.1857e-05
4.62053e-05
1.1857e-05
4.46303e-05
1.1857e-05
1.1857e-05
1.1857e-05
1.2909e-05
1.18629e-05
1.1857e-05
1.1857e-05
1.1857e-05
1.1857e-05
2.77695e-05
2.63113e-05
1.1857e-05
1.18724e-05
1.1857e-05
1.26262e-05
1.1857e-05
1.1857e-05
1.1857e-05
2.78233e-05
2.99898e-05
1.29308e-05
1.1857e-05
1.18634e-05
1.1857e-05
1.1857e-05
1.1857e-05
1.1857e-05
2.81025e-05
2.60879e-05
1.1857e-05
1.1857e-05
1.18634e-05
1.1857e-05
1.26083e-05
1.1857e-05
1.1857e-05
1.1857e-05
1.1857e-05
1.1857e-05
3.19341e-05
2.74299e-05
1.1857e-05
1.27628e-05
1.1857e-05
1.18709e-05
1.1857e-05
1.1857e-05
1.1857e-05
1.1857e-05
2.64546e-05
3.01022e-05
1.1857e-05
1.1857e-05
1.1857e-05
1.18614e-05
1.18629e-05
1.1857e-05
1.1857e-05
1.1857e-05
1.1857e-05
1.28745e-05
1.25685e-05
1.1857e-05
1.1857e-05
1.1857e-05
1.1857e-05
1.1857e-05
1.1857e-05
2.87628e-05
2.85574e-05
2.52997e-05
2.53393e-05
1.1857e-05
1.1857e-05
5.83291e-05
1.1857e-05
5.81354e-05
1.1857e-05
1.1857e-05
1.1857e-05
1.1857e-05
1.1857e-05
1.1857e-05
1.1857e-05
3.70534e-05
1.18865e-05
3.64094e-05
1.55276e-05
1.36543e-05
3.0471e-05
1.18697e-05
1.1857e-05
1.1857e-05
1.1857e-05
1.1857e-05
1.1857e-05
1.1857e-05
1.1857e-05
1.1857e-05
2.98851e-05
4.99235e-05
5.20612e-05
5.6111e-05
6.06469e-05
5.29227e-05
5.85679e-05
5.06335e-05
4.88538e-05
6.07988e-05
5.66729e-05
5.80242e-05
5.263e-05
1.1857e-05
1.1857e-05
1.1857e-05
1.1857e-05
1.1857e-05
1.1857e-05
1.1857e-05
1.1857e-05
1.1857e-05
1.1857e-05
1.1857e-05
1.1857e-05
1.1857e-05
1.1857e-05
1.1857e-05
1.1857e-05
3.52863e-05
1.1857e-05
1.1857e-05
1.1857e-05
1.1857e-05
1.1857e-05
1.1857e-05
1.28073e-05
1.24278e-05
1.23789e-05
1.21853e-05
1.20629e-05
1.1857e-05
1.1857e-05
1.1857e-05
1.1857e-05
1.1857e-05
1.1857e-05
1.1857e-05
1.1857e-05
1.1857e-05
1.1857e-05
1.1857e-05
1.20409e-05
1.22226e-05
1.1857e-05
1.1857e-05
1.1857e-05
1.1857e-05
1.1857e-05
1.22407e-05
1.26458e-05
1.21065e-05
1.22941e-05
1.20944e-05
1.22116e-05
1.1857e-05
1.1857e-05
1.1857e-05
1.1857e-05
1.1857e-05
1.1857e-05
1.68143e-05
1.88058e-05
1.64582e-05
1.1857e-05
1.1857e-05
1.1857e-05
1.1857e-05
1.1857e-05
1.1857e-05
1.1857e-05
1.1857e-05
1.1857e-05
1.1857e-05
1.1857e-05
1.1857e-05
1.35932e-05
1.49219e-05
1.298e-05
1.35716e-05
1.25248e-05
1.1857e-05
1.1857e-05
1.1857e-05
1.1857e-05
1.1857e-05
1.19323e-05
1.19954e-05
1.18922e-05
1.19246e-05
1.18834e-05
1.20045e-05
1.19339e-05
1.1857e-05
1.1857e-05
1.1857e-05
1.1857e-05
1.1857e-05
1.1857e-05
1.1857e-05
1.1857e-05
1.1857e-05
1.1857e-05
1.1857e-05
1.1857e-05
1.1857e-05
1.1857e-05
1.1857e-05
1.1857e-05
1.19679e-05
1.19565e-05
1.19278e-05
1.1857e-05
1.1857e-05
1.1857e-05
1.1857e-05
1.1857e-05
1.1857e-05
1.1857e-05
1.1857e-05
1.34018e-05
1.48206e-05
1.26608e-05
1.33566e-05
1.26941e-05
1.31698e-05
1.1857e-05
1.1857e-05
1.1857e-05
1.18571e-05
1.18571e-05
1.1857e-05
1.1857e-05
1.1857e-05
1.1857e-05
1.1857e-05
1.18571e-05
1.18571e-05
1.18571e-05
1.18572e-05
1.18571e-05
1.1857e-05
1.1857e-05
1.1857e-05
1.1857e-05
1.1857e-05
1.1857e-05
1.1857e-05
1.1857e-05
1.1857e-05
1.1857e-05
1.1857e-05
1.1857e-05
1.19354e-05
1.19962e-05
1.1897e-05
1.19315e-05
1.189e-05
1.19056e-05
1.1857e-05
1.1857e-05
1.1857e-05
1.1857e-05
1.1857e-05
1.1857e-05
1.1857e-05
1.1857e-05
1.1857e-05
1.1857e-05
1.1857e-05
1.1857e-05
3.31761e-05
2.92187e-05
4.20425e-05
3.82875e-05
4.32653e-05
4.24435e-05
1.1857e-05
1.1857e-05
1.1857e-05
1.1857e-05
1.1857e-05
1.1857e-05
3.35678e-05
4.12457e-05
2.60108e-05
3.31978e-05
2.96076e-05
3.86769e-05
1.1857e-05
1.1857e-05
1.1857e-05
1.1857e-05
1.1857e-05
1.18571e-05
1.1857e-05
1.1857e-05
1.1857e-05
1.18571e-05
1.1857e-05
1.1857e-05
1.1857e-05
1.1857e-05
1.1857e-05
1.1857e-05
1.1857e-05
1.1857e-05
1.1857e-05
1.1857e-05
1.1857e-05
1.1857e-05
1.1857e-05
1.1857e-05
1.1857e-05
1.1857e-05
1.1857e-05
1.1857e-05
1.1857e-05
1.1857e-05
1.1857e-05
1.1857e-05
1.1857e-05
1.1857e-05
1.1857e-05
1.1857e-05
1.1857e-05
1.1857e-05
1.1857e-05
1.1857e-05
1.1857e-05
1.1857e-05
1.1857e-05
1.18571e-05
1.1857e-05
1.1857e-05
1.1857e-05
1.1857e-05
1.1868e-05
1.18637e-05
1.18828e-05
1.18763e-05
1.18848e-05
1.18821e-05
1.1857e-05
1.1857e-05
1.1857e-05
1.1857e-05
1.1857e-05
1.1857e-05
1.1857e-05
1.1857e-05
1.1857e-05
1.1857e-05
1.1857e-05
1.1857e-05
1.1857e-05
1.1857e-05
1.1857e-05
1.1857e-05
5.29825e-05
4.57139e-05
4.98299e-05
4.94644e-05
1.18592e-05
1.18621e-05
1.18649e-05
1.18688e-05
1.1857e-05
1.1857e-05
1.1857e-05
1.1857e-05
1.1857e-05
1.1858e-05
1.18578e-05
1.18591e-05
1.1859e-05
1.18602e-05
1.18571e-05
1.18571e-05
1.18571e-05
1.18571e-05
1.18571e-05
1.1857e-05
1.1857e-05
1.1857e-05
1.1857e-05
1.1857e-05
1.1857e-05
1.1857e-05
1.1857e-05
1.1857e-05
1.1857e-05
1.1857e-05
1.1857e-05
1.1857e-05
1.1857e-05
1.1857e-05
1.1857e-05
1.1857e-05
1.1857e-05
1.1857e-05
1.1857e-05
1.1857e-05
1.1857e-05
1.1857e-05
1.18584e-05
1.1858e-05
1.186e-05
1.18595e-05
1.18606e-05
1.18601e-05
1.1857e-05
1.1857e-05
1.1857e-05
1.1857e-05
1.1857e-05
1.1857e-05
1.20123e-05
1.19932e-05
1.19619e-05
1.19424e-05
1.1857e-05
1.1857e-05
1.1857e-05
1.1857e-05
1.1857e-05
1.1857e-05
1.1857e-05
1.1857e-05
1.1857e-05
1.1857e-05
1.1857e-05
1.1857e-05
1.1857e-05
1.1857e-05
1.1857e-05
1.1857e-05
1.1857e-05
1.1857e-05
1.18578e-05
1.18587e-05
1.18572e-05
1.18575e-05
1.18572e-05
1.18573e-05
2.38749e-05
1.80414e-05
2.00271e-05
1.1861e-05
1.18653e-05
1.18593e-05
1.18612e-05
1.18588e-05
1.1857e-05
1.1857e-05
1.1857e-05
1.1857e-05
1.1857e-05
1.1857e-05
1.1857e-05
1.1857e-05
1.3141e-05
1.25069e-05
1.227e-05
1.20604e-05
1.27707e-05
1.22067e-05
1.29734e-05
1.22844e-05
1.1857e-05
1.1857e-05
1.1857e-05
1.1857e-05
1.1857e-05
1.1857e-05
1.41726e-05
1.61932e-05
1.37782e-05
1.46618e-05
1.32082e-05
1.18576e-05
1.18573e-05
1.18587e-05
1.18578e-05
1.18583e-05
1.18575e-05
1.1857e-05
1.1857e-05
1.1857e-05
1.1857e-05
1.1857e-05
1.1857e-05
1.39304e-05
1.27517e-05
1.28991e-05
1.2403e-05
1.47603e-05
1.33623e-05
1.42653e-05
1.29012e-05
1.18844e-05
1.1876e-05
1.19139e-05
1.19022e-05
1.19109e-05
1.19105e-05
1.1857e-05
1.1857e-05
1.1884e-05
1.19169e-05
1.1943e-05
1.20418e-05
1.19119e-05
1.19983e-05
1.19086e-05
1.19973e-05
1.1857e-05
1.1857e-05
1.1857e-05
1.1857e-05
1.1857e-05
1.1857e-05
1.1857e-05
1.1857e-05
1.30193e-05
1.23975e-05
1.33878e-05
1.26265e-05
1.23617e-05
1.21615e-05
1.29378e-05
1.23107e-05
1.1857e-05
1.1857e-05
1.1857e-05
1.1857e-05
1.1857e-05
1.1857e-05
1.18749e-05
1.19014e-05
1.18671e-05
1.18793e-05
1.18826e-05
1.1909e-05
1.18748e-05
1.19e-05
3.10946e-05
2.47977e-05
3.38081e-05
2.64331e-05
3.31934e-05
2.66538e-05
3.19048e-05
2.49964e-05
1.1857e-05
1.1857e-05
1.1857e-05
1.1857e-05
1.1857e-05
1.1857e-05
1.1857e-05
1.1857e-05
1.1857e-05
1.1857e-05
1.1857e-05
1.1857e-05
1.1857e-05
1.18571e-05
1.1857e-05
1.1857e-05
1.1857e-05
1.1857e-05
1.1857e-05
1.43788e-05
1.65126e-05
1.35556e-05
1.45646e-05
1.357e-05
1.41511e-05
1.1857e-05
1.1857e-05
1.1857e-05
1.1857e-05
1.1857e-05
1.1857e-05
1.1857e-05
1.1857e-05
1.1857e-05
1.1857e-05
1.1857e-05
1.1857e-05
1.1857e-05
1.1857e-05
1.1857e-05
1.1857e-05
1.1857e-05
1.1857e-05
1.1857e-05
1.1857e-05
3.02386e-05
2.6547e-05
3.95672e-05
3.50356e-05
4.08815e-05
3.98368e-05
4.53042e-05
4.549e-05
5.48087e-05
5.19626e-05
5.29063e-05
4.89006e-05
4.57696e-05
4.60102e-05
5.60772e-05
5.24702e-05
5.29188e-05
4.91734e-05
5.30789e-05
4.15165e-05
4.92776e-05
4.54241e-05
5.58608e-05
4.64815e-05
1.1857e-05
1.1857e-05
1.1857e-05
1.1857e-05
1.1857e-05
1.1857e-05
3.6848e-05
2.80702e-05
2.47483e-05
2.13178e-05
3.17991e-05
2.39128e-05
1.1857e-05
1.1857e-05
1.1857e-05
1.1857e-05
1.1857e-05
1.1857e-05
1.1857e-05
1.1857e-05
1.1857e-05
1.1857e-05
1.1857e-05
1.1857e-05
1.1857e-05
1.1857e-05
1.1857e-05
1.1857e-05
1.1857e-05
1.1857e-05
1.1857e-05
1.1857e-05
1.1857e-05
1.1857e-05
1.1857e-05
4.31134e-05
3.58876e-05
3.27921e-05
2.91456e-05
3.90096e-05
3.16241e-05
4.57483e-05
5.48712e-05
4.50715e-05
5.23145e-05
1.1857e-05
1.1857e-05
1.1857e-05
1.1857e-05
1.1857e-05
1.1857e-05
3.23667e-05
3.94105e-05
2.72018e-05
3.07628e-05
2.71851e-05
3.02982e-05
1.1857e-05
1.1857e-05
1.1857e-05
1.1857e-05
1.1857e-05
1.1857e-05
5.25879e-05
4.93626e-05
6.12585e-05
5.87657e-05
5.88267e-05
5.38829e-05
2.5454e-05
3.25709e-05
2.25657e-05
2.68417e-05
2.00725e-05
1.1857e-05
1.1857e-05
1.1857e-05
1.1857e-05
1.1857e-05
1.1857e-05
4.78116e-05
4.65791e-05
5.79345e-05
5.3691e-05
5.49141e-05
5.01928e-05
4.44926e-05
5.76665e-05
5.03023e-05
5.9625e-05
4.92536e-05
5.76007e-05
2.5663e-05
3.26059e-05
2.07513e-05
2.40869e-05
1.96646e-05
2.16864e-05
1.19967e-05
1.19442e-05
1.21666e-05
1.20853e-05
1.21871e-05
1.21521e-05
1.1857e-05
1.1857e-05
1.1857e-05
1.1857e-05
1.1857e-05
1.1857e-05
1.1857e-05
1.1857e-05
1.1857e-05
1.1857e-05
1.1857e-05
1.1857e-05
1.1857e-05
5.38902e-05
5.05976e-05
4.47922e-05
5.6333e-05
5.11232e-05
1.1857e-05
1.1857e-05
1.20984e-05
1.20224e-05
1.1999e-05
4.68948e-05
4.70442e-05
5.79758e-05
5.41568e-05
5.46125e-05
5.05313e-05
1.1857e-05
1.1857e-05
1.1857e-05
1.1857e-05
1.1857e-05
1.1857e-05
1.1857e-05
1.1857e-05
4.82914e-05
4.72263e-05
5.49647e-05
5.27516e-05
5.40927e-05
5.00987e-05
1.18634e-05
1.1869e-05
1.18711e-05
1.18862e-05
1.18672e-05
1.18799e-05
1.1857e-05
1.1857e-05
1.1857e-05
1.1857e-05
1.1857e-05
1.30636e-05
1.4309e-05
1.19383e-05
1.19302e-05
1.20278e-05
1.20103e-05
1.21045e-05
1.20856e-05
1.1857e-05
1.1857e-05
1.1857e-05
1.1857e-05
1.1857e-05
1.1857e-05
1.1857e-05
1.1857e-05
1.1857e-05
1.1857e-05
1.1857e-05
1.1857e-05
1.1857e-05
1.1857e-05
1.1857e-05
1.1857e-05
1.1857e-05
1.1857e-05
1.1857e-05
1.1857e-05
1.1857e-05
1.1857e-05
1.1857e-05
1.1857e-05
1.1857e-05
1.1857e-05
1.1857e-05
1.1857e-05
1.1857e-05
1.1857e-05
1.1857e-05
1.22135e-05
1.21058e-05
1.2658e-05
1.2488e-05
1.26523e-05
1.26031e-05
1.19814e-05
1.21047e-05
1.19059e-05
1.19562e-05
1.18941e-05
1.18942e-05
1.1857e-05
1.1857e-05
1.1857e-05
1.1857e-05
1.1857e-05
1.1857e-05
1.1857e-05
1.1857e-05
1.1857e-05
1.1857e-05
1.1857e-05
1.1857e-05
1.1857e-05
1.1857e-05
1.1857e-05
1.1857e-05
1.18573e-05
1.18577e-05
1.18571e-05
1.18573e-05
1.18571e-05
1.18572e-05
1.18592e-05
1.18581e-05
1.18624e-05
1.186e-05
1.18613e-05
1.18588e-05
1.38052e-05
1.33118e-05
2.02422e-05
1.19019e-05
1.18938e-05
1.19566e-05
1.19393e-05
1.19876e-05
1.1857e-05
1.1857e-05
1.1857e-05
1.1857e-05
1.1857e-05
1.1857e-05
1.18572e-05
1.18577e-05
1.18581e-05
1.18592e-05
1.18576e-05
1.18586e-05
1.1857e-05
1.1857e-05
1.1857e-05
1.1857e-05
1.1946e-05
1.18893e-05
1.19575e-05
1.20413e-05
1.1857e-05
1.1857e-05
1.1857e-05
1.1857e-05
1.1857e-05
1.1857e-05
1.1857e-05
1.18571e-05
1.1857e-05
1.1857e-05
1.1857e-05
1.1857e-05
1.1857e-05
1.1857e-05
1.1857e-05
1.1857e-05
1.1857e-05
1.1857e-05
1.18571e-05
1.1857e-05
1.18571e-05
1.18571e-05
1.1857e-05
1.1857e-05
1.1857e-05
1.1857e-05
1.1857e-05
1.1857e-05
1.1857e-05
1.1857e-05
1.1857e-05
1.1857e-05
1.1857e-05
1.1857e-05
1.1857e-05
1.1857e-05
1.1857e-05
1.18571e-05
1.18571e-05
1.1857e-05
1.1857e-05
1.1857e-05
1.1857e-05
1.1857e-05
1.1857e-05
1.1857e-05
1.1857e-05
1.18571e-05
1.18571e-05
1.18571e-05
1.18571e-05
1.1857e-05
1.1857e-05
1.1857e-05
1.1857e-05
1.20602e-05
1.22645e-05
1.21846e-05
1.26417e-05
1.1857e-05
1.1857e-05
1.1857e-05
1.1857e-05
1.1857e-05
1.1857e-05
1.1857e-05
1.1857e-05
1.1857e-05
1.1857e-05
1.1857e-05
1.1857e-05
1.9529e-05
2.32214e-05
1.1857e-05
1.1857e-05
1.1857e-05
1.1857e-05
1.18578e-05
1.18578e-05
1.18575e-05
1.1857e-05
1.1857e-05
1.1857e-05
1.1857e-05
1.1857e-05
1.1857e-05
1.1857e-05
1.1857e-05
1.1857e-05
1.1857e-05
1.1857e-05
1.1857e-05
1.1857e-05
1.1857e-05
1.1857e-05
1.1857e-05
1.19285e-05
1.19099e-05
1.20034e-05
1.197e-05
1.19955e-05
1.19759e-05
1.1857e-05
1.18571e-05
1.18573e-05
1.18575e-05
1.18571e-05
1.18573e-05
1.18572e-05
1.18573e-05
1.18574e-05
1.18577e-05
1.18573e-05
1.18576e-05
1.18571e-05
1.18574e-05
1.18575e-05
1.1858e-05
1.18573e-05
1.18578e-05
1.18631e-05
1.18596e-05
1.187e-05
1.18629e-05
1.1857e-05
1.1857e-05
1.1857e-05
1.1857e-05
1.1857e-05
1.1857e-05
1.1857e-05
1.1857e-05
1.36269e-05
1.29232e-05
1.1857e-05
1.1857e-05
1.1857e-05
1.1857e-05
1.1857e-05
1.1857e-05
1.18574e-05
1.18571e-05
1.18579e-05
1.18573e-05
1.18588e-05
1.18591e-05
1.18577e-05
1.18574e-05
1.18584e-05
1.18579e-05
1.18578e-05
1.18576e-05
1.1857e-05
1.1857e-05
1.1857e-05
1.1857e-05
1.1857e-05
1.1857e-05
1.18634e-05
1.18592e-05
1.18769e-05
1.18672e-05
1.18711e-05
1.18622e-05
1.3229e-05
1.27498e-05
1.34866e-05
1.27162e-05
1.26181e-05
1.22311e-05
1.19229e-05
1.19926e-05
1.18847e-05
1.19172e-05
1.18789e-05
1.1888e-05
1.26871e-05
1.24689e-05
1.1857e-05
1.1857e-05
1.1857e-05
1.1857e-05
1.1857e-05
1.1857e-05
1.18576e-05
1.18572e-05
1.18583e-05
1.18574e-05
1.1857e-05
1.1857e-05
1.1857e-05
1.1857e-05
1.1857e-05
1.1857e-05
1.1857e-05
1.66094e-05
1.96146e-05
1.44801e-05
1.56108e-05
1.41545e-05
1.4883e-05
1.1857e-05
1.1857e-05
1.1857e-05
1.1857e-05
1.1857e-05
1.1857e-05
1.76119e-05
1.98298e-05
1.61831e-05
1.82836e-05
1.61574e-05
1.8425e-05
1.7894e-05
2.04344e-05
1.1857e-05
1.1857e-05
1.1857e-05
1.1857e-05
1.1857e-05
1.19809e-05
1.19003e-05
1.19126e-05
1.18816e-05
1.20226e-05
1.19408e-05
1.19864e-05
1.19118e-05
1.28774e-05
1.2383e-05
1.22721e-05
1.20715e-05
1.21484e-05
1.20208e-05
1.1857e-05
1.1857e-05
1.1857e-05
1.1857e-05
1.1857e-05
1.1857e-05
1.1857e-05
1.1857e-05
1.1857e-05
1.1857e-05
1.1857e-05
1.56658e-05
1.87417e-05
1.3762e-05
1.51196e-05
1.36602e-05
1.43846e-05
1.1857e-05
1.1857e-05
1.1857e-05
1.1857e-05
1.1857e-05
1.1857e-05
1.1857e-05
1.1857e-05
1.1857e-05
1.1857e-05
1.1857e-05
1.18787e-05
1.18684e-05
1.1865e-05
1.18614e-05
1.18734e-05
1.18645e-05
1.1857e-05
1.1857e-05
1.1857e-05
1.1857e-05
1.1857e-05
1.18855e-05
1.19249e-05
1.19563e-05
1.20453e-05
1.19128e-05
1.20049e-05
1.1857e-05
1.1857e-05
1.1857e-05
1.1857e-05
1.1857e-05
1.1857e-05
1.19166e-05
1.1978e-05
1.18835e-05
1.19085e-05
1.18792e-05
1.18797e-05
1.1857e-05
1.1857e-05
1.1857e-05
1.1857e-05
1.1857e-05
1.1857e-05
1.18687e-05
1.18791e-05
1.18648e-05
1.18742e-05
1.1857e-05
1.1857e-05
1.1857e-05
1.1857e-05
1.1857e-05
1.1857e-05
1.1857e-05
1.1857e-05
1.1857e-05
1.1857e-05
1.1857e-05
1.1857e-05
1.18643e-05
1.18726e-05
1.18612e-05
1.18638e-05
1.18606e-05
1.18621e-05
1.1857e-05
1.1857e-05
1.1857e-05
1.1857e-05
1.18571e-05
1.18572e-05
1.18572e-05
1.18575e-05
1.1857e-05
1.1857e-05
1.1857e-05
1.1857e-05
1.1857e-05
1.1857e-05
1.1857e-05
1.1857e-05
1.1857e-05
1.1857e-05
1.30989e-05
1.25515e-05
1.3258e-05
1.25454e-05
1.1857e-05
1.1857e-05
1.1857e-05
1.1857e-05
1.28481e-05
1.24253e-05
1.2368e-05
1.21464e-05
1.22021e-05
1.20383e-05
1.1857e-05
1.1857e-05
1.1857e-05
1.1857e-05
1.1857e-05
1.1857e-05
1.18573e-05
1.18576e-05
1.18571e-05
1.18572e-05
1.18572e-05
1.18575e-05
1.1857e-05
1.1857e-05
1.49922e-05
1.78309e-05
1.38352e-05
1.52392e-05
1.32275e-05
1.1857e-05
1.1857e-05
1.1857e-05
1.1857e-05
1.1857e-05
1.51127e-05
1.8139e-05
1.38582e-05
1.53563e-05
1.33e-05
1.1857e-05
1.1857e-05
1.1857e-05
1.1857e-05
1.1857e-05
1.1857e-05
1.1857e-05
1.1857e-05
1.1857e-05
1.1857e-05
1.1857e-05
1.1857e-05
1.1857e-05
1.1857e-05
1.1857e-05
1.1857e-05
1.24993e-05
1.23335e-05
1.31534e-05
1.29292e-05
1.309e-05
1.1857e-05
1.1857e-05
1.1857e-05
1.1857e-05
1.1857e-05
1.1857e-05
1.25836e-05
1.22755e-05
1.33017e-05
1.28996e-05
1.29876e-05
1.29771e-05
1.55151e-05
1.83639e-05
1.39013e-05
1.53026e-05
1.3723e-05
1.45878e-05
1.18577e-05
1.18586e-05
1.18577e-05
1.18584e-05
1.1857e-05
1.1857e-05
1.1857e-05
1.1857e-05
1.18587e-05
1.18583e-05
1.1857e-05
1.1857e-05
1.1857e-05
1.1857e-05
1.1857e-05
1.1857e-05
1.1857e-05
1.1857e-05
1.1857e-05
1.1857e-05
1.1857e-05
1.18572e-05
1.18571e-05
1.18575e-05
1.18573e-05
1.18574e-05
1.18572e-05
1.1857e-05
1.1857e-05
1.1857e-05
1.1857e-05
1.1857e-05
1.1857e-05
1.186e-05
1.18593e-05
1.1857e-05
1.1857e-05
1.1857e-05
1.1857e-05
1.1857e-05
1.1857e-05
1.18572e-05
1.18571e-05
1.18575e-05
1.18574e-05
1.18576e-05
1.18575e-05
1.18571e-05
1.18573e-05
1.1857e-05
1.18571e-05
1.1857e-05
1.1857e-05
1.36601e-05
1.27936e-05
1.30882e-05
1.28962e-05
1.1857e-05
1.1857e-05
1.1857e-05
1.1857e-05
1.1857e-05
1.1857e-05
1.1857e-05
1.1857e-05
1.18672e-05
1.1864e-05
1.18795e-05
1.18687e-05
1.1857e-05
1.1857e-05
1.1857e-05
1.1857e-05
1.1857e-05
1.1857e-05
1.1857e-05
1.1857e-05
1.1857e-05
1.1857e-05
1.1857e-05
1.1857e-05
1.1857e-05
1.1857e-05
1.1857e-05
1.1857e-05
1.1857e-05
1.1857e-05
3.02207e-05
2.85484e-05
3.18308e-05
2.93727e-05
2.99954e-05
2.61851e-05
2.78609e-05
2.57158e-05
1.1857e-05
1.1857e-05
1.1857e-05
1.1857e-05
1.1857e-05
1.1857e-05
1.1857e-05
1.1857e-05
1.1857e-05
1.1857e-05
1.1857e-05
1.1857e-05
1.1857e-05
1.1857e-05
1.1857e-05
1.1857e-05
1.1857e-05
1.1857e-05
1.186e-05
5.27711e-05
5.56668e-05
5.67614e-05
6.01678e-05
1.1857e-05
1.1857e-05
1.1857e-05
1.1857e-05
5.98926e-05
5.70769e-05
5.61782e-05
5.25154e-05
1.1857e-05
1.1857e-05
1.1857e-05
1.1857e-05
1.2287e-05
1.26347e-05
1.21094e-05
1.23626e-05
1.20044e-05
1.1857e-05
1.1857e-05
1.1857e-05
1.1857e-05
1.1857e-05
1.90229e-05
2.30434e-05
1.64101e-05
1.78974e-05
1.1857e-05
1.1857e-05
1.1857e-05
1.1857e-05
1.1857e-05
1.1857e-05
1.1857e-05
1.1857e-05
1.1857e-05
1.1857e-05
1.1857e-05
1.1857e-05
1.1857e-05
1.1857e-05
1.1857e-05
1.1857e-05
1.1857e-05
1.1857e-05
1.1857e-05
1.1857e-05
1.21108e-05
1.22168e-05
1.44975e-05
1.48799e-05
1.1857e-05
1.1857e-05
1.1857e-05
1.1857e-05
1.1857e-05
1.1857e-05
1.1857e-05
1.1857e-05
1.1857e-05
1.1857e-05
1.1857e-05
1.1857e-05
1.1857e-05
1.1857e-05
1.1857e-05
1.1857e-05
1.1857e-05
1.1857e-05
1.1857e-05
1.1857e-05
1.1857e-05
1.18745e-05
1.18602e-05
1.18609e-05
1.18602e-05
1.18605e-05
1.1857e-05
1.1857e-05
1.1857e-05
1.1857e-05
1.1857e-05
1.1857e-05
1.1857e-05
1.21347e-05
1.21955e-05
1.23189e-05
1.2325e-05
3.77974e-05
4.39373e-05
3.83826e-05
4.78634e-05
2.27686e-05
2.3815e-05
2.55868e-05
2.7404e-05
1.1857e-05
1.1857e-05
1.1857e-05
1.1857e-05
1.1857e-05
4.89413e-05
4.49337e-05
1.1857e-05
1.1857e-05
1.1857e-05
1.1857e-05
1.1857e-05
1.1857e-05
1.1857e-05
1.1857e-05
1.1857e-05
1.1857e-05
1.1857e-05
1.19102e-05
1.18906e-05
1.1884e-05
1.18716e-05
2.74266e-05
2.7223e-05
2.7499e-05
1.1857e-05
1.1857e-05
1.1857e-05
1.1857e-05
1.18571e-05
1.18571e-05
1.18571e-05
1.18571e-05
4.14226e-05
4.27528e-05
4.31452e-05
1.1857e-05
1.1857e-05
1.1857e-05
1.1857e-05
1.1857e-05
1.1857e-05
1.1857e-05
1.1857e-05
1.1857e-05
1.1857e-05
1.1857e-05
1.27995e-05
1.27642e-05
1.1857e-05
1.1857e-05
1.1857e-05
1.1857e-05
1.1857e-05
1.1857e-05
2.62374e-05
2.65756e-05
2.96585e-05
2.94321e-05
1.18746e-05
1.1857e-05
1.1857e-05
1.1857e-05
1.18591e-05
1.18613e-05
1.1857e-05
1.1857e-05
1.1857e-05
1.1857e-05
3.12698e-05
3.28412e-05
3.96428e-05
4.25274e-05
4.33214e-05
4.2726e-05
1.80674e-05
2.06618e-05
2.13067e-05
2.60422e-05
1.1857e-05
1.1857e-05
1.1857e-05
1.1857e-05
1.1857e-05
1.1857e-05
1.1857e-05
1.18571e-05
1.1857e-05
1.1857e-05
1.1857e-05
1.1857e-05
1.1857e-05
1.1857e-05
1.1857e-05
1.1857e-05
1.1857e-05
1.1857e-05
1.20613e-05
1.19743e-05
1.23065e-05
1.20888e-05
1.18621e-05
1.18653e-05
1.18601e-05
1.18619e-05
1.18594e-05
1.18602e-05
2.80302e-05
2.6237e-05
2.20619e-05
2.05325e-05
2.46784e-05
3.1528e-05
2.25693e-05
2.62186e-05
2.22578e-05
2.53082e-05
1.1857e-05
1.1857e-05
1.1857e-05
1.1857e-05
1.1857e-05
1.1857e-05
1.1857e-05
1.1857e-05
1.1857e-05
1.1857e-05
1.18579e-05
1.18576e-05
1.1859e-05
1.18585e-05
1.18584e-05
1.18583e-05
1.1857e-05
1.1857e-05
1.1857e-05
1.1857e-05
1.23848e-05
1.22595e-05
1.29545e-05
1.27897e-05
1.29931e-05
1.28733e-05
1.1857e-05
1.1857e-05
1.1857e-05
1.1857e-05
1.1857e-05
1.1857e-05
1.1857e-05
1.1857e-05
1.18573e-05
1.18574e-05
1.18576e-05
1.18577e-05
1.18578e-05
1.18579e-05
1.1857e-05
1.1857e-05
1.1857e-05
1.1857e-05
1.1857e-05
1.1857e-05
1.1857e-05
1.1857e-05
1.1857e-05
1.1857e-05
1.1857e-05
1.1857e-05
1.1857e-05
1.1857e-05
1.1857e-05
1.47923e-05
1.77911e-05
1.36685e-05
1.52045e-05
1.38158e-05
1.46195e-05
1.24693e-05
1.23175e-05
1.30848e-05
1.29115e-05
1.31015e-05
1.30377e-05
1.1857e-05
1.1857e-05
1.1857e-05
1.1857e-05
1.1857e-05
1.1857e-05
1.1857e-05
1.1857e-05
1.1857e-05
1.1857e-05
1.1857e-05
1.1857e-05
1.1857e-05
1.1857e-05
1.1857e-05
2.92949e-05
3.1706e-05
3.09193e-05
3.29746e-05
1.895e-05
2.45889e-05
1.73187e-05
1.96595e-05
2.1907e-05
2.72007e-05
1.96817e-05
2.53718e-05
1.1912e-05
1.1893e-05
1.18874e-05
1.18823e-05
1.1857e-05
1.1857e-05
1.1857e-05
1.1857e-05
1.18571e-05
1.1857e-05
1.1857e-05
1.1857e-05
1.18571e-05
1.1857e-05
1.1857e-05
1.1857e-05
1.1857e-05
1.1857e-05
1.1857e-05
1.1857e-05
1.1857e-05
1.1857e-05
1.1857e-05
1.1857e-05
1.1857e-05
1.18571e-05
1.1857e-05
1.18571e-05
1.1857e-05
1.1857e-05
1.1857e-05
1.1857e-05
1.1857e-05
1.1857e-05
1.1857e-05
1.1857e-05
1.25162e-05
1.27942e-05
1.25764e-05
1.29166e-05
1.1857e-05
1.1857e-05
1.1857e-05
1.1857e-05
1.55416e-05
1.46959e-05
1.56725e-05
1.50993e-05
1.55113e-05
1.81419e-05
1.70139e-05
1.73673e-05
1.74502e-05
1.84093e-05
2.03517e-05
2.03101e-05
2.4754e-05
2.46111e-05
1.18578e-05
1.18578e-05
1.18586e-05
1.1859e-05
1.18604e-05
1.18659e-05
1.18673e-05
1.22551e-05
1.21568e-05
1.25488e-05
1.22923e-05
1.18586e-05
1.1858e-05
1.18582e-05
1.18579e-05
1.3785e-05
1.33403e-05
1.33915e-05
1.32497e-05
1.1857e-05
1.1857e-05
1.1857e-05
1.1857e-05
1.1857e-05
1.1857e-05
1.1857e-05
1.1857e-05
1.1857e-05
1.1857e-05
1.1857e-05
1.1857e-05
1.1857e-05
1.1857e-05
1.1857e-05
1.1857e-05
1.1857e-05
1.1857e-05
1.1857e-05
1.1857e-05
1.18604e-05
1.18598e-05
1.18602e-05
1.18598e-05
1.18585e-05
1.18596e-05
1.18575e-05
1.18581e-05
1.18581e-05
1.18592e-05
1.18609e-05
1.18646e-05
1.18593e-05
1.18617e-05
1.18593e-05
1.18577e-05
1.18591e-05
1.18577e-05
1.23124e-05
1.25797e-05
1.2246e-05
1.24781e-05
1.1857e-05
1.1857e-05
1.1857e-05
1.1857e-05
1.1857e-05
1.1857e-05
1.1857e-05
1.1857e-05
1.18658e-05
1.1865e-05
1.18718e-05
1.18721e-05
1.1857e-05
1.1857e-05
6.06798e-05
5.91261e-05
1.1857e-05
1.1857e-05
1.1857e-05
1.1857e-05
1.1857e-05
1.1857e-05
1.1857e-05
1.1857e-05
1.1857e-05
1.1857e-05
1.1857e-05
1.1857e-05
1.1857e-05
1.1857e-05
1.1857e-05
1.1857e-05
1.1857e-05
1.1857e-05
1.1857e-05
1.1857e-05
1.1857e-05
1.1857e-05
1.1857e-05
1.1857e-05
1.1857e-05
1.1857e-05
1.1857e-05
1.18571e-05
1.18582e-05
1.18646e-05
1.19388e-05
1.25017e-05
1.6678e-05
3.10621e-05
6.30814e-05
7.00333e-05
6.32789e-05
6.46764e-05
6.5637e-05
6.57085e-05
6.55417e-05
6.68282e-05
6.64535e-05
6.52503e-05
6.31702e-05
5.96369e-05
6.02288e-05
6.05068e-05
5.95081e-05
6.46799e-05
6.7129e-05
2.87128e-05
1.51991e-05
1.23193e-05
1.19172e-05
1.18641e-05
1.18577e-05
1.18571e-05
1.1857e-05
1.1857e-05
1.1857e-05
1.1857e-05
1.1857e-05
1.1857e-05
1.1857e-05
1.1857e-05
1.1857e-05
1.1857e-05
3.0449e-05
1.57234e-05
1.23778e-05
1.19228e-05
1.18667e-05
1.18581e-05
1.18572e-05
1.1857e-05
1.1857e-05
1.1857e-05
1.1857e-05
1.1857e-05
1.1857e-05
1.1857e-05
1.1857e-05
1.1857e-05
1.1857e-05
3.54753e-05
1.61891e-05
1.23726e-05
1.19253e-05
1.18667e-05
1.18583e-05
1.18572e-05
1.1857e-05
1.1857e-05
1.1857e-05
1.1857e-05
1.1857e-05
1.1857e-05
1.1857e-05
1.1857e-05
1.1857e-05
1.1857e-05
3.18362e-05
1.68451e-05
1.25709e-05
1.19363e-05
1.18652e-05
1.18583e-05
1.18572e-05
1.1857e-05
1.1857e-05
1.1857e-05
1.1857e-05
1.1857e-05
1.1857e-05
1.1857e-05
1.1857e-05
1.1857e-05
1.1857e-05
3.03184e-05
1.61739e-05
1.23862e-05
1.19125e-05
1.18664e-05
1.18587e-05
1.18572e-05
1.1857e-05
1.1857e-05
1.1857e-05
1.1857e-05
1.1857e-05
1.1857e-05
1.1857e-05
1.1857e-05
1.1857e-05
1.1857e-05
3.13334e-05
1.6482e-05
1.25215e-05
1.19362e-05
1.18679e-05
1.18588e-05
1.18573e-05
1.1857e-05
1.1857e-05
1.1857e-05
1.1857e-05
1.1857e-05
1.1857e-05
1.1857e-05
1.1857e-05
1.1857e-05
1.1857e-05
3.27013e-05
1.61487e-05
1.26304e-05
1.19559e-05
1.18722e-05
1.1859e-05
1.18573e-05
1.1857e-05
1.1857e-05
1.1857e-05
1.1857e-05
1.1857e-05
1.1857e-05
1.1857e-05
1.1857e-05
1.1857e-05
1.1857e-05
3.6718e-05
1.63998e-05
1.27186e-05
1.1973e-05
1.18747e-05
1.18597e-05
1.18574e-05
1.18571e-05
1.1857e-05
1.1857e-05
1.1857e-05
1.1857e-05
1.1857e-05
1.1857e-05
1.1857e-05
1.1857e-05
1.1857e-05
3.65228e-05
1.83832e-05
1.29303e-05
1.20018e-05
1.18818e-05
1.18609e-05
1.18575e-05
1.1857e-05
1.1857e-05
1.1857e-05
1.1857e-05
1.1857e-05
1.1857e-05
1.1857e-05
1.1857e-05
1.1857e-05
1.1857e-05
4.15333e-05
1.92806e-05
1.33171e-05
1.2017e-05
1.18847e-05
1.18624e-05
1.18577e-05
1.1857e-05
1.1857e-05
1.1857e-05
1.1857e-05
1.1857e-05
1.1857e-05
1.1857e-05
1.1857e-05
1.1857e-05
1.1857e-05
4.03469e-05
2.11602e-05
1.41392e-05
1.22051e-05
1.18922e-05
1.18627e-05
1.18579e-05
1.18571e-05
1.1857e-05
1.1857e-05
1.1857e-05
1.1857e-05
1.1857e-05
1.1857e-05
1.1857e-05
1.1857e-05
1.1857e-05
3.88081e-05
2.24012e-05
1.38778e-05
1.22953e-05
1.19137e-05
1.18647e-05
1.1858e-05
1.18571e-05
1.1857e-05
1.1857e-05
1.1857e-05
1.1857e-05
1.1857e-05
1.1857e-05
1.1857e-05
1.1857e-05
1.1857e-05
4.04405e-05
2.39928e-05
1.44878e-05
1.2482e-05
1.19509e-05
1.18677e-05
1.18582e-05
1.18571e-05
1.1857e-05
1.1857e-05
1.1857e-05
1.1857e-05
1.1857e-05
1.1857e-05
1.1857e-05
1.1857e-05
1.1857e-05
4.42925e-05
2.45501e-05
1.48331e-05
1.24026e-05
1.19279e-05
1.18679e-05
1.18579e-05
1.1857e-05
1.1857e-05
1.1857e-05
1.1857e-05
1.1857e-05
1.1857e-05
1.1857e-05
1.1857e-05
1.1857e-05
1.1857e-05
4.08293e-05
2.11086e-05
1.56413e-05
1.24293e-05
1.19291e-05
1.18653e-05
1.18577e-05
1.1857e-05
1.1857e-05
1.1857e-05
1.1857e-05
1.1857e-05
1.1857e-05
1.1857e-05
1.1857e-05
1.1857e-05
1.1857e-05
3.96509e-05
2.1113e-05
1.47693e-05
1.23159e-05
1.19176e-05
1.18637e-05
1.18576e-05
1.1857e-05
1.1857e-05
1.1857e-05
1.1857e-05
1.1857e-05
1.1857e-05
1.1857e-05
1.1857e-05
1.1857e-05
1.1857e-05
3.80741e-05
2.02974e-05
1.38498e-05
1.22414e-05
1.19101e-05
1.18625e-05
1.18573e-05
1.1857e-05
1.1857e-05
1.1857e-05
1.1857e-05
1.1857e-05
1.1857e-05
1.1857e-05
1.1857e-05
1.1857e-05
1.1857e-05
3.71179e-05
1.97655e-05
1.34945e-05
1.20833e-05
1.18792e-05
1.18595e-05
1.18573e-05
1.1857e-05
1.1857e-05
1.1857e-05
1.1857e-05
1.1857e-05
1.1857e-05
1.1857e-05
1.1857e-05
1.1857e-05
1.1857e-05
1.1857e-05
6.22288e-05
2.60645e-05
1.46109e-05
1.22359e-05
1.18954e-05
1.18624e-05
1.18575e-05
1.1857e-05
1.1857e-05
1.1857e-05
1.1857e-05
1.1857e-05
1.1857e-05
1.1857e-05
1.1857e-05
1.1857e-05
1.1857e-05
1.1857e-05
1.1857e-05
1.1857e-05
1.1857e-05
1.1857e-05
1.1857e-05
1.1857e-05
1.1857e-05
1.1857e-05
1.1857e-05
1.1857e-05
1.1857e-05
1.1857e-05
1.1857e-05
1.1857e-05
1.1857e-05
1.1857e-05
1.1857e-05
1.1857e-05
1.1857e-05
1.1857e-05
6.11373e-05
1.1857e-05
1.1857e-05
1.1857e-05
1.1857e-05
1.1857e-05
1.1857e-05
1.1857e-05
1.1857e-05
1.1857e-05
1.1857e-05
1.1857e-05
1.18575e-05
1.18611e-05
1.19058e-05
1.22438e-05
1.51711e-05
2.579e-05
6.76889e-05
6.52231e-05
7.51816e-05
7.63898e-05
7.70228e-05
7.85577e-05
7.72264e-05
7.78523e-05
7.60944e-05
7.4603e-05
7.33988e-05
7.24191e-05
7.27532e-05
7.01266e-05
6.98797e-05
7.05627e-05
6.98194e-05
7.07098e-05
7.12973e-05
6.24833e-05
1.1857e-05
1.1857e-05
5.57265e-05
3.21487e-05
1.51553e-05
1.22504e-05
1.19114e-05
1.18628e-05
1.18579e-05
1.18571e-05
1.1857e-05
1.1857e-05
1.1857e-05
1.1857e-05
1.1857e-05
1.1857e-05
1.1857e-05
1.1857e-05
1.1857e-05
1.1857e-05
1.1857e-05
1.1857e-05
1.1857e-05
1.1857e-05
1.1857e-05
1.1857e-05
1.1857e-05
1.1857e-05
1.1857e-05
1.1857e-05
1.1857e-05
1.1857e-05
1.1857e-05
1.1857e-05
1.1857e-05
1.1857e-05
1.1857e-05
1.1857e-05
1.1857e-05
1.1857e-05
1.1857e-05
1.1857e-05
1.1857e-05
1.1857e-05
1.1857e-05
1.1857e-05
1.1857e-05
1.18571e-05
1.1858e-05
1.1869e-05
1.19413e-05
1.25297e-05
1.60893e-05
3.09296e-05
6.15326e-05
6.45732e-05
6.31955e-05
6.10273e-05
6.47889e-05
6.71353e-05
6.59877e-05
6.48949e-05
6.35879e-05
6.21128e-05
6.01169e-05
6.25649e-05
6.05826e-05
5.81965e-05
5.76588e-05
5.96508e-05
5.69301e-05
1.1857e-05
1.1857e-05
1.1857e-05
1.1857e-05
1.1857e-05
1.1857e-05
1.1857e-05
1.1857e-05
1.1857e-05
1.1857e-05
1.18571e-05
1.18583e-05
1.18655e-05
1.19167e-05
1.24671e-05
1.70078e-05
2.81562e-05
1.1857e-05
1.1857e-05
1.1857e-05
1.1857e-05
1.1857e-05
1.1857e-05
1.1857e-05
1.1857e-05
1.1857e-05
1.1857e-05
1.18572e-05
1.18582e-05
1.18651e-05
1.19224e-05
1.24748e-05
1.51038e-05
3.1362e-05
1.1857e-05
1.1857e-05
1.1857e-05
1.1857e-05
1.1857e-05
1.1857e-05
1.1857e-05
1.1857e-05
1.1857e-05
1.1857e-05
1.18572e-05
1.18585e-05
1.18654e-05
1.19185e-05
1.24029e-05
1.63633e-05
3.0721e-05
1.1857e-05
1.1857e-05
1.1857e-05
1.1857e-05
1.1857e-05
1.1857e-05
1.1857e-05
1.1857e-05
1.1857e-05
1.1857e-05
1.18572e-05
1.18586e-05
1.18658e-05
1.19318e-05
1.24141e-05
1.55087e-05
3.07084e-05
1.1857e-05
1.1857e-05
1.1857e-05
1.1857e-05
1.1857e-05
1.1857e-05
1.1857e-05
1.1857e-05
1.1857e-05
1.1857e-05
1.18573e-05
1.18585e-05
1.18672e-05
1.19115e-05
1.24097e-05
1.60899e-05
3.33223e-05
1.1857e-05
1.1857e-05
1.1857e-05
1.1857e-05
1.1857e-05
1.1857e-05
1.1857e-05
1.1857e-05
1.1857e-05
1.1857e-05
1.18574e-05
1.1859e-05
1.18686e-05
1.19528e-05
1.26386e-05
1.77335e-05
3.02989e-05
1.1857e-05
1.1857e-05
1.1857e-05
1.1857e-05
1.1857e-05
1.1857e-05
1.1857e-05
1.1857e-05
1.1857e-05
1.1857e-05
1.18574e-05
1.18598e-05
1.18722e-05
1.19607e-05
1.28253e-05
1.84041e-05
3.12368e-05
1.1857e-05
1.1857e-05
1.1857e-05
1.1857e-05
1.1857e-05
1.1857e-05
1.1857e-05
1.1857e-05
1.1857e-05
1.1857e-05
1.18575e-05
1.18603e-05
1.18779e-05
1.20089e-05
1.29692e-05
1.73203e-05
3.49668e-05
1.1857e-05
1.1857e-05
1.1857e-05
1.1857e-05
1.1857e-05
1.1857e-05
1.1857e-05
1.1857e-05
1.1857e-05
1.18571e-05
1.18577e-05
1.1862e-05
1.18897e-05
1.21001e-05
1.33053e-05
1.90555e-05
3.73741e-05
1.1857e-05
1.1857e-05
1.1857e-05
1.1857e-05
1.1857e-05
1.1857e-05
1.1857e-05
1.1857e-05
1.1857e-05
1.18571e-05
1.18578e-05
1.18645e-05
1.19091e-05
1.21188e-05
1.39617e-05
2.01512e-05
4.03057e-05
1.1857e-05
1.1857e-05
1.1857e-05
1.1857e-05
1.1857e-05
1.1857e-05
1.1857e-05
1.1857e-05
1.1857e-05
1.18571e-05
1.18579e-05
1.18645e-05
1.19126e-05
1.21793e-05
1.42569e-05
2.50564e-05
4.72477e-05
1.1857e-05
1.1857e-05
1.1857e-05
1.1857e-05
1.1857e-05
1.1857e-05
1.1857e-05
1.1857e-05
1.1857e-05
1.1857e-05
1.18582e-05
1.18664e-05
1.19383e-05
1.23787e-05
1.51975e-05
2.27536e-05
4.05437e-05
1.1857e-05
1.1857e-05
1.1857e-05
1.1857e-05
1.1857e-05
1.1857e-05
1.1857e-05
1.1857e-05
1.1857e-05
1.1857e-05
1.18576e-05
1.18666e-05
1.19442e-05
1.25412e-05
1.46871e-05
2.32414e-05
4.00207e-05
1.1857e-05
1.1857e-05
1.1857e-05
1.1857e-05
1.1857e-05
1.1857e-05
1.1857e-05
1.1857e-05
1.1857e-05
1.1857e-05
1.18577e-05
1.18652e-05
1.19309e-05
1.23785e-05
1.51418e-05
2.57135e-05
3.89267e-05
1.1857e-05
1.1857e-05
1.1857e-05
1.1857e-05
1.1857e-05
1.1857e-05
1.1857e-05
1.1857e-05
1.1857e-05
1.1857e-05
1.18576e-05
1.1864e-05
1.19199e-05
1.23385e-05
1.41907e-05
2.26649e-05
4.28356e-05
1.1857e-05
1.1857e-05
1.1857e-05
1.1857e-05
1.1857e-05
1.1857e-05
1.1857e-05
1.1857e-05
1.1857e-05
1.1857e-05
1.18574e-05
1.1862e-05
1.1918e-05
1.21923e-05
1.40711e-05
2.3658e-05
3.64274e-05
1.1857e-05
1.1857e-05
1.1857e-05
1.1857e-05
1.1857e-05
1.1857e-05
1.1857e-05
1.1857e-05
1.1857e-05
1.1857e-05
1.18573e-05
1.18594e-05
1.18807e-05
1.20648e-05
1.36295e-05
1.94726e-05
3.50406e-05
)
;

boundaryField
{
    sides
    {
        type            calculated;
        value           uniform 1.1857e-05;
    }
    top
    {
        type            calculated;
        value           uniform 1.1857e-05;
    }
    outlet
    {
        type            calculated;
        value           uniform 1.1857e-05;
    }
    bottom
    {
        type            calculated;
        value           uniform 1.1857e-05;
    }
    inlet
    {
        type            calculated;
        value           uniform 0.00011857;
    }
}


// ************************************************************************* //
