/*--------------------------------*- C++ -*----------------------------------*\
  =========                 |
  \\      /  F ield         | OpenFOAM: The Open Source CFD Toolbox
   \\    /   O peration     | Website:  https://openfoam.org
    \\  /    A nd           | Version:  6
     \\/     M anipulation  |
\*---------------------------------------------------------------------------*/
FoamFile
{
    version     2.0;
    format      ascii;
    class       volScalarField;
    location    "1.68";
    object      rho;
}
// * * * * * * * * * * * * * * * * * * * * * * * * * * * * * * * * * * * * * //

dimensions      [1 -3 0 0 0 0 0];

internalField   nonuniform List<scalar> 
10000
(
1.40001
1.40001
1.40001
1.40001
1.40001
1.40001
1.40001
1.40001
1.40001
1.40001
1.40001
1.40001
1.40001
1.40001
1.40001
1.40001
1.40001
1.40001
1.40001
1.40001
1.40001
1.40001
1.40001
1.40001
1.40001
1.40001
1.40001
1.40001
1.40001
1.40001
1.40001
1.40001
1.40001
1.40001
1.40001
1.40001
1.40001
1.40001
1.40001
1.40001
1.40001
1.40001
1.40001
1.40001
1.40001
1.40001
1.40001
1.40001
1.40001
1.40001
1.40001
1.40001
1.4
1.40001
1.4
1.40001
1.40001
1.40001
1.40001
1.40001
1.40001
1.40001
1.40001
1.40001
1.40001
1.40001
1.40001
1.40001
1.40001
1.40001
1.40001
1.40001
1.40001
1.40001
1.40001
1.40001
1.40001
1.40001
1.40001
1.40001
1.40001
1.40001
1.40001
1.40001
1.40001
1.40001
1.40001
1.40001
1.40001
1.40001
1.40001
1.40001
1.40001
1.40001
1.40001
1.40001
1.40001
1.40001
1.40001
1.40001
1.40001
1.40001
1.40001
1.40001
1.40001
1.40001
1.40001
1.40001
1.40001
1.40001
1.40001
1.40001
1.40001
1.40001
1.40001
1.40001
1.40001
1.40001
1.40001
1.40001
1.40001
1.40001
1.40001
1.40001
1.40001
1.40001
1.40001
1.40001
1.40001
1.40001
1.40001
1.40001
1.40001
1.40001
1.40001
1.40001
1.40001
1.40001
1.40001
1.40001
1.40001
1.40001
1.40001
1.40001
1.40001
1.40001
1.40001
1.40001
1.4
1.4
1.4
1.4
1.4
1.4
1.4
1.4
1.4
1.40001
1.40001
1.40001
1.40001
1.40001
1.40001
1.40001
1.40001
1.40001
1.40001
1.40001
1.40001
1.40001
1.40001
1.40001
1.40001
1.40001
1.40001
1.40001
1.40001
1.40001
1.40001
1.40001
1.40001
1.40001
1.40001
1.40001
1.40001
1.40001
1.40001
1.40001
1.40001
1.40001
1.40001
1.40001
1.40001
1.40001
1.40001
1.40001
1.40001
1.40001
1.40001
1.40001
1.40001
1.40001
1.40001
1.40001
1.40001
1.40001
1.40001
1.40001
1.40001
1.40001
1.40001
1.40001
1.40001
1.40001
1.40001
1.40001
1.40001
1.40001
1.40001
1.40001
1.40001
1.40001
1.40001
1.40001
1.40001
1.40001
1.40001
1.40001
1.40001
1.40001
1.40001
1.40001
1.4
1.40001
1.4
1.40001
1.40001
1.40001
1.40001
1.40001
1.40001
1.40001
1.40001
1.40001
1.40001
1.4
1.4
1.4
1.4
1.4
1.4
1.4
1.4
1.4
1.4
1.4
1.4
1.40001
1.40001
1.40001
1.40001
1.40001
1.40001
1.40001
1.40001
1.40001
1.40001
1.40001
1.40001
1.40001
1.40001
1.40001
1.40001
1.40001
1.40001
1.40001
1.40001
1.40001
1.40001
1.40001
1.40001
1.40001
1.40001
1.40001
1.40001
1.40001
1.40001
1.40001
1.40001
1.40001
1.40001
1.40001
1.40001
1.40001
1.40001
1.40001
1.40001
1.40001
1.40001
1.40001
1.40001
1.40001
1.40001
1.40001
1.40001
1.40001
1.40001
1.40001
1.40001
1.40001
1.40001
1.40001
1.40001
1.40001
1.40001
1.40001
1.40001
1.40001
1.40001
1.40001
1.40001
1.40001
1.40001
1.40001
1.40001
1.40001
1.40001
1.40001
1.40001
1.40001
1.4
1.40001
1.4
1.40001
1.40001
1.40001
1.40001
1.40001
1.40001
1.40001
1.40001
1.40001
1.40001
1.4
1.40001
1.4
1.4
1.4
1.4
1.4
1.4
1.4
1.4
1.4
1.4
1.4
1.4
1.40001
1.40001
1.40001
1.40001
1.40001
1.40001
1.40001
1.40001
1.40001
1.40001
1.40001
1.40001
1.40001
1.40001
1.40001
1.40001
1.40001
1.40001
1.40001
1.40001
1.40001
1.40001
1.40001
1.40001
1.40001
1.40001
1.40001
1.40001
1.40001
1.40001
1.40001
1.40001
1.40001
1.40001
1.40001
1.40001
1.40001
1.40001
1.40001
1.40001
1.40001
1.40001
1.40001
1.40001
1.40001
1.40001
1.40001
1.40001
1.40001
1.40001
1.40001
1.40001
1.40001
1.40001
1.40001
1.40001
1.40001
1.40001
1.40001
1.40001
1.40001
1.40001
1.40001
1.40001
1.40001
1.40001
1.40001
1.40001
1.40001
1.40001
1.40001
1.40001
1.40001
1.4
1.40001
1.4
1.40001
1.40001
1.40001
1.40001
1.40001
1.40001
1.4
1.40001
1.40001
1.40001
1.4
1.4
1.4
1.4
1.4
1.4
1.4
1.4
1.4
1.4
1.4
1.4
1.4
1.4
1.40001
1.40001
1.40001
1.40001
1.40001
1.40001
1.40001
1.40001
1.40001
1.40001
1.40001
1.40001
1.40001
1.40001
1.40001
1.40001
1.40001
1.40001
1.40001
1.40001
1.40001
1.40001
1.40001
1.40001
1.40001
1.40001
1.40001
1.40001
1.40001
1.40001
1.40001
1.40001
1.40001
1.40001
1.40001
1.40001
1.40001
1.40001
1.40001
1.40001
1.40001
1.40001
1.40001
1.40001
1.40001
1.40001
1.40001
1.40001
1.40001
1.40001
1.40001
1.40001
1.40001
1.40001
1.40001
1.40001
1.40001
1.40001
1.40001
1.40001
1.40001
1.40001
1.40001
1.40001
1.40001
1.40001
1.40001
1.40001
1.40001
1.40001
1.40001
1.40001
1.40001
1.4
1.40001
1.4
1.40001
1.40001
1.40001
1.40001
1.40001
1.40001
1.4
1.40001
1.4
1.40001
1.4
1.4
1.4
1.4
1.4
1.4
1.4
1.4
1.4
1.4
1.4
1.4
1.4
1.4
1.40001
1.40001
1.40001
1.40001
1.40001
1.40001
1.40001
1.40001
1.40001
1.40001
1.40001
1.40001
1.40001
1.40001
1.40001
1.40001
1.40001
1.40001
1.40001
1.40001
1.40001
1.40001
1.40001
1.40001
1.40001
1.40001
1.40001
1.40001
1.40001
1.40001
1.40001
1.40001
1.40001
1.40001
1.40001
1.40001
1.40001
1.40001
1.40001
1.40001
1.40001
1.40001
1.40001
1.40001
1.40001
1.40001
1.40001
1.40001
1.40001
1.40001
1.40001
1.40001
1.40001
1.40001
1.40001
1.40001
1.40001
1.40001
1.40001
1.40001
1.40001
1.40001
1.40001
1.40001
1.40001
1.40001
1.40001
1.40001
1.40001
1.40001
1.40001
1.40001
1.40001
1.40001
1.40001
1.4
1.40001
1.4
1.40001
1.40001
1.4
1.40001
1.4
1.40001
1.4
1.4
1.4
1.4
1.4
1.4
1.4
1.4
1.4
1.4
1.4
1.4
1.4
1.4
1.4
1.4
1.40001
1.40001
1.40001
1.40001
1.40001
1.40001
1.40001
1.40001
1.40001
1.40001
1.40001
1.40001
1.40001
1.40001
1.40001
1.40001
1.40001
1.40001
1.40001
1.40001
1.40001
1.40001
1.40001
1.40001
1.40001
1.40001
1.40001
1.40001
1.40001
1.40001
1.40001
1.40001
1.40001
1.40001
1.40001
1.40001
1.40001
1.40001
1.40001
1.40001
1.40001
1.40001
1.40001
1.40001
1.40001
1.40001
1.40001
1.40001
1.40001
1.40001
1.40001
1.40001
1.40001
1.40001
1.40001
1.40001
1.40001
1.40001
1.40001
1.40001
1.40001
1.40001
1.40001
1.40001
1.40001
1.40001
1.40001
1.40001
1.40001
1.40001
1.40001
1.40001
1.40001
1.40001
1.40001
1.40001
1.40001
1.40001
1.40001
1.40001
1.4
1.40001
1.4
1.40001
1.4
1.4
1.4
1.4
1.4
1.4
1.4
1.4
1.4
1.4
1.4
1.4
1.4
1.4
1.4
1.4
1.40001
1.40001
1.40001
1.40001
1.40001
1.40001
1.40001
1.40001
1.40001
1.40001
1.40001
1.40001
1.40001
1.40001
1.40001
1.40001
1.40001
1.40001
1.40001
1.40001
1.40001
1.40001
1.40001
1.40001
1.40001
1.40001
1.40001
1.40001
1.40001
1.40001
1.40001
1.40001
1.40001
1.40001
1.40001
1.40001
1.40001
1.40001
1.40001
1.40001
1.40001
1.40001
1.40001
1.40001
1.40001
1.40001
1.40001
1.40001
1.40001
1.40001
1.40001
1.40001
1.40001
1.40001
1.40001
1.40001
1.40001
1.40001
1.40001
1.40001
1.40001
1.40001
1.40001
1.40001
1.40001
1.40001
1.40001
1.40001
1.40001
1.4
1.40001
1.4
1.40001
1.4
1.40001
1.40001
1.40001
1.40001
1.40001
1.40001
1.4
1.40001
1.4
1.4
1.4
1.4
1.4
1.4
1.4
1.4
1.4
1.4
1.4
1.39999
1.39999
1.39999
1.39999
1.4
1.4
1.4
1.40001
1.40001
1.40001
1.40001
1.40002
1.40002
1.40002
1.40002
1.40001
1.40001
1.40001
1.40001
1.40001
1.40001
1.40001
1.40001
1.40001
1.40001
1.40001
1.40001
1.40001
1.40001
1.40001
1.40001
1.40001
1.40001
1.40001
1.40001
1.40001
1.40001
1.40001
1.40001
1.40001
1.40001
1.40001
1.40001
1.40001
1.40001
1.40001
1.40001
1.40001
1.40001
1.40001
1.40001
1.40001
1.40001
1.40001
1.40001
1.40001
1.40001
1.40001
1.40001
1.40001
1.40001
1.40001
1.40001
1.40001
1.40001
1.40001
1.40001
1.40001
1.40001
1.40001
1.40001
1.40001
1.40001
1.40001
1.4
1.40001
1.4
1.40001
1.4
1.40001
1.4
1.40001
1.40001
1.4
1.40001
1.4
1.40001
1.4
1.4
1.4
1.4
1.4
1.4
1.4
1.4
1.4
1.4
1.4
1.39999
1.39999
1.39999
1.39999
1.39999
1.39999
1.39999
1.4
1.4
1.40001
1.40001
1.40002
1.40002
1.40002
1.40002
1.40002
1.40002
1.40002
1.40002
1.40001
1.40001
1.40001
1.40001
1.40001
1.40001
1.40001
1.40001
1.40001
1.40001
1.40001
1.40001
1.40001
1.40001
1.40001
1.40001
1.40001
1.40001
1.40001
1.40001
1.40001
1.40001
1.40001
1.40001
1.40001
1.40001
1.40001
1.40001
1.40001
1.40001
1.40001
1.40001
1.40001
1.40001
1.40001
1.40001
1.40001
1.40001
1.40001
1.40001
1.40001
1.40001
1.40001
1.40001
1.40001
1.40001
1.40001
1.40001
1.40001
1.40001
1.40001
1.40001
1.40001
1.4
1.40001
1.4
1.40001
1.4
1.40001
1.4
1.40001
1.4
1.40001
1.4
1.40001
1.40001
1.4
1.40001
1.4
1.40001
1.4
1.40001
1.4
1.4
1.4
1.4
1.4
1.4
1.4
1.39999
1.39999
1.39999
1.39998
1.39998
1.39998
1.39998
1.39998
1.39998
1.39999
1.4
1.40001
1.40002
1.40002
1.40003
1.40003
1.40003
1.40003
1.40003
1.40003
1.40002
1.40002
1.40002
1.40001
1.40001
1.40001
1.40001
1.40001
1.40001
1.40001
1.40001
1.40001
1.40001
1.40001
1.40001
1.40001
1.40001
1.40001
1.40001
1.40001
1.40001
1.40001
1.40001
1.40001
1.40001
1.40001
1.40001
1.40001
1.40001
1.40001
1.40001
1.40001
1.40001
1.40001
1.40001
1.40001
1.40001
1.40001
1.40001
1.40001
1.40001
1.40001
1.40001
1.40001
1.40001
1.40001
1.40001
1.40001
1.40001
1.40001
1.40001
1.40001
1.4
1.40001
1.4
1.40001
1.4
1.40001
1.4
1.40001
1.4
1.40001
1.4
1.40001
1.4
1.40001
1.40001
1.4
1.40001
1.4
1.40001
1.40001
1.40001
1.4
1.4
1.4
1.4
1.4
1.4
1.39999
1.39999
1.39998
1.39997
1.39997
1.39996
1.39996
1.39996
1.39996
1.39997
1.39998
1.4
1.40001
1.40002
1.40004
1.40004
1.40005
1.40005
1.40005
1.40005
1.40004
1.40003
1.40003
1.40002
1.40002
1.40001
1.40001
1.40001
1.40001
1.40001
1.40001
1.40001
1.40001
1.40001
1.40001
1.40001
1.40001
1.40001
1.40001
1.40001
1.40001
1.40001
1.40001
1.40001
1.40001
1.40001
1.40001
1.40001
1.40001
1.40001
1.40001
1.40001
1.40001
1.40001
1.40001
1.40001
1.40001
1.40001
1.40001
1.40001
1.40001
1.40001
1.40001
1.40001
1.40001
1.40001
1.40001
1.40001
1.40001
1.40001
1.40001
1.40001
1.40001
1.4
1.40001
1.4
1.40001
1.4
1.40001
1.4
1.40001
1.4
1.40001
1.40001
1.40001
1.40001
1.40001
1.40001
1.40001
1.40001
1.4
1.40001
1.40001
1.40001
1.4
1.4
1.4
1.4
1.4
1.39999
1.39999
1.39998
1.39997
1.39996
1.39995
1.39994
1.39994
1.39994
1.39994
1.39996
1.39997
1.39999
1.40001
1.40003
1.40005
1.40007
1.40007
1.40008
1.40007
1.40007
1.40006
1.40005
1.40004
1.40003
1.40002
1.40002
1.40001
1.40001
1.40001
1.40001
1.40001
1.40001
1.40001
1.4
1.4
1.4
1.4
1.40001
1.40001
1.40001
1.40001
1.40001
1.40001
1.40001
1.40001
1.40001
1.40001
1.40001
1.40001
1.40001
1.40001
1.40001
1.40001
1.40001
1.40001
1.40001
1.40001
1.40001
1.40001
1.40001
1.40001
1.40001
1.40001
1.40001
1.40001
1.40001
1.40001
1.40001
1.40001
1.40001
1.40001
1.4
1.40001
1.4
1.40001
1.4
1.40001
1.40001
1.40001
1.4
1.40001
1.40001
1.4
1.40001
1.4
1.40001
1.40001
1.40001
1.40001
1.4
1.40001
1.40001
1.40001
1.40001
1.4
1.4
1.4
1.4
1.39999
1.39999
1.39998
1.39997
1.39995
1.39994
1.39992
1.39991
1.39991
1.39991
1.39992
1.39993
1.39996
1.39999
1.40002
1.40005
1.40008
1.4001
1.40011
1.40011
1.40011
1.4001
1.40009
1.40007
1.40006
1.40004
1.40003
1.40002
1.40002
1.40001
1.40001
1.40001
1.40001
1.40001
1.4
1.4
1.4
1.4
1.4
1.4
1.40001
1.40001
1.40001
1.40001
1.40001
1.40001
1.40001
1.40001
1.40001
1.40001
1.40001
1.40001
1.40001
1.40001
1.40001
1.40001
1.40001
1.40001
1.40001
1.40001
1.40001
1.40001
1.40001
1.40001
1.40001
1.40001
1.40001
1.40001
1.40001
1.40001
1.40001
1.40001
1.40001
1.4
1.40001
1.4
1.40001
1.40001
1.40001
1.40001
1.40001
1.4
1.40001
1.40001
1.4
1.40001
1.40001
1.40001
1.40001
1.40001
1.4
1.40001
1.40001
1.40001
1.40001
1.40001
1.40001
1.4
1.4
1.4
1.39999
1.39998
1.39997
1.39995
1.39993
1.39991
1.39989
1.39987
1.39987
1.39987
1.39988
1.39991
1.39995
1.39999
1.40004
1.40008
1.40012
1.40014
1.40016
1.40016
1.40016
1.40014
1.40012
1.4001
1.40008
1.40006
1.40004
1.40003
1.40002
1.40001
1.40001
1.40001
1.40001
1.4
1.4
1.4
1.4
1.4
1.4
1.4
1.4
1.40001
1.40001
1.40001
1.40001
1.40001
1.40001
1.40001
1.40001
1.40001
1.40001
1.40001
1.40001
1.40001
1.40001
1.40001
1.40001
1.40001
1.40001
1.40001
1.40001
1.40001
1.40001
1.40001
1.40001
1.40001
1.40001
1.40001
1.40001
1.40001
1.40001
1.40001
1.40001
1.4
1.40001
1.4
1.40001
1.40001
1.4
1.40001
1.4
1.40001
1.4
1.40001
1.40001
1.4
1.40001
1.4
1.40001
1.40001
1.40001
1.40001
1.40001
1.40001
1.40001
1.40001
1.40001
1.4
1.4
1.4
1.39999
1.39997
1.39995
1.39993
1.3999
1.39987
1.39984
1.39982
1.39981
1.39982
1.39984
1.39988
1.39994
1.4
1.40007
1.40013
1.40018
1.40022
1.40024
1.40024
1.40023
1.4002
1.40018
1.40014
1.40011
1.40008
1.40006
1.40004
1.40003
1.40002
1.40001
1.40001
1.40001
1.4
1.4
1.4
1.4
1.4
1.4
1.4
1.4
1.4
1.40001
1.40001
1.40001
1.40001
1.40001
1.40001
1.40001
1.40001
1.40001
1.40001
1.40001
1.40001
1.40001
1.40001
1.40001
1.40001
1.40001
1.40001
1.40001
1.40001
1.40001
1.40001
1.40001
1.40001
1.40001
1.40001
1.40001
1.40001
1.40001
1.40001
1.40001
1.4
1.40001
1.40001
1.4
1.40001
1.4
1.40001
1.40001
1.40001
1.40001
1.40001
1.4
1.40001
1.4
1.40001
1.40001
1.40001
1.40001
1.40001
1.40001
1.40001
1.40001
1.40001
1.40001
1.40001
1.4
1.39999
1.39998
1.39996
1.39993
1.3999
1.39986
1.39982
1.39979
1.39976
1.39976
1.39977
1.39981
1.39987
1.39995
1.40004
1.40013
1.40021
1.40028
1.40032
1.40035
1.40035
1.40033
1.40029
1.40025
1.4002
1.40015
1.40011
1.40008
1.40005
1.40003
1.40002
1.40001
1.40001
1.4
1.4
1.4
1.4
1.4
1.4
1.4
1.4
1.4
1.4
1.40001
1.40001
1.40001
1.40001
1.40001
1.40001
1.40001
1.40001
1.40001
1.40001
1.40001
1.40001
1.40001
1.40001
1.40001
1.40001
1.40001
1.40001
1.40001
1.40001
1.40001
1.40001
1.40001
1.40001
1.40001
1.40001
1.40001
1.40001
1.40001
1.40001
1.40001
1.40001
1.40001
1.40001
1.4
1.40001
1.4
1.40001
1.40001
1.40001
1.40001
1.4
1.40001
1.4
1.40001
1.40001
1.40001
1.4
1.40001
1.40001
1.40001
1.40001
1.40001
1.40001
1.40001
1.40001
1.4
1.39999
1.39998
1.39995
1.39991
1.39987
1.39982
1.39977
1.39973
1.3997
1.3997
1.39973
1.39979
1.39988
1.39999
1.40012
1.40024
1.40035
1.40043
1.40049
1.40051
1.4005
1.40047
1.40041
1.40035
1.40028
1.40021
1.40015
1.4001
1.40007
1.40004
1.40002
1.40001
1.40001
1.4
1.4
1.4
1.4
1.4
1.4
1.4
1.4
1.4
1.4
1.4
1.40001
1.40001
1.40001
1.40001
1.40001
1.40001
1.40001
1.40001
1.40001
1.40001
1.40001
1.40001
1.40001
1.40001
1.40001
1.40001
1.40001
1.40001
1.40001
1.40001
1.40001
1.40001
1.40001
1.40001
1.40001
1.40001
1.40001
1.40001
1.40001
1.40001
1.40001
1.40001
1.40001
1.4
1.40001
1.4
1.40001
1.40001
1.40001
1.4
1.40001
1.4
1.40001
1.4
1.40001
1.40001
1.40001
1.40001
1.40001
1.40001
1.40001
1.40001
1.40001
1.40001
1.40001
1.40001
1.39999
1.39997
1.39994
1.39989
1.39983
1.39977
1.39971
1.39967
1.39965
1.39967
1.39972
1.39982
1.39996
1.40012
1.40029
1.40045
1.40059
1.40069
1.40075
1.40076
1.40073
1.40067
1.40058
1.40048
1.40038
1.40028
1.4002
1.40013
1.40008
1.40005
1.40002
1.40001
1.4
1.4
1.4
1.4
1.4
1.4
1.4
1.4
1.4
1.4
1.4
1.4
1.4
1.40001
1.40001
1.40001
1.40001
1.40001
1.40001
1.40001
1.40001
1.40001
1.40001
1.40001
1.40001
1.40001
1.40001
1.40001
1.40001
1.40001
1.40001
1.40001
1.40001
1.40001
1.40001
1.40001
1.40001
1.40001
1.40001
1.40001
1.40001
1.40001
1.40001
1.4
1.40001
1.4
1.40001
1.4
1.40001
1.4
1.40001
1.4
1.40001
1.40001
1.40001
1.40001
1.40001
1.40001
1.40001
1.40001
1.40001
1.40001
1.40001
1.40002
1.40002
1.40002
1.40002
1.40001
1.4
1.39997
1.39993
1.39987
1.3998
1.39973
1.39967
1.39964
1.39964
1.39969
1.3998
1.39996
1.40016
1.40039
1.40062
1.40083
1.401
1.40112
1.40116
1.40115
1.40108
1.40096
1.40082
1.40066
1.40052
1.40038
1.40026
1.40017
1.4001
1.40005
1.40002
1.40001
1.4
1.39999
1.39999
1.4
1.4
1.4
1.4
1.4
1.4
1.4
1.4
1.4
1.4
1.40001
1.40001
1.40001
1.40001
1.40001
1.40001
1.40001
1.40001
1.40001
1.40001
1.40001
1.40001
1.40001
1.40001
1.40001
1.40001
1.40001
1.40001
1.40001
1.40001
1.40001
1.40001
1.40001
1.40001
1.40001
1.40001
1.40001
1.40001
1.40001
1.40001
1.40001
1.40001
1.40001
1.4
1.40001
1.4
1.40001
1.40001
1.4
1.40001
1.4
1.40001
1.40001
1.40001
1.40001
1.40001
1.40001
1.40001
1.40001
1.40002
1.40002
1.40003
1.40003
1.40003
1.40003
1.40001
1.39998
1.39993
1.39986
1.39979
1.39972
1.39966
1.39966
1.39971
1.39983
1.40002
1.40028
1.40059
1.40092
1.40123
1.4015
1.4017
1.40181
1.40182
1.40174
1.40159
1.40139
1.40116
1.40093
1.4007
1.40051
1.40035
1.40022
1.40012
1.40006
1.40002
1.4
1.39999
1.39999
1.39999
1.39999
1.39999
1.4
1.4
1.4
1.4
1.4
1.4
1.4
1.4
1.4
1.40001
1.40001
1.40001
1.40001
1.40001
1.40001
1.40001
1.40001
1.40001
1.40001
1.40001
1.40001
1.40001
1.40001
1.40001
1.40001
1.40001
1.40001
1.40001
1.40001
1.40001
1.40001
1.40001
1.40001
1.40001
1.40001
1.40001
1.40001
1.40001
1.40001
1.40001
1.4
1.40001
1.40001
1.4
1.40001
1.4
1.4
1.40001
1.4
1.40001
1.4
1.40001
1.40001
1.40001
1.40001
1.40001
1.40002
1.40002
1.40003
1.40004
1.40005
1.40005
1.40005
1.40003
1.39999
1.39994
1.39987
1.3998
1.39974
1.39973
1.39978
1.39993
1.40017
1.40051
1.40093
1.40139
1.40186
1.40229
1.40263
1.40285
1.40293
1.40286
1.40267
1.40239
1.40204
1.40167
1.4013
1.40097
1.40069
1.40045
1.40028
1.40015
1.40006
1.40001
1.39999
1.39997
1.39997
1.39998
1.39998
1.39999
1.39999
1.4
1.4
1.4
1.4
1.4
1.4
1.4
1.4
1.40001
1.40001
1.40001
1.40001
1.40001
1.40001
1.40001
1.40001
1.40001
1.40001
1.40001
1.40001
1.40001
1.40001
1.40001
1.40001
1.40001
1.40001
1.40001
1.40001
1.40001
1.40001
1.40001
1.40001
1.40001
1.40001
1.40001
1.40001
1.40001
1.40001
1.4
1.40001
1.40001
1.40001
1.40001
1.40001
1.40001
1.40001
1.4
1.40001
1.4
1.40001
1.40001
1.40001
1.40001
1.40001
1.40002
1.40002
1.40003
1.40004
1.40006
1.40007
1.40008
1.40008
1.40006
1.40003
1.39997
1.39991
1.39986
1.39986
1.39992
1.4001
1.40041
1.40086
1.40143
1.40209
1.40279
1.40345
1.40403
1.40445
1.40468
1.40469
1.40449
1.40411
1.4036
1.40302
1.40242
1.40185
1.40135
1.40094
1.4006
1.40036
1.40018
1.40007
1.4
1.39997
1.39995
1.39995
1.39996
1.39997
1.39998
1.39999
1.39999
1.4
1.4
1.4
1.4
1.4
1.4
1.4
1.4
1.40001
1.40001
1.40001
1.40001
1.40001
1.40001
1.40001
1.40001
1.40001
1.40001
1.40001
1.40001
1.40001
1.40001
1.40001
1.40001
1.40001
1.40001
1.40001
1.40001
1.40001
1.40001
1.40001
1.40001
1.40001
1.40001
1.40001
1.40001
1.40001
1.40001
1.40001
1.40001
1.40001
1.4
1.40001
1.4
1.4
1.40001
1.40001
1.4
1.40001
1.40001
1.40001
1.40001
1.40001
1.40002
1.40003
1.40004
1.40006
1.40008
1.4001
1.40012
1.40012
1.40012
1.40009
1.40005
1.40002
1.40002
1.40011
1.40033
1.40072
1.40131
1.40209
1.40301
1.40403
1.40505
1.40599
1.40676
1.40727
1.40749
1.40738
1.40696
1.40628
1.40543
1.40448
1.40354
1.40267
1.40191
1.4013
1.40082
1.40047
1.40022
1.40007
1.39998
1.39994
1.39993
1.39993
1.39994
1.39996
1.39997
1.39998
1.39999
1.39999
1.4
1.4
1.4
1.4
1.4
1.4
1.4
1.40001
1.40001
1.40001
1.40001
1.40001
1.40001
1.40001
1.40001
1.40001
1.40001
1.40001
1.40001
1.40001
1.40001
1.40001
1.40001
1.40001
1.40001
1.40001
1.40001
1.40001
1.40001
1.40001
1.40001
1.40001
1.40001
1.40001
1.40001
1.40001
1.40001
1.4
1.40001
1.40001
1.4
1.40001
1.4
1.40001
1.40001
1.40001
1.4
1.40001
1.40001
1.40001
1.40001
1.40002
1.40003
1.40004
1.40006
1.40008
1.40011
1.40014
1.40017
1.40019
1.4002
1.40019
1.40018
1.40021
1.40033
1.40059
1.40107
1.40182
1.40283
1.4041
1.40553
1.40705
1.40851
1.40981
1.41082
1.41145
1.41164
1.41135
1.41061
1.4095
1.40813
1.40665
1.4052
1.40388
1.40274
1.40183
1.40113
1.40063
1.40029
1.40008
1.39996
1.3999
1.39989
1.3999
1.39991
1.39994
1.39996
1.39997
1.39998
1.39999
1.4
1.4
1.4
1.4
1.4
1.4
1.4
1.4
1.40001
1.40001
1.40001
1.40001
1.40001
1.40001
1.40001
1.40001
1.40001
1.40001
1.40001
1.40001
1.40001
1.40001
1.40001
1.40001
1.40001
1.40001
1.40001
1.40001
1.40001
1.40001
1.40001
1.40001
1.40001
1.40001
1.40001
1.40001
1.40001
1.4
1.40001
1.4
1.40001
1.40001
1.4
1.40001
1.40001
1.4
1.40001
1.40001
1.40001
1.40001
1.40001
1.40002
1.40003
1.40005
1.40008
1.40011
1.40015
1.4002
1.40024
1.40028
1.40031
1.40034
1.4004
1.40055
1.40086
1.40142
1.40231
1.40358
1.40523
1.40718
1.40931
1.41147
1.41349
1.41523
1.41654
1.41731
1.41746
1.41694
1.41578
1.41409
1.41202
1.4098
1.40762
1.40564
1.40396
1.40261
1.4016
1.40088
1.4004
1.4001
1.39994
1.39986
1.39984
1.39985
1.39988
1.39991
1.39994
1.39996
1.39997
1.39999
1.39999
1.4
1.4
1.4
1.4
1.4
1.4
1.4
1.40001
1.40001
1.40001
1.40001
1.40001
1.40001
1.40001
1.40001
1.40001
1.40001
1.40001
1.40001
1.40001
1.40001
1.40001
1.40001
1.40001
1.40001
1.40001
1.40001
1.40001
1.40001
1.40001
1.40001
1.40001
1.40001
1.4
1.40001
1.4
1.40001
1.4
1.40001
1.40001
1.40001
1.4
1.40001
1.40001
1.4
1.40001
1.40001
1.40001
1.40001
1.40002
1.40003
1.40004
1.40007
1.4001
1.40015
1.4002
1.40027
1.40034
1.4004
1.40047
1.40057
1.40075
1.40109
1.4017
1.40272
1.40422
1.40626
1.40877
1.41163
1.41463
1.41756
1.42022
1.42244
1.42408
1.425
1.42512
1.42436
1.42273
1.42034
1.4174
1.4142
1.41104
1.40816
1.40572
1.40376
1.4023
1.40126
1.40057
1.40015
1.39992
1.39982
1.39979
1.3998
1.39984
1.39988
1.39991
1.39994
1.39996
1.39998
1.39999
1.4
1.4
1.4
1.4
1.4
1.4
1.4
1.4
1.40001
1.40001
1.40001
1.40001
1.40001
1.40001
1.40001
1.40001
1.40001
1.40001
1.40001
1.40001
1.40001
1.40001
1.40001
1.40001
1.40001
1.40001
1.40001
1.40001
1.40001
1.40001
1.40001
1.4
1.40001
1.40001
1.40001
1.40001
1.4
1.40001
1.40001
1.40001
1.4
1.40001
1.4
1.40001
1.40001
1.40001
1.40001
1.40001
1.40001
1.40002
1.40003
1.40005
1.40009
1.40013
1.40019
1.40027
1.40036
1.40045
1.40056
1.4007
1.4009
1.40126
1.4019
1.40299
1.40466
1.40704
1.41011
1.41373
1.41767
1.42164
1.42536
1.42863
1.43129
1.4332
1.43428
1.43441
1.43349
1.43146
1.42837
1.42446
1.4201
1.41572
1.41166
1.40819
1.40541
1.40331
1.40184
1.40086
1.40026
1.39992
1.39977
1.39973
1.39975
1.39979
1.39984
1.39988
1.39992
1.39995
1.39997
1.39998
1.39999
1.4
1.4
1.4
1.4
1.4
1.4
1.4
1.40001
1.40001
1.40001
1.40001
1.40001
1.40001
1.40001
1.40001
1.40001
1.40001
1.40001
1.40001
1.40001
1.40001
1.40001
1.40001
1.40001
1.40001
1.40001
1.40001
1.40001
1.4
1.40001
1.4
1.40001
1.4
1.40001
1.4
1.40001
1.4
1.40001
1.4
1.4
1.40001
1.4
1.40001
1.40001
1.40001
1.40001
1.40001
1.40002
1.40003
1.40004
1.40007
1.40011
1.40017
1.40025
1.40034
1.40046
1.4006
1.40077
1.401
1.40137
1.402
1.40309
1.40484
1.40744
1.41097
1.41533
1.42025
1.42534
1.4302
1.43453
1.43814
1.44097
1.44298
1.44415
1.44441
1.44356
1.44142
1.43789
1.43313
1.42759
1.4218
1.41633
1.41156
1.40769
1.40476
1.40268
1.40129
1.40044
1.39997
1.39974
1.39967
1.39968
1.39973
1.39979
1.39985
1.3999
1.39994
1.39996
1.39998
1.39999
1.4
1.4
1.4
1.4
1.4
1.4
1.4
1.40001
1.40001
1.40001
1.40001
1.40001
1.40001
1.40001
1.40001
1.40001
1.40001
1.40001
1.40001
1.40001
1.40001
1.40001
1.40001
1.40001
1.40001
1.40001
1.40001
1.40001
1.40001
1.40001
1.40001
1.40001
1.40001
1.40001
1.4
1.40001
1.4
1.40001
1.4
1.4
1.40001
1.40001
1.40001
1.40001
1.40001
1.40001
1.40001
1.40002
1.40003
1.40005
1.40009
1.40013
1.40021
1.40031
1.40043
1.40058
1.40078
1.40103
1.4014
1.402
1.40303
1.40474
1.40741
1.41122
1.41618
1.42203
1.42827
1.43431
1.43965
1.444
1.44733
1.44974
1.45143
1.45255
1.4531
1.4528
1.45121
1.44791
1.44285
1.4364
1.42927
1.42225
1.41594
1.41073
1.40673
1.40386
1.40194
1.40074
1.40007
1.39974
1.39962
1.39962
1.39967
1.39975
1.39982
1.39988
1.39992
1.39995
1.39997
1.39999
1.39999
1.4
1.4
1.4
1.4
1.4
1.4
1.4
1.40001
1.40001
1.40001
1.40001
1.40001
1.40001
1.40001
1.40001
1.40001
1.40001
1.40001
1.40001
1.40001
1.40001
1.40001
1.40001
1.40001
1.40001
1.40001
1.40001
1.40001
1.40001
1.40001
1.4
1.40001
1.40001
1.4
1.40001
1.40001
1.40001
1.40001
1.4
1.40001
1.40001
1.40001
1.40001
1.40001
1.40001
1.40001
1.40002
1.40004
1.40006
1.4001
1.40016
1.40025
1.40037
1.40053
1.40073
1.40099
1.40135
1.40191
1.40284
1.40442
1.40697
1.41081
1.41612
1.42272
1.43008
1.43736
1.44372
1.4486
1.45184
1.4537
1.45466
1.4553
1.45608
1.45717
1.45819
1.4583
1.45652
1.45229
1.44578
1.43776
1.4293
1.42138
1.41463
1.40933
1.40547
1.40285
1.4012
1.40025
1.39977
1.39958
1.39956
1.39961
1.3997
1.39978
1.39985
1.3999
1.39994
1.39997
1.39998
1.39999
1.4
1.4
1.4
1.4
1.4
1.4
1.4
1.40001
1.40001
1.40001
1.40001
1.40001
1.40001
1.40001
1.40001
1.40001
1.40001
1.40001
1.40001
1.40001
1.40001
1.40001
1.40001
1.40001
1.40001
1.40001
1.40001
1.40001
1.4
1.40001
1.40001
1.40001
1.40001
1.40001
1.40001
1.4
1.40001
1.4
1.4
1.40001
1.40001
1.40001
1.40001
1.40001
1.40001
1.40002
1.40002
1.40004
1.40007
1.40012
1.4002
1.4003
1.40045
1.40064
1.40089
1.40123
1.40174
1.40256
1.40393
1.40622
1.40984
1.41513
1.42215
1.43044
1.439
1.44656
1.452
1.45479
1.45509
1.45365
1.4516
1.45011
1.45013
1.45208
1.4555
1.459
1.46075
1.45931
1.4543
1.44644
1.4371
1.42771
1.41935
1.41258
1.40755
1.40407
1.40185
1.40055
1.39987
1.39958
1.39951
1.39956
1.39965
1.39974
1.39982
1.39988
1.39993
1.39996
1.39998
1.39999
1.4
1.4
1.4
1.4
1.4
1.4
1.4
1.40001
1.40001
1.40001
1.40001
1.40001
1.40001
1.40001
1.40001
1.40001
1.40001
1.40001
1.40001
1.40001
1.40001
1.40001
1.40001
1.40001
1.40001
1.40001
1.4
1.40001
1.4
1.40001
1.40001
1.40001
1.4
1.40001
1.4
1.4
1.40001
1.4
1.4
1.40001
1.40001
1.40001
1.40001
1.40001
1.40001
1.40002
1.40003
1.40005
1.40008
1.40014
1.40023
1.40035
1.40052
1.40075
1.40107
1.40152
1.40221
1.40336
1.4053
1.40848
1.4134
1.42036
1.42919
1.43892
1.44792
1.45436
1.4569
1.4552
1.44998
1.44282
1.43575
1.43081
1.42955
1.43275
1.43987
1.44891
1.45686
1.46098
1.4599
1.45399
1.44487
1.43456
1.42475
1.41647
1.41012
1.40564
1.40273
1.40098
1.40004
1.39962
1.39949
1.39951
1.3996
1.3997
1.39979
1.39986
1.39991
1.39995
1.39997
1.39999
1.39999
1.4
1.4
1.4
1.4
1.4
1.4
1.4
1.40001
1.40001
1.40001
1.40001
1.40001
1.40001
1.40001
1.40001
1.40001
1.40001
1.40001
1.40001
1.40001
1.40001
1.40001
1.40001
1.40001
1.40001
1.40001
1.40001
1.40001
1.4
1.40001
1.4
1.40001
1.40001
1.4
1.40001
1.40001
1.4
1.40001
1.40001
1.40001
1.40001
1.40001
1.40001
1.40001
1.40002
1.40003
1.40006
1.40009
1.40016
1.40026
1.4004
1.4006
1.40087
1.40126
1.40184
1.40277
1.40433
1.40696
1.41122
1.41763
1.42638
1.43687
1.44741
1.45553
1.45877
1.45571
1.44643
1.43256
1.41688
1.40265
1.39287
1.3898
1.39462
1.40684
1.42378
1.44104
1.45412
1.46013
1.45871
1.45156
1.44133
1.43052
1.42085
1.41315
1.40756
1.40385
1.40157
1.40031
1.39971
1.3995
1.39949
1.39956
1.39967
1.39976
1.39984
1.3999
1.39994
1.39997
1.39998
1.39999
1.4
1.4
1.4
1.4
1.4
1.4
1.4
1.40001
1.40001
1.40001
1.40001
1.40001
1.40001
1.40001
1.40001
1.40001
1.40001
1.40001
1.40001
1.40001
1.40001
1.40001
1.40001
1.40001
1.40001
1.4
1.40001
1.40001
1.4
1.40001
1.4
1.40001
1.4
1.40001
1.4
1.40001
1.4
1.40001
1.40001
1.40001
1.40001
1.40001
1.40001
1.40001
1.40002
1.40004
1.40006
1.40011
1.40018
1.40029
1.40044
1.40067
1.40099
1.40146
1.40219
1.4034
1.40546
1.40891
1.4144
1.42244
1.43293
1.44463
1.45491
1.46026
1.45766
1.44576
1.42544
1.39966
1.37278
1.34945
1.33364
1.32828
1.33502
1.35355
1.38062
1.41032
1.43599
1.4527
1.45884
1.45593
1.44725
1.43624
1.42551
1.41652
1.4098
1.4052
1.40232
1.40069
1.39987
1.39954
1.39948
1.39954
1.39964
1.39974
1.39983
1.39989
1.39994
1.39996
1.39998
1.39999
1.4
1.4
1.4
1.4
1.4
1.4
1.4
1.40001
1.40001
1.40001
1.40001
1.40001
1.40001
1.40001
1.40001
1.40001
1.40001
1.40001
1.40001
1.40001
1.40001
1.40001
1.40001
1.40001
1.40001
1.4
1.40001
1.4
1.40001
1.4
1.4
1.40001
1.4
1.40001
1.40001
1.4
1.40001
1.40001
1.40001
1.40001
1.40001
1.40001
1.40001
1.40001
1.40002
1.40004
1.40007
1.40011
1.40019
1.40031
1.40048
1.40073
1.4011
1.40166
1.40257
1.4041
1.40674
1.41112
1.41796
1.42763
1.4396
1.45176
1.46029
1.46062
1.44922
1.42512
1.39044
1.34994
1.30981
1.27604
1.25339
1.24531
1.25405
1.27968
1.31861
1.36344
1.40507
1.43604
1.45299
1.45691
1.45155
1.4414
1.43015
1.4201
1.41227
1.40676
1.40323
1.40117
1.4001
1.39963
1.3995
1.39953
1.39963
1.39973
1.39982
1.39988
1.39993
1.39996
1.39998
1.39999
1.4
1.4
1.4
1.4
1.4
1.4
1.4
1.40001
1.40001
1.40001
1.40001
1.40001
1.40001
1.40001
1.40001
1.40001
1.40001
1.40001
1.40001
1.40001
1.40001
1.40001
1.40001
1.40001
1.40001
1.40001
1.4
1.40001
1.4
1.40001
1.40001
1.4
1.40001
1.40001
1.40001
1.40001
1.4
1.40001
1.4
1.40001
1.40001
1.40001
1.40001
1.40001
1.40002
1.40004
1.40007
1.40012
1.4002
1.40032
1.40051
1.40078
1.40119
1.40185
1.40296
1.40486
1.40813
1.41352
1.42174
1.43292
1.4459
1.45749
1.46259
1.45555
1.43253
1.39328
1.34165
1.28461
1.23021
1.18547
1.15559
1.14443
1.15492
1.18784
1.23956
1.30132
1.3615
1.40977
1.44052
1.4538
1.45364
1.44557
1.43448
1.4237
1.41488
1.40848
1.40427
1.40175
1.4004
1.39977
1.39956
1.39955
1.39963
1.39972
1.39981
1.39988
1.39993
1.39996
1.39998
1.39999
1.4
1.4
1.4
1.4
1.4
1.4
1.4
1.40001
1.40001
1.40001
1.40001
1.40001
1.40001
1.40001
1.40001
1.40001
1.40001
1.40001
1.40001
1.40001
1.40001
1.40001
1.40001
1.40001
1.40001
1.40001
1.4
1.40001
1.40001
1.4
1.40001
1.4
1.40001
1.4
1.40001
1.40001
1.4
1.4
1.40001
1.40001
1.40001
1.40001
1.40001
1.40001
1.40002
1.40004
1.40007
1.40012
1.4002
1.40033
1.40052
1.40082
1.40127
1.40203
1.40335
1.40565
1.40959
1.41601
1.42558
1.43802
1.45134
1.46122
1.46126
1.44483
1.40795
1.3515
1.28154
1.20744
1.13887
1.08347
1.04648
1.03198
1.04374
1.08349
1.14789
1.22713
1.30724
1.37486
1.42173
1.4465
1.45325
1.44844
1.43826
1.42714
1.41752
1.41029
1.40541
1.40242
1.40077
1.39996
1.39965
1.39959
1.39964
1.39973
1.39981
1.39988
1.39993
1.39996
1.39998
1.39999
1.4
1.4
1.4
1.4
1.4
1.4
1.4
1.40001
1.40001
1.40001
1.40001
1.40001
1.40001
1.40001
1.40001
1.40001
1.40001
1.40001
1.40001
1.40001
1.40001
1.40001
1.40001
1.40001
1.40001
1.40001
1.4
1.40001
1.4
1.4
1.40001
1.4
1.4
1.40001
1.4
1.40001
1.4
1.40001
1.4
1.40001
1.40001
1.40001
1.40001
1.40001
1.40002
1.40004
1.40007
1.40012
1.4002
1.40033
1.40052
1.40083
1.40133
1.40219
1.40372
1.40644
1.41105
1.41848
1.42928
1.44261
1.45555
1.46265
1.45636
1.42919
1.3772
1.30277
1.21446
1.12404
1.04247
0.977505
0.934087
0.916374
0.928898
0.974465
1.05027
1.14599
1.24581
1.33346
1.39776
1.43552
1.45048
1.44995
1.44134
1.43028
1.42007
1.41211
1.40661
1.40315
1.40119
1.4002
1.39978
1.39966
1.39968
1.39975
1.39982
1.39988
1.39993
1.39996
1.39998
1.39999
1.4
1.4
1.4
1.4
1.4
1.4
1.4
1.40001
1.40001
1.40001
1.40001
1.40001
1.40001
1.40001
1.40001
1.40001
1.40001
1.40001
1.40001
1.40001
1.40001
1.40001
1.40001
1.4
1.40001
1.40001
1.4
1.40001
1.40001
1.4
1.40001
1.40001
1.4
1.40001
1.40001
1.4
1.40001
1.40001
1.40001
1.40001
1.40001
1.40001
1.40001
1.40001
1.40002
1.40004
1.40007
1.40011
1.40019
1.40031
1.4005
1.40082
1.40135
1.4023
1.40405
1.40717
1.41245
1.4208
1.43263
1.44647
1.45836
1.46187
1.44857
1.41022
1.34308
1.2512
1.1458
1.04088
0.948253
0.875483
0.826999
0.806808
0.819816
0.869692
0.954541
1.06424
1.18185
1.28865
1.37045
1.42183
1.4458
1.45021
1.44369
1.43303
1.42245
1.41389
1.40781
1.40392
1.40165
1.40047
1.39993
1.39974
1.39973
1.39977
1.39984
1.39989
1.39993
1.39996
1.39998
1.39999
1.4
1.4
1.4
1.4
1.4
1.4
1.4
1.40001
1.40001
1.40001
1.40001
1.40001
1.40001
1.40001
1.40001
1.40001
1.40001
1.40001
1.40001
1.40001
1.40001
1.40001
1.40001
1.4
1.40001
1.40001
1.4
1.40001
1.4
1.40001
1.4
1.40001
1.4
1.40001
1.4
1.4
1.4
1.40001
1.40001
1.4
1.40001
1.40001
1.40001
1.40001
1.40002
1.40003
1.40006
1.4001
1.40017
1.40029
1.40047
1.40078
1.40134
1.40238
1.40432
1.40782
1.4137
1.42285
1.4355
1.44948
1.45983
1.45933
1.43899
1.39003
1.3089
1.20133
1.08111
0.964164
0.86287
0.784452
0.732822
0.711411
0.72476
0.777113
0.867935
0.988095
1.1203
1.24395
1.34206
1.40674
1.43986
1.44952
1.44538
1.43537
1.4246
1.41555
1.40897
1.40468
1.40214
1.40077
1.40011
1.39985
1.39979
1.39981
1.39986
1.39991
1.39994
1.39997
1.39998
1.39999
1.4
1.4
1.4
1.4
1.4
1.4
1.4
1.40001
1.40001
1.40001
1.40001
1.40001
1.40001
1.40001
1.40001
1.40001
1.40001
1.40001
1.40001
1.40001
1.40001
1.4
1.40001
1.4
1.40001
1.40001
1.4
1.40001
1.4
1.40001
1.4
1.40001
1.40001
1.40001
1.4
1.40001
1.4
1.4
1.40001
1.40001
1.40001
1.40001
1.40001
1.40001
1.40002
1.40003
1.40005
1.40009
1.40015
1.40025
1.40042
1.40072
1.4013
1.4024
1.4045
1.40834
1.41474
1.42453
1.43777
1.45165
1.46021
1.4557
1.4289
1.37077
1.27789
1.15739
1.02528
0.899051
0.791453
0.709505
0.656664
0.635268
0.648757
0.701712
0.79541
0.922354
1.06547
1.2028
1.315
1.39173
1.43346
1.44825
1.44654
1.4373
1.42646
1.41704
1.41005
1.40542
1.40262
1.40108
1.40031
1.39998
1.39987
1.39987
1.39989
1.39993
1.39995
1.39997
1.39999
1.39999
1.4
1.4
1.4
1.4
1.4
1.4
1.4
1.40001
1.40001
1.40001
1.40001
1.40001
1.40001
1.40001
1.40001
1.40001
1.40001
1.40001
1.40001
1.40001
1.40001
1.40001
1.40001
1.4
1.40001
1.40001
1.4
1.40001
1.4
1.40001
1.40001
1.4
1.40001
1.40001
1.4
1.40001
1.4
1.40001
1.40001
1.40001
1.40001
1.40001
1.40001
1.40001
1.40001
1.40002
1.40004
1.40007
1.40012
1.4002
1.40035
1.40063
1.40121
1.40236
1.40458
1.40869
1.41552
1.42578
1.43938
1.45306
1.45991
1.4517
1.4195
1.35431
1.25274
1.12279
0.982071
0.84922
0.737319
0.653436
0.600691
0.580025
0.593319
0.645326
0.739356
0.869919
1.02047
1.16808
1.29149
1.37826
1.42744
1.44678
1.44731
1.43885
1.42802
1.41832
1.411
1.40609
1.40308
1.40139
1.40052
1.40012
1.39997
1.39992
1.39993
1.39995
1.39997
1.39998
1.39999
1.4
1.4
1.4
1.4
1.4
1.4
1.4
1.40001
1.40001
1.40001
1.40001
1.40001
1.40001
1.40001
1.40001
1.40001
1.40001
1.40001
1.40001
1.40001
1.40001
1.40001
1.40001
1.40001
1.4
1.40001
1.40001
1.4
1.40001
1.4
1.40001
1.4
1.40001
1.4
1.4
1.40001
1.4
1.4
1.40001
1.40001
1.40001
1.40001
1.40001
1.40001
1.40001
1.40001
1.40002
1.40003
1.40005
1.40008
1.40014
1.40026
1.40052
1.40108
1.40225
1.40454
1.40883
1.41599
1.42656
1.44034
1.45383
1.45932
1.44809
1.41176
1.34195
1.23524
1.0998
0.953922
0.81694
0.702288
0.617371
0.565191
0.545385
0.558173
0.608244
0.700817
0.832485
0.987406
1.14196
1.2734
1.36765
1.42257
1.44552
1.44786
1.44003
1.42924
1.41934
1.41179
1.40667
1.4035
1.40169
1.40073
1.40027
1.40007
1.39999
1.39997
1.39997
1.39998
1.39999
1.4
1.4
1.4
1.4
1.4
1.4
1.4
1.4
1.40001
1.40001
1.40001
1.40001
1.40001
1.40001
1.40001
1.40001
1.40001
1.40001
1.40001
1.40001
1.40001
1.40001
1.40001
1.40001
1.40001
1.40001
1.40001
1.40001
1.4
1.40001
1.40001
1.4
1.40001
1.4
1.40001
1.4
1.40001
1.4
1.4
1.40001
1.40001
1.40001
1.4
1.40001
1.40001
1.40001
1.40001
1.40001
1.40001
1.40002
1.40004
1.40008
1.40017
1.40039
1.40092
1.40208
1.4044
1.40876
1.41611
1.42688
1.44068
1.45405
1.45877
1.44549
1.40643
1.33439
1.22614
1.08934
0.941918
0.803264
0.687165
0.60164
0.549979
0.530934
0.543188
0.590975
0.680912
0.811547
0.967927
1.12604
1.26212
1.36096
1.4195
1.44478
1.44828
1.44087
1.4301
1.42009
1.41239
1.40713
1.40385
1.40195
1.40093
1.40041
1.40017
1.40006
1.40002
1.4
1.4
1.4
1.4
1.4
1.4
1.4
1.4
1.4
1.4
1.40001
1.40001
1.40001
1.40001
1.40001
1.40001
1.40001
1.40001
1.40001
1.40001
1.40001
1.40001
1.40001
1.40001
1.40001
1.40001
1.40001
1.40001
1.40001
1.40001
1.40001
1.40001
1.40001
1.40001
1.40001
1.40001
1.4
1.40001
1.40001
1.4
1.40001
1.4
1.4
1.40001
1.4
1.40001
1.40001
1.4
1.4
1.4
1.4
1.4
1.4
1.4
1.40001
1.40007
1.40025
1.40073
1.40184
1.40414
1.40848
1.41587
1.42672
1.44046
1.4538
1.45844
1.44438
1.4041
1.33191
1.2253
1.09104
0.945725
0.808027
0.691871
0.606107
0.554867
0.536641
0.548758
0.594511
0.68109
0.808667
0.963465
1.12156
1.25865
1.35887
1.41867
1.44476
1.44867
1.44136
1.43058
1.42052
1.41276
1.40746
1.40413
1.40218
1.40111
1.40055
1.40026
1.40013
1.40006
1.40003
1.40002
1.40001
1.40001
1.40001
1.40001
1.40001
1.40001
1.40001
1.40001
1.40001
1.40001
1.40001
1.40001
1.40001
1.40001
1.40001
1.40001
1.40001
1.40001
1.40001
1.40001
1.40001
1.40001
1.40001
1.40001
1.40001
1.40001
1.40001
1.40001
1.40001
1.40001
1.4
1.40001
1.4
1.4
1.40001
1.4
1.40001
1.40001
1.4
1.40001
1.4
1.40001
1.4
1.40001
1.4
1.4
1.4
1.4
1.39999
1.39998
1.39997
1.39995
1.39994
1.39997
1.4001
1.40052
1.40156
1.40377
1.408
1.41527
1.42608
1.43974
1.45312
1.45836
1.44493
1.40515
1.33463
1.23209
1.10356
0.96371
0.829743
0.715251
0.629953
0.579365
0.5623
0.574957
0.619305
0.702204
0.824849
0.974899
1.12917
1.26343
1.3617
1.42021
1.44553
1.449
1.44149
1.43065
1.4206
1.4129
1.40763
1.40431
1.40236
1.40126
1.40067
1.40035
1.40019
1.40011
1.40006
1.40004
1.40002
1.40001
1.40001
1.40001
1.40001
1.40001
1.40001
1.40001
1.40001
1.40001
1.40001
1.40001
1.40001
1.40001
1.40001
1.40001
1.40001
1.40001
1.40001
1.40001
1.40001
1.40001
1.40001
1.40001
1.40001
1.4
1.40001
1.40001
1.40001
1.40001
1.4
1.40001
1.4
1.40001
1.4
1.40001
1.40001
1.4
1.40001
1.40001
1.40001
1.4
1.4
1.40001
1.4
1.4
1.4
1.4
1.39999
1.39997
1.39995
1.39992
1.39988
1.39987
1.39996
1.4003
1.40124
1.40331
1.40735
1.41436
1.42495
1.43851
1.45207
1.45839
1.44699
1.40963
1.34261
1.2459
1.12527
0.993515
0.865897
0.755128
0.671615
0.622493
0.607163
0.620959
0.664468
0.743577
0.859753
1.00205
1.14869
1.27627
1.36924
1.424
1.44697
1.4492
1.44119
1.43028
1.42034
1.41278
1.40764
1.4044
1.40247
1.40138
1.40077
1.40043
1.40025
1.40015
1.40009
1.40005
1.40003
1.40002
1.40001
1.40001
1.40001
1.40001
1.40001
1.40001
1.40001
1.40001
1.40001
1.40001
1.40001
1.40001
1.40001
1.40001
1.40001
1.40001
1.40001
1.40001
1.40001
1.40001
1.40001
1.40001
1.40001
1.4
1.40001
1.4
1.40001
1.40001
1.4
1.40001
1.40001
1.40001
1.4
1.40001
1.40001
1.4
1.40001
1.40001
1.4
1.40001
1.4
1.40001
1.4
1.4
1.4
1.39999
1.39998
1.39996
1.39993
1.39988
1.39983
1.39978
1.39982
1.40008
1.4009
1.40278
1.40654
1.41317
1.42338
1.43675
1.4506
1.45839
1.45009
1.41709
1.35559
1.26633
1.15504
1.03311
0.913928
0.809014
0.72921
0.682941
0.670023
0.685181
0.727927
0.802978
0.911416
1.04337
1.1789
1.29622
1.38082
1.42956
1.44881
1.44913
1.44041
1.42944
1.41971
1.41242
1.40748
1.40438
1.40253
1.40146
1.40085
1.4005
1.4003
1.40018
1.40011
1.40007
1.40004
1.40002
1.40002
1.40001
1.40001
1.40001
1.40001
1.40001
1.40001
1.40001
1.40001
1.40001
1.40001
1.40001
1.40001
1.40001
1.40001
1.40001
1.40001
1.40001
1.40001
1.40001
1.40001
1.40001
1.40001
1.4
1.40001
1.40001
1.4
1.40001
1.4
1.40001
1.4
1.40001
1.40001
1.40001
1.4
1.40001
1.4
1.40001
1.4
1.40001
1.4
1.4
1.4
1.4
1.4
1.39999
1.39998
1.39995
1.39991
1.39985
1.39978
1.39971
1.3997
1.39988
1.40056
1.40222
1.40563
1.41177
1.42141
1.43442
1.44859
1.45811
1.45368
1.42659
1.37271
1.29273
1.19214
1.08131
0.97214
0.875057
0.801137
0.759268
0.749161
0.765341
0.806776
0.877064
0.97654
1.09602
1.21757
1.32161
1.39525
1.43616
1.45063
1.44859
1.43907
1.42812
1.41874
1.41182
1.40718
1.40427
1.40252
1.40149
1.4009
1.40054
1.40033
1.40021
1.40013
1.40008
1.40005
1.40003
1.40002
1.40001
1.40001
1.40001
1.40001
1.40001
1.40001
1.40001
1.40001
1.40001
1.40001
1.40001
1.40001
1.40001
1.40001
1.40001
1.40001
1.40001
1.40001
1.40001
1.40001
1.40001
1.40001
1.4
1.40001
1.40001
1.40001
1.40001
1.4
1.40001
1.4
1.40001
1.40001
1.40001
1.4
1.40001
1.40001
1.4
1.40001
1.40001
1.4
1.4
1.4
1.4
1.4
1.39999
1.39997
1.39995
1.3999
1.39983
1.39974
1.39964
1.39959
1.3997
1.40024
1.40165
1.40464
1.41019
1.41914
1.43157
1.44589
1.45721
1.45709
1.43697
1.39244
1.32368
1.23542
1.13712
1.03942
0.952049
0.885998
0.84956
0.841994
0.858232
0.897271
0.961695
1.05091
1.1562
1.26162
1.35016
1.41101
1.44287
1.45196
1.44738
1.43712
1.42635
1.41744
1.411
1.40674
1.40406
1.40245
1.40149
1.40092
1.40057
1.40036
1.40022
1.40014
1.40008
1.40005
1.40003
1.40002
1.40001
1.40001
1.40001
1.40001
1.40001
1.40001
1.40001
1.40001
1.40001
1.40001
1.40001
1.40001
1.40001
1.40001
1.40001
1.40001
1.40001
1.40001
1.40001
1.40001
1.40001
1.40001
1.4
1.40001
1.40001
1.40001
1.40001
1.4
1.40001
1.40001
1.4
1.40001
1.40001
1.4
1.40001
1.4
1.40001
1.4
1.4
1.40001
1.4
1.4
1.4
1.4
1.39999
1.39997
1.39994
1.39989
1.39982
1.39972
1.3996
1.39952
1.39956
1.39996
1.40112
1.40366
1.40852
1.41662
1.42828
1.44243
1.4553
1.45953
1.44696
1.4129
1.35685
1.28263
1.1985
1.11391
1.03806
0.98124
0.950354
0.944395
0.959387
0.994719
1.05202
1.12973
1.21955
1.30749
1.37925
1.42636
1.44867
1.45229
1.44532
1.43455
1.42415
1.41588
1.41002
1.40618
1.40379
1.40233
1.40145
1.40092
1.40058
1.40037
1.40023
1.40014
1.40009
1.40005
1.40003
1.40002
1.40001
1.40001
1.40001
1.40001
1.40001
1.40001
1.40001
1.40001
1.40001
1.40001
1.40001
1.40001
1.40001
1.40001
1.40001
1.40001
1.40001
1.40001
1.40001
1.40001
1.40001
1.40001
1.4
1.40001
1.40001
1.4
1.40001
1.4
1.40001
1.40001
1.4
1.40001
1.40001
1.4
1.40001
1.4
1.40001
1.4
1.40001
1.4
1.40001
1.4
1.4
1.39999
1.39999
1.39997
1.39994
1.39989
1.39981
1.39971
1.39958
1.39946
1.39944
1.39972
1.40063
1.40273
1.40686
1.41397
1.42462
1.43827
1.45215
1.46026
1.4552
1.43202
1.38945
1.33041
1.26185
1.19189
1.12887
1.08171
1.05578
1.05041
1.06308
1.09358
1.14266
1.20795
1.28158
1.35151
1.4062
1.43959
1.45266
1.45124
1.44232
1.4314
1.4216
1.41411
1.40891
1.40555
1.40345
1.40217
1.40138
1.40089
1.40058
1.40037
1.40024
1.40015
1.40009
1.40005
1.40003
1.40002
1.40001
1.40001
1.40001
1.40001
1.40001
1.40001
1.40001
1.40001
1.40001
1.40001
1.40001
1.40001
1.40001
1.40001
1.40001
1.40001
1.40001
1.40001
1.40001
1.40001
1.40001
1.40001
1.40001
1.40001
1.40001
1.40001
1.40001
1.40001
1.4
1.40001
1.4
1.40001
1.4
1.40001
1.4
1.40001
1.4
1.40001
1.40001
1.4
1.4
1.4
1.4
1.4
1.39999
1.39997
1.39994
1.39989
1.39982
1.39971
1.39957
1.39943
1.39937
1.39953
1.40022
1.4019
1.4053
1.41133
1.42073
1.43349
1.44772
1.45881
1.46049
1.44771
1.41849
1.37486
1.32241
1.26773
1.21784
1.17991
1.15829
1.15302
1.16292
1.18798
1.22819
1.28063
1.33804
1.39031
1.42866
1.44929
1.45415
1.4486
1.43841
1.42777
1.41883
1.41222
1.40774
1.40487
1.40308
1.40198
1.40129
1.40085
1.40055
1.40036
1.40023
1.40014
1.40009
1.40005
1.40003
1.40002
1.40001
1.40001
1.40001
1.40001
1.40001
1.40001
1.40001
1.40001
1.40001
1.40001
1.40001
1.40001
1.40001
1.40001
1.40001
1.40001
1.40001
1.40001
1.40001
1.40001
1.40001
1.40001
1.40001
1.40001
1.40001
1.40001
1.40001
1.4
1.4
1.40001
1.4
1.40001
1.40001
1.4
1.40001
1.4
1.40001
1.4
1.40001
1.4
1.4
1.4
1.4
1.4
1.39999
1.39997
1.39994
1.3999
1.39982
1.39972
1.39958
1.39944
1.39934
1.3994
1.39989
1.40119
1.4039
1.40885
1.41684
1.42828
1.44214
1.45507
1.4621
1.4584
1.44142
1.41234
1.3753
1.33523
1.29762
1.26823
1.2507
1.24572
1.25294
1.27244
1.30366
1.34347
1.38535
1.42121
1.44485
1.45453
1.45281
1.4444
1.43375
1.42383
1.41595
1.41031
1.40656
1.40418
1.40269
1.40176
1.40117
1.40078
1.40052
1.40034
1.40022
1.40014
1.40008
1.40005
1.40003
1.40002
1.40001
1.40001
1.40001
1.40001
1.40001
1.40001
1.40001
1.40001
1.40001
1.40001
1.40001
1.40001
1.40001
1.40001
1.40001
1.40001
1.40001
1.40001
1.40001
1.40001
1.40001
1.40001
1.40001
1.40001
1.4
1.40001
1.4
1.40001
1.4
1.40001
1.40001
1.4
1.4
1.40001
1.4
1.40001
1.4
1.40001
1.4
1.40001
1.4
1.4
1.4
1.4
1.39999
1.39997
1.39995
1.3999
1.39984
1.39973
1.3996
1.39946
1.39933
1.39934
1.39966
1.40061
1.40271
1.40665
1.41319
1.42297
1.4357
1.44926
1.45988
1.46329
1.45666
1.44027
1.41673
1.38951
1.36286
1.34134
1.32796
1.32364
1.32853
1.3427
1.36533
1.39328
1.42102
1.44251
1.45393
1.4551
1.44883
1.43893
1.42862
1.4198
1.41311
1.40847
1.40543
1.40351
1.4023
1.40154
1.40104
1.40071
1.40047
1.40031
1.4002
1.40013
1.40008
1.40005
1.40003
1.40002
1.40001
1.40001
1.40001
1.40001
1.40001
1.40001
1.40001
1.40001
1.40001
1.40001
1.40001
1.40001
1.40001
1.40001
1.40001
1.40001
1.40001
1.40001
1.40001
1.40001
1.40001
1.40001
1.40001
1.40001
1.4
1.40001
1.40001
1.4
1.40001
1.4
1.40001
1.40001
1.4
1.4
1.40001
1.4
1.40001
1.4
1.40001
1.4
1.40001
1.4
1.4
1.4
1.39999
1.39998
1.39995
1.39991
1.39985
1.39976
1.39964
1.39949
1.39936
1.39931
1.3995
1.40018
1.40175
1.40479
1.40995
1.41796
1.42896
1.44191
1.45426
1.46248
1.46374
1.45746
1.44494
1.42848
1.41128
1.3968
1.38734
1.38387
1.38678
1.39612
1.41093
1.42834
1.44401
1.45389
1.45612
1.45155
1.44279
1.43269
1.42338
1.41589
1.41045
1.40676
1.40438
1.40288
1.40193
1.40132
1.40091
1.40062
1.40042
1.40028
1.40018
1.40011
1.40007
1.40004
1.40003
1.40002
1.40001
1.40001
1.40001
1.40001
1.40001
1.40001
1.40001
1.40001
1.40001
1.40001
1.40001
1.40001
1.40001
1.40001
1.40001
1.40001
1.40001
1.40001
1.40001
1.40001
1.40001
1.40001
1.40001
1.40001
1.40001
1.40001
1.4
1.40001
1.40001
1.40001
1.40001
1.4
1.40001
1.40001
1.4
1.4
1.40001
1.4
1.40001
1.4
1.4
1.4
1.4
1.4
1.39999
1.39998
1.39996
1.39992
1.39987
1.39979
1.39968
1.39954
1.3994
1.39933
1.39943
1.39988
1.40102
1.40329
1.40724
1.41352
1.42253
1.43393
1.44627
1.45692
1.46334
1.46435
1.46023
1.45233
1.44283
1.43418
1.42809
1.42545
1.42669
1.43185
1.43998
1.44869
1.45493
1.45641
1.45268
1.44502
1.43556
1.42626
1.41835
1.41232
1.40806
1.40524
1.40344
1.40231
1.40159
1.40111
1.40078
1.40054
1.40037
1.40025
1.40016
1.4001
1.40006
1.40004
1.40002
1.40002
1.40001
1.40001
1.40001
1.40001
1.40001
1.40001
1.40001
1.40001
1.40001
1.40001
1.40001
1.40001
1.40001
1.40001
1.40001
1.40001
1.40001
1.40001
1.40001
1.40001
1.40001
1.40001
1.40001
1.40001
1.40001
1.40001
1.4
1.40001
1.4
1.40001
1.40001
1.4
1.40001
1.40001
1.4
1.40001
1.40001
1.4
1.4
1.40001
1.4
1.4
1.4
1.4
1.39999
1.39999
1.39997
1.39994
1.39989
1.39982
1.39972
1.3996
1.39947
1.39938
1.39941
1.39971
1.4005
1.40215
1.40509
1.40984
1.41687
1.42624
1.43726
1.44825
1.4572
1.46273
1.46437
1.46263
1.45888
1.4547
1.45128
1.44931
1.44923
1.45106
1.45396
1.4562
1.45596
1.45228
1.4455
1.43692
1.42807
1.42017
1.41384
1.4092
1.40602
1.40395
1.40264
1.40182
1.40128
1.40091
1.40065
1.40046
1.40031
1.40021
1.40014
1.40009
1.40005
1.40003
1.40002
1.40001
1.40001
1.40001
1.40001
1.40001
1.40001
1.40001
1.40001
1.40001
1.40001
1.40001
1.40001
1.40001
1.40001
1.40001
1.40001
1.40001
1.40001
1.40001
1.40001
1.40001
1.40001
1.40001
1.40001
1.40001
1.40001
1.40001
1.40001
1.4
1.40001
1.4
1.40001
1.40001
1.4
1.40001
1.40001
1.4
1.40001
1.40001
1.4
1.4
1.4
1.4
1.4
1.4
1.4
1.39999
1.39997
1.39995
1.39991
1.39985
1.39976
1.39966
1.39954
1.39945
1.39944
1.39962
1.40016
1.40133
1.40344
1.40694
1.4122
1.41948
1.42853
1.4384
1.44774
1.45526
1.4601
1.46223
1.46231
1.46123
1.4597
1.45823
1.45723
1.4567
1.45604
1.45418
1.45027
1.44419
1.4366
1.42855
1.42106
1.41479
1.41
1.40661
1.40434
1.40289
1.40198
1.4014
1.40101
1.40074
1.40053
1.40038
1.40026
1.40018
1.40012
1.40007
1.40005
1.40003
1.40002
1.40001
1.40001
1.40001
1.40001
1.40001
1.40001
1.40001
1.40001
1.40001
1.40001
1.40001
1.40001
1.40001
1.40001
1.40001
1.40001
1.40001
1.40001
1.40001
1.40001
1.40001
1.40001
1.40001
1.40001
1.40001
1.40001
1.40001
1.40001
1.40001
1.4
1.40001
1.4
1.40001
1.4
1.40001
1.40001
1.4
1.40001
1.40001
1.4
1.4
1.4
1.4
1.4
1.4
1.4
1.39999
1.39998
1.39996
1.39993
1.39987
1.39981
1.39972
1.39962
1.39953
1.3995
1.3996
1.39996
1.40076
1.40226
1.40476
1.40858
1.41397
1.42092
1.42899
1.43732
1.44489
1.45085
1.45486
1.45706
1.45779
1.45742
1.45633
1.45485
1.45297
1.45033
1.44644
1.4411
1.43461
1.42761
1.42088
1.41502
1.41035
1.40691
1.40455
1.40301
1.40205
1.40144
1.40105
1.40078
1.40058
1.40043
1.40031
1.40021
1.40014
1.4001
1.40006
1.40004
1.40002
1.40002
1.40001
1.40001
1.40001
1.40001
1.40001
1.40001
1.40001
1.40001
1.40001
1.40001
1.40001
1.40001
1.40001
1.40001
1.40001
1.40001
1.40001
1.40001
1.40001
1.40001
1.40001
1.40001
1.40001
1.40001
1.40001
1.40001
1.4
1.40001
1.4
1.40001
1.4
1.40001
1.4
1.40001
1.4
1.4
1.40001
1.4
1.40001
1.4
1.40001
1.40001
1.4
1.4
1.4
1.4
1.39999
1.39999
1.39997
1.39994
1.3999
1.39984
1.39977
1.39969
1.39961
1.39958
1.39963
1.39987
1.40041
1.40145
1.40319
1.40588
1.40974
1.41483
1.42096
1.42764
1.43418
1.43987
1.44427
1.44721
1.44871
1.44894
1.44817
1.44657
1.44416
1.44079
1.4364
1.43112
1.42534
1.41962
1.41444
1.41015
1.40688
1.40454
1.40299
1.40201
1.4014
1.40102
1.40077
1.40059
1.40045
1.40033
1.40024
1.40017
1.40012
1.40008
1.40005
1.40003
1.40002
1.40001
1.40001
1.40001
1.40001
1.40001
1.40001
1.40001
1.40001
1.40001
1.40001
1.40001
1.40001
1.40001
1.40001
1.40001
1.40001
1.40001
1.40001
1.40001
1.40001
1.40001
1.40001
1.40001
1.40001
1.40001
1.40001
1.40001
1.40001
1.40001
1.40001
1.4
1.40001
1.40001
1.4
1.40001
1.4
1.40001
1.40001
1.4
1.40001
1.40001
1.40001
1.4
1.4
1.4
1.4
1.4
1.4
1.39999
1.39998
1.39996
1.39992
1.39988
1.39982
1.39976
1.3997
1.39965
1.39969
1.39984
1.4002
1.40091
1.40211
1.40398
1.40666
1.41024
1.41465
1.41963
1.42472
1.42942
1.43332
1.43613
1.43775
1.43821
1.43764
1.43614
1.43375
1.4305
1.4265
1.42202
1.41743
1.41313
1.40942
1.40647
1.4043
1.40281
1.40185
1.40127
1.40092
1.4007
1.40055
1.40044
1.40034
1.40026
1.40019
1.40013
1.40009
1.40006
1.40004
1.40003
1.40002
1.40001
1.40001
1.40001
1.40001
1.40001
1.40001
1.40001
1.40001
1.40001
1.40001
1.40001
1.40001
1.40001
1.40001
1.40001
1.40001
1.40001
1.40001
1.40001
1.40001
1.40001
1.40001
1.40001
1.40001
1.40001
1.40001
1.40001
1.40001
1.40001
1.4
1.40001
1.4
1.40001
1.4
1.40001
1.4
1.4
1.40001
1.4
1.40001
1.40001
1.40001
1.4
1.40001
1.4
1.4
1.4
1.4
1.39999
1.39998
1.39997
1.39994
1.39991
1.39987
1.39982
1.39976
1.39973
1.39975
1.39985
1.4001
1.40059
1.4014
1.40267
1.40449
1.40694
1.40999
1.4135
1.41719
1.42072
1.42375
1.42603
1.4274
1.42784
1.42739
1.42609
1.42401
1.42127
1.41805
1.41461
1.41125
1.40824
1.40574
1.40383
1.40248
1.4016
1.40106
1.40075
1.40057
1.40046
1.40038
1.40031
1.40025
1.40019
1.40014
1.4001
1.40007
1.40005
1.40003
1.40002
1.40001
1.40001
1.40001
1.40001
1.40001
1.40001
1.40001
1.40001
1.40001
1.40001
1.40001
1.40001
1.40001
1.40001
1.40001
1.40001
1.40001
1.40001
1.40001
1.40001
1.40001
1.40001
1.40001
1.40001
1.40001
1.40001
1.40001
1.40001
1.40001
1.40001
1.4
1.40001
1.4
1.40001
1.40001
1.4
1.40001
1.40001
1.4
1.40001
1.4
1.40001
1.4
1.4
1.40001
1.4
1.4
1.4
1.4
1.4
1.39999
1.39998
1.39996
1.39994
1.3999
1.39986
1.39983
1.3998
1.39981
1.39988
1.40005
1.40039
1.40095
1.4018
1.40303
1.40467
1.40671
1.40908
1.41162
1.41407
1.41622
1.41787
1.41888
1.41918
1.41877
1.4177
1.41604
1.41392
1.41153
1.40907
1.40677
1.40478
1.4032
1.40204
1.40127
1.40079
1.40053
1.4004
1.40033
1.40029
1.40026
1.40022
1.40018
1.40014
1.40011
1.40008
1.40005
1.40004
1.40002
1.40002
1.40001
1.40001
1.40001
1.40001
1.40001
1.40001
1.40001
1.40001
1.40001
1.40001
1.40001
1.40001
1.40001
1.40001
1.40001
1.40001
1.40001
1.40001
1.40001
1.40001
1.40001
1.40001
1.40001
1.40001
1.40001
1.40001
1.40001
1.40001
1.40001
1.40001
1.40001
1.4
1.40001
1.4
1.40001
1.4
1.40001
1.4
1.40001
1.40001
1.4
1.40001
1.40001
1.40001
1.4
1.4
1.4
1.4
1.4
1.4
1.39999
1.39998
1.39997
1.39995
1.39993
1.3999
1.39987
1.39986
1.39986
1.39992
1.40004
1.40028
1.40066
1.40124
1.40206
1.40314
1.40449
1.40604
1.4077
1.40931
1.41074
1.41182
1.41245
1.41258
1.41221
1.41135
1.41009
1.40855
1.40688
1.40522
1.40372
1.40248
1.40154
1.4009
1.4005
1.40029
1.4002
1.40018
1.40017
1.40017
1.40017
1.40015
1.40013
1.4001
1.40008
1.40006
1.40004
1.40003
1.40002
1.40001
1.40001
1.40001
1.40001
1.40001
1.40001
1.40001
1.40001
1.40001
1.40001
1.40001
1.40001
1.40001
1.40001
1.40001
1.40001
1.40001
1.40001
1.40001
1.40001
1.40001
1.40001
1.40001
1.40001
1.40001
1.40001
1.40001
1.40001
1.4
1.40001
1.4
1.40001
1.4
1.40001
1.40001
1.4
1.40001
1.40001
1.4
1.40001
1.4
1.40001
1.40001
1.4
1.40001
1.40001
1.4
1.4
1.4
1.4
1.4
1.4
1.39999
1.39998
1.39997
1.39995
1.39993
1.39991
1.39991
1.39991
1.39995
1.40004
1.40021
1.40048
1.40088
1.40143
1.40213
1.40301
1.404
1.40505
1.40606
1.40694
1.40759
1.40792
1.40792
1.40757
1.4069
1.40598
1.4049
1.40377
1.4027
1.40178
1.40105
1.40054
1.40022
1.40006
1.4
1.40001
1.40004
1.40007
1.40009
1.4001
1.4001
1.40009
1.40007
1.40005
1.40004
1.40003
1.40002
1.40002
1.40001
1.40001
1.40001
1.40001
1.40001
1.40001
1.40001
1.40001
1.40001
1.40001
1.40001
1.40001
1.40001
1.40001
1.40001
1.40001
1.40001
1.40001
1.40001
1.40001
1.40001
1.40001
1.40001
1.40001
1.40001
1.40001
1.40001
1.40001
1.40001
1.40001
1.40001
1.40001
1.40001
1.40001
1.4
1.40001
1.4
1.40001
1.40001
1.40001
1.40001
1.4
1.40001
1.4
1.4
1.40001
1.40001
1.4
1.4
1.4
1.4
1.4
1.39999
1.39999
1.39998
1.39997
1.39995
1.39994
1.39994
1.39995
1.39998
1.40005
1.40017
1.40036
1.40064
1.40101
1.40148
1.40204
1.40266
1.40331
1.40392
1.40442
1.40477
1.4049
1.40481
1.40449
1.40397
1.40331
1.40257
1.40184
1.40117
1.40063
1.40023
1.39998
1.39986
1.39983
1.39985
1.39991
1.39996
1.40001
1.40004
1.40006
1.40006
1.40006
1.40005
1.40004
1.40003
1.40002
1.40002
1.40001
1.40001
1.40001
1.40001
1.40001
1.40001
1.40001
1.40001
1.40001
1.40001
1.40001
1.40001
1.40001
1.40001
1.40001
1.40001
1.40001
1.40001
1.40001
1.40001
1.40001
1.40001
1.40001
1.40001
1.40001
1.40001
1.40001
1.40001
1.40001
1.40001
1.40001
1.40001
1.40001
1.4
1.40001
1.40001
1.40001
1.4
1.40001
1.40001
1.4
1.40001
1.4
1.4
1.40001
1.40001
1.4
1.40001
1.40001
1.4
1.4
1.4
1.4
1.4
1.39999
1.39999
1.39998
1.39997
1.39996
1.39996
1.39997
1.4
1.40005
1.40014
1.40028
1.40048
1.40073
1.40104
1.40141
1.4018
1.40218
1.40254
1.4028
1.40296
1.40297
1.40283
1.40255
1.40215
1.40168
1.40118
1.40071
1.40031
1.40001
1.39981
1.39971
1.3997
1.39973
1.39979
1.39986
1.39993
1.39998
1.40001
1.40003
1.40004
1.40004
1.40003
1.40003
1.40002
1.40002
1.40001
1.40001
1.40001
1.40001
1.40001
1.40001
1.40001
1.40001
1.40001
1.40001
1.40001
1.40001
1.40001
1.40001
1.40001
1.40001
1.40001
1.40001
1.40001
1.40001
1.40001
1.40001
1.40001
1.40001
1.40001
1.40001
1.40001
1.40001
1.40001
1.40001
1.40001
1.40001
1.40001
1.4
1.40001
1.4
1.40001
1.40001
1.40001
1.40001
1.4
1.40001
1.40001
1.4
1.40001
1.40001
1.40001
1.4
1.40001
1.4
1.4
1.4
1.4
1.4
1.4
1.4
1.39999
1.39999
1.39998
1.39998
1.39998
1.39999
1.40001
1.40005
1.40012
1.40022
1.40036
1.40054
1.40075
1.40099
1.40123
1.40146
1.40166
1.40178
1.40183
1.40178
1.40162
1.40138
1.40108
1.40075
1.40042
1.40012
1.39988
1.39972
1.39964
1.39962
1.39965
1.39971
1.39979
1.39986
1.39992
1.39996
1.4
1.40001
1.40002
1.40002
1.40002
1.40002
1.40002
1.40001
1.40001
1.40001
1.40001
1.40001
1.40001
1.40001
1.40001
1.40001
1.40001
1.40001
1.40001
1.40001
1.40001
1.40001
1.40001
1.40001
1.40001
1.40001
1.40001
1.40001
1.40001
1.40001
1.40001
1.40001
1.40001
1.40001
1.40001
1.40001
1.40001
1.40001
1.40001
1.40001
1.4
1.40001
1.4
1.40001
1.4
1.40001
1.40001
1.4
1.40001
1.4
1.4
1.40001
1.4
1.40001
1.4
1.40001
1.4
1.40001
1.4
1.40001
1.4
1.4
1.4
1.4
1.4
1.4
1.39999
1.39999
1.39999
1.4
1.40002
1.40005
1.4001
1.40018
1.40028
1.4004
1.40055
1.4007
1.40086
1.40099
1.4011
1.40115
1.40114
1.40106
1.40091
1.40072
1.40049
1.40025
1.40003
1.39985
1.39971
1.39963
1.3996
1.39962
1.39967
1.39974
1.39981
1.39987
1.39992
1.39996
1.39999
1.4
1.40001
1.40001
1.40001
1.40001
1.40001
1.40001
1.40001
1.40001
1.40001
1.40001
1.40001
1.40001
1.40001
1.40001
1.40001
1.40001
1.40001
1.40001
1.40001
1.40001
1.40001
1.40001
1.40001
1.40001
1.40001
1.40001
1.40001
1.40001
1.40001
1.40001
1.40001
1.40001
1.40001
1.40001
1.40001
1.40001
1.40001
1.40001
1.40001
1.4
1.40001
1.4
1.40001
1.40001
1.40001
1.40001
1.40001
1.40001
1.40001
1.4
1.40001
1.4
1.40001
1.40001
1.40001
1.4
1.40001
1.4
1.4
1.4
1.4
1.4
1.4
1.4
1.4
1.4
1.4
1.40001
1.40002
1.40004
1.40008
1.40014
1.40021
1.4003
1.4004
1.4005
1.4006
1.40068
1.40074
1.40075
1.40071
1.40063
1.40051
1.40036
1.40019
1.40002
1.39987
1.39975
1.39967
1.39964
1.39964
1.39967
1.39972
1.39978
1.39984
1.39989
1.39993
1.39996
1.39999
1.4
1.40001
1.40001
1.40001
1.40001
1.40001
1.40001
1.40001
1.40001
1.40001
1.40001
1.40001
1.40001
1.40001
1.40001
1.40001
1.40001
1.40001
1.40001
1.40001
1.40001
1.40001
1.40001
1.40001
1.40001
1.40001
1.40001
1.40001
1.40001
1.40001
1.40001
1.40001
1.40001
1.40001
1.40001
1.40001
1.40001
1.40001
1.40001
1.40001
1.40001
1.4
1.40001
1.40001
1.40001
1.4
1.40001
1.4
1.40001
1.4
1.40001
1.4
1.40001
1.4
1.40001
1.4
1.40001
1.4
1.4
1.4
1.4
1.4
1.4
1.4
1.4
1.4
1.4
1.4
1.40001
1.40002
1.40004
1.40006
1.40011
1.40016
1.40022
1.40029
1.40036
1.40042
1.40047
1.4005
1.4005
1.40046
1.40039
1.40029
1.40017
1.40004
1.39993
1.39983
1.39975
1.39971
1.39969
1.3997
1.39973
1.39978
1.39983
1.39987
1.39991
1.39995
1.39997
1.39999
1.4
1.4
1.40001
1.40001
1.40001
1.40001
1.40001
1.40001
1.40001
1.40001
1.40001
1.40001
1.40001
1.40001
1.40001
1.40001
1.40001
1.40001
1.40001
1.40001
1.40001
1.40001
1.40001
1.40001
1.40001
1.40001
1.40001
1.40001
1.40001
1.40001
1.40001
1.40001
1.40001
1.40001
1.40001
1.40001
1.40001
1.40001
1.40001
1.40001
1.4
1.40001
1.4
1.40001
1.40001
1.4
1.40001
1.40001
1.4
1.40001
1.40001
1.40001
1.40001
1.40001
1.4
1.40001
1.4
1.40001
1.4
1.40001
1.4
1.4
1.4
1.4
1.4
1.4
1.4
1.40001
1.40001
1.40002
1.40003
1.40005
1.40008
1.40012
1.40016
1.40021
1.40026
1.4003
1.40033
1.40034
1.40033
1.4003
1.40024
1.40017
1.40008
1.39999
1.39991
1.39983
1.39979
1.39976
1.39976
1.39977
1.3998
1.39983
1.39987
1.3999
1.39993
1.39996
1.39998
1.39999
1.4
1.4
1.4
1.40001
1.40001
1.40001
1.40001
1.40001
1.40001
1.40001
1.40001
1.40001
1.40001
1.40001
1.40001
1.40001
1.40001
1.40001
1.40001
1.40001
1.40001
1.40001
1.40001
1.40001
1.40001
1.40001
1.40001
1.40001
1.40001
1.40001
1.40001
1.40001
1.40001
1.40001
1.40001
1.40001
1.40001
1.40001
1.40001
1.40001
1.40001
1.40001
1.40001
1.40001
1.4
1.40001
1.40001
1.4
1.40001
1.4
1.40001
1.40001
1.40001
1.4
1.4
1.40001
1.40001
1.4
1.4
1.4
1.40001
1.4
1.4
1.4
1.4
1.4
1.4
1.40001
1.40001
1.40002
1.40002
1.40004
1.40006
1.40008
1.40012
1.40015
1.40018
1.40021
1.40023
1.40023
1.40022
1.4002
1.40015
1.4001
1.40003
1.39997
1.39991
1.39987
1.39984
1.39982
1.39982
1.39983
1.39985
1.39988
1.39991
1.39993
1.39995
1.39997
1.39998
1.39999
1.4
1.4
1.4
1.40001
1.40001
1.40001
1.40001
1.40001
1.40001
1.40001
1.40001
1.40001
1.40001
1.40001
1.40001
1.40001
1.40001
1.40001
1.40001
1.40001
1.40001
1.40001
1.40001
1.40001
1.40001
1.40001
1.40001
1.40001
1.40001
1.40001
1.40001
1.40001
1.40001
1.40001
1.40001
1.40001
1.40001
1.40001
1.40001
1.40001
1.40001
1.40001
1.40001
1.40001
1.4
1.40001
1.4
1.40001
1.4
1.40001
1.40001
1.4
1.4
1.40001
1.4
1.4
1.40001
1.4
1.4
1.40001
1.4
1.40001
1.4
1.4
1.4
1.4
1.40001
1.40001
1.40001
1.40001
1.40002
1.40003
1.40004
1.40006
1.40008
1.4001
1.40013
1.40014
1.40016
1.40016
1.40015
1.40013
1.4001
1.40006
1.40002
1.39997
1.39993
1.3999
1.39988
1.39987
1.39987
1.39988
1.3999
1.39992
1.39993
1.39995
1.39997
1.39998
1.39999
1.4
1.4
1.4
1.4
1.4
1.40001
1.40001
1.40001
1.40001
1.40001
1.40001
1.40001
1.40001
1.40001
1.40001
1.40001
1.40001
1.40001
1.40001
1.40001
1.40001
1.40001
1.40001
1.40001
1.40001
1.40001
1.40001
1.40001
1.40001
1.40001
1.40001
1.40001
1.40001
1.40001
1.40001
1.40001
1.40001
1.40001
1.40001
1.40001
1.40001
1.40001
1.40001
1.4
1.40001
1.4
1.40001
1.4
1.40001
1.40001
1.4
1.40001
1.40001
1.4
1.4
1.40001
1.40001
1.40001
1.40001
1.40001
1.40001
1.40001
1.4
1.40001
1.40001
1.40001
1.4
1.40001
1.40001
1.40001
1.40001
1.40001
1.40002
1.40003
1.40004
1.40006
1.40007
1.40009
1.4001
1.40011
1.40011
1.4001
1.40009
1.40007
1.40004
1.40001
1.39998
1.39995
1.39993
1.39992
1.39991
1.39991
1.39992
1.39993
1.39994
1.39996
1.39997
1.39998
1.39999
1.39999
1.4
1.4
1.4
1.4
1.4
1.4
1.40001
1.40001
1.40001
1.4
1.4
1.4
1.40001
1.40001
1.40001
1.40001
1.40001
1.40001
1.40001
1.40001
1.40001
1.40001
1.40001
1.40001
1.40001
1.40001
1.40001
1.40001
1.40001
1.40001
1.40001
1.40001
1.40001
1.40001
1.40001
1.40001
1.40001
1.40001
1.40001
1.40001
1.40001
1.40001
1.40001
1.40001
1.40001
1.40001
1.40001
1.40001
1.40001
1.4
1.40001
1.4
1.40001
1.40001
1.4
1.40001
1.40001
1.4
1.40001
1.40001
1.4
1.4
1.40001
1.4
1.4
1.40001
1.4
1.4
1.40001
1.40001
1.40001
1.40001
1.40002
1.40002
1.40003
1.40004
1.40005
1.40006
1.40007
1.40007
1.40007
1.40007
1.40006
1.40004
1.40002
1.40001
1.39999
1.39997
1.39995
1.39995
1.39994
1.39994
1.39995
1.39996
1.39996
1.39997
1.39998
1.39999
1.39999
1.4
1.4
1.4
1.4
1.4
1.40001
1.40001
1.40001
1.40001
1.40001
1.40001
1.40001
1.40001
1.40001
1.40001
1.40001
1.40001
1.40001
1.40001
1.40001
1.40001
1.40001
1.40001
1.40001
1.40001
1.40001
1.40001
1.40001
1.40001
1.40001
1.40001
1.40001
1.40001
1.40001
1.40001
1.40001
1.40001
1.40001
1.40001
1.40001
1.40001
1.40001
1.40001
1.40001
1.40001
1.40001
1.4
1.40001
1.4
1.40001
1.4
1.40001
1.40001
1.4
1.4
1.40001
1.4
1.40001
1.40001
1.4
1.40001
1.4
1.40001
1.4
1.40001
1.40001
1.4
1.40001
1.40001
1.40001
1.40001
1.40001
1.40001
1.40001
1.40002
1.40002
1.40003
1.40003
1.40004
1.40004
1.40005
1.40005
1.40005
1.40004
1.40003
1.40002
1.4
1.39999
1.39998
1.39997
1.39997
1.39997
1.39997
1.39997
1.39997
1.39998
1.39998
1.39999
1.39999
1.4
1.4
1.4
1.4
1.4
1.4
1.4
1.4
1.40001
1.40001
1.40001
1.40001
1.40001
1.40001
1.40001
1.40001
1.40001
1.40001
1.40001
1.40001
1.40001
1.40001
1.40001
1.40001
1.40001
1.40001
1.40001
1.40001
1.40001
1.40001
1.40001
1.40001
1.40001
1.40001
1.40001
1.40001
1.40001
1.40001
1.40001
1.40001
1.40001
1.40001
1.40001
1.40001
1.40001
1.4
1.40001
1.4
1.40001
1.40001
1.4
1.40001
1.4
1.4
1.40001
1.4
1.40001
1.40001
1.4
1.4
1.40001
1.4
1.40001
1.4
1.4
1.40001
1.4
1.40001
1.4
1.40001
1.40001
1.40001
1.40001
1.40001
1.40001
1.40001
1.40002
1.40002
1.40002
1.40003
1.40003
1.40003
1.40003
1.40003
1.40003
1.40002
1.40001
1.4
1.4
1.39999
1.39998
1.39998
1.39998
1.39998
1.39998
1.39998
1.39999
1.39999
1.4
1.4
1.4
1.4
1.4
1.4
1.4
1.4
1.40001
1.4
1.4
1.4
1.40001
1.40001
1.40001
1.40001
1.40001
1.40001
1.40001
1.40001
1.40001
1.40001
1.40001
1.40001
1.40001
1.40001
1.40001
1.40001
1.40001
1.40001
1.40001
1.40001
1.40001
1.40001
1.40001
1.40001
1.40001
1.40001
1.40001
1.40001
1.40001
1.40001
1.40001
1.40001
1.40001
1.40001
1.40001
1.40001
1.4
1.40001
1.4
1.40001
1.40001
1.4
1.40001
1.4
1.40001
1.4
1.40001
1.4
1.40001
1.40001
1.40001
1.40001
1.4
1.4
1.40001
1.4
1.40001
1.40001
1.4
1.40001
1.40001
1.40001
1.40001
1.40001
1.40001
1.40001
1.40001
1.40001
1.40002
1.40002
1.40002
1.40002
1.40002
1.40002
1.40002
1.40001
1.40001
1.4
1.4
1.4
1.39999
1.39999
1.39999
1.39999
1.39999
1.39999
1.39999
1.4
1.4
1.4
1.4
1.4
1.4
1.4
1.4
1.4
1.4
1.40001
1.40001
1.40001
1.40001
1.4
1.4
1.40001
1.40001
1.40001
1.40001
1.40001
1.40001
1.40001
1.40001
1.40001
1.40001
1.40001
1.40001
1.40001
1.40001
1.40001
1.40001
1.40001
1.40001
1.40001
1.40001
1.40001
1.40001
1.40001
1.40001
1.40001
1.40001
1.40001
1.40001
1.40001
1.40001
1.40001
1.40001
1.40001
1.40001
1.4
1.40001
1.4
1.40001
1.4
1.40001
1.4
1.40001
1.4
1.40001
1.40001
1.40001
1.4
1.40001
1.4
1.4
1.40001
1.4
1.40001
1.4
1.40001
1.4
1.4
1.40001
1.40001
1.40001
1.40001
1.40001
1.40001
1.40001
1.40001
1.40001
1.40001
1.40001
1.40002
1.40002
1.40001
1.40001
1.40001
1.40001
1.4
1.4
1.4
1.4
1.4
1.4
1.4
1.4
1.4
1.4
1.4
1.4
1.4
1.4
1.4
1.4
1.4
1.4
1.4
1.4
1.4
1.4
1.40001
1.40001
1.40001
1.40001
1.40001
1.40001
1.40001
1.40001
1.40001
1.40001
1.40001
1.40001
1.40001
1.40001
1.40001
1.40001
1.40001
1.40001
1.40001
1.40001
1.40001
1.40001
1.40001
1.40001
1.40001
1.40001
1.40001
1.40001
1.40001
1.40001
1.40001
1.40001
1.40001
1.40001
1.40001
1.40001
1.40001
1.40001
1.40001
1.4
1.40001
1.4
1.40001
1.4
1.40001
1.4
1.40001
1.40001
1.4
1.40001
1.4
1.40001
1.4
1.40001
1.40001
1.4
1.40001
1.40001
1.40001
1.40001
1.4
1.4
1.40001
1.40001
1.40001
1.40001
1.40001
1.40001
1.40001
1.40001
1.40001
1.40001
1.40001
1.40001
1.40001
1.40001
1.40001
1.40001
1.40001
1.4
1.4
1.4
1.4
1.4
1.4
1.4
1.4
1.4
1.4
1.4
1.4
1.4
1.4
1.4
1.4
1.4
1.4
1.4
1.4
1.40001
1.40001
1.40001
1.40001
1.40001
1.40001
1.40001
1.40001
1.40001
1.40001
1.40001
1.40001
1.40001
1.40001
1.40001
1.40001
1.40001
1.40001
1.40001
1.40001
1.40001
1.40001
1.40001
1.40001
1.40001
1.40001
1.40001
1.40001
1.40001
1.40001
1.40001
1.40001
1.40001
1.40001
1.40001
1.40001
1.40001
1.40001
1.40001
1.40001
1.40001
1.4
1.40001
1.40001
1.40001
1.40001
1.40001
1.40001
1.40001
1.40001
1.40001
1.4
1.4
1.40001
1.40001
1.40001
1.40001
1.40001
1.40001
1.4
1.40001
1.40001
1.4
1.40001
1.40001
1.40001
1.40001
1.40001
1.40001
1.40001
1.40001
1.40001
1.40001
1.40001
1.40001
1.40001
1.40001
1.40001
1.40001
1.4
1.4
1.4
1.4
1.4
1.4
1.4
1.4
1.4
1.4
1.4
1.4
1.4
1.4
1.4
1.4
1.4
1.40001
1.40001
1.40001
1.40001
1.40001
1.40001
1.40001
1.40001
1.40001
1.40001
1.40001
1.40001
1.40001
1.40001
1.40001
1.40001
1.40001
1.40001
1.40001
1.40001
1.40001
1.40001
1.40001
1.40001
1.40001
1.40001
1.40001
1.40001
1.40001
1.40001
1.40001
1.40001
1.40001
1.40001
1.40001
1.40001
1.40001
1.40001
1.40001
1.40001
1.40001
1.40001
1.40001
1.40001
1.4
1.40001
1.40001
1.40001
1.40001
1.40001
1.40001
1.40001
1.4
1.40001
1.4
1.40001
1.4
1.40001
1.40001
1.4
1.40001
1.4
1.4
1.40001
1.4
1.4
1.40001
1.40001
1.4
1.40001
1.40001
1.40001
1.40001
1.40001
1.40001
1.40001
1.40001
1.40001
1.40001
1.40001
1.40001
1.40001
1.4
1.40001
1.4
1.4
1.4
1.4
1.4
1.4
1.4
1.4
1.4
1.4
1.4
1.4
1.4
1.4
1.4
1.4
1.4
1.4
1.40001
1.40001
1.40001
1.40001
1.40001
1.40001
1.40001
1.40001
1.40001
1.40001
1.40001
1.40001
1.40001
1.40001
1.40001
1.40001
1.40001
1.40001
1.40001
1.40001
1.40001
1.40001
1.40001
1.40001
1.40001
1.40001
1.40001
1.40001
1.40001
1.40001
1.40001
1.40001
1.40001
1.40001
1.40001
1.40001
1.40001
1.40001
1.40001
1.40001
1.40001
1.40001
1.40001
1.4
1.40001
1.40001
1.40001
1.40001
1.40001
1.4
1.40001
1.4
1.40001
1.40001
1.40001
1.4
1.40001
1.4
1.40001
1.40001
1.40001
1.4
1.4
1.40001
1.4
1.4
1.4
1.40001
1.40001
1.40001
1.40001
1.40001
1.40001
1.40001
1.40001
1.40001
1.40001
1.40001
1.40001
1.40001
1.40001
1.4
1.40001
1.4
1.4
1.4
1.4
1.4
1.4
1.4
1.4
1.4
1.4
1.4
1.4
1.4
1.4
1.40001
1.40001
1.40001
1.4
1.4
1.4
1.4
1.40001
1.40001
1.40001
1.40001
1.40001
1.40001
1.40001
1.40001
1.40001
1.40001
1.40001
1.40001
1.40001
1.40001
1.40001
1.40001
1.40001
1.40001
1.40001
1.40001
1.40001
1.40001
1.40001
1.40001
1.40001
1.40001
1.40001
1.40001
1.40001
1.40001
1.40001
1.40001
1.40001
1.40001
1.40001
1.40001
1.40001
1.40001
1.40001
1.40001
1.4
1.40001
1.40001
1.40001
1.40001
1.40001
1.4
1.40001
1.4
1.40001
1.40001
1.40001
1.4
1.4
1.40001
1.4
1.4
1.40001
1.40001
1.40001
1.4
1.4
1.4
1.40001
1.4
1.40001
1.40001
1.40001
1.40001
1.40001
1.40001
1.40001
1.40001
1.40001
1.40001
1.40001
1.4
1.4
1.4
1.4
1.4
1.4
1.4
1.4
1.4
1.4
1.4
1.4
1.4
1.40001
1.40001
1.40001
1.40001
1.40001
1.40001
1.40001
1.40001
1.40001
1.40001
1.40001
1.40001
1.40001
1.40001
1.40001
1.40001
1.40001
1.40001
1.40001
1.40001
1.40001
1.40001
1.40001
1.40001
1.40001
1.40001
1.40001
1.40001
1.40001
1.40001
1.40001
1.40001
1.40001
1.40001
1.40001
1.40001
1.40001
1.40001
1.40001
1.40001
1.40001
1.40001
1.40001
1.40001
1.40001
1.40001
1.40001
1.40001
1.40001
1.40001
1.4
1.40001
1.4
1.40001
1.40001
1.40001
1.40001
1.40001
1.4
1.40001
1.4
1.40001
1.4
1.40001
1.40001
1.4
1.40001
1.40001
1.4
1.40001
1.4
1.4
1.40001
1.40001
1.4
1.4
1.4
1.40001
1.40001
1.40001
1.40001
1.40001
1.40001
1.40001
1.40001
1.40001
1.40001
1.40001
1.4
1.4
1.4
1.4
1.4
1.40001
1.4
1.4
1.4
1.40001
1.40001
1.40001
1.40001
1.40001
1.40001
1.40001
1.40001
1.40001
1.40001
1.40001
1.4
1.40001
1.40001
1.40001
1.40001
1.40001
1.40001
1.40001
1.40001
1.40001
1.40001
1.40001
1.40001
1.40001
1.40001
1.40001
1.40001
1.40001
1.40001
1.40001
1.40001
1.40001
1.40001
1.40001
1.40001
1.40001
1.40001
1.40001
1.40001
1.40001
1.40001
1.40001
1.40001
1.40001
1.40001
1.40001
1.40001
1.40001
1.40001
1.40001
1.40001
1.40001
1.40001
1.4
1.40001
1.4
1.40001
1.40001
1.4
1.40001
1.40001
1.4
1.40001
1.40001
1.4
1.40001
1.4
1.40001
1.4
1.40001
1.40001
1.4
1.40001
1.40001
1.40001
1.40001
1.4
1.40001
1.40001
1.4
1.40001
1.40001
1.40001
1.40001
1.4
1.40001
1.4
1.40001
1.40001
1.4
1.40001
1.40001
1.4
1.4
1.4
1.4
1.4
1.4
1.4
1.4
1.4
1.4
1.40001
1.40001
1.4
1.4
1.4
1.4
1.40001
1.40001
1.40001
1.40001
1.40001
1.40001
1.40001
1.40001
1.40001
1.40001
1.40001
1.40001
1.40001
1.40001
1.40001
1.40001
1.40001
1.40001
1.40001
1.40001
1.40001
1.40001
1.40001
1.40001
1.40001
1.40001
1.40001
1.40001
1.40001
1.40001
1.40001
1.40001
1.40001
1.40001
1.40001
1.40001
1.40001
1.40001
1.40001
1.40001
1.40001
1.40001
1.40001
1.40001
1.40001
1.40001
1.4
1.40001
1.40001
1.40001
1.40001
1.4
1.40001
1.4
1.40001
1.40001
1.40001
1.4
1.40001
1.40001
1.40001
1.4
1.40001
1.40001
1.4
1.40001
1.4
1.4
1.40001
1.4
1.4
1.4
1.4
1.40001
1.40001
1.4
1.40001
1.40001
1.40001
1.40001
1.40001
1.40001
1.40001
1.4
1.40001
1.4
1.4
1.4
1.4
1.40001
1.40001
1.40001
1.40001
1.40001
1.40001
1.40001
1.40001
1.40001
1.40001
1.40001
1.40001
1.40001
1.40001
1.40001
1.40001
1.40001
1.40001
1.40001
1.40001
1.40001
1.40001
1.40001
1.40001
1.40001
1.40001
1.40001
1.40001
1.40001
1.40001
1.40001
1.40001
1.40001
1.40001
1.40001
1.40001
1.40001
1.40001
1.40001
1.40001
1.40001
1.40001
1.40001
1.40001
1.40001
1.40001
1.40001
1.40001
1.40001
1.40001
1.40001
1.40001
1.40001
1.40001
1.40001
1.40001
1.40001
1.40001
1.4
1.40001
1.40001
1.4
1.40001
1.4
1.40001
1.4
1.40001
1.4
1.40001
1.40001
1.4
1.40001
1.40001
1.4
1.40001
1.40001
1.40001
1.40001
1.40001
1.4
1.40001
1.40001
1.40001
1.40001
1.4
1.4
1.40001
1.4
1.40001
1.40001
1.4
1.4
1.40001
1.4
1.40001
1.40001
1.40001
1.4
1.40001
1.40001
1.4
1.40001
1.40001
1.40001
1.4
1.4
1.4
1.4
1.4
1.4
1.40001
1.40001
1.40001
1.40001
1.40001
1.40001
1.40001
1.40001
1.40001
1.40001
1.40001
1.40001
1.40001
1.40001
1.40001
1.40001
1.40001
1.40001
1.40001
1.40001
1.40001
1.40001
1.40001
1.40001
1.40001
1.40001
1.40001
1.40001
1.40001
1.40001
1.40001
1.40001
1.40001
1.40001
1.40001
1.40001
1.40001
1.40001
1.40001
1.40001
1.40001
1.40001
1.40001
1.40001
1.40001
1.40001
1.40001
1.40001
1.40001
1.40001
1.40001
1.40001
1.4
1.40001
1.4
1.40001
1.4
1.40001
1.4
1.40001
1.40001
1.4
1.4
1.40001
1.4
1.4
1.40001
1.40001
1.4
1.40001
1.4
1.40001
1.4
1.40001
1.40001
1.40001
1.4
1.40001
1.4
1.40001
1.40001
1.40001
1.4
1.40001
1.4
1.4
1.40001
1.40001
1.40001
1.4
1.40001
1.40001
1.40001
1.40001
1.40001
1.40001
1.40001
1.40001
1.40001
1.40001
1.40001
1.40001
1.40001
1.40001
1.40001
1.40001
1.40001
1.40001
1.40001
1.40001
1.40001
1.40001
1.40001
1.40001
1.40001
1.40001
1.40001
1.40001
1.40001
1.40001
1.40001
1.40001
1.40001
1.40001
1.40001
1.40001
1.40001
1.40001
1.40001
1.40001
1.40001
1.40001
1.40001
1.40001
1.40001
1.40001
1.40001
1.40001
1.40001
1.40001
1.40001
1.40001
1.40001
1.40001
1.40001
1.40001
1.40001
1.40001
1.40001
1.40001
1.40001
1.40001
1.40001
1.4
1.40001
1.4
1.40001
1.4
1.40001
1.4
1.40001
1.40001
1.40001
1.4
1.40001
1.40001
1.40001
1.4
1.40001
1.40001
1.40001
1.4
1.4
1.4
1.40001
1.40001
1.40001
1.4
1.40001
1.4
1.4
1.4
1.40001
1.4
1.40001
1.40001
1.40001
1.4
1.4
1.40001
1.40001
1.40001
1.40001
1.40001
1.40001
1.40001
1.40001
1.40001
1.40001
1.40001
1.40001
1.40001
1.40001
1.40001
1.40001
1.40001
1.40001
1.40001
1.40001
1.40001
1.40001
1.40001
1.40001
1.40001
1.40001
1.40001
1.40001
1.40001
1.40001
1.40001
1.40001
1.40001
1.40001
1.40001
1.40001
1.40001
1.40001
1.40001
1.40001
1.40001
1.40001
1.40001
1.40001
1.40001
1.40001
1.40001
1.40001
1.40001
1.40001
1.40001
1.40001
1.40001
1.40001
1.40001
1.40001
1.40001
1.40001
1.40001
1.40001
1.40001
1.40001
1.40001
1.40001
1.40001
1.4
1.40001
1.4
1.40001
1.4
1.40001
1.4
1.40001
1.40001
1.40001
1.4
1.40001
1.4
1.40001
1.40001
1.4
1.4
1.40001
1.40001
1.40001
1.4
1.40001
1.4
1.40001
1.40001
1.40001
1.4
1.40001
1.40001
1.40001
1.4
1.4
1.4
1.40001
1.40001
1.4
1.4
1.40001
1.40001
1.40001
1.40001
1.40001
1.40001
1.40001
1.40001
1.40001
1.40001
1.40001
1.40001
1.40001
1.40001
1.40001
1.40001
1.40001
1.40001
1.40001
1.40001
1.40001
1.40001
1.40001
1.40001
1.40001
1.40001
1.40001
1.40001
1.40001
1.40001
1.40001
1.40001
1.40001
1.40001
1.40001
1.40001
1.40001
1.40001
1.40001
1.40001
1.40001
1.40001
1.40001
1.40001
1.40001
1.40001
1.40001
1.40001
1.40001
1.40001
1.40001
1.40001
1.40001
1.40001
1.40001
1.40001
1.40001
1.40001
1.40001
1.40001
1.40001
1.40001
1.40001
1.40001
1.40001
1.40001
1.4
1.40001
1.4
1.40001
1.4
1.40001
1.40001
1.40001
1.40001
1.40001
1.4
1.4
1.40001
1.40001
1.40001
1.40001
1.40001
1.40001
1.4
1.4
1.4
1.40001
1.4
1.40001
1.40001
1.4
1.4
1.40001
1.40001
1.40001
1.40001
1.40001
1.40001
1.40001
1.40001
1.4
1.4
1.40001
1.40001
1.40001
1.40001
1.40001
1.40001
1.40001
1.40001
1.40001
1.40001
1.40001
1.40001
1.40001
1.40001
1.40001
1.40001
1.40001
1.40001
1.40001
1.40001
1.40001
1.40001
1.40001
1.40001
1.40001
1.40001
1.40001
1.40001
1.40001
1.40001
1.40001
1.40001
1.40001
1.40001
1.40001
1.40001
1.40001
1.40001
1.40001
1.40001
1.40001
1.40001
1.40001
1.40001
1.40001
1.40001
1.40001
1.40001
1.40001
1.40001
1.40001
1.40001
1.40001
1.40001
1.40001
1.40001
1.40001
1.40001
1.40001
1.40001
1.40001
1.40001
1.40001
1.40001
1.4
1.40001
1.4
1.40001
1.40001
1.4
1.40001
1.40001
1.4
1.40001
1.40001
1.40001
1.40001
1.40001
1.4
1.4
1.4
1.40001
1.40001
1.40001
1.40001
1.40001
1.4
1.4
1.40001
1.40001
1.40001
1.40001
1.4
1.4
1.4
1.4
1.40001
1.40001
1.40001
1.40001
1.40001
1.40001
1.40001
1.40001
1.40001
1.40001
1.40001
1.40001
1.40001
1.40001
1.40001
1.40001
1.40001
1.40001
1.40001
1.40001
1.40001
1.40001
1.40001
1.40001
1.40001
1.40001
1.40001
1.40001
1.40001
1.40001
1.40001
1.40001
1.40001
1.40001
1.40001
1.40001
1.40001
1.40001
1.40001
1.40001
1.40001
1.40001
1.40001
1.40001
1.40001
1.40001
1.40001
1.40001
1.40001
1.40001
1.40001
1.40001
1.40001
1.40001
1.40001
1.40001
1.40001
1.40001
1.40001
1.40001
1.40001
1.40001
1.40001
1.40001
1.40001
1.40001
1.40001
1.40001
1.40001
1.4
1.40001
1.4
1.40001
1.40001
1.4
1.40001
1.40001
1.40001
1.40001
1.4
1.40001
1.40001
1.40001
1.40001
1.40001
1.40001
1.4
1.4
1.40001
1.40001
1.40001
1.40001
1.40001
1.40001
1.4
1.4
1.40001
1.40001
1.40001
1.40001
1.4
1.4
1.4
1.4
1.40001
1.40001
1.40001
1.40001
1.40001
1.40001
1.40001
1.40001
1.40001
1.40001
1.40001
1.40001
1.40001
1.40001
1.40001
1.40001
1.40001
1.40001
1.40001
1.40001
1.40001
1.40001
1.40001
1.40001
1.40001
1.40001
1.40001
1.40001
1.40001
1.40001
1.40001
1.40001
1.40001
1.40001
1.40001
1.40001
1.40001
1.40001
1.40001
1.40001
1.40001
1.40001
1.40001
1.40001
1.40001
1.40001
1.40001
1.40001
1.40001
1.40001
1.40001
1.40001
1.40001
1.40001
1.40001
1.40001
1.40001
1.40001
1.40001
1.40001
1.40001
1.40001
1.40001
1.40001
1.40001
1.40001
1.40001
1.40001
1.40001
1.40001
1.40001
1.40001
1.40001
1.40001
1.40001
1.40001
1.40001
1.40001
1.4
1.4
1.40001
1.40001
1.40001
1.40001
1.4
1.4
1.4
1.4
1.40001
1.40001
1.40001
1.40001
1.40001
1.4
1.40001
1.40001
1.40001
1.40001
1.40001
1.40001
1.40001
1.40001
1.40001
1.40001
1.40001
1.40001
1.40001
1.40001
1.40001
1.40001
1.40001
1.40001
1.40001
1.40001
1.40001
1.40001
1.40001
1.40001
1.40001
1.40001
1.40001
1.40001
1.40001
1.40001
1.40001
1.40001
1.40001
1.40001
1.40001
1.40001
1.40001
1.40001
1.40001
1.40001
1.40001
1.40001
1.40001
1.40001
1.40001
1.40001
1.40001
1.40001
1.40001
1.40001
1.40001
1.40001
1.40001
1.40001
1.40001
1.40001
1.40001
1.40001
1.40001
1.40001
1.40001
1.40001
1.40001
1.40001
1.40001
1.40001
1.40001
1.40001
1.40001
1.40001
1.40001
1.40001
1.40001
1.40001
1.40001
1.40001
1.40001
1.40001
1.40001
1.40001
1.40001
1.4
1.40001
1.40001
1.40001
1.40001
1.40001
1.40001
1.40001
1.40001
1.40001
1.40001
1.40001
1.40001
1.40001
1.40001
1.4
1.4
1.4
1.40001
1.4
1.4
1.4
1.4
1.4
1.40001
1.40001
1.40001
1.40001
1.40001
1.40001
1.40001
1.40001
1.40001
1.40001
1.40001
1.40001
1.40001
1.40001
1.40001
1.40001
1.40001
1.40001
1.40001
1.40001
1.40001
1.40001
1.40001
1.40001
1.40001
1.40001
1.40001
1.40001
1.40001
1.40001
1.40001
1.40001
1.40001
1.40001
1.40001
1.40001
1.40001
1.40001
1.40001
1.40001
1.40001
1.40001
1.40001
1.40001
1.40001
1.40001
1.40001
1.40001
1.40001
1.40001
1.40001
1.40001
1.40001
1.40001
1.40001
1.40001
1.40001
1.40001
1.40001
1.40001
1.40001
1.40001
1.40001
1.40001
1.40001
1.40001
1.40001
1.40001
1.40001
1.40001
1.40001
1.40001
1.40001
1.40001
1.40001
1.40001
1.40001
1.40001
1.40001
1.40001
1.40001
1.40001
1.4
1.4
1.4
1.4
1.4
1.4
1.4
1.4
1.40001
1.40001
1.40001
1.40001
1.40001
1.40001
1.40001
1.40001
1.40001
1.40001
1.40001
1.40001
1.40001
1.40001
1.40001
1.40001
1.40001
1.40001
1.40001
1.40001
1.40001
1.40001
1.40001
1.40001
1.40001
1.40001
1.40001
1.40001
1.40001
1.40001
1.40001
1.40001
1.40001
1.40001
1.40001
1.40001
1.40001
1.40001
1.40001
1.40001
1.40001
1.40001
1.40001
)
;

boundaryField
{
    emptyPatches_empt
    {
        type            empty;
    }
    top_cyc
    {
        type            cyclic;
    }
    bottom_cyc
    {
        type            cyclic;
    }
    inlet_cyc
    {
        type            cyclic;
    }
    outlet_cyc
    {
        type            cyclic;
    }
}


// ************************************************************************* //
