/*--------------------------------*- C++ -*----------------------------------*\
  =========                 |
  \\      /  F ield         | OpenFOAM: The Open Source CFD Toolbox
   \\    /   O peration     | Website:  https://openfoam.org
    \\  /    A nd           | Version:  6
     \\/     M anipulation  |
\*---------------------------------------------------------------------------*/
FoamFile
{
    version     2.0;
    format      ascii;
    class       volScalarField;
    location    "2.42";
    object      e;
}
// * * * * * * * * * * * * * * * * * * * * * * * * * * * * * * * * * * * * * //

dimensions      [0 2 -2 0 0 0 0];

internalField   nonuniform List<scalar> 
10000
(
1006.29
1006.29
1006.29
1006.29
1006.29
1006.29
1006.29
1006.29
1006.29
1006.29
1006.29
1006.29
1006.29
1006.29
1006.29
1006.29
1006.29
1006.29
1006.29
1006.29
1006.29
1006.29
1006.29
1006.29
1006.29
1006.29
1006.29
1006.29
1006.29
1006.29
1006.29
1006.29
1006.29
1006.29
1006.29
1006.29
1006.29
1006.29
1006.29
1006.29
1006.29
1006.29
1006.29
1006.29
1006.29
1006.29
1006.29
1006.29
1006.29
1006.29
1006.29
1006.29
1006.29
1006.29
1006.29
1006.29
1006.29
1006.29
1006.29
1006.29
1006.29
1006.29
1006.29
1006.29
1006.29
1006.29
1006.29
1006.29
1006.29
1006.29
1006.29
1006.29
1006.29
1006.29
1006.29
1006.29
1006.29
1006.29
1006.29
1006.29
1006.29
1006.29
1006.29
1006.29
1006.29
1006.29
1006.29
1006.29
1006.29
1006.29
1006.29
1006.29
1006.29
1006.29
1006.29
1006.29
1006.29
1006.29
1006.29
1006.29
1006.29
1006.29
1006.29
1006.29
1006.29
1006.29
1006.29
1006.29
1006.29
1006.29
1006.29
1006.29
1006.29
1006.29
1006.29
1006.29
1006.29
1006.29
1006.29
1006.29
1006.29
1006.29
1006.29
1006.29
1006.29
1006.29
1006.29
1006.29
1006.29
1006.29
1006.29
1006.29
1006.29
1006.29
1006.29
1006.29
1006.29
1006.29
1006.29
1006.29
1006.29
1006.29
1006.29
1006.29
1006.29
1006.29
1006.29
1006.29
1006.29
1006.29
1006.29
1006.29
1006.29
1006.29
1006.29
1006.29
1006.29
1006.29
1006.29
1006.29
1006.29
1006.29
1006.29
1006.29
1006.29
1006.29
1006.29
1006.29
1006.29
1006.29
1006.29
1006.29
1006.29
1006.29
1006.29
1006.29
1006.29
1006.29
1006.29
1006.29
1006.29
1006.29
1006.29
1006.29
1006.29
1006.29
1006.29
1006.29
1006.29
1006.29
1006.29
1006.29
1006.29
1006.29
1006.29
1006.29
1006.29
1006.29
1006.29
1006.29
1006.29
1006.29
1006.29
1006.29
1006.29
1006.29
1006.29
1006.29
1006.29
1006.29
1006.29
1006.29
1006.29
1006.29
1006.29
1006.29
1006.29
1006.29
1006.29
1006.29
1006.29
1006.29
1006.29
1006.29
1006.29
1006.29
1006.29
1006.29
1006.29
1006.29
1006.29
1006.29
1006.29
1006.29
1006.29
1006.29
1006.29
1006.29
1006.29
1006.29
1006.29
1006.29
1006.29
1006.29
1006.29
1006.29
1006.29
1006.29
1006.29
1006.29
1006.29
1006.29
1006.29
1006.29
1006.29
1006.29
1006.29
1006.29
1006.29
1006.29
1006.29
1006.29
1006.29
1006.29
1006.29
1006.29
1006.29
1006.29
1006.29
1006.29
1006.29
1006.29
1006.29
1006.29
1006.29
1006.29
1006.29
1006.29
1006.29
1006.29
1006.29
1006.29
1006.29
1006.29
1006.29
1006.29
1006.29
1006.29
1006.29
1006.29
1006.29
1006.29
1006.29
1006.29
1006.29
1006.29
1006.29
1006.29
1006.29
1006.29
1006.29
1006.29
1006.29
1006.29
1006.29
1006.29
1006.29
1006.29
1006.29
1006.29
1006.29
1006.29
1006.29
1006.29
1006.29
1006.29
1006.29
1006.29
1006.29
1006.29
1006.29
1006.29
1006.29
1006.29
1006.29
1006.29
1006.29
1006.29
1006.29
1006.29
1006.29
1006.29
1006.29
1006.29
1006.29
1006.29
1006.29
1006.29
1006.29
1006.29
1006.29
1006.29
1006.29
1006.29
1006.29
1006.29
1006.29
1006.29
1006.29
1006.29
1006.29
1006.29
1006.29
1006.29
1006.29
1006.29
1006.29
1006.29
1006.29
1006.29
1006.29
1006.29
1006.29
1006.29
1006.29
1006.29
1006.29
1006.29
1006.29
1006.29
1006.29
1006.29
1006.29
1006.29
1006.29
1006.29
1006.29
1006.29
1006.29
1006.29
1006.29
1006.29
1006.29
1006.29
1006.29
1006.29
1006.29
1006.29
1006.29
1006.29
1006.29
1006.29
1006.29
1006.29
1006.29
1006.29
1006.29
1006.29
1006.29
1006.29
1006.29
1006.29
1006.29
1006.29
1006.29
1006.29
1006.29
1006.29
1006.29
1006.29
1006.29
1006.29
1006.29
1006.29
1006.29
1006.29
1006.29
1006.29
1006.29
1006.29
1006.29
1006.29
1006.29
1006.29
1006.29
1006.29
1006.29
1006.29
1006.29
1006.29
1006.29
1006.29
1006.29
1006.29
1006.29
1006.29
1006.29
1006.29
1006.29
1006.29
1006.29
1006.29
1006.29
1006.29
1006.29
1006.29
1006.29
1006.29
1006.29
1006.29
1006.29
1006.29
1006.29
1006.29
1006.29
1006.29
1006.29
1006.29
1006.29
1006.29
1006.29
1006.29
1006.29
1006.29
1006.29
1006.29
1006.29
1006.29
1006.29
1006.29
1006.29
1006.29
1006.29
1006.29
1006.29
1006.29
1006.29
1006.29
1006.29
1006.29
1006.29
1006.29
1006.29
1006.29
1006.29
1006.29
1006.29
1006.29
1006.29
1006.29
1006.29
1006.29
1006.29
1006.29
1006.29
1006.29
1006.29
1006.29
1006.29
1006.29
1006.29
1006.29
1006.29
1006.29
1006.29
1006.29
1006.29
1006.29
1006.29
1006.29
1006.29
1006.29
1006.29
1006.29
1006.29
1006.29
1006.29
1006.29
1006.29
1006.29
1006.29
1006.29
1006.29
1006.29
1006.29
1006.29
1006.29
1006.29
1006.29
1006.29
1006.29
1006.29
1006.29
1006.29
1006.29
1006.29
1006.29
1006.29
1006.29
1006.29
1006.29
1006.29
1006.29
1006.29
1006.29
1006.29
1006.29
1006.29
1006.29
1006.29
1006.29
1006.29
1006.29
1006.29
1006.29
1006.29
1006.29
1006.29
1006.29
1006.29
1006.29
1006.29
1006.29
1006.29
1006.29
1006.29
1006.29
1006.29
1006.29
1006.29
1006.29
1006.29
1006.29
1006.29
1006.29
1006.29
1006.29
1006.29
1006.29
1006.29
1006.29
1006.29
1006.29
1006.29
1006.29
1006.29
1006.29
1006.29
1006.29
1006.29
1006.29
1006.29
1006.29
1006.29
1006.29
1006.29
1006.29
1006.29
1006.29
1006.29
1006.29
1006.29
1006.29
1006.29
1006.29
1006.29
1006.29
1006.29
1006.29
1006.29
1006.29
1006.29
1006.29
1006.29
1006.29
1006.29
1006.29
1006.29
1006.29
1006.29
1006.29
1006.29
1006.29
1006.29
1006.29
1006.29
1006.29
1006.29
1006.29
1006.29
1006.29
1006.29
1006.29
1006.29
1006.29
1006.29
1006.29
1006.29
1006.29
1006.29
1006.29
1006.29
1006.29
1006.29
1006.29
1006.29
1006.29
1006.29
1006.29
1006.29
1006.29
1006.29
1006.29
1006.29
1006.29
1006.29
1006.29
1006.29
1006.29
1006.29
1006.29
1006.29
1006.29
1006.29
1006.29
1006.29
1006.29
1006.29
1006.29
1006.29
1006.29
1006.29
1006.29
1006.29
1006.29
1006.29
1006.29
1006.29
1006.29
1006.29
1006.29
1006.29
1006.29
1006.29
1006.29
1006.29
1006.29
1006.29
1006.29
1006.29
1006.29
1006.29
1006.29
1006.29
1006.29
1006.29
1006.29
1006.29
1006.29
1006.29
1006.29
1006.29
1006.29
1006.29
1006.29
1006.29
1006.29
1006.29
1006.29
1006.29
1006.29
1006.29
1006.29
1006.29
1006.29
1006.29
1006.29
1006.29
1006.29
1006.29
1006.29
1006.29
1006.29
1006.29
1006.29
1006.29
1006.29
1006.29
1006.29
1006.29
1006.29
1006.29
1006.29
1006.29
1006.29
1006.29
1006.29
1006.29
1006.29
1006.29
1006.29
1006.29
1006.29
1006.29
1006.29
1006.29
1006.29
1006.29
1006.29
1006.29
1006.29
1006.29
1006.29
1006.29
1006.29
1006.29
1006.29
1006.29
1006.29
1006.29
1006.29
1006.29
1006.29
1006.29
1006.29
1006.29
1006.29
1006.29
1006.29
1006.29
1006.29
1006.29
1006.29
1006.29
1006.29
1006.29
1006.29
1006.29
1006.29
1006.29
1006.29
1006.29
1006.29
1006.29
1006.29
1006.29
1006.29
1006.29
1006.29
1006.29
1006.29
1006.29
1006.29
1006.29
1006.29
1006.29
1006.29
1006.29
1006.29
1006.29
1006.29
1006.29
1006.29
1006.29
1006.29
1006.29
1006.29
1006.29
1006.29
1006.29
1006.29
1006.29
1006.29
1006.29
1006.29
1006.29
1006.29
1006.29
1006.29
1006.29
1006.29
1006.29
1006.29
1006.29
1006.29
1006.29
1006.29
1006.29
1006.29
1006.29
1006.29
1006.29
1006.29
1006.29
1006.29
1006.29
1006.29
1006.29
1006.29
1006.29
1006.29
1006.29
1006.29
1006.29
1006.29
1006.29
1006.29
1006.29
1006.29
1006.29
1006.29
1006.29
1006.29
1006.29
1006.29
1006.29
1006.29
1006.29
1006.29
1006.29
1006.29
1006.29
1006.29
1006.29
1006.29
1006.29
1006.29
1006.29
1006.29
1006.29
1006.29
1006.29
1006.29
1006.29
1006.29
1006.29
1006.29
1006.29
1006.29
1006.29
1006.29
1006.29
1006.29
1006.29
1006.29
1006.29
1006.29
1006.29
1006.29
1006.29
1006.29
1006.29
1006.29
1006.29
1006.29
1006.29
1006.29
1006.29
1006.29
1006.29
1006.29
1006.29
1006.29
1006.29
1006.29
1006.29
1006.29
1006.29
1006.29
1006.29
1006.29
1006.29
1006.29
1006.29
1006.29
1006.29
1006.29
1006.29
1006.29
1006.29
1006.29
1006.29
1006.29
1006.29
1006.29
1006.29
1006.29
1006.29
1006.29
1006.29
1006.29
1006.29
1006.29
1006.29
1006.29
1006.29
1006.29
1006.29
1006.29
1006.29
1006.29
1006.29
1006.29
1006.29
1006.29
1006.29
1006.29
1006.29
1006.29
1006.29
1006.29
1006.29
1006.29
1006.29
1006.29
1006.29
1006.29
1006.29
1006.29
1006.29
1006.29
1006.29
1006.29
1006.29
1006.29
1006.29
1006.29
1006.29
1006.29
1006.29
1006.29
1006.29
1006.29
1006.29
1006.29
1006.29
1006.29
1006.29
1006.29
1006.29
1006.29
1006.29
1006.29
1006.29
1006.29
1006.29
1006.29
1006.29
1006.29
1006.29
1006.29
1006.29
1006.29
1006.29
1006.29
1006.29
1006.29
1006.29
1006.29
1006.29
1006.29
1006.29
1006.29
1006.29
1006.29
1006.29
1006.29
1006.29
1006.29
1006.29
1006.29
1006.29
1006.29
1006.29
1006.29
1006.29
1006.29
1006.29
1006.29
1006.29
1006.29
1006.29
1006.29
1006.29
1006.29
1006.29
1006.29
1006.29
1006.29
1006.29
1006.29
1006.29
1006.29
1006.29
1006.29
1006.29
1006.29
1006.29
1006.29
1006.29
1006.29
1006.29
1006.29
1006.29
1006.29
1006.29
1006.29
1006.29
1006.29
1006.29
1006.29
1006.29
1006.29
1006.29
1006.29
1006.29
1006.29
1006.29
1006.29
1006.29
1006.29
1006.29
1006.29
1006.29
1006.29
1006.29
1006.29
1006.29
1006.29
1006.29
1006.29
1006.29
1006.29
1006.29
1006.29
1006.29
1006.29
1006.29
1006.29
1006.29
1006.29
1006.29
1006.29
1006.29
1006.29
1006.29
1006.29
1006.29
1006.29
1006.29
1006.29
1006.29
1006.29
1006.29
1006.29
1006.29
1006.29
1006.29
1006.29
1006.29
1006.29
1006.29
1006.29
1006.29
1006.29
1006.29
1006.29
1006.29
1006.29
1006.29
1006.29
1006.29
1006.29
1006.29
1006.29
1006.29
1006.29
1006.29
1006.29
1006.29
1006.29
1006.29
1006.29
1006.29
1006.29
1006.29
1006.29
1006.29
1006.29
1006.29
1006.29
1006.29
1006.29
1006.29
1006.29
1006.29
1006.29
1006.29
1006.29
1006.29
1006.29
1006.29
1006.29
1006.29
1006.29
1006.29
1006.29
1006.29
1006.29
1006.29
1006.29
1006.29
1006.29
1006.29
1006.29
1006.29
1006.29
1006.29
1006.29
1006.29
1006.29
1006.29
1006.29
1006.29
1006.29
1006.29
1006.29
1006.29
1006.29
1006.29
1006.29
1006.29
1006.29
1006.29
1006.29
1006.29
1006.29
1006.29
1006.29
1006.29
1006.29
1006.29
1006.29
1006.29
1006.29
1006.29
1006.29
1006.29
1006.29
1006.29
1006.29
1006.29
1006.29
1006.29
1006.29
1006.29
1006.29
1006.29
1006.29
1006.29
1006.29
1006.29
1006.29
1006.29
1006.29
1006.29
1006.29
1006.29
1006.29
1006.29
1006.29
1006.29
1006.29
1006.29
1006.29
1006.29
1006.29
1006.29
1006.29
1006.29
1006.29
1006.29
1006.29
1006.29
1006.29
1006.29
1006.29
1006.29
1006.29
1006.29
1006.29
1006.29
1006.29
1006.29
1006.29
1006.29
1006.29
1006.29
1006.29
1006.29
1006.29
1006.29
1006.29
1006.29
1006.29
1006.29
1006.29
1006.29
1006.29
1006.29
1006.29
1006.29
1006.29
1006.29
1006.29
1006.29
1006.29
1006.29
1006.29
1006.29
1006.29
1006.29
1006.29
1006.29
1006.29
1006.29
1006.29
1006.29
1006.29
1006.29
1006.29
1006.29
1006.29
1006.29
1006.29
1006.29
1006.29
1006.29
1006.29
1006.29
1006.29
1006.29
1006.29
1006.29
1006.29
1006.29
1006.29
1006.29
1006.29
1006.29
1006.29
1006.29
1006.29
1006.29
1006.29
1006.29
1006.29
1006.29
1006.29
1006.29
1006.29
1006.29
1006.29
1006.29
1006.29
1006.29
1006.29
1006.29
1006.29
1006.29
1006.29
1006.29
1006.29
1006.29
1006.29
1006.29
1006.29
1006.29
1006.29
1006.29
1006.29
1006.29
1006.29
1006.29
1006.29
1006.29
1006.29
1006.29
1006.29
1006.29
1006.29
1006.29
1006.29
1006.29
1006.29
1006.29
1006.29
1006.29
1006.29
1006.29
1006.29
1006.29
1006.29
1006.29
1006.29
1006.29
1006.29
1006.29
1006.29
1006.29
1006.29
1006.29
1006.29
1006.29
1006.29
1006.29
1006.29
1006.29
1006.29
1006.29
1006.29
1006.29
1006.29
1006.29
1006.29
1006.29
1006.29
1006.29
1006.29
1006.29
1006.29
1006.29
1006.29
1006.29
1006.29
1006.29
1006.29
1006.29
1006.29
1006.29
1006.29
1006.29
1006.29
1006.29
1006.29
1006.29
1006.29
1006.29
1006.29
1006.29
1006.29
1006.29
1006.29
1006.29
1006.29
1006.29
1006.29
1006.29
1006.29
1006.29
1006.29
1006.29
1006.29
1006.29
1006.29
1006.29
1006.29
1006.29
1006.29
1006.29
1006.29
1006.29
1006.29
1006.29
1006.29
1006.29
1006.29
1006.29
1006.29
1006.29
1006.29
1006.29
1006.29
1006.29
1006.29
1006.29
1006.29
1006.29
1006.29
1006.29
1006.29
1006.29
1006.29
1006.29
1006.29
1006.29
1006.29
1006.29
1006.29
1006.29
1006.29
1006.29
1006.29
1006.29
1006.29
1006.29
1006.29
1006.29
1006.29
1006.29
1006.29
1006.29
1006.29
1006.29
1006.29
1006.29
1006.29
1006.29
1006.29
1006.29
1006.29
1006.29
1006.29
1006.29
1006.29
1006.29
1006.29
1006.29
1006.29
1006.29
1006.29
1006.29
1006.29
1006.29
1006.29
1006.29
1006.29
1006.29
1006.29
1006.29
1006.29
1006.29
1006.29
1006.29
1006.29
1006.29
1006.29
1006.29
1006.29
1006.29
1006.29
1006.29
1006.29
1006.29
1006.29
1006.29
1006.29
1006.29
1006.29
1006.29
1006.29
1006.29
1006.29
1006.29
1006.29
1006.29
1006.29
1006.29
1006.29
1006.29
1006.29
1006.29
1006.29
1006.29
1006.29
1006.29
1006.29
1006.29
1006.29
1006.29
1006.29
1006.29
1006.29
1006.29
1006.29
1006.29
1006.29
1006.29
1006.29
1006.29
1006.29
1006.29
1006.29
1006.29
1006.29
1006.29
1006.29
1006.29
1006.29
1006.29
1006.29
1006.29
1006.29
1006.29
1006.29
1006.29
1006.29
1006.29
1006.29
1006.29
1006.29
1006.29
1006.29
1006.29
1006.29
1006.29
1006.29
1006.29
1006.29
1006.29
1006.29
1006.29
1006.29
1006.29
1006.29
1006.29
1006.29
1006.29
1006.29
1006.29
1006.29
1006.29
1006.29
1006.29
1006.29
1006.29
1006.29
1006.29
1006.29
1006.29
1006.29
1006.29
1006.29
1006.29
1006.29
1006.29
1006.29
1006.29
1006.29
1006.29
1006.29
1006.29
1006.29
1006.29
1006.29
1006.29
1006.29
1006.29
1006.29
1006.29
1006.29
1006.29
1006.29
1006.29
1006.29
1006.29
1006.29
1006.29
1006.29
1006.29
1006.29
1006.29
1006.29
1006.29
1006.29
1006.29
1006.29
1006.29
1006.29
1006.29
1006.29
1006.29
1006.29
1006.29
1006.29
1006.29
1006.29
1006.29
1006.29
1006.29
1006.29
1006.29
1006.29
1006.29
1006.29
1006.29
1006.29
1006.29
1006.29
1006.29
1006.29
1006.29
1006.29
1006.29
1006.29
1006.29
1006.29
1006.29
1006.29
1006.29
1006.29
1006.29
1006.29
1006.29
1006.29
1006.29
1006.29
1006.29
1006.29
1006.29
1006.29
1006.29
1006.29
1006.29
1006.29
1006.29
1006.29
1006.29
1006.29
1006.29
1006.29
1006.29
1006.29
1006.29
1006.29
1006.29
1006.29
1006.29
1006.29
1006.29
1006.29
1006.29
1006.29
1006.29
1006.29
1006.29
1006.29
1006.29
1006.29
1006.29
1006.29
1006.29
1006.29
1006.29
1006.29
1006.29
1006.29
1006.29
1006.29
1006.29
1006.29
1006.29
1006.29
1006.29
1006.29
1006.29
1006.29
1006.29
1006.29
1006.29
1006.29
1006.29
1006.29
1006.29
1006.29
1006.29
1006.29
1006.29
1006.29
1006.29
1006.29
1006.29
1006.29
1006.29
1006.29
1006.29
1006.29
1006.29
1006.29
1006.29
1006.29
1006.29
1006.29
1006.29
1006.29
1006.29
1006.29
1006.29
1006.29
1006.29
1006.29
1006.29
1006.29
1006.29
1006.29
1006.29
1006.29
1006.29
1006.29
1006.29
1006.29
1006.29
1006.29
1006.29
1006.29
1006.29
1006.29
1006.29
1006.29
1006.29
1006.29
1006.29
1006.29
1006.29
1006.29
1006.29
1006.29
1006.29
1006.29
1006.29
1006.29
1006.29
1006.29
1006.29
1006.29
1006.29
1006.29
1006.29
1006.29
1006.29
1006.29
1006.29
1006.29
1006.29
1006.29
1006.29
1006.29
1006.29
1006.29
1006.29
1006.29
1006.29
1006.29
1006.29
1006.29
1006.29
1006.29
1006.29
1006.29
1006.29
1006.29
1006.29
1006.29
1006.29
1006.29
1006.29
1006.29
1006.29
1006.29
1006.29
1006.29
1006.29
1006.29
1006.29
1006.29
1006.29
1006.29
1006.29
1006.29
1006.29
1006.29
1006.29
1006.29
1006.29
1006.29
1006.29
1006.29
1006.29
1006.29
1006.29
1006.29
1006.29
1006.29
1006.29
1006.29
1006.29
1006.29
1006.29
1006.29
1006.29
1006.29
1006.29
1006.29
1006.29
1006.29
1006.29
1006.29
1006.29
1006.29
1006.29
1006.29
1006.29
1006.29
1006.29
1006.29
1006.29
1006.29
1006.29
1006.29
1006.29
1006.29
1006.29
1006.29
1006.29
1006.29
1006.29
1006.29
1006.29
1006.29
1006.29
1006.29
1006.29
1006.29
1006.29
1006.29
1006.29
1006.29
1006.29
1006.29
1006.29
1006.29
1006.29
1006.29
1006.29
1006.29
1006.29
1006.29
1006.29
1006.29
1006.29
1006.29
1006.29
1006.29
1006.29
1006.29
1006.29
1006.29
1006.29
1006.29
1006.29
1006.29
1006.29
1006.29
1006.29
1006.29
1006.29
1006.29
1006.29
1006.29
1006.29
1006.29
1006.29
1006.29
1006.29
1006.29
1006.29
1006.29
1006.29
1006.29
1006.29
1006.29
1006.29
1006.29
1006.29
1006.29
1006.29
1006.29
1006.29
1006.29
1006.29
1006.29
1006.29
1006.29
1006.29
1006.29
1006.29
1006.29
1006.29
1006.29
1006.29
1006.29
1006.29
1006.29
1006.29
1006.29
1006.29
1006.29
1006.29
1006.29
1006.29
1006.29
1006.29
1006.29
1006.29
1006.29
1006.29
1006.29
1006.29
1006.29
1006.29
1006.29
1006.29
1006.29
1006.29
1006.29
1006.29
1006.29
1006.29
1006.29
1006.29
1006.29
1006.29
1006.29
1006.29
1006.29
1006.29
1006.29
1006.29
1006.29
1006.29
1006.29
1006.29
1006.29
1006.29
1006.29
1006.29
1006.29
1006.29
1006.29
1006.29
1006.29
1006.29
1006.29
1006.29
1006.29
1006.29
1006.29
1006.29
1006.29
1006.29
1006.29
1006.29
1006.29
1006.29
1006.29
1006.29
1006.29
1006.29
1006.29
1006.29
1006.29
1006.29
1006.29
1006.29
1006.29
1006.29
1006.29
1006.29
1006.29
1006.29
1006.29
1006.29
1006.29
1006.29
1006.29
1006.29
1006.29
1006.29
1006.29
1006.29
1006.29
1006.29
1006.29
1006.29
1006.29
1006.29
1006.29
1006.29
1006.29
1006.29
1006.29
1006.29
1006.29
1006.29
1006.29
1006.29
1006.29
1006.29
1006.29
1006.29
1006.29
1006.29
1006.29
1006.29
1006.29
1006.29
1006.29
1006.29
1006.29
1006.29
1006.29
1006.29
1006.29
1006.29
1006.29
1006.29
1006.29
1006.29
1006.29
1006.29
1006.29
1006.29
1006.29
1006.29
1006.29
1006.29
1006.29
1006.29
1006.29
1006.29
1006.29
1006.29
1006.29
1006.29
1006.29
1006.29
1006.29
1006.29
1006.29
1006.29
1006.29
1006.29
1006.29
1006.29
1006.29
1006.29
1006.29
1006.29
1006.29
1006.29
1006.29
1006.29
1006.29
1006.29
1006.29
1006.29
1006.29
1006.29
1006.29
1006.29
1006.29
1006.29
1006.29
1006.29
1006.29
1006.29
1006.29
1006.29
1006.29
1006.29
1006.29
1006.29
1006.29
1006.29
1006.29
1006.29
1006.29
1006.29
1006.29
1006.29
1006.29
1006.29
1006.29
1006.29
1006.29
1006.29
1006.29
1006.29
1006.29
1006.29
1006.29
1006.29
1006.29
1006.29
1006.29
1006.29
1006.29
1006.29
1006.29
1006.29
1006.29
1006.29
1006.29
1006.29
1006.29
1006.29
1006.29
1006.29
1006.29
1006.29
1006.29
1006.29
1006.29
1006.29
1006.29
1006.29
1006.29
1006.29
1006.29
1006.29
1006.29
1006.29
1006.29
1006.29
1006.29
1006.29
1006.29
1006.29
1006.29
1006.29
1006.29
1006.29
1006.29
1006.29
1006.29
1006.29
1006.29
1006.29
1006.29
1006.29
1006.29
1006.29
1006.29
1006.29
1006.29
1006.29
1006.29
1006.29
1006.29
1006.29
1006.29
1006.29
1006.29
1006.29
1006.29
1006.29
1006.29
1006.29
1006.29
1006.29
1006.29
1006.29
1006.29
1006.29
1006.29
1006.29
1006.29
1006.29
1006.29
1006.29
1006.29
1006.29
1006.29
1006.29
1006.29
1006.29
1006.29
1006.29
1006.29
1006.29
1006.29
1006.29
1006.29
1006.29
1006.29
1006.29
1006.29
1006.29
1006.29
1006.29
1006.29
1006.29
1006.29
1006.29
1006.29
1006.29
1006.29
1006.29
1006.29
1006.29
1006.29
1006.29
1006.29
1006.29
1006.29
1006.29
1006.29
1006.29
1006.29
1006.29
1006.29
1006.29
1006.29
1006.29
1006.29
1006.29
1006.29
1006.29
1006.29
1006.29
1006.29
1006.29
1006.29
1006.29
1006.29
1006.29
1006.29
1006.29
1006.29
1006.29
1006.29
1006.29
1006.29
1006.29
1006.29
1006.29
1006.29
1006.29
1006.29
1006.29
1006.29
1006.29
1006.29
1006.29
1006.29
1006.29
1006.29
1006.29
1006.29
1006.29
1006.29
1006.29
1006.29
1006.29
1006.29
1006.29
1006.29
1006.29
1006.29
1006.29
1006.29
1006.29
1006.29
1006.29
1006.29
1006.29
1006.29
1006.29
1006.29
1006.29
1006.28
1006.29
1006.29
1006.29
1006.29
1006.29
1006.29
1006.29
1006.29
1006.29
1006.29
1006.29
1006.29
1006.29
1006.29
1006.29
1006.29
1006.29
1006.29
1006.29
1006.29
1006.29
1006.29
1006.29
1006.29
1006.29
1006.29
1006.29
1006.29
1006.29
1006.29
1006.29
1006.29
1006.29
1006.29
1006.29
1006.29
1006.29
1006.3
1006.3
1006.29
1006.29
1006.29
1006.29
1006.29
1006.29
1006.29
1006.29
1006.29
1006.29
1006.29
1006.29
1006.29
1006.29
1006.29
1006.29
1006.29
1006.29
1006.29
1006.29
1006.29
1006.29
1006.29
1006.29
1006.29
1006.29
1006.29
1006.29
1006.29
1006.29
1006.29
1006.29
1006.29
1006.29
1006.29
1006.29
1006.29
1006.29
1006.29
1006.29
1006.29
1006.29
1006.29
1006.29
1006.29
1006.29
1006.29
1006.29
1006.29
1006.29
1006.29
1006.29
1006.29
1006.29
1006.29
1006.29
1006.29
1006.29
1006.29
1006.29
1006.29
1006.29
1006.29
1006.29
1006.29
1006.29
1006.29
1006.29
1006.29
1006.29
1006.29
1006.29
1006.29
1006.29
1006.29
1006.29
1006.29
1006.29
1006.29
1006.29
1006.29
1006.29
1006.29
1006.29
1006.29
1006.29
1006.29
1006.29
1006.29
1006.29
1006.3
1006.29
1006.29
1006.28
1006.27
1006.28
1006.28
1006.29
1006.3
1006.3
1006.3
1006.29
1006.29
1006.29
1006.29
1006.29
1006.29
1006.29
1006.29
1006.29
1006.29
1006.29
1006.29
1006.29
1006.29
1006.29
1006.29
1006.29
1006.29
1006.29
1006.29
1006.29
1006.29
1006.29
1006.29
1006.29
1006.29
1006.29
1006.29
1006.29
1006.29
1006.29
1006.29
1006.29
1006.29
1006.29
1006.29
1006.29
1006.29
1006.29
1006.29
1006.29
1006.29
1006.29
1006.29
1006.29
1006.29
1006.29
1006.29
1006.29
1006.29
1006.29
1006.29
1006.29
1006.29
1006.29
1006.29
1006.29
1006.29
1006.28
1006.29
1006.29
1006.29
1006.29
1006.29
1006.29
1006.29
1006.29
1006.29
1006.29
1006.29
1006.29
1006.29
1006.29
1006.29
1006.29
1006.29
1006.29
1006.29
1006.29
1006.29
1006.29
1006.29
1006.29
1006.29
1006.29
1006.29
1006.29
1006.29
1006.3
1006.3
1006.29
1006.27
1006.24
1006.23
1006.23
1006.25
1006.28
1006.29
1006.3
1006.3
1006.3
1006.29
1006.29
1006.29
1006.29
1006.29
1006.29
1006.29
1006.29
1006.29
1006.29
1006.29
1006.29
1006.29
1006.29
1006.29
1006.29
1006.29
1006.29
1006.29
1006.29
1006.29
1006.29
1006.29
1006.29
1006.29
1006.29
1006.29
1006.29
1006.29
1006.29
1006.29
1006.29
1006.29
1006.29
1006.29
1006.29
1006.29
1006.29
1006.29
1006.29
1006.29
1006.29
1006.29
1006.29
1006.29
1006.29
1006.29
1006.29
1006.29
1006.29
1006.29
1006.29
1006.29
1006.29
1006.29
1006.29
1006.29
1006.29
1006.29
1006.28
1006.29
1006.28
1006.29
1006.29
1006.29
1006.29
1006.29
1006.29
1006.29
1006.29
1006.29
1006.29
1006.29
1006.29
1006.29
1006.29
1006.29
1006.29
1006.29
1006.29
1006.29
1006.29
1006.29
1006.29
1006.29
1006.29
1006.29
1006.3
1006.3
1006.28
1006.23
1006.17
1006.13
1006.13
1006.17
1006.23
1006.27
1006.3
1006.3
1006.3
1006.3
1006.29
1006.29
1006.29
1006.29
1006.29
1006.29
1006.29
1006.29
1006.29
1006.29
1006.29
1006.29
1006.29
1006.29
1006.29
1006.29
1006.29
1006.29
1006.29
1006.29
1006.29
1006.29
1006.29
1006.29
1006.29
1006.29
1006.29
1006.29
1006.29
1006.29
1006.29
1006.29
1006.29
1006.29
1006.29
1006.29
1006.29
1006.29
1006.29
1006.29
1006.29
1006.29
1006.29
1006.29
1006.29
1006.29
1006.29
1006.29
1006.29
1006.29
1006.29
1006.29
1006.29
1006.29
1006.29
1006.28
1006.29
1006.28
1006.29
1006.29
1006.28
1006.29
1006.29
1006.29
1006.29
1006.29
1006.29
1006.29
1006.29
1006.29
1006.29
1006.29
1006.29
1006.29
1006.29
1006.29
1006.29
1006.29
1006.29
1006.29
1006.29
1006.29
1006.29
1006.29
1006.29
1006.3
1006.31
1006.3
1006.24
1006.14
1006
1005.9
1005.9
1005.98
1006.11
1006.22
1006.28
1006.3
1006.3
1006.3
1006.3
1006.29
1006.29
1006.29
1006.29
1006.29
1006.29
1006.29
1006.29
1006.29
1006.29
1006.29
1006.29
1006.29
1006.29
1006.29
1006.29
1006.29
1006.29
1006.29
1006.29
1006.29
1006.29
1006.29
1006.29
1006.29
1006.29
1006.29
1006.29
1006.29
1006.29
1006.29
1006.29
1006.29
1006.29
1006.29
1006.29
1006.29
1006.29
1006.29
1006.29
1006.29
1006.29
1006.29
1006.29
1006.29
1006.29
1006.29
1006.29
1006.29
1006.29
1006.29
1006.29
1006.29
1006.29
1006.29
1006.29
1006.29
1006.29
1006.28
1006.29
1006.29
1006.29
1006.29
1006.29
1006.28
1006.29
1006.29
1006.29
1006.29
1006.29
1006.29
1006.29
1006.29
1006.29
1006.29
1006.29
1006.29
1006.29
1006.29
1006.29
1006.29
1006.29
1006.29
1006.29
1006.3
1006.31
1006.28
1006.18
1005.96
1005.68
1005.45
1005.4
1005.55
1005.81
1006.07
1006.23
1006.29
1006.3
1006.3
1006.3
1006.3
1006.29
1006.29
1006.29
1006.29
1006.29
1006.29
1006.29
1006.29
1006.29
1006.29
1006.29
1006.29
1006.29
1006.29
1006.29
1006.29
1006.29
1006.29
1006.29
1006.29
1006.29
1006.29
1006.29
1006.29
1006.29
1006.29
1006.29
1006.29
1006.29
1006.29
1006.29
1006.29
1006.29
1006.29
1006.29
1006.29
1006.29
1006.29
1006.29
1006.29
1006.29
1006.29
1006.29
1006.29
1006.29
1006.29
1006.29
1006.29
1006.29
1006.29
1006.29
1006.29
1006.29
1006.29
1006.28
1006.29
1006.29
1006.29
1006.29
1006.29
1006.29
1006.29
1006.29
1006.28
1006.29
1006.29
1006.28
1006.29
1006.29
1006.29
1006.29
1006.29
1006.29
1006.29
1006.29
1006.29
1006.29
1006.29
1006.29
1006.29
1006.29
1006.29
1006.3
1006.31
1006.32
1006.26
1006.05
1005.63
1005.08
1004.6
1004.42
1004.63
1005.12
1005.67
1006.07
1006.26
1006.31
1006.31
1006.3
1006.3
1006.29
1006.29
1006.29
1006.29
1006.28
1006.29
1006.29
1006.29
1006.29
1006.29
1006.29
1006.29
1006.29
1006.29
1006.29
1006.29
1006.29
1006.29
1006.29
1006.29
1006.29
1006.29
1006.29
1006.29
1006.29
1006.29
1006.29
1006.29
1006.29
1006.29
1006.29
1006.29
1006.29
1006.29
1006.29
1006.29
1006.29
1006.29
1006.29
1006.29
1006.29
1006.29
1006.29
1006.29
1006.29
1006.29
1006.29
1006.29
1006.29
1006.29
1006.29
1006.29
1006.29
1006.28
1006.29
1006.29
1006.28
1006.29
1006.29
1006.29
1006.29
1006.29
1006.29
1006.29
1006.29
1006.29
1006.28
1006.29
1006.29
1006.28
1006.29
1006.29
1006.29
1006.29
1006.29
1006.29
1006.29
1006.29
1006.29
1006.29
1006.29
1006.29
1006.3
1006.32
1006.32
1006.2
1005.81
1005.07
1004.05
1003.09
1002.6
1002.83
1003.67
1004.72
1005.6
1006.1
1006.29
1006.31
1006.31
1006.3
1006.3
1006.29
1006.29
1006.29
1006.29
1006.28
1006.29
1006.29
1006.29
1006.29
1006.29
1006.29
1006.29
1006.29
1006.29
1006.29
1006.29
1006.29
1006.29
1006.29
1006.29
1006.29
1006.29
1006.29
1006.29
1006.29
1006.29
1006.29
1006.29
1006.29
1006.29
1006.29
1006.29
1006.29
1006.29
1006.29
1006.29
1006.29
1006.29
1006.29
1006.29
1006.29
1006.29
1006.29
1006.29
1006.29
1006.29
1006.29
1006.29
1006.29
1006.29
1006.29
1006.29
1006.29
1006.29
1006.28
1006.29
1006.29
1006.28
1006.29
1006.29
1006.28
1006.29
1006.29
1006.29
1006.29
1006.29
1006.29
1006.29
1006.29
1006.29
1006.29
1006.28
1006.29
1006.29
1006.29
1006.29
1006.29
1006.29
1006.29
1006.29
1006.29
1006.3
1006.34
1006.33
1006.1
1005.43
1004.15
1002.38
1000.58
999.494
999.613
1000.88
1002.72
1004.46
1005.63
1006.17
1006.31
1006.31
1006.3
1006.3
1006.3
1006.29
1006.29
1006.29
1006.29
1006.29
1006.29
1006.29
1006.29
1006.29
1006.29
1006.29
1006.29
1006.29
1006.29
1006.29
1006.29
1006.29
1006.29
1006.29
1006.29
1006.29
1006.29
1006.29
1006.29
1006.29
1006.29
1006.29
1006.29
1006.29
1006.29
1006.29
1006.29
1006.29
1006.29
1006.29
1006.29
1006.29
1006.29
1006.29
1006.29
1006.29
1006.29
1006.29
1006.29
1006.29
1006.29
1006.29
1006.29
1006.29
1006.29
1006.28
1006.29
1006.28
1006.29
1006.29
1006.28
1006.29
1006.29
1006.29
1006.29
1006.29
1006.29
1006.28
1006.29
1006.29
1006.28
1006.29
1006.29
1006.29
1006.29
1006.29
1006.29
1006.29
1006.29
1006.29
1006.29
1006.29
1006.29
1006.29
1006.29
1006.31
1006.36
1006.33
1005.93
1004.83
1002.77
999.823
996.707
994.552
994.269
995.967
998.927
1002.05
1004.43
1005.76
1006.24
1006.32
1006.3
1006.3
1006.3
1006.29
1006.29
1006.29
1006.29
1006.29
1006.29
1006.29
1006.29
1006.29
1006.29
1006.29
1006.29
1006.29
1006.29
1006.29
1006.29
1006.29
1006.29
1006.29
1006.29
1006.29
1006.29
1006.29
1006.29
1006.29
1006.29
1006.29
1006.29
1006.29
1006.29
1006.29
1006.29
1006.29
1006.29
1006.29
1006.29
1006.29
1006.29
1006.29
1006.29
1006.29
1006.29
1006.29
1006.29
1006.29
1006.29
1006.29
1006.29
1006.29
1006.28
1006.29
1006.29
1006.28
1006.29
1006.28
1006.29
1006.29
1006.29
1006.28
1006.29
1006.29
1006.29
1006.29
1006.29
1006.29
1006.28
1006.29
1006.29
1006.29
1006.29
1006.29
1006.29
1006.29
1006.29
1006.29
1006.29
1006.29
1006.29
1006.29
1006.28
1006.32
1006.4
1006.32
1005.67
1003.96
1000.78
996.176
991.088
987.195
985.992
987.94
992.261
997.385
1001.76
1004.58
1005.91
1006.29
1006.31
1006.29
1006.3
1006.3
1006.29
1006.29
1006.29
1006.29
1006.29
1006.29
1006.29
1006.29
1006.29
1006.29
1006.29
1006.29
1006.29
1006.29
1006.29
1006.29
1006.29
1006.29
1006.29
1006.29
1006.29
1006.29
1006.29
1006.29
1006.29
1006.29
1006.29
1006.29
1006.29
1006.29
1006.29
1006.29
1006.29
1006.29
1006.29
1006.29
1006.29
1006.29
1006.29
1006.29
1006.29
1006.29
1006.29
1006.29
1006.29
1006.29
1006.29
1006.29
1006.29
1006.29
1006.28
1006.29
1006.29
1006.28
1006.29
1006.29
1006.29
1006.29
1006.29
1006.29
1006.28
1006.29
1006.28
1006.29
1006.29
1006.29
1006.29
1006.29
1006.29
1006.29
1006.29
1006.28
1006.29
1006.29
1006.29
1006.28
1006.29
1006.29
1006.28
1006.33
1006.44
1006.3
1005.29
1002.78
998.125
991.279
983.438
976.904
973.935
975.623
981.388
989.198
996.554
1001.85
1004.82
1006.04
1006.31
1006.3
1006.29
1006.3
1006.3
1006.29
1006.29
1006.29
1006.29
1006.29
1006.29
1006.29
1006.29
1006.29
1006.29
1006.29
1006.29
1006.29
1006.29
1006.29
1006.29
1006.29
1006.29
1006.29
1006.29
1006.29
1006.29
1006.29
1006.29
1006.29
1006.29
1006.29
1006.29
1006.29
1006.29
1006.29
1006.29
1006.29
1006.29
1006.29
1006.29
1006.29
1006.29
1006.29
1006.29
1006.29
1006.29
1006.29
1006.29
1006.29
1006.29
1006.28
1006.29
1006.28
1006.29
1006.29
1006.28
1006.29
1006.28
1006.29
1006.29
1006.29
1006.28
1006.29
1006.29
1006.29
1006.29
1006.28
1006.29
1006.28
1006.29
1006.29
1006.29
1006.29
1006.29
1006.29
1006.29
1006.29
1006.29
1006.28
1006.3
1006.29
1006.27
1006.34
1006.51
1006.26
1004.8
1001.27
994.781
985.102
973.651
963.37
957.441
957.952
965.001
976.213
987.727
996.653
1002.27
1005.1
1006.11
1006.29
1006.29
1006.29
1006.3
1006.29
1006.29
1006.29
1006.29
1006.29
1006.29
1006.29
1006.29
1006.29
1006.29
1006.29
1006.29
1006.29
1006.29
1006.29
1006.29
1006.29
1006.29
1006.29
1006.29
1006.29
1006.29
1006.29
1006.29
1006.29
1006.29
1006.29
1006.29
1006.29
1006.29
1006.29
1006.29
1006.29
1006.29
1006.29
1006.29
1006.29
1006.29
1006.29
1006.29
1006.29
1006.29
1006.29
1006.29
1006.29
1006.29
1006.29
1006.29
1006.28
1006.29
1006.28
1006.29
1006.29
1006.28
1006.29
1006.29
1006.29
1006.29
1006.29
1006.29
1006.28
1006.29
1006.28
1006.29
1006.28
1006.29
1006.29
1006.28
1006.28
1006.29
1006.29
1006.28
1006.29
1006.29
1006.28
1006.3
1006.29
1006.25
1006.37
1006.58
1006.2
1004.2
999.485
990.847
977.807
961.93
946.748
936.412
934.423
942.222
957.446
974.363
988.142
997.48
1002.88
1005.35
1006.13
1006.26
1006.27
1006.29
1006.3
1006.29
1006.29
1006.29
1006.29
1006.29
1006.29
1006.29
1006.29
1006.29
1006.29
1006.29
1006.29
1006.29
1006.29
1006.29
1006.29
1006.29
1006.29
1006.29
1006.29
1006.29
1006.29
1006.29
1006.29
1006.29
1006.29
1006.29
1006.29
1006.29
1006.29
1006.29
1006.29
1006.29
1006.29
1006.29
1006.29
1006.29
1006.29
1006.29
1006.29
1006.29
1006.29
1006.29
1006.29
1006.29
1006.29
1006.29
1006.29
1006.29
1006.29
1006.29
1006.28
1006.29
1006.29
1006.28
1006.29
1006.29
1006.29
1006.29
1006.29
1006.29
1006.29
1006.28
1006.29
1006.29
1006.29
1006.29
1006.28
1006.29
1006.29
1006.28
1006.29
1006.28
1006.28
1006.31
1006.29
1006.23
1006.39
1006.66
1006.13
1003.53
997.524
986.539
969.787
948.901
927.857
911.691
905.559
913.062
932.502
955.869
975.626
989.741
998.74
1003.55
1005.55
1006.13
1006.24
1006.27
1006.29
1006.29
1006.29
1006.29
1006.29
1006.29
1006.29
1006.29
1006.29
1006.29
1006.29
1006.29
1006.29
1006.29
1006.29
1006.29
1006.29
1006.29
1006.29
1006.29
1006.29
1006.29
1006.29
1006.29
1006.29
1006.29
1006.29
1006.29
1006.29
1006.29
1006.29
1006.29
1006.29
1006.29
1006.29
1006.29
1006.29
1006.29
1006.29
1006.29
1006.29
1006.29
1006.29
1006.29
1006.29
1006.29
1006.29
1006.29
1006.29
1006.28
1006.29
1006.28
1006.29
1006.28
1006.29
1006.29
1006.29
1006.29
1006.29
1006.29
1006.29
1006.29
1006.29
1006.29
1006.29
1006.29
1006.29
1006.29
1006.28
1006.29
1006.29
1006.28
1006.29
1006.28
1006.28
1006.32
1006.29
1006.21
1006.41
1006.76
1006.08
1002.86
995.553
982.201
961.665
935.579
908.223
885.218
873.304
878.941
902.015
932.255
958.85
978.687
992.185
1000.17
1004.14
1005.69
1006.13
1006.23
1006.27
1006.29
1006.29
1006.29
1006.29
1006.29
1006.29
1006.29
1006.29
1006.29
1006.29
1006.29
1006.29
1006.29
1006.29
1006.29
1006.29
1006.29
1006.29
1006.29
1006.29
1006.29
1006.29
1006.29
1006.29
1006.29
1006.29
1006.29
1006.29
1006.29
1006.29
1006.29
1006.29
1006.29
1006.29
1006.29
1006.29
1006.29
1006.29
1006.29
1006.29
1006.29
1006.29
1006.29
1006.29
1006.29
1006.29
1006.29
1006.29
1006.29
1006.29
1006.28
1006.29
1006.28
1006.29
1006.29
1006.28
1006.29
1006.29
1006.29
1006.29
1006.29
1006.29
1006.29
1006.29
1006.29
1006.29
1006.29
1006.28
1006.29
1006.29
1006.28
1006.29
1006.28
1006.27
1006.33
1006.3
1006.19
1006.42
1006.86
1006.07
1002.29
993.789
978.268
954.218
923.232
889.798
859.794
841.058
842.953
867.853
904.231
938.098
964.456
983.109
994.9
1001.5
1004.65
1005.82
1006.14
1006.23
1006.27
1006.29
1006.29
1006.29
1006.29
1006.29
1006.29
1006.29
1006.29
1006.29
1006.29
1006.29
1006.29
1006.29
1006.29
1006.29
1006.29
1006.29
1006.29
1006.29
1006.29
1006.29
1006.29
1006.29
1006.29
1006.29
1006.29
1006.29
1006.29
1006.29
1006.29
1006.29
1006.29
1006.29
1006.29
1006.29
1006.29
1006.29
1006.29
1006.29
1006.29
1006.29
1006.29
1006.29
1006.29
1006.29
1006.29
1006.29
1006.29
1006.29
1006.29
1006.29
1006.29
1006.29
1006.29
1006.29
1006.29
1006.29
1006.28
1006.29
1006.29
1006.29
1006.29
1006.29
1006.29
1006.29
1006.29
1006.28
1006.29
1006.29
1006.28
1006.3
1006.29
1006.27
1006.33
1006.31
1006.16
1006.42
1006.96
1006.12
1001.91
992.462
975.216
948.284
913.152
874.508
838.349
812.886
809.344
832.945
873.139
913.969
947.436
971.765
987.801
997.499
1002.72
1005.08
1005.92
1006.16
1006.24
1006.28
1006.29
1006.29
1006.29
1006.29
1006.29
1006.29
1006.29
1006.29
1006.29
1006.29
1006.29
1006.29
1006.29
1006.29
1006.29
1006.29
1006.29
1006.29
1006.29
1006.29
1006.29
1006.29
1006.29
1006.29
1006.29
1006.29
1006.29
1006.29
1006.29
1006.29
1006.29
1006.29
1006.29
1006.29
1006.29
1006.29
1006.29
1006.29
1006.29
1006.29
1006.29
1006.29
1006.29
1006.29
1006.29
1006.29
1006.29
1006.29
1006.29
1006.29
1006.29
1006.29
1006.28
1006.29
1006.29
1006.28
1006.29
1006.29
1006.29
1006.29
1006.29
1006.29
1006.29
1006.29
1006.29
1006.28
1006.29
1006.29
1006.28
1006.3
1006.29
1006.26
1006.34
1006.33
1006.14
1006.38
1007.04
1006.27
1001.82
991.781
973.472
944.644
906.522
863.933
823.09
792.043
782.187
800.916
841.17
887.391
928.014
958.458
979.133
992.24
999.853
1003.75
1005.43
1006.02
1006.19
1006.26
1006.28
1006.29
1006.29
1006.29
1006.29
1006.29
1006.29
1006.29
1006.29
1006.29
1006.29
1006.29
1006.29
1006.29
1006.29
1006.29
1006.29
1006.29
1006.29
1006.29
1006.29
1006.29
1006.29
1006.29
1006.29
1006.29
1006.29
1006.29
1006.29
1006.29
1006.29
1006.29
1006.29
1006.29
1006.29
1006.29
1006.29
1006.29
1006.29
1006.29
1006.29
1006.29
1006.29
1006.29
1006.29
1006.29
1006.29
1006.29
1006.29
1006.29
1006.29
1006.29
1006.29
1006.29
1006.29
1006.29
1006.29
1006.28
1006.29
1006.29
1006.29
1006.29
1006.29
1006.29
1006.29
1006.28
1006.29
1006.29
1006.28
1006.3
1006.29
1006.25
1006.34
1006.36
1006.12
1006.31
1007.09
1006.52
1002.1
991.889
973.323
943.887
904.334
859.386
815.499
780.428
764.452
775.699
811.74
860.185
906.892
943.548
969.159
985.898
996.115
1001.8
1004.57
1005.71
1006.1
1006.23
1006.27
1006.29
1006.29
1006.29
1006.29
1006.29
1006.29
1006.29
1006.29
1006.29
1006.29
1006.29
1006.29
1006.29
1006.29
1006.29
1006.29
1006.29
1006.29
1006.29
1006.29
1006.29
1006.29
1006.29
1006.29
1006.29
1006.29
1006.29
1006.29
1006.29
1006.29
1006.29
1006.29
1006.29
1006.29
1006.29
1006.29
1006.29
1006.29
1006.29
1006.29
1006.29
1006.29
1006.29
1006.29
1006.29
1006.29
1006.29
1006.29
1006.29
1006.29
1006.29
1006.29
1006.29
1006.29
1006.29
1006.29
1006.29
1006.29
1006.29
1006.29
1006.29
1006.29
1006.28
1006.29
1006.28
1006.29
1006.29
1006.28
1006.29
1006.3
1006.25
1006.32
1006.4
1006.12
1006.2
1007.07
1006.85
1002.76
992.839
974.83
946.213
907.152
861.87
816.811
779.402
758.373
761.239
789.466
835.724
885.82
927.874
958.323
978.722
991.64
999.257
1003.31
1005.19
1005.93
1006.17
1006.25
1006.28
1006.29
1006.29
1006.29
1006.29
1006.29
1006.29
1006.29
1006.29
1006.29
1006.29
1006.29
1006.29
1006.29
1006.29
1006.29
1006.29
1006.29
1006.29
1006.29
1006.29
1006.29
1006.29
1006.29
1006.29
1006.29
1006.29
1006.29
1006.29
1006.29
1006.29
1006.29
1006.29
1006.29
1006.29
1006.29
1006.29
1006.29
1006.29
1006.29
1006.29
1006.29
1006.29
1006.29
1006.29
1006.29
1006.29
1006.29
1006.29
1006.29
1006.29
1006.29
1006.29
1006.29
1006.29
1006.29
1006.29
1006.29
1006.29
1006.29
1006.29
1006.29
1006.29
1006.29
1006.29
1006.28
1006.29
1006.28
1006.29
1006.31
1006.24
1006.3
1006.43
1006.16
1006.08
1006.95
1007.18
1003.78
994.611
977.835
951.291
914.695
871.427
827.43
789.628
765.326
760.694
779.213
818.772
868.031
913.217
947.61
971.284
986.71
996.23
1001.65
1004.4
1005.61
1006.07
1006.22
1006.27
1006.29
1006.29
1006.29
1006.29
1006.29
1006.29
1006.29
1006.29
1006.29
1006.29
1006.29
1006.29
1006.29
1006.29
1006.29
1006.29
1006.29
1006.29
1006.29
1006.29
1006.29
1006.29
1006.29
1006.29
1006.29
1006.29
1006.29
1006.29
1006.29
1006.29
1006.29
1006.29
1006.29
1006.29
1006.29
1006.29
1006.29
1006.29
1006.29
1006.29
1006.29
1006.29
1006.29
1006.29
1006.29
1006.29
1006.29
1006.29
1006.29
1006.29
1006.29
1006.29
1006.29
1006.29
1006.29
1006.29
1006.29
1006.29
1006.29
1006.29
1006.29
1006.29
1006.29
1006.29
1006.28
1006.29
1006.28
1006.28
1006.32
1006.25
1006.27
1006.46
1006.24
1005.96
1006.72
1007.41
1005.02
997.103
982.09
958.434
925.771
886.602
845.904
809.764
784.394
774.58
783.906
813.84
857.585
902.255
938.633
964.601
981.944
993.026
999.692
1003.35
1005.13
1005.89
1006.16
1006.26
1006.28
1006.29
1006.29
1006.29
1006.29
1006.29
1006.29
1006.29
1006.29
1006.29
1006.29
1006.29
1006.29
1006.29
1006.29
1006.29
1006.29
1006.29
1006.29
1006.29
1006.29
1006.29
1006.29
1006.29
1006.29
1006.29
1006.29
1006.29
1006.29
1006.29
1006.29
1006.29
1006.29
1006.29
1006.29
1006.29
1006.29
1006.29
1006.29
1006.29
1006.29
1006.29
1006.29
1006.29
1006.29
1006.29
1006.29
1006.29
1006.29
1006.29
1006.29
1006.29
1006.29
1006.29
1006.29
1006.29
1006.29
1006.29
1006.29
1006.29
1006.29
1006.29
1006.29
1006.29
1006.28
1006.29
1006.28
1006.27
1006.32
1006.27
1006.23
1006.45
1006.35
1005.92
1006.38
1007.41
1006.24
1000.07
987.313
966.985
938.954
905.089
869.286
836.53
812.175
799.907
802.418
822.541
857.567
897.736
933.257
959.917
978.217
990.212
997.739
1002.15
1004.49
1005.59
1006.05
1006.22
1006.27
1006.29
1006.29
1006.29
1006.29
1006.29
1006.29
1006.29
1006.29
1006.29
1006.29
1006.29
1006.29
1006.29
1006.29
1006.29
1006.29
1006.29
1006.29
1006.29
1006.29
1006.29
1006.29
1006.29
1006.29
1006.29
1006.29
1006.29
1006.29
1006.29
1006.29
1006.29
1006.29
1006.29
1006.29
1006.29
1006.29
1006.29
1006.29
1006.29
1006.29
1006.29
1006.29
1006.29
1006.29
1006.29
1006.29
1006.29
1006.29
1006.29
1006.29
1006.29
1006.29
1006.29
1006.29
1006.29
1006.29
1006.29
1006.29
1006.29
1006.29
1006.28
1006.29
1006.29
1006.28
1006.29
1006.29
1006.27
1006.31
1006.3
1006.21
1006.4
1006.46
1005.99
1006.05
1007.11
1007.1
1003.04
993.055
976.393
953.199
925.003
894.766
866.4
844.572
832.071
830.462
842.549
868.219
901.196
932.973
958.314
976.347
988.437
996.246
1001.05
1003.8
1005.22
1005.88
1006.15
1006.25
1006.28
1006.29
1006.29
1006.29
1006.29
1006.29
1006.29
1006.29
1006.29
1006.29
1006.29
1006.29
1006.29
1006.29
1006.29
1006.29
1006.29
1006.29
1006.29
1006.29
1006.29
1006.29
1006.29
1006.29
1006.29
1006.29
1006.29
1006.29
1006.29
1006.29
1006.29
1006.29
1006.29
1006.29
1006.29
1006.29
1006.29
1006.29
1006.29
1006.29
1006.29
1006.29
1006.29
1006.29
1006.29
1006.29
1006.29
1006.29
1006.29
1006.29
1006.29
1006.29
1006.29
1006.29
1006.29
1006.29
1006.29
1006.29
1006.29
1006.29
1006.29
1006.29
1006.29
1006.28
1006.29
1006.29
1006.27
1006.3
1006.32
1006.22
1006.33
1006.52
1006.16
1005.85
1006.59
1007.35
1005.42
998.566
985.919
967.666
945.144
920.546
896.952
878.444
867.049
863.367
869.633
887.046
912.083
938.226
960.39
976.839
988.157
995.627
1000.38
1003.25
1004.86
1005.68
1006.05
1006.21
1006.27
1006.29
1006.29
1006.29
1006.29
1006.29
1006.29
1006.29
1006.29
1006.29
1006.29
1006.29
1006.29
1006.29
1006.29
1006.29
1006.29
1006.29
1006.29
1006.29
1006.29
1006.29
1006.29
1006.29
1006.29
1006.29
1006.29
1006.29
1006.29
1006.29
1006.29
1006.29
1006.29
1006.29
1006.29
1006.29
1006.29
1006.29
1006.29
1006.29
1006.29
1006.29
1006.29
1006.29
1006.29
1006.29
1006.29
1006.29
1006.29
1006.29
1006.29
1006.29
1006.29
1006.29
1006.29
1006.29
1006.29
1006.29
1006.29
1006.29
1006.29
1006.29
1006.29
1006.29
1006.29
1006.29
1006.28
1006.29
1006.33
1006.25
1006.27
1006.5
1006.35
1005.88
1006.11
1007
1006.66
1002.87
994.404
981.199
964.298
945.212
926.487
911.592
901.844
897.271
899.594
910.476
928.175
948.078
965.915
979.716
989.488
996.071
1000.36
1003.05
1004.64
1005.52
1005.96
1006.16
1006.25
1006.28
1006.29
1006.29
1006.29
1006.29
1006.29
1006.29
1006.29
1006.29
1006.29
1006.29
1006.29
1006.29
1006.29
1006.29
1006.29
1006.29
1006.29
1006.29
1006.29
1006.29
1006.29
1006.29
1006.29
1006.29
1006.29
1006.29
1006.29
1006.29
1006.29
1006.29
1006.29
1006.29
1006.29
1006.29
1006.29
1006.29
1006.29
1006.29
1006.29
1006.29
1006.29
1006.29
1006.29
1006.29
1006.29
1006.29
1006.29
1006.29
1006.29
1006.29
1006.29
1006.29
1006.29
1006.29
1006.29
1006.29
1006.29
1006.29
1006.29
1006.29
1006.29
1006.29
1006.28
1006.29
1006.28
1006.28
1006.32
1006.28
1006.25
1006.41
1006.46
1006.1
1005.93
1006.44
1006.77
1005.26
1000.54
992.176
980.659
966.868
952.991
941.714
933.711
928.874
928.702
934.868
946.553
960.607
973.81
984.415
992.142
997.459
1000.99
1003.26
1004.66
1005.47
1005.91
1006.13
1006.23
1006.27
1006.28
1006.29
1006.29
1006.29
1006.29
1006.29
1006.29
1006.29
1006.29
1006.29
1006.29
1006.29
1006.29
1006.29
1006.29
1006.29
1006.29
1006.29
1006.29
1006.29
1006.29
1006.29
1006.29
1006.29
1006.29
1006.29
1006.29
1006.29
1006.29
1006.29
1006.29
1006.29
1006.29
1006.29
1006.29
1006.29
1006.29
1006.29
1006.29
1006.29
1006.29
1006.29
1006.29
1006.29
1006.29
1006.29
1006.29
1006.29
1006.29
1006.29
1006.29
1006.29
1006.29
1006.29
1006.29
1006.29
1006.29
1006.29
1006.29
1006.29
1006.29
1006.29
1006.29
1006.29
1006.29
1006.29
1006.3
1006.3
1006.27
1006.33
1006.44
1006.31
1006.06
1006.12
1006.37
1005.97
1003.83
999.353
992.383
983.36
974.055
966.178
959.892
955.309
953.904
957.09
964.371
973.609
982.577
989.992
995.538
999.44
1002.08
1003.81
1004.9
1005.56
1005.93
1006.13
1006.22
1006.27
1006.28
1006.29
1006.29
1006.29
1006.29
1006.29
1006.29
1006.29
1006.29
1006.29
1006.29
1006.29
1006.29
1006.29
1006.29
1006.29
1006.29
1006.29
1006.29
1006.29
1006.29
1006.29
1006.29
1006.29
1006.29
1006.29
1006.29
1006.29
1006.29
1006.29
1006.29
1006.29
1006.29
1006.29
1006.29
1006.29
1006.29
1006.29
1006.29
1006.29
1006.29
1006.29
1006.29
1006.29
1006.29
1006.29
1006.29
1006.29
1006.29
1006.29
1006.29
1006.29
1006.29
1006.29
1006.29
1006.29
1006.29
1006.29
1006.29
1006.29
1006.29
1006.29
1006.29
1006.29
1006.29
1006.29
1006.29
1006.31
1006.29
1006.3
1006.38
1006.39
1006.26
1006.13
1006.13
1005.98
1005.12
1003.01
999.163
993.902
988.394
983.349
978.713
974.96
973.455
975.131
979.518
985.184
990.748
995.425
998.999
1001.57
1003.34
1004.52
1005.28
1005.74
1006.01
1006.16
1006.24
1006.27
1006.28
1006.29
1006.29
1006.29
1006.29
1006.29
1006.29
1006.29
1006.29
1006.29
1006.29
1006.29
1006.29
1006.29
1006.29
1006.29
1006.29
1006.29
1006.29
1006.29
1006.29
1006.29
1006.29
1006.29
1006.29
1006.29
1006.29
1006.29
1006.29
1006.29
1006.29
1006.29
1006.29
1006.29
1006.29
1006.29
1006.29
1006.29
1006.29
1006.29
1006.29
1006.29
1006.29
1006.29
1006.29
1006.29
1006.29
1006.29
1006.29
1006.29
1006.29
1006.29
1006.29
1006.29
1006.29
1006.29
1006.29
1006.29
1006.29
1006.29
1006.29
1006.29
1006.29
1006.29
1006.29
1006.29
1006.29
1006.3
1006.31
1006.3
1006.33
1006.37
1006.35
1006.26
1006.16
1006.03
1005.65
1004.59
1002.56
999.849
996.939
993.892
990.765
988.258
987.352
988.423
990.991
994.185
997.283
999.903
1001.94
1003.44
1004.5
1005.21
1005.67
1005.96
1006.12
1006.21
1006.26
1006.28
1006.29
1006.29
1006.29
1006.29
1006.29
1006.29
1006.29
1006.29
1006.29
1006.29
1006.29
1006.29
1006.29
1006.29
1006.29
1006.29
1006.29
1006.29
1006.29
1006.29
1006.29
1006.29
1006.29
1006.29
1006.29
1006.29
1006.29
1006.29
1006.29
1006.29
1006.29
1006.29
1006.29
1006.29
1006.29
1006.29
1006.29
1006.29
1006.29
1006.29
1006.29
1006.29
1006.29
1006.29
1006.29
1006.29
1006.29
1006.29
1006.29
1006.29
1006.29
1006.29
1006.29
1006.29
1006.28
1006.29
1006.29
1006.29
1006.29
1006.29
1006.29
1006.29
1006.29
1006.29
1006.29
1006.29
1006.29
1006.3
1006.3
1006.31
1006.32
1006.34
1006.35
1006.32
1006.27
1006.19
1005.96
1005.38
1004.39
1003.16
1001.69
999.92
998.113
996.86
996.61
997.349
998.712
1000.28
1001.77
1003.04
1004.06
1004.82
1005.37
1005.75
1005.99
1006.14
1006.22
1006.26
1006.28
1006.29
1006.29
1006.29
1006.29
1006.29
1006.29
1006.29
1006.29
1006.29
1006.29
1006.29
1006.29
1006.29
1006.29
1006.29
1006.29
1006.29
1006.29
1006.29
1006.29
1006.29
1006.29
1006.29
1006.29
1006.29
1006.29
1006.29
1006.29
1006.29
1006.29
1006.29
1006.29
1006.29
1006.29
1006.29
1006.29
1006.29
1006.29
1006.29
1006.29
1006.29
1006.29
1006.29
1006.29
1006.29
1006.29
1006.29
1006.29
1006.29
1006.29
1006.29
1006.29
1006.29
1006.29
1006.29
1006.29
1006.29
1006.29
1006.29
1006.29
1006.29
1006.29
1006.29
1006.29
1006.29
1006.29
1006.29
1006.29
1006.29
1006.3
1006.31
1006.32
1006.33
1006.33
1006.33
1006.32
1006.28
1006.15
1005.87
1005.49
1004.97
1004.22
1003.32
1002.54
1002.14
1002.2
1002.59
1003.16
1003.77
1004.36
1004.89
1005.33
1005.67
1005.92
1006.09
1006.19
1006.25
1006.28
1006.3
1006.3
1006.3
1006.3
1006.29
1006.29
1006.29
1006.29
1006.29
1006.29
1006.29
1006.29
1006.29
1006.29
1006.29
1006.29
1006.29
1006.29
1006.29
1006.29
1006.29
1006.29
1006.29
1006.29
1006.29
1006.29
1006.29
1006.29
1006.29
1006.29
1006.29
1006.29
1006.29
1006.29
1006.29
1006.29
1006.29
1006.29
1006.29
1006.29
1006.29
1006.29
1006.29
1006.29
1006.29
1006.29
1006.29
1006.29
1006.29
1006.29
1006.29
1006.29
1006.29
1006.29
1006.29
1006.29
1006.29
1006.29
1006.29
1006.29
1006.29
1006.29
1006.29
1006.29
1006.29
1006.29
1006.29
1006.29
1006.29
1006.29
1006.29
1006.3
1006.3
1006.31
1006.32
1006.33
1006.33
1006.32
1006.3
1006.24
1006.16
1006.04
1005.81
1005.48
1005.16
1004.97
1004.91
1004.96
1005.07
1005.22
1005.41
1005.6
1005.8
1005.97
1006.1
1006.2
1006.26
1006.29
1006.31
1006.31
1006.31
1006.31
1006.3
1006.3
1006.29
1006.29
1006.29
1006.29
1006.29
1006.29
1006.29
1006.29
1006.29
1006.29
1006.29
1006.29
1006.29
1006.29
1006.29
1006.29
1006.29
1006.29
1006.29
1006.29
1006.29
1006.29
1006.29
1006.29
1006.29
1006.29
1006.29
1006.29
1006.29
1006.29
1006.29
1006.29
1006.29
1006.29
1006.29
1006.29
1006.29
1006.29
1006.29
1006.29
1006.29
1006.29
1006.29
1006.29
1006.29
1006.29
1006.29
1006.29
1006.29
1006.29
1006.29
1006.29
1006.28
1006.29
1006.29
1006.29
1006.29
1006.29
1006.28
1006.29
1006.29
1006.29
1006.29
1006.29
1006.29
1006.29
1006.29
1006.3
1006.3
1006.31
1006.31
1006.32
1006.32
1006.32
1006.31
1006.3
1006.28
1006.23
1006.14
1006.06
1006.02
1006
1005.98
1005.96
1005.96
1005.98
1006.03
1006.1
1006.17
1006.23
1006.27
1006.3
1006.32
1006.32
1006.32
1006.31
1006.31
1006.3
1006.3
1006.29
1006.29
1006.29
1006.29
1006.29
1006.29
1006.29
1006.29
1006.29
1006.29
1006.29
1006.29
1006.29
1006.29
1006.29
1006.29
1006.29
1006.29
1006.29
1006.29
1006.29
1006.29
1006.29
1006.29
1006.29
1006.29
1006.29
1006.29
1006.29
1006.29
1006.29
1006.29
1006.29
1006.29
1006.29
1006.29
1006.29
1006.29
1006.29
1006.29
1006.29
1006.29
1006.29
1006.29
1006.29
1006.29
1006.29
1006.29
1006.29
1006.29
1006.28
1006.29
1006.29
1006.28
1006.29
1006.29
1006.29
1006.29
1006.28
1006.29
1006.29
1006.29
1006.29
1006.29
1006.29
1006.29
1006.29
1006.29
1006.29
1006.3
1006.3
1006.31
1006.31
1006.31
1006.32
1006.32
1006.32
1006.3
1006.29
1006.28
1006.29
1006.29
1006.27
1006.24
1006.22
1006.21
1006.22
1006.24
1006.27
1006.29
1006.31
1006.32
1006.33
1006.32
1006.32
1006.31
1006.31
1006.3
1006.3
1006.29
1006.29
1006.29
1006.29
1006.29
1006.29
1006.29
1006.29
1006.29
1006.29
1006.29
1006.29
1006.29
1006.29
1006.29
1006.29
1006.29
1006.29
1006.29
1006.29
1006.29
1006.29
1006.29
1006.29
1006.29
1006.29
1006.29
1006.29
1006.29
1006.29
1006.29
1006.29
1006.29
1006.29
1006.29
1006.29
1006.29
1006.29
1006.29
1006.29
1006.29
1006.29
1006.29
1006.29
1006.29
1006.29
1006.29
1006.29
1006.29
1006.29
1006.29
1006.29
1006.29
1006.28
1006.29
1006.28
1006.28
1006.29
1006.29
1006.28
1006.29
1006.28
1006.29
1006.29
1006.29
1006.29
1006.29
1006.29
1006.29
1006.29
1006.29
1006.3
1006.3
1006.3
1006.31
1006.31
1006.31
1006.31
1006.31
1006.32
1006.32
1006.32
1006.31
1006.3
1006.29
1006.29
1006.29
1006.3
1006.31
1006.32
1006.32
1006.32
1006.32
1006.32
1006.32
1006.31
1006.31
1006.3
1006.3
1006.3
1006.29
1006.29
1006.29
1006.29
1006.29
1006.29
1006.29
1006.29
1006.29
1006.29
1006.29
1006.29
1006.29
1006.29
1006.29
1006.29
1006.29
1006.29
1006.29
1006.29
1006.29
1006.29
1006.29
1006.29
1006.29
1006.29
1006.29
1006.29
1006.29
1006.29
1006.29
1006.29
1006.29
1006.29
1006.29
1006.29
1006.29
1006.29
1006.29
1006.29
1006.29
1006.29
1006.29
1006.29
1006.29
1006.29
1006.29
1006.29
1006.29
1006.29
1006.29
1006.28
1006.29
1006.29
1006.29
1006.28
1006.29
1006.29
1006.29
1006.29
1006.28
1006.28
1006.29
1006.29
1006.29
1006.29
1006.29
1006.29
1006.29
1006.29
1006.29
1006.29
1006.3
1006.3
1006.3
1006.3
1006.31
1006.31
1006.31
1006.32
1006.32
1006.31
1006.31
1006.31
1006.31
1006.31
1006.31
1006.32
1006.31
1006.31
1006.31
1006.31
1006.31
1006.31
1006.31
1006.3
1006.3
1006.3
1006.29
1006.29
1006.29
1006.29
1006.29
1006.29
1006.29
1006.29
1006.29
1006.29
1006.29
1006.29
1006.29
1006.29
1006.29
1006.29
1006.29
1006.29
1006.29
1006.29
1006.29
1006.29
1006.29
1006.29
1006.29
1006.29
1006.29
1006.29
1006.29
1006.29
1006.29
1006.29
1006.29
1006.29
1006.29
1006.29
1006.29
1006.29
1006.29
1006.29
1006.29
1006.29
1006.29
1006.29
1006.29
1006.29
1006.29
1006.29
1006.29
1006.29
1006.29
1006.29
1006.29
1006.29
1006.28
1006.29
1006.29
1006.28
1006.29
1006.29
1006.29
1006.28
1006.29
1006.29
1006.28
1006.29
1006.29
1006.29
1006.29
1006.29
1006.29
1006.29
1006.29
1006.29
1006.29
1006.3
1006.3
1006.3
1006.3
1006.3
1006.31
1006.31
1006.31
1006.31
1006.31
1006.31
1006.31
1006.31
1006.31
1006.31
1006.31
1006.31
1006.31
1006.31
1006.3
1006.3
1006.3
1006.3
1006.3
1006.29
1006.29
1006.29
1006.29
1006.29
1006.29
1006.29
1006.29
1006.29
1006.29
1006.29
1006.29
1006.29
1006.29
1006.29
1006.29
1006.29
1006.29
1006.29
1006.29
1006.29
1006.29
1006.29
1006.29
1006.29
1006.29
1006.29
1006.29
1006.29
1006.29
1006.29
1006.29
1006.29
1006.29
1006.29
1006.29
1006.29
1006.29
1006.29
1006.29
1006.29
1006.29
1006.29
1006.29
1006.29
1006.29
1006.29
1006.29
1006.29
1006.29
1006.29
1006.29
1006.29
1006.28
1006.29
1006.29
1006.28
1006.29
1006.29
1006.28
1006.29
1006.29
1006.29
1006.28
1006.29
1006.28
1006.29
1006.29
1006.29
1006.29
1006.29
1006.29
1006.29
1006.29
1006.29
1006.29
1006.29
1006.29
1006.29
1006.3
1006.3
1006.3
1006.3
1006.3
1006.3
1006.3
1006.3
1006.3
1006.3
1006.3
1006.3
1006.3
1006.3
1006.3
1006.3
1006.3
1006.3
1006.3
1006.29
1006.29
1006.29
1006.29
1006.29
1006.29
1006.29
1006.29
1006.29
1006.29
1006.29
1006.29
1006.29
1006.29
1006.29
1006.29
1006.29
1006.29
1006.29
1006.29
1006.29
1006.29
1006.29
1006.29
1006.29
1006.29
1006.29
1006.29
1006.29
1006.29
1006.29
1006.29
1006.29
1006.29
1006.29
1006.29
1006.29
1006.29
1006.29
1006.29
1006.29
1006.29
1006.29
1006.29
1006.29
1006.29
1006.29
1006.29
1006.29
1006.29
1006.29
1006.29
1006.29
1006.29
1006.29
1006.29
1006.28
1006.29
1006.28
1006.28
1006.29
1006.28
1006.29
1006.28
1006.29
1006.29
1006.29
1006.28
1006.29
1006.29
1006.29
1006.29
1006.29
1006.29
1006.29
1006.29
1006.29
1006.29
1006.29
1006.29
1006.29
1006.29
1006.29
1006.29
1006.29
1006.29
1006.3
1006.29
1006.3
1006.3
1006.3
1006.3
1006.3
1006.3
1006.3
1006.3
1006.29
1006.29
1006.29
1006.29
1006.29
1006.29
1006.29
1006.29
1006.29
1006.29
1006.29
1006.29
1006.29
1006.29
1006.29
1006.29
1006.29
1006.29
1006.29
1006.29
1006.29
1006.29
1006.29
1006.29
1006.29
1006.29
1006.29
1006.29
1006.29
1006.29
1006.29
1006.29
1006.29
1006.29
1006.29
1006.29
1006.29
1006.29
1006.29
1006.29
1006.29
1006.29
1006.29
1006.29
1006.29
1006.29
1006.29
1006.29
1006.29
1006.29
1006.29
1006.29
1006.29
1006.29
1006.29
1006.29
1006.29
1006.29
1006.29
1006.29
1006.28
1006.29
1006.29
1006.28
1006.29
1006.29
1006.28
1006.28
1006.29
1006.29
1006.29
1006.29
1006.28
1006.29
1006.28
1006.29
1006.29
1006.29
1006.29
1006.29
1006.29
1006.29
1006.29
1006.29
1006.29
1006.29
1006.29
1006.29
1006.29
1006.29
1006.29
1006.29
1006.29
1006.29
1006.29
1006.29
1006.29
1006.29
1006.29
1006.29
1006.29
1006.29
1006.29
1006.29
1006.29
1006.29
1006.29
1006.29
1006.29
1006.29
1006.29
1006.28
1006.28
1006.28
1006.29
1006.29
1006.29
1006.29
1006.29
1006.29
1006.29
1006.29
1006.29
1006.29
1006.29
1006.29
1006.29
1006.29
1006.29
1006.29
1006.29
1006.29
1006.29
1006.29
1006.29
1006.29
1006.29
1006.29
1006.29
1006.29
1006.29
1006.29
1006.29
1006.29
1006.29
1006.29
1006.29
1006.29
1006.29
1006.29
1006.29
1006.29
1006.29
1006.29
1006.29
1006.29
1006.29
1006.29
1006.28
1006.29
1006.29
1006.28
1006.29
1006.29
1006.28
1006.29
1006.29
1006.29
1006.28
1006.29
1006.28
1006.29
1006.28
1006.29
1006.29
1006.29
1006.28
1006.29
1006.29
1006.29
1006.29
1006.29
1006.29
1006.29
1006.29
1006.29
1006.29
1006.29
1006.29
1006.29
1006.29
1006.29
1006.29
1006.29
1006.29
1006.29
1006.29
1006.29
1006.29
1006.29
1006.29
1006.29
1006.29
1006.29
1006.29
1006.29
1006.29
1006.29
1006.29
1006.29
1006.29
1006.29
1006.29
1006.29
1006.29
1006.29
1006.29
1006.29
1006.29
1006.29
1006.29
1006.29
1006.29
1006.29
1006.29
1006.29
1006.29
1006.29
1006.29
1006.29
1006.29
1006.29
1006.29
1006.29
1006.29
1006.29
1006.29
1006.29
1006.29
1006.29
1006.29
1006.29
1006.29
1006.29
1006.29
1006.29
1006.29
1006.29
1006.29
1006.29
1006.29
1006.29
1006.29
1006.29
1006.29
1006.29
1006.29
1006.29
1006.29
1006.28
1006.29
1006.28
1006.28
1006.3
1006.28
1006.29
1006.29
1006.29
1006.29
1006.29
1006.29
1006.28
1006.29
1006.29
1006.29
1006.29
1006.29
1006.29
1006.29
1006.29
1006.29
1006.29
1006.29
1006.29
1006.29
1006.29
1006.29
1006.29
1006.29
1006.29
1006.29
1006.29
1006.29
1006.29
1006.29
1006.29
1006.29
1006.29
1006.29
1006.29
1006.29
1006.29
1006.29
1006.29
1006.29
1006.29
1006.29
1006.29
1006.29
1006.29
1006.29
1006.29
1006.29
1006.29
1006.29
1006.29
1006.29
1006.29
1006.29
1006.29
1006.29
1006.29
1006.29
1006.29
1006.29
1006.29
1006.29
1006.29
1006.29
1006.29
1006.29
1006.29
1006.29
1006.29
1006.29
1006.29
1006.29
1006.29
1006.29
1006.29
1006.29
1006.29
1006.29
1006.29
1006.29
1006.29
1006.29
1006.29
1006.29
1006.29
1006.29
1006.29
1006.29
1006.29
1006.29
1006.29
1006.29
1006.29
1006.29
1006.28
1006.29
1006.29
1006.27
1006.29
1006.29
1006.28
1006.28
1006.28
1006.29
1006.28
1006.29
1006.28
1006.29
1006.28
1006.29
1006.29
1006.29
1006.29
1006.29
1006.29
1006.29
1006.29
1006.29
1006.29
1006.29
1006.29
1006.29
1006.29
1006.29
1006.29
1006.29
1006.29
1006.29
1006.29
1006.29
1006.29
1006.29
1006.29
1006.29
1006.29
1006.29
1006.29
1006.29
1006.29
1006.29
1006.29
1006.29
1006.29
1006.29
1006.29
1006.29
1006.28
1006.28
1006.28
1006.28
1006.28
1006.29
1006.29
1006.29
1006.29
1006.29
1006.29
1006.29
1006.29
1006.29
1006.29
1006.29
1006.29
1006.29
1006.29
1006.29
1006.29
1006.29
1006.29
1006.29
1006.29
1006.29
1006.29
1006.29
1006.29
1006.29
1006.29
1006.29
1006.29
1006.29
1006.29
1006.29
1006.29
1006.29
1006.29
1006.29
1006.29
1006.29
1006.29
1006.29
1006.29
1006.29
1006.28
1006.29
1006.29
1006.28
1006.29
1006.28
1006.28
1006.29
1006.28
1006.29
1006.28
1006.29
1006.29
1006.29
1006.29
1006.28
1006.29
1006.28
1006.29
1006.29
1006.28
1006.28
1006.29
1006.29
1006.29
1006.29
1006.29
1006.29
1006.29
1006.29
1006.29
1006.29
1006.29
1006.29
1006.29
1006.29
1006.29
1006.29
1006.29
1006.29
1006.29
1006.29
1006.29
1006.29
1006.29
1006.29
1006.29
1006.28
1006.29
1006.29
1006.29
1006.29
1006.28
1006.29
1006.29
1006.29
1006.29
1006.29
1006.29
1006.29
1006.29
1006.29
1006.29
1006.29
1006.29
1006.29
1006.29
1006.29
1006.29
1006.29
1006.29
1006.29
1006.29
1006.29
1006.29
1006.29
1006.29
1006.29
1006.29
1006.29
1006.29
1006.29
1006.29
1006.29
1006.29
1006.29
1006.29
1006.29
1006.29
1006.29
1006.29
1006.29
1006.29
1006.29
1006.29
1006.29
1006.29
1006.29
1006.29
1006.29
1006.29
1006.28
1006.29
1006.28
1006.28
1006.29
1006.28
1006.29
1006.29
1006.28
1006.29
1006.29
1006.28
1006.28
1006.29
1006.29
1006.29
1006.29
1006.29
1006.29
1006.29
1006.29
1006.29
1006.29
1006.29
1006.28
1006.29
1006.29
1006.29
1006.29
1006.29
1006.29
1006.29
1006.29
1006.29
1006.29
1006.29
1006.29
1006.29
1006.29
1006.29
1006.29
1006.29
1006.28
1006.28
1006.29
1006.29
1006.29
1006.28
1006.28
1006.29
1006.29
1006.29
1006.29
1006.29
1006.29
1006.29
1006.29
1006.29
1006.29
1006.29
1006.29
1006.29
1006.29
1006.29
1006.29
1006.29
1006.29
1006.29
1006.29
1006.29
1006.29
1006.29
1006.29
1006.29
1006.29
1006.29
1006.29
1006.29
1006.29
1006.29
1006.29
1006.29
1006.29
1006.29
1006.29
1006.29
1006.29
1006.29
1006.29
1006.29
1006.29
1006.29
1006.29
1006.29
1006.29
1006.29
1006.29
1006.29
1006.29
1006.29
1006.28
1006.29
1006.29
1006.28
1006.29
1006.29
1006.28
1006.29
1006.29
1006.28
1006.29
1006.29
1006.29
1006.28
1006.29
1006.29
1006.29
1006.29
1006.29
1006.29
1006.29
1006.29
1006.29
1006.29
1006.29
1006.29
1006.29
1006.29
1006.29
1006.29
1006.29
1006.29
1006.29
1006.29
1006.29
1006.29
1006.29
1006.29
1006.29
1006.29
1006.29
1006.29
1006.29
1006.29
1006.28
1006.29
1006.29
1006.29
1006.29
1006.28
1006.29
1006.29
1006.29
1006.29
1006.28
1006.28
1006.28
1006.28
1006.28
1006.29
1006.29
1006.29
1006.29
1006.29
1006.29
1006.29
1006.29
1006.29
1006.29
1006.29
1006.29
1006.29
1006.29
1006.29
1006.29
1006.29
1006.29
1006.29
1006.29
1006.29
1006.29
1006.29
1006.29
1006.29
1006.29
1006.29
1006.29
1006.29
1006.29
1006.29
1006.29
1006.29
1006.29
1006.29
1006.29
1006.29
1006.29
1006.29
1006.29
1006.29
1006.29
1006.28
1006.29
1006.28
1006.28
1006.29
1006.28
1006.29
1006.29
1006.28
1006.29
1006.29
1006.29
1006.29
1006.28
1006.29
1006.28
1006.29
1006.29
1006.29
1006.29
1006.28
1006.28
1006.29
1006.29
1006.29
1006.29
1006.29
1006.29
1006.29
1006.29
1006.29
1006.29
1006.29
1006.29
1006.29
1006.29
1006.29
1006.29
1006.29
1006.29
1006.29
1006.29
1006.29
1006.29
1006.28
1006.28
1006.29
1006.29
1006.29
1006.29
1006.28
1006.28
1006.28
1006.29
1006.29
1006.29
1006.29
1006.29
1006.29
1006.29
1006.29
1006.29
1006.29
1006.29
1006.29
1006.29
1006.29
1006.29
1006.29
1006.29
1006.29
1006.29
1006.29
1006.29
1006.29
1006.29
1006.29
1006.29
1006.29
1006.29
1006.29
1006.29
1006.29
1006.29
1006.29
1006.29
1006.29
1006.29
1006.29
1006.29
1006.29
1006.29
1006.29
1006.29
1006.29
1006.29
1006.29
1006.29
1006.29
1006.29
1006.29
1006.28
1006.29
1006.28
1006.29
1006.29
1006.28
1006.29
1006.29
1006.28
1006.29
1006.28
1006.29
1006.29
1006.28
1006.29
1006.29
1006.29
1006.29
1006.28
1006.29
1006.29
1006.29
1006.29
1006.29
1006.29
1006.29
1006.29
1006.29
1006.29
1006.29
1006.28
1006.29
1006.29
1006.29
1006.29
1006.29
1006.29
1006.29
1006.29
1006.29
1006.28
1006.29
1006.29
1006.29
1006.29
1006.28
1006.29
1006.29
1006.29
1006.29
1006.29
1006.29
1006.29
1006.29
1006.29
1006.29
1006.29
1006.29
1006.29
1006.29
1006.29
1006.29
1006.29
1006.29
1006.29
1006.29
1006.29
1006.29
1006.29
1006.29
1006.29
1006.29
1006.29
1006.29
1006.29
1006.29
1006.29
1006.29
1006.29
1006.29
1006.29
1006.29
1006.29
1006.29
1006.29
1006.29
1006.29
1006.29
1006.29
1006.29
1006.29
1006.29
1006.29
1006.29
1006.29
1006.29
1006.29
1006.29
1006.29
1006.29
1006.28
1006.29
1006.29
1006.28
1006.29
1006.28
1006.29
1006.29
1006.28
1006.29
1006.29
1006.28
1006.29
1006.29
1006.29
1006.29
1006.29
1006.29
1006.29
1006.29
1006.29
1006.29
1006.29
1006.29
1006.29
1006.29
1006.29
1006.29
1006.29
1006.29
1006.29
1006.29
1006.29
1006.29
1006.29
1006.29
1006.29
1006.29
1006.29
1006.29
1006.29
1006.29
1006.29
1006.29
1006.29
1006.29
1006.28
1006.28
1006.29
1006.29
1006.29
1006.29
1006.29
1006.28
1006.28
1006.28
1006.28
1006.29
1006.29
1006.29
1006.29
1006.29
1006.29
1006.29
1006.29
1006.29
1006.29
1006.29
1006.29
1006.29
1006.29
1006.29
1006.29
1006.29
1006.29
1006.29
1006.29
1006.29
1006.29
1006.29
1006.29
1006.29
1006.29
1006.29
1006.29
1006.29
1006.29
1006.29
1006.29
1006.29
1006.29
1006.29
1006.29
1006.29
1006.29
1006.29
1006.29
1006.29
1006.29
1006.29
1006.29
1006.28
1006.29
1006.28
1006.29
1006.29
1006.28
1006.29
1006.29
1006.29
1006.29
1006.28
1006.29
1006.29
1006.29
1006.29
1006.29
1006.29
1006.29
1006.29
1006.29
1006.29
1006.29
1006.29
1006.29
1006.29
1006.29
1006.29
1006.29
1006.29
1006.29
1006.29
1006.29
1006.29
1006.29
1006.29
1006.29
1006.29
1006.28
1006.28
1006.29
1006.29
1006.28
1006.28
1006.29
1006.29
1006.29
1006.29
1006.29
1006.29
1006.28
1006.28
1006.28
1006.29
1006.29
1006.29
1006.29
1006.29
1006.29
1006.29
1006.29
1006.29
1006.29
1006.29
1006.29
1006.29
1006.29
1006.29
1006.29
1006.29
1006.29
1006.29
1006.29
1006.29
1006.29
1006.29
1006.29
1006.29
1006.29
1006.29
1006.29
1006.29
1006.29
1006.29
1006.29
1006.29
1006.29
1006.29
1006.29
1006.29
1006.29
1006.29
1006.29
1006.29
1006.29
1006.29
1006.29
1006.29
1006.29
1006.29
1006.29
1006.28
1006.29
1006.29
1006.28
1006.29
1006.28
1006.29
1006.29
1006.28
1006.29
1006.29
1006.29
1006.29
1006.29
1006.29
1006.29
1006.29
1006.29
1006.29
1006.29
1006.29
1006.29
1006.29
1006.29
1006.29
1006.29
1006.29
1006.29
1006.29
1006.29
1006.29
1006.29
1006.29
1006.29
1006.28
1006.29
1006.29
1006.29
1006.29
1006.28
1006.29
1006.29
1006.29
1006.29
1006.29
1006.29
1006.29
1006.29
1006.29
1006.29
1006.29
1006.29
1006.29
1006.29
1006.29
1006.29
1006.29
1006.29
1006.29
1006.29
1006.29
1006.29
1006.29
1006.29
1006.29
1006.29
1006.29
1006.29
1006.29
1006.29
1006.29
1006.29
1006.29
1006.29
1006.29
1006.29
1006.29
1006.29
1006.29
1006.29
1006.29
1006.29
1006.29
1006.29
1006.29
1006.29
1006.29
1006.29
1006.29
1006.29
1006.29
1006.29
1006.29
1006.29
1006.29
1006.29
1006.29
1006.29
1006.29
1006.29
1006.29
1006.29
1006.29
1006.28
1006.29
1006.29
1006.28
1006.29
1006.29
1006.29
1006.29
1006.29
1006.29
1006.29
1006.29
1006.29
1006.29
1006.29
1006.29
1006.29
1006.29
1006.29
1006.29
1006.29
1006.29
1006.29
1006.29
1006.29
1006.29
1006.29
1006.29
1006.29
1006.29
1006.29
1006.29
1006.29
1006.28
1006.29
1006.29
1006.29
1006.29
1006.29
1006.29
1006.29
1006.28
1006.29
1006.29
1006.29
1006.29
1006.29
1006.29
1006.29
1006.29
1006.29
1006.29
1006.29
1006.29
1006.29
1006.29
1006.29
1006.29
1006.29
1006.29
1006.29
1006.29
1006.29
1006.29
1006.29
1006.29
1006.29
1006.29
1006.29
1006.29
1006.29
1006.29
1006.29
1006.29
1006.29
1006.29
1006.29
1006.29
1006.29
1006.29
1006.29
1006.29
1006.29
1006.29
1006.29
1006.29
1006.29
1006.29
1006.29
1006.29
1006.29
1006.29
1006.29
1006.29
1006.29
1006.29
1006.29
1006.29
1006.29
1006.29
1006.29
1006.29
1006.29
1006.29
1006.29
1006.29
1006.29
1006.29
1006.29
1006.29
1006.29
1006.29
1006.29
1006.29
1006.29
1006.29
1006.29
1006.29
1006.29
1006.28
1006.29
1006.29
1006.29
1006.29
1006.29
1006.29
1006.29
1006.29
1006.29
1006.29
1006.29
1006.29
1006.29
1006.29
1006.29
1006.28
1006.29
1006.29
1006.29
1006.29
1006.29
1006.29
1006.29
1006.29
1006.29
1006.29
1006.29
1006.29
1006.29
1006.29
1006.29
1006.29
1006.29
1006.29
1006.29
1006.29
1006.29
1006.29
1006.29
1006.29
1006.29
1006.29
1006.29
1006.29
1006.29
1006.29
1006.29
1006.29
1006.29
1006.29
1006.29
1006.29
1006.29
1006.29
1006.29
1006.29
1006.29
1006.29
1006.29
1006.29
1006.29
1006.29
1006.29
1006.29
1006.29
1006.29
1006.29
1006.29
1006.29
1006.29
1006.29
1006.29
1006.29
1006.29
1006.29
1006.29
1006.29
1006.29
1006.29
1006.29
1006.29
1006.29
1006.29
1006.29
1006.29
1006.29
1006.29
1006.29
1006.29
1006.29
1006.29
1006.29
1006.29
1006.29
1006.29
1006.29
1006.29
1006.29
1006.29
1006.29
1006.29
1006.29
1006.29
1006.29
1006.29
1006.29
1006.29
1006.29
1006.29
1006.29
1006.29
1006.28
1006.29
1006.29
1006.29
1006.29
1006.29
1006.29
1006.29
1006.29
1006.29
1006.29
1006.29
1006.29
1006.29
1006.29
1006.29
1006.29
1006.29
1006.29
1006.29
1006.29
1006.29
1006.29
1006.29
1006.29
1006.29
1006.29
1006.29
1006.29
1006.29
1006.29
1006.29
1006.29
1006.29
1006.29
1006.29
1006.29
1006.29
1006.29
1006.29
1006.29
1006.29
1006.29
1006.29
1006.29
1006.29
1006.29
1006.29
1006.29
1006.29
1006.29
1006.29
1006.29
1006.29
1006.29
1006.29
1006.29
1006.29
1006.29
1006.29
1006.29
1006.29
1006.29
1006.29
1006.29
1006.29
1006.29
1006.29
1006.29
1006.29
1006.29
1006.29
1006.29
1006.29
1006.29
1006.29
1006.29
1006.29
1006.29
1006.29
1006.29
1006.29
1006.29
1006.29
1006.29
1006.29
1006.29
1006.29
1006.29
1006.29
1006.29
1006.29
1006.29
1006.29
1006.29
1006.29
1006.29
1006.29
1006.29
1006.29
1006.29
1006.29
1006.29
1006.29
1006.29
1006.29
1006.29
1006.29
1006.29
1006.29
1006.29
1006.29
1006.29
1006.29
1006.29
1006.29
1006.29
1006.29
1006.29
1006.29
1006.29
1006.29
1006.29
1006.29
1006.29
1006.29
1006.29
1006.29
1006.29
1006.29
1006.29
1006.29
1006.29
1006.29
1006.29
1006.29
1006.29
1006.29
1006.29
1006.29
1006.29
1006.29
1006.29
1006.29
1006.29
1006.29
1006.29
1006.29
1006.29
1006.29
1006.29
1006.29
1006.29
1006.29
1006.29
1006.29
1006.29
1006.29
1006.29
1006.29
1006.29
1006.29
1006.29
1006.29
1006.29
1006.29
1006.29
1006.29
1006.29
1006.29
1006.29
1006.29
1006.29
1006.29
1006.29
1006.29
1006.29
1006.29
1006.29
1006.29
1006.29
1006.29
1006.29
1006.29
1006.29
1006.29
1006.29
1006.29
1006.29
1006.29
1006.29
1006.29
1006.29
1006.29
1006.29
1006.29
1006.29
1006.29
1006.29
1006.29
1006.29
1006.29
1006.29
1006.29
1006.29
1006.29
1006.29
1006.29
1006.29
1006.29
1006.29
1006.29
1006.29
1006.29
1006.29
1006.29
1006.29
1006.29
1006.29
1006.29
1006.29
1006.29
1006.29
1006.29
1006.29
1006.29
1006.29
1006.29
1006.29
1006.29
1006.29
1006.29
1006.29
1006.29
1006.29
1006.29
1006.29
1006.29
1006.29
1006.29
1006.29
1006.29
1006.29
1006.29
1006.29
1006.29
1006.29
1006.29
1006.29
1006.29
1006.29
1006.29
1006.29
1006.29
1006.29
1006.29
1006.29
1006.29
1006.29
1006.29
1006.29
1006.29
1006.29
1006.29
1006.29
1006.29
1006.29
1006.29
1006.29
1006.29
1006.29
1006.29
1006.29
1006.29
1006.29
1006.29
1006.29
1006.29
1006.29
1006.29
1006.29
1006.29
1006.29
1006.29
1006.29
1006.29
1006.29
1006.29
1006.29
1006.29
1006.29
1006.29
1006.29
1006.29
1006.29
1006.29
1006.29
1006.29
1006.29
1006.29
1006.29
1006.29
1006.29
1006.29
1006.29
1006.29
1006.29
1006.29
1006.29
1006.29
1006.29
1006.29
1006.29
1006.29
1006.29
1006.29
1006.29
1006.29
1006.29
1006.29
1006.29
1006.29
1006.29
1006.29
1006.29
1006.29
1006.29
1006.29
1006.29
1006.29
1006.29
1006.29
1006.29
1006.29
1006.29
1006.29
1006.29
1006.29
1006.29
1006.29
1006.29
1006.29
1006.29
1006.29
1006.29
1006.29
1006.29
1006.29
1006.29
1006.29
1006.29
1006.29
1006.29
1006.29
1006.29
1006.29
1006.29
1006.29
1006.29
1006.29
1006.29
1006.29
1006.29
1006.29
1006.29
1006.29
1006.29
1006.29
1006.29
1006.29
1006.29
1006.29
1006.29
1006.29
1006.29
1006.29
1006.29
1006.29
1006.29
1006.29
1006.29
1006.29
1006.29
1006.29
1006.29
1006.29
1006.29
1006.29
1006.29
1006.29
1006.29
1006.29
1006.29
1006.29
1006.29
1006.29
1006.29
1006.29
1006.29
1006.29
1006.29
1006.29
1006.29
1006.29
1006.29
1006.29
1006.29
1006.29
1006.29
1006.29
1006.29
1006.29
1006.29
1006.29
1006.29
1006.29
1006.29
1006.29
1006.29
1006.29
1006.29
1006.29
1006.29
1006.29
1006.29
1006.29
1006.29
1006.29
1006.29
1006.29
1006.29
1006.29
1006.29
1006.29
1006.29
1006.29
1006.29
1006.29
1006.29
1006.29
1006.29
1006.29
1006.29
1006.29
1006.29
1006.29
1006.29
1006.29
1006.29
1006.29
1006.29
1006.29
1006.29
1006.29
1006.29
1006.29
1006.29
1006.29
1006.29
1006.29
1006.29
1006.29
1006.29
1006.29
1006.29
1006.29
1006.29
1006.29
1006.29
1006.29
1006.29
1006.29
1006.29
1006.29
1006.29
1006.29
1006.29
1006.29
1006.29
1006.29
1006.29
1006.29
1006.29
1006.29
1006.29
1006.29
1006.29
1006.29
1006.29
1006.29
1006.29
1006.29
1006.29
1006.29
1006.29
1006.29
1006.29
1006.29
1006.29
1006.29
1006.29
1006.29
1006.29
1006.29
1006.29
1006.29
1006.29
1006.29
1006.29
1006.29
1006.29
1006.29
1006.29
1006.29
1006.29
1006.29
1006.29
1006.29
1006.29
1006.29
1006.29
1006.29
1006.29
1006.29
1006.29
1006.29
1006.29
1006.29
1006.29
1006.29
1006.29
1006.29
1006.29
1006.29
1006.29
1006.29
1006.29
1006.29
1006.29
1006.29
1006.29
1006.29
1006.29
1006.29
1006.29
1006.29
1006.29
1006.29
1006.29
1006.29
1006.29
1006.29
1006.29
1006.29
1006.29
1006.29
1006.29
1006.29
1006.29
1006.29
1006.29
1006.29
1006.29
1006.29
1006.29
1006.29
1006.29
1006.29
1006.29
1006.29
1006.29
1006.29
1006.29
1006.29
1006.29
1006.29
1006.29
1006.29
1006.29
1006.29
1006.29
1006.29
1006.29
1006.29
1006.29
1006.29
1006.29
1006.29
1006.29
1006.29
1006.29
1006.29
1006.29
1006.29
1006.29
1006.29
1006.29
1006.29
1006.29
1006.29
1006.29
1006.29
1006.29
1006.29
1006.29
1006.29
1006.29
1006.29
1006.29
1006.29
1006.29
1006.29
1006.29
1006.29
1006.29
1006.29
1006.29
1006.29
1006.29
1006.29
1006.29
1006.29
1006.29
1006.29
1006.29
1006.29
1006.29
1006.29
1006.29
1006.29
1006.29
1006.29
1006.29
1006.29
1006.29
1006.29
1006.29
1006.29
1006.29
1006.29
1006.29
1006.29
1006.29
1006.29
1006.29
1006.29
1006.29
1006.29
1006.29
1006.29
1006.29
1006.29
1006.29
1006.29
1006.29
1006.29
1006.29
1006.29
1006.29
1006.29
1006.29
1006.29
1006.29
1006.29
1006.29
1006.29
1006.29
1006.29
1006.29
1006.29
1006.29
1006.29
1006.29
1006.29
1006.29
1006.29
1006.29
1006.29
1006.29
1006.29
1006.29
1006.29
1006.29
1006.29
1006.29
1006.29
1006.29
1006.29
1006.29
1006.29
1006.29
1006.29
1006.29
1006.29
1006.29
1006.29
1006.29
1006.29
1006.29
1006.29
1006.29
1006.29
1006.29
1006.29
1006.29
1006.29
1006.29
1006.29
1006.29
1006.29
1006.29
1006.29
1006.29
1006.29
1006.29
1006.29
1006.29
1006.29
1006.29
1006.29
1006.29
1006.29
1006.29
1006.29
1006.29
1006.29
1006.29
1006.29
1006.29
1006.29
1006.29
1006.29
1006.29
1006.29
1006.29
1006.29
1006.29
1006.29
1006.29
1006.29
1006.29
1006.29
1006.29
1006.29
1006.29
1006.29
1006.29
1006.29
1006.29
1006.29
1006.29
1006.29
1006.29
1006.29
1006.29
1006.29
1006.29
1006.29
1006.29
1006.29
1006.29
1006.29
1006.29
1006.29
1006.29
1006.29
1006.29
1006.29
1006.29
1006.29
1006.29
1006.29
1006.29
1006.29
1006.29
1006.29
1006.29
1006.29
1006.29
1006.29
1006.29
1006.29
1006.29
1006.29
1006.29
1006.29
1006.29
1006.29
1006.29
1006.29
1006.29
1006.29
1006.29
1006.29
1006.29
1006.29
1006.29
1006.29
1006.29
1006.29
1006.29
1006.29
1006.29
1006.29
1006.29
1006.29
1006.29
1006.29
1006.29
1006.29
1006.29
1006.29
1006.29
1006.29
1006.29
1006.29
1006.29
1006.29
1006.29
1006.29
1006.29
1006.29
1006.29
1006.29
1006.29
1006.29
1006.29
1006.29
1006.29
1006.29
1006.29
1006.29
1006.29
1006.29
1006.29
1006.29
1006.29
1006.29
1006.29
1006.29
1006.29
1006.29
1006.29
1006.29
1006.29
1006.29
1006.29
1006.29
1006.29
1006.29
1006.29
1006.29
1006.29
1006.29
1006.29
1006.29
1006.29
1006.29
1006.29
1006.29
1006.29
1006.29
1006.29
1006.29
1006.29
1006.29
1006.29
1006.29
1006.29
1006.29
1006.29
1006.29
1006.29
1006.29
1006.29
1006.29
1006.29
1006.29
1006.29
1006.29
1006.29
1006.29
1006.29
1006.29
1006.29
1006.29
1006.29
1006.29
1006.29
1006.29
1006.29
1006.29
1006.29
1006.29
1006.29
1006.29
1006.29
1006.29
1006.29
1006.29
1006.29
1006.29
1006.29
1006.29
1006.29
1006.29
1006.29
1006.29
1006.29
1006.29
1006.29
1006.29
1006.29
1006.29
1006.29
1006.29
1006.29
1006.29
1006.29
1006.29
1006.29
1006.29
1006.29
1006.29
1006.29
1006.29
1006.29
1006.29
1006.29
1006.29
1006.29
1006.29
1006.29
1006.29
1006.29
1006.29
1006.29
1006.29
1006.29
1006.29
1006.29
1006.29
1006.29
1006.29
1006.29
1006.29
1006.29
1006.29
1006.29
1006.29
1006.29
1006.29
1006.29
1006.29
1006.29
1006.29
1006.29
1006.29
1006.29
1006.29
1006.29
1006.29
1006.29
1006.29
1006.29
1006.29
1006.29
1006.29
1006.29
1006.29
1006.29
1006.29
1006.29
1006.29
1006.29
1006.29
1006.29
1006.29
1006.29
1006.29
1006.29
1006.29
1006.29
1006.29
1006.29
1006.29
1006.29
1006.29
1006.29
1006.29
1006.29
1006.29
1006.29
1006.29
1006.29
1006.29
1006.29
1006.29
1006.29
1006.29
1006.29
1006.29
1006.29
1006.29
1006.29
1006.29
1006.29
1006.29
1006.29
1006.29
1006.29
1006.29
1006.29
1006.29
1006.29
1006.29
1006.29
1006.29
1006.29
1006.29
1006.29
1006.29
1006.29
1006.29
1006.29
1006.29
1006.29
1006.29
1006.29
1006.29
1006.29
1006.29
1006.29
1006.29
1006.29
1006.29
1006.29
1006.29
1006.29
1006.29
1006.29
1006.29
1006.29
1006.29
1006.29
1006.29
1006.29
1006.29
1006.29
1006.29
1006.29
1006.29
1006.29
1006.29
1006.29
1006.29
1006.29
1006.29
1006.29
1006.29
1006.29
1006.29
1006.29
1006.29
1006.29
1006.29
1006.29
1006.29
1006.29
1006.29
1006.29
1006.29
1006.29
1006.29
1006.29
1006.29
1006.29
1006.29
1006.29
1006.29
1006.29
1006.29
1006.29
1006.29
1006.29
1006.29
1006.29
1006.29
1006.29
1006.29
1006.29
1006.29
1006.29
1006.29
1006.29
1006.29
1006.29
1006.29
1006.29
1006.29
1006.29
1006.29
1006.29
1006.29
1006.29
1006.29
1006.29
1006.29
1006.29
1006.29
1006.29
1006.29
1006.29
1006.29
1006.29
1006.29
1006.29
1006.29
1006.29
1006.29
1006.29
1006.29
1006.29
1006.29
1006.29
1006.29
1006.29
1006.29
1006.29
1006.29
1006.29
1006.29
1006.29
1006.29
1006.29
1006.29
1006.29
1006.29
1006.29
1006.29
1006.29
1006.29
1006.29
1006.29
1006.29
1006.29
1006.29
1006.29
1006.29
1006.29
1006.29
1006.29
1006.29
1006.29
1006.29
1006.29
1006.29
1006.29
1006.29
1006.29
1006.29
1006.29
1006.29
1006.29
1006.29
1006.29
1006.29
1006.29
1006.29
1006.29
1006.29
1006.29
1006.29
1006.29
1006.29
1006.29
1006.29
1006.29
1006.29
1006.29
1006.29
1006.29
1006.29
1006.29
1006.29
1006.29
1006.29
1006.29
1006.29
1006.29
1006.29
1006.29
1006.29
1006.29
1006.29
1006.29
1006.29
1006.29
1006.29
1006.29
1006.29
1006.29
1006.29
1006.29
1006.29
1006.29
1006.29
1006.29
1006.29
1006.29
1006.29
1006.29
1006.29
1006.29
1006.29
1006.29
1006.29
1006.29
1006.29
1006.29
1006.29
1006.29
1006.29
1006.29
1006.29
1006.29
1006.29
1006.29
1006.29
1006.29
1006.29
1006.29
1006.29
1006.29
1006.29
1006.29
1006.29
1006.29
1006.29
1006.29
1006.29
1006.29
1006.29
1006.29
1006.29
1006.29
1006.29
1006.29
1006.29
1006.29
1006.29
1006.29
1006.29
1006.29
1006.29
1006.29
1006.29
1006.29
1006.29
1006.29
1006.29
1006.29
1006.29
1006.29
1006.29
1006.29
1006.29
1006.29
1006.29
1006.29
1006.29
1006.29
1006.29
1006.29
1006.29
1006.29
1006.29
1006.29
1006.29
1006.29
1006.29
1006.29
1006.29
1006.29
1006.29
1006.29
1006.29
1006.29
1006.29
1006.29
1006.29
1006.29
1006.29
1006.29
1006.29
1006.29
1006.29
1006.29
1006.29
1006.29
1006.29
1006.29
1006.29
1006.29
1006.29
1006.29
1006.29
1006.29
1006.29
1006.29
1006.29
1006.29
1006.29
1006.29
1006.29
1006.29
1006.29
1006.29
1006.29
1006.29
1006.29
1006.29
1006.29
1006.29
1006.29
1006.29
1006.29
1006.29
1006.29
1006.29
1006.29
1006.29
1006.29
1006.29
1006.29
1006.29
1006.29
1006.29
1006.29
1006.29
1006.29
1006.29
1006.29
1006.29
1006.29
1006.29
1006.29
1006.29
1006.29
1006.29
1006.29
1006.29
1006.29
1006.29
1006.29
1006.29
1006.29
1006.29
1006.29
1006.29
1006.29
1006.29
1006.29
1006.29
1006.29
1006.29
1006.29
1006.29
1006.29
1006.29
1006.29
1006.29
1006.29
1006.29
1006.29
1006.29
1006.29
1006.29
1006.29
1006.29
1006.29
1006.29
1006.29
1006.29
1006.29
1006.29
1006.29
1006.29
1006.29
1006.29
1006.29
1006.29
1006.29
1006.29
1006.29
1006.29
1006.29
1006.29
1006.29
1006.29
1006.29
1006.29
1006.29
1006.29
1006.29
1006.29
1006.29
1006.29
1006.29
1006.29
1006.29
1006.29
1006.29
1006.29
1006.29
1006.29
1006.29
1006.29
1006.29
1006.29
1006.29
1006.29
1006.29
1006.29
1006.29
1006.29
1006.29
1006.29
1006.29
1006.29
1006.29
1006.29
1006.29
1006.29
1006.29
1006.29
1006.29
1006.29
1006.29
1006.29
1006.29
1006.29
1006.29
1006.29
1006.29
1006.29
1006.29
1006.29
1006.29
1006.29
1006.29
1006.29
1006.29
1006.29
1006.29
1006.29
1006.29
1006.29
1006.29
1006.29
1006.29
1006.29
1006.29
1006.29
1006.29
1006.29
1006.29
1006.29
1006.29
1006.29
1006.29
1006.29
1006.29
1006.29
1006.29
1006.29
1006.29
1006.29
1006.29
1006.29
1006.29
1006.29
1006.29
1006.29
1006.29
1006.29
1006.29
1006.29
1006.29
1006.29
1006.29
1006.29
1006.29
1006.29
1006.29
1006.29
1006.29
1006.29
1006.29
1006.29
1006.29
1006.29
1006.29
1006.29
1006.29
1006.29
1006.29
1006.29
1006.29
1006.29
1006.29
1006.29
1006.29
1006.29
1006.29
1006.29
1006.29
1006.29
1006.29
1006.29
1006.29
1006.29
1006.29
1006.29
1006.29
1006.29
1006.29
1006.29
1006.29
1006.29
1006.29
1006.29
1006.29
1006.29
1006.29
1006.29
1006.29
1006.29
1006.29
1006.29
1006.29
1006.29
1006.29
1006.29
1006.29
1006.29
1006.29
1006.29
1006.29
1006.29
1006.29
1006.29
1006.29
1006.29
1006.29
1006.29
1006.29
1006.29
1006.29
1006.29
1006.29
1006.29
1006.29
1006.29
1006.29
1006.29
1006.29
1006.29
1006.29
1006.29
1006.29
1006.29
1006.29
1006.29
1006.29
1006.29
1006.29
1006.29
1006.29
1006.29
1006.29
1006.29
1006.29
1006.29
1006.29
1006.29
1006.29
1006.29
1006.29
1006.29
1006.29
1006.29
1006.29
1006.29
1006.29
1006.29
1006.29
1006.29
1006.29
1006.29
1006.29
1006.29
1006.29
1006.29
1006.29
1006.29
1006.29
1006.29
1006.29
1006.29
1006.29
1006.29
1006.29
1006.29
1006.29
1006.29
1006.29
1006.29
1006.29
1006.29
1006.29
1006.29
1006.29
1006.29
1006.29
1006.29
1006.29
1006.29
1006.29
1006.29
1006.29
1006.29
1006.29
1006.29
1006.29
1006.29
1006.29
1006.29
1006.29
1006.29
1006.29
1006.29
1006.29
1006.29
1006.29
1006.29
1006.29
1006.29
1006.29
1006.29
1006.29
1006.29
1006.29
1006.29
1006.29
1006.29
1006.29
1006.29
1006.29
1006.29
1006.29
1006.29
1006.29
1006.29
1006.29
1006.29
1006.29
1006.29
1006.29
1006.29
1006.29
1006.29
1006.29
1006.29
1006.29
1006.29
1006.29
1006.29
1006.29
1006.29
1006.29
1006.29
1006.29
1006.29
1006.29
1006.29
1006.29
1006.29
1006.29
1006.29
1006.29
1006.29
1006.29
1006.29
1006.29
1006.29
1006.29
1006.29
1006.29
1006.29
1006.29
1006.29
1006.29
1006.29
1006.29
1006.29
1006.29
1006.29
1006.29
1006.29
1006.29
1006.29
1006.29
1006.29
1006.29
1006.29
1006.29
1006.29
1006.29
1006.29
1006.29
1006.29
1006.29
1006.29
1006.29
1006.29
1006.29
1006.29
1006.29
1006.29
1006.29
1006.29
1006.29
1006.29
1006.29
1006.29
1006.29
1006.29
1006.29
1006.29
1006.29
1006.29
1006.29
1006.29
1006.29
1006.29
1006.29
1006.29
1006.29
1006.29
1006.29
1006.29
1006.29
1006.29
1006.29
1006.29
1006.29
1006.29
1006.29
1006.29
1006.29
1006.29
1006.29
1006.29
1006.29
1006.29
1006.29
1006.29
1006.29
1006.29
1006.29
1006.29
1006.29
1006.29
1006.29
1006.29
1006.29
1006.29
1006.29
1006.29
1006.29
1006.29
1006.29
1006.29
1006.29
1006.29
1006.29
1006.29
1006.29
1006.29
1006.29
1006.29
1006.29
1006.29
1006.29
1006.29
1006.29
1006.29
1006.29
1006.29
1006.29
1006.29
1006.29
1006.29
1006.29
1006.29
1006.29
1006.29
1006.29
1006.29
1006.29
1006.29
1006.29
1006.29
1006.29
1006.29
1006.29
1006.29
1006.29
1006.29
1006.29
1006.29
1006.29
1006.29
1006.29
1006.29
1006.29
1006.29
1006.29
1006.29
1006.29
1006.29
1006.29
1006.29
1006.29
1006.29
1006.29
1006.29
1006.29
1006.29
1006.29
1006.29
1006.29
1006.29
1006.29
1006.29
1006.29
1006.29
1006.29
1006.29
1006.29
1006.29
1006.29
1006.29
1006.29
1006.29
1006.29
1006.29
1006.29
1006.29
1006.29
1006.29
1006.29
1006.29
1006.29
1006.29
1006.29
1006.29
1006.29
1006.29
1006.29
1006.29
1006.29
1006.29
1006.29
1006.29
1006.29
1006.29
1006.29
1006.29
1006.29
1006.29
1006.29
1006.29
1006.29
1006.29
1006.29
1006.29
1006.29
1006.29
1006.29
1006.29
1006.29
1006.29
1006.29
1006.29
1006.29
1006.29
1006.29
1006.29
1006.29
1006.29
1006.29
1006.29
1006.29
1006.29
1006.29
1006.29
1006.29
1006.29
1006.29
1006.29
1006.29
1006.29
1006.29
1006.29
1006.29
1006.29
1006.29
1006.29
1006.29
1006.29
1006.29
1006.29
1006.29
1006.29
1006.29
1006.29
1006.29
1006.29
1006.29
1006.29
1006.29
1006.29
1006.29
1006.29
1006.29
1006.29
1006.29
1006.29
1006.29
1006.29
1006.29
1006.29
1006.29
1006.29
1006.29
1006.29
1006.29
1006.29
1006.29
1006.29
1006.29
1006.29
1006.29
1006.29
1006.29
1006.29
1006.29
1006.29
1006.29
1006.29
1006.29
1006.29
1006.29
1006.29
1006.29
1006.29
1006.29
1006.29
1006.29
1006.29
1006.29
1006.29
1006.29
1006.29
1006.29
1006.29
1006.29
1006.29
1006.29
1006.29
1006.29
1006.29
1006.29
1006.29
1006.29
1006.29
1006.29
1006.29
1006.29
1006.29
1006.29
1006.29
1006.29
1006.29
1006.29
1006.29
1006.29
1006.29
1006.29
1006.29
1006.29
1006.29
1006.29
1006.29
1006.29
1006.29
1006.29
1006.29
1006.29
1006.29
1006.29
1006.29
1006.29
1006.29
1006.29
1006.29
1006.29
1006.29
1006.29
1006.29
1006.29
1006.29
1006.29
1006.29
1006.29
1006.29
1006.29
1006.29
1006.29
1006.29
1006.29
1006.29
1006.29
1006.29
1006.29
1006.29
1006.29
1006.29
1006.29
1006.29
1006.29
1006.29
1006.29
1006.29
1006.29
1006.29
1006.29
1006.29
1006.29
1006.29
1006.29
1006.29
1006.29
1006.29
1006.29
1006.29
1006.29
1006.29
1006.29
1006.29
1006.29
1006.29
1006.29
1006.29
1006.29
1006.29
1006.29
1006.29
1006.29
1006.29
1006.29
1006.29
1006.29
1006.29
1006.29
1006.29
1006.29
1006.29
1006.29
1006.29
1006.29
1006.29
1006.29
1006.29
1006.29
1006.29
1006.29
1006.29
1006.29
1006.29
1006.29
1006.29
1006.29
1006.29
1006.29
1006.29
1006.29
1006.29
1006.29
1006.29
1006.29
1006.29
1006.29
1006.29
1006.29
1006.29
1006.29
1006.29
1006.29
1006.29
1006.29
1006.29
1006.29
1006.29
1006.29
1006.29
1006.29
1006.29
1006.29
1006.29
1006.29
1006.29
1006.29
1006.29
1006.29
1006.29
1006.29
1006.29
1006.29
1006.29
1006.29
1006.29
1006.29
1006.29
1006.29
1006.29
)
;

boundaryField
{
    emptyPatches_empt
    {
        type            empty;
    }
    top_cyc
    {
        type            cyclic;
    }
    bottom_cyc
    {
        type            cyclic;
    }
    inlet_cyc
    {
        type            cyclic;
    }
    outlet_cyc
    {
        type            cyclic;
    }
}


// ************************************************************************* //
