/*--------------------------------*- C++ -*----------------------------------*\
  =========                 |
  \\      /  F ield         | OpenFOAM: The Open Source CFD Toolbox
   \\    /   O peration     | Website:  https://openfoam.org
    \\  /    A nd           | Version:  6
     \\/     M anipulation  |
\*---------------------------------------------------------------------------*/
FoamFile
{
    version     2.0;
    format      ascii;
    class       surfaceScalarField;
    location    "2.61";
    object      phi;
}
// * * * * * * * * * * * * * * * * * * * * * * * * * * * * * * * * * * * * * //

dimensions      [0 3 -1 0 0 0 0];

internalField   nonuniform List<scalar> 
8193
(
0.0958605
-0.186355
-0.0915743
0.0976739
-0.187201
0.0985236
-0.186517
0.0987136
-0.185427
0.0984172
-0.184556
0.0976391
-0.183934
0.0962809
-0.183391
0.0942526
-0.18279
0.0915152
-0.182038
0.0880674
-0.181094
0.0839167
-0.179998
0.0791581
-0.178793
0.0739341
-0.177716
0.0684638
-0.177132
0.0627441
-0.177463
0.0566282
-0.178645
0.0490196
-0.179757
0.0394608
-0.179195
0.0272852
-0.174586
0.0136662
-0.162886
0.00132162
-0.148496
-0.0090832
-0.148215
-0.0195529
-0.159105
-0.0298156
-0.165948
-0.0393358
-0.167876
-0.0481852
-0.16909
-0.0566091
-0.171183
-0.0646188
-0.173936
-0.0720974
-0.176831
-0.078917
-0.179559
-0.0849854
-0.181982
-0.090208
-0.18407
-0.0945187
-0.185811
-0.0978697
-0.187223
-0.100253
-0.188314
-0.1017
-0.189104
-0.102254
-0.189649
-0.101893
-0.19002
-0.100522
-0.190153
-0.0977171
-0.189692
-0.187304
-0.0920827
0.0983974
-0.186992
-0.101788
0.0934053
-0.184705
0.0884576
-0.182583
0.0837752
-0.180354
0.0794679
-0.17856
0.0755276
-0.177134
0.0719013
-0.175878
0.0685485
-0.17468
0.0654461
-0.173472
0.0625793
-0.172223
0.05991
-0.17095
0.0574659
-0.169757
0.0552586
-0.168858
0.0531783
-0.168491
0.0507893
-0.168738
0.0473504
-0.169221
0.0416441
-0.168528
0.0332003
-0.16579
0.0219688
-0.159043
0.009985
-0.147314
0.000297059
-0.136005
-0.00728624
-0.138662
-0.0157904
-0.149501
-0.0248317
-0.156701
-0.0337034
-0.159705
-0.0422764
-0.162124
-0.0507107
-0.165251
-0.0589774
-0.169042
-0.0669059
-0.17311
-0.0743148
-0.177144
-0.0810275
-0.180989
-0.0869094
-0.184559
-0.0918767
-0.187782
-0.0958874
-0.190618
-0.0989645
-0.193001
-0.101197
-0.194871
-0.102746
-0.196203
-0.103842
-0.196987
-0.104766
-0.197101
-0.105695
-0.196286
-0.194653
-0.105355
0.0904045
-0.183087
-0.101144
0.0800126
-0.179347
0.0704358
-0.176264
0.0619555
-0.173422
0.0546497
-0.17119
0.0485356
-0.169468
0.0436264
-0.168076
0.0399129
-0.166897
0.0373654
-0.16585
0.0359082
-0.164867
0.0354324
-0.163932
0.0357667
-0.163084
0.0366198
-0.162414
0.037487
-0.161935
0.037656
-0.161516
0.0361396
-0.160491
0.032081
-0.157567
0.0250179
-0.152258
0.0157098
-0.143809
0.00651738
-0.132837
-0.000185448
-0.124745
-0.00554809
-0.129544
-0.0123131
-0.139847
-0.0201296
-0.146916
-0.0281489
-0.150681
-0.0362448
-0.15402
-0.0444851
-0.158022
-0.052812
-0.162758
-0.0610262
-0.167973
-0.0688855
-0.173386
-0.0761733
-0.178806
-0.0827122
-0.184095
-0.0883796
-0.189112
-0.0931257
-0.193731
-0.0969672
-0.197804
-0.0999966
-0.20118
-0.102382
-0.203741
-0.10439
-0.205359
-0.10644
-0.205747
-0.108884
-0.204693
-0.202543
-0.111821
0.0758582
-0.176224
-0.0920281
0.0610512
-0.171766
0.0477293
-0.168107
0.0363331
-0.165189
0.0269915
-0.163108
0.0197251
-0.161688
0.0145358
-0.160752
0.0114029
-0.160181
0.0102371
-0.159838
0.010879
-0.159591
0.0130324
-0.159293
0.0162195
-0.158798
0.0197766
-0.158007
0.0229248
-0.156811
0.0247903
-0.154974
0.024606
-0.151926
0.0216164
-0.146376
0.0159325
-0.138691
0.00877441
-0.129215
0.00250492
-0.119696
-0.00110509
-0.114933
-0.00419317
-0.12102
-0.00913624
-0.130321
-0.0155391
-0.13686
-0.0225252
-0.141041
-0.0299199
-0.145032
-0.0377402
-0.149721
-0.0459133
-0.155262
-0.0542345
-0.161521
-0.0624357
-0.168273
-0.0702624
-0.175301
-0.0775017
-0.182415
-0.0839924
-0.189409
-0.0896488
-0.196066
-0.0944633
-0.202144
-0.0985149
-0.207386
-0.101969
-0.21157
-0.105079
-0.214457
-0.108171
-0.215663
-0.111636
-0.21489
-0.212341
-0.115979
0.0541104
-0.167023
-0.0746987
0.0358493
-0.162544
0.0200383
-0.159005
0.00704456
-0.156639
-0.00308643
-0.155258
-0.0103608
-0.154668
-0.014787
-0.154718
-0.0164419
-0.155238
-0.0154977
-0.156011
-0.0123134
-0.156727
-0.00748107
-0.157007
-0.00179938
-0.1565
0.00381196
-0.154979
0.00846307
-0.15236
0.0114686
-0.148601
0.0119731
-0.142951
0.00976145
-0.13475
0.00570941
-0.125443
0.0011649
-0.115834
-0.00179048
-0.108395
-0.00235053
-0.106641
-0.00328555
-0.113079
-0.00644009
-0.12099
-0.011257
-0.126794
-0.0169824
-0.131083
-0.0234331
-0.135449
-0.0305788
-0.140621
-0.0383405
-0.146795
-0.0465241
-0.153945
-0.0548607
-0.161913
-0.0630762
-0.170479
-0.0709315
-0.179408
-0.0782358
-0.188432
-0.0848688
-0.197251
-0.090791
-0.205525
-0.0960389
-0.212902
-0.100741
-0.219047
-0.105107
-0.223615
-0.109394
-0.22615
-0.113965
-0.226216
-0.223874
-0.119301
0.0261044
-0.156513
-0.0496551
0.0058969
-0.152784
-0.0108847
-0.150103
-0.0241191
-0.148788
-0.0338347
-0.148543
-0.0400635
-0.149204
-0.0428749
-0.150608
-0.0424407
-0.152503
-0.039133
-0.154488
-0.0335641
-0.156019
-0.0265408
-0.156526
-0.019045
-0.155482
-0.0120287
-0.152686
-0.0063247
-0.148165
-0.00286503
-0.141768
-0.00206899
-0.133247
-0.00323403
-0.123052
-0.00519083
-0.113083
-0.00666187
-0.104242
-0.00619295
-0.0991682
-0.00398531
-0.0997098
-0.00293785
-0.105669
-0.00426064
-0.11201
-0.0073341
-0.116974
-0.0115868
-0.121101
-0.016848
-0.125576
-0.0230607
-0.131012
-0.0301401
-0.137628
-0.03791
-0.145483
-0.0461217
-0.154489
-0.0545055
-0.164437
-0.0628118
-0.175065
-0.0708315
-0.186054
-0.0784151
-0.19703
-0.0854897
-0.207562
-0.0920502
-0.217213
-0.098173
-0.225542
-0.104004
-0.232112
-0.109726
-0.236401
-0.115616
-0.237851
-0.236367
-0.122071
-0.00637206
-0.146202
-0.018181
-0.0267538
-0.143842
-0.0430486
-0.142482
-0.0553019
-0.142526
-0.0635973
-0.143679
-0.068022
-0.145806
-0.068769
-0.148667
-0.0662091
-0.151852
-0.060936
-0.154748
-0.0536695
-0.156696
-0.0451497
-0.157107
-0.0364547
-0.155115
-0.0285615
-0.150615
-0.022372
-0.143699
-0.0186126
-0.134385
-0.0171689
-0.123254
-0.0167746
-0.111895
-0.0161604
-0.102201
-0.0143306
-0.0947891
-0.0106406
-0.0919378
-0.0060593
-0.0938731
-0.00321256
-0.0987335
-0.00266282
-0.103539
-0.00385422
-0.107645
-0.00643342
-0.111386
-0.0102783
-0.115713
-0.0153085
-0.121192
-0.0214258
-0.12806
-0.0284793
-0.136425
-0.0362578
-0.146255
-0.0445179
-0.15737
-0.0530197
-0.169496
-0.0615505
-0.182279
-0.0699452
-0.195288
-0.0781
-0.208014
-0.0859742
-0.219939
-0.0935928
-0.230539
-0.10104
-0.239292
-0.108426
-0.245621
-0.115914
-0.248887
-0.248838
-0.123788
-0.0405173
-0.137531
0.0168618
-0.0595718
-0.136806
-0.0742369
-0.136918
-0.0846307
-0.13841
-0.0909117
-0.140986
-0.0932984
-0.144482
-0.0921504
-0.148543
-0.0879833
-0.152623
-0.0814591
-0.155976
-0.0731204
-0.158068
-0.0635127
-0.158311
-0.0540154
-0.155001
-0.0456141
-0.148423
-0.039186
-0.138768
-0.0350054
-0.126647
-0.0324186
-0.113557
-0.0299781
-0.101871
-0.0265739
-0.0931319
-0.0216029
-0.0874403
-0.0151579
-0.0863683
-0.00864808
-0.088818
-0.00412898
-0.0922745
-0.00167071
-0.0957379
-0.000876901
-0.0990274
-0.00163784
-0.102187
-0.0038664
-0.106143
-0.00747227
-0.111466
-0.0123518
-0.118402
-0.0183799
-0.127083
-0.025391
-0.137514
-0.0331855
-0.149546
-0.0415528
-0.162913
-0.0502926
-0.177243
-0.059241
-0.192058
-0.0682789
-0.206793
-0.0773359
-0.220867
-0.0863941
-0.233682
-0.0954834
-0.244646
-0.104652
-0.253138
-0.113959
-0.258479
-0.260281
-0.123565
-0.0734906
-0.13141
0.0520944
-0.0902641
-0.132231
-0.102603
-0.133761
-0.110718
-0.136563
-0.114894
-0.140305
-0.115506
-0.144763
-0.11301
-0.149528
-0.107867
-0.154066
-0.100465
-0.157715
-0.0911272
-0.160013
-0.0808708
-0.15968
-0.0709979
-0.154725
-0.0624393
-0.145796
-0.0558351
-0.133367
-0.0509682
-0.118897
-0.0467907
-0.104701
-0.0420284
-0.0933653
-0.0359968
-0.0858347
-0.0284174
-0.0817916
-0.0198517
-0.0819592
-0.0117971
-0.084296
-0.00566771
-0.0863643
-0.0012642
-0.0887733
0.00152077
-0.0912473
0.00266977
-0.0937034
0.00222229
-0.0971258
0.000259847
-0.102126
-0.0031208
-0.108968
-0.0078216
-0.117783
-0.0137251
-0.128597
-0.0206834
-0.141291
-0.0285279
-0.155615
-0.0370938
-0.171191
-0.0462339
-0.187513
-0.0558301
-0.20398
-0.0657956
-0.219961
-0.076084
-0.234804
-0.0866799
-0.247864
-0.0975861
-0.258476
-0.108775
-0.265963
-0.269828
-0.120299
-0.103128
-0.128139
0.0847184
-0.117088
-0.130277
-0.126784
-0.133008
-0.132564
-0.13677
-0.13483
-0.141218
-0.134021
-0.14612
-0.130506
-0.151157
-0.124544
-0.155925
-0.116339
-0.159827
-0.10657
-0.161933
-0.0963971
-0.160482
-0.0865479
-0.153912
-0.0780376
-0.142577
-0.071169
-0.127655
-0.0653142
-0.111523
-0.059368
-0.0969631
-0.052435
-0.0863407
-0.0442109
-0.0799973
-0.0347743
-0.0772221
-0.0247075
-0.0782259
-0.0154241
-0.0801285
-0.00773018
-0.0810941
-0.00144316
-0.0827167
0.00330181
-0.0844008
0.00639078
-0.0860842
0.00783763
-0.0888793
0.00769884
-0.0934423
0.00604508
-0.100052
0.00294637
-0.108843
-0.00152212
-0.119847
-0.00726883
-0.132961
-0.014184
-0.147952
-0.0221463
-0.164452
-0.0310375
-0.181945
-0.0407582
-0.199801
-0.0512241
-0.217366
-0.0623788
-0.233939
-0.0741709
-0.248854
-0.0865722
-0.261399
-0.0994877
-0.270937
-0.276867
-0.112896
-0.127834
-0.127719
0.112806
-0.138723
-0.130865
-0.14571
-0.134439
-0.149245
-0.138708
-0.149771
-0.143367
-0.147691
-0.148253
-0.143285
-0.153191
-0.136752
-0.157878
-0.128394
-0.161621
-0.118966
-0.163041
-0.109177
-0.160429
-0.0996942
-0.152255
-0.0913366
-0.138718
-0.0840486
-0.12186
-0.077081
-0.10474
-0.0695466
-0.0902684
-0.0609253
-0.08043
-0.0511321
-0.0751208
-0.040441
-0.0732606
-0.0295472
-0.0746303
-0.0193305
-0.0761583
-0.0101867
-0.0764875
-0.00216872
-0.0775515
0.00440882
-0.0784916
0.00940906
-0.0794234
0.0128136
-0.0815793
0.014637
-0.0856509
0.0149037
-0.0919296
0.0136458
-0.100562
0.0108965
-0.111581
0.00669794
-0.124896
0.00110827
-0.140291
-0.00580092
-0.157406
-0.0139595
-0.175724
-0.0232982
-0.194603
-0.0337537
-0.213373
-0.0452775
-0.231305
-0.0577915
-0.247744
-0.0712506
-0.261923
-0.0854963
-0.273295
-0.281128
-0.100471
-0.146319
-0.129932
0.134799
-0.154113
-0.133728
-0.158463
-0.137741
-0.159836
-0.142097
-0.158667
-0.146551
-0.155359
-0.151004
-0.150236
-0.155376
-0.143575
-0.159431
-0.135693
-0.162445
-0.127041
-0.162908
-0.118134
-0.159048
-0.109431
-0.149389
-0.101356
-0.134155
-0.0936597
-0.116052
-0.0857392
-0.0984843
-0.0770321
-0.0843079
-0.0673029
-0.0751696
-0.0566136
-0.0706571
-0.0453397
-0.0693664
-0.0340688
-0.0708581
-0.0231177
-0.0723247
-0.0128341
-0.0723731
-0.00342591
-0.0730742
0.004757
-0.073426
0.0115823
-0.0737626
0.0169546
-0.0753552
0.0208179
-0.0789378
0.023141
-0.0848307
0.0239087
-0.0931994
0.0231158
-0.104092
0.0207645
-0.117426
0.0168667
-0.132998
0.0114369
-0.150448
0.00449472
-0.169261
-0.00393257
-0.188797
-0.0138108
-0.208383
-0.025115
-0.227267
-0.0377446
-0.244854
-0.0516567
-0.260299
-0.0666359
-0.273202
-0.282686
-0.0825878
-0.157758
-0.134335
0.149591
-0.162624
-0.138458
-0.164476
-0.142583
-0.163746
-0.146724
-0.160887
-0.150649
-0.156386
-0.154252
-0.150699
-0.157505
-0.144217
-0.160252
-0.137249
-0.16186
-0.129936
-0.160992
-0.122531
-0.155761
-0.11497
-0.145008
-0.107347
-0.128791
-0.0995546
-0.110007
-0.0911296
-0.0924053
-0.0817511
-0.0786887
-0.0716285
-0.0699621
-0.0607541
-0.0660193
-0.0494665
-0.0651003
-0.0381321
-0.0667298
-0.0267849
-0.0684261
-0.0156974
-0.0685531
-0.00507757
-0.0692438
0.00439253
-0.0690213
0.0127908
-0.0689807
0.0200296
-0.0702303
0.0259359
-0.0734223
0.03039
-0.0789343
0.0333077
-0.0869721
0.0346487
-0.0976307
0.0343833
-0.110843
0.0324824
-0.126406
0.0288998
-0.143945
0.023621
-0.16297
0.0166087
-0.182816
0.00788014
-0.202854
-0.00257944
-0.222288
-0.0146377
-0.240653
-0.0282945
-0.256954
-0.0432472
-0.271069
-0.281847
-0.059443
-0.161986
-0.140348
0.156816
-0.164238
-0.144562
-0.163809
-0.148602
-0.161094
-0.152361
-0.156608
-0.155521
-0.151
-0.157864
-0.1449
-0.159403
-0.138803
-0.160133
-0.133054
-0.159579
-0.127403
-0.157005
-0.121773
-0.150347
-0.115718
-0.138817
-0.108931
-0.122321
-0.101375
-0.103483
-0.0931886
-0.08586
-0.0838794
-0.0727793
-0.0740125
-0.0642748
-0.0633772
-0.0609059
-0.0523147
-0.0603513
-0.0411739
-0.06212
-0.029765
-0.0642625
-0.0185259
-0.0645112
-0.00714544
-0.0657456
0.00329317
-0.065094
0.0131051
-0.0650514
0.0220442
-0.0661673
0.0298251
-0.0690584
0.0362918
-0.0742365
0.0413514
-0.0819749
0.0449165
-0.0923785
0.0469001
-0.105384
0.0472217
-0.120797
0.0457895
-0.138231
0.0425408
-0.157224
0.0373769
-0.177068
0.0303273
-0.197253
0.0213106
-0.216862
0.0105169
-0.235685
-0.00215867
-0.252413
-0.0162546
-0.267468
-0.279067
-0.0319151
-0.159515
-0.147199
0.156727
-0.159584
-0.151483
-0.157206
-0.155374
-0.152731
-0.158719
-0.146892
-0.160852
-0.140219
-0.161779
-0.134057
-0.160721
-0.128245
-0.159194
-0.123932
-0.155422
-0.119883
-0.151057
-0.116053
-0.142844
-0.111587
-0.130805
-0.106221
-0.114246
-0.0992298
-0.0962435
-0.0917686
-0.078464
-0.0829986
-0.066218
-0.0737254
-0.0578843
-0.0639431
-0.0548229
-0.0534143
-0.0549352
-0.0429244
-0.0566995
-0.031741
-0.059678
-0.0208614
-0.0598696
-0.00927886
-0.0621556
0.00160806
-0.0612586
0.012501
-0.0617754
0.0228099
-0.0629665
0.0322465
-0.0657548
0.0406013
-0.0707347
0.047685
-0.078205
0.0534204
-0.0883868
0.0576812
-0.101172
0.0603505
-0.116375
0.0612286
-0.133529
0.0602623
-0.152316
0.0572654
-0.171888
0.0523354
-0.192011
0.0452341
-0.211421
0.0363395
-0.230507
0.0252701
-0.247181
0.0128188
-0.263019
-0.274833
-0.0015997
-0.151218
-0.153948
0.149956
-0.14988
-0.158385
-0.146199
-0.162213
-0.140331
-0.165412
-0.133729
-0.166048
-0.125752
-0.166249
-0.120162
-0.160854
-0.113812
-0.158299
-0.111309
-0.149066
-0.108029
-0.144044
-0.106609
-0.132716
-0.10294
-0.121846
-0.099566
-0.104082
-0.093127
-0.088397
-0.0869221
-0.0697872
-0.0794108
-0.0583925
-0.0706946
-0.0509391
-0.06258
-0.047072
-0.0524484
-0.0491089
-0.0435306
-0.0496709
-0.032586
-0.054786
-0.0225378
-0.0542856
-0.0110797
-0.0582781
-0.000257336
-0.0571342
0.0113498
-0.0589183
0.0224187
-0.0601504
0.0331008
-0.0632314
0.0430022
-0.0682152
0.0519744
-0.0756504
0.0598015
-0.0856949
0.0662131
-0.0981892
0.0711688
-0.113181
0.0743242
-0.129897
0.0757742
-0.148456
0.0750397
-0.167432
0.0725505
-0.18749
0.0676489
-0.206266
0.0611676
-0.225623
0.0520804
-0.241597
0.0419028
-0.25828
-0.26942
0.0291093
-0.138696
0.138105
-0.136546
-0.132379
-0.125377
-0.118811
-0.109649
-0.104395
-0.0979236
-0.0960694
-0.0937222
-0.0939759
-0.091379
-0.090032
-0.0844803
-0.0796781
-0.0739692
-0.0659449
-0.0600863
-0.0498928
-0.0428101
-0.0320956
-0.0231394
-0.0122398
-0.00176598
0.0100249
0.0213712
0.0329469
0.043894
0.0542899
0.0637892
0.072042
0.0790482
0.084249
0.08798
0.0895221
0.0895078
0.0869846
0.0829649
0.0761853
0.0683166
0.0574152
0.285946
0.0477316
0.283215
0.0233005
0.274001
-0.0034965
0.258664
-0.0300637
0.238228
-0.0545842
0.21401
-0.0756752
0.187445
-0.0925056
0.159935
-0.10479
0.132686
-0.112733
0.106637
-0.116924
0.0824433
-0.118172
0.0605446
-0.117379
0.0412659
-0.115347
0.0250551
-0.112752
0.0124801
-0.109493
0.00507149
-0.10514
-0.0909269
0.289793
0.0367898
0.287951
0.0161571
0.279705
-0.00655504
0.265556
-0.0293852
0.246453
-0.0508926
0.223596
-0.0698815
0.198254
-0.0855301
0.171666
-0.0974758
0.144948
-0.105761
0.119006
-0.110742
0.0945149
-0.112984
0.0719351
-0.113177
0.0515896
-0.112002
0.0337627
-0.110125
0.0189375
-0.107689
0.00768133
-0.104402
-0.0910006
0.293417
0.026824
0.291066
0.00933936
0.283232
-0.0099807
0.270104
-0.0294926
0.252331
-0.0481597
0.230887
-0.0650551
0.20687
-0.0794341
0.181373
-0.0908854
0.155396
-0.0993252
0.129786
-0.104932
0.105206
-0.108068
0.0821257
-0.109227
0.0608764
-0.108955
0.0417135
-0.10786
0.0250008
-0.106216
0.010945
-0.103611
-0.0910737
0.28951
0.0163494
0.288242
0.0014934
0.281846
-0.0145839
0.270493
-0.030942
0.254656
-0.0468024
0.235102
-0.0614837
0.212775
-0.0743824
0.188652
-0.0850812
0.163658
-0.0934145
0.138603
-0.0994199
0.114141
-0.103286
0.0907532
-0.105323
0.0687782
-0.105931
0.048437
-0.105606
0.030061
-0.104745
0.0137959
-0.102772
-0.090956
0.285884
0.00738591
0.284075
-0.00555082
0.278228
-0.0192878
0.268145
-0.0330559
0.254014
-0.0464238
0.23636
-0.0590101
0.215887
-0.07036
0.193386
-0.0801108
0.169652
-0.0880723
0.145417
-0.0941984
0.121312
-0.0985555
0.0978346
-0.101307
0.0753426
-0.102708
0.0540796
-0.103135
0.0343111
-0.103012
0.0161813
-0.101652
-0.0905041
0.275121
-0.00150383
0.274038
-0.012887
0.269349
-0.0245467
0.260974
-0.0361271
0.248992
-0.0473266
0.233678
-0.0579327
0.215506
-0.0676596
0.195056
-0.0762283
0.172991
-0.0835054
0.149966
-0.0894148
0.126575
-0.0939464
0.103317
-0.0971508
0.0805745
-0.0991573
0.0586254
-0.100231
0.0377195
-0.100766
0.0180371
-0.100007
-0.0896517
0.265811
-0.00867921
0.263906
-0.0188312
0.2593
-0.0291624
0.251736
-0.0391445
0.241174
-0.0486731
0.227725
-0.0576619
0.211642
-0.0659459
0.193323
-0.0733698
0.173215
-0.0798293
0.1518
-0.0852634
0.129562
-0.0896461
0.106945
-0.0929766
0.0843329
-0.0953076
0.0620446
-0.0968334
0.0403146
-0.0978555
0.0194384
-0.0976771
-0.0882855
0.250229
-0.0157884
0.248855
-0.0246365
0.244907
-0.0336197
0.23838
-0.0422532
0.229303
-0.0504479
0.217741
-0.0581368
0.203826
-0.0652051
0.18778
-0.0715668
0.169877
-0.0771557
0.150421
-0.081923
0.129759
-0.0858712
0.108256
-0.089001
0.086261
-0.09134
0.0640962
-0.0930439
0.0420267
-0.0943486
0.0204064
-0.0946401
-0.0863129
0.237079
-0.0214863
0.23514
-0.0291389
0.230992
-0.0370035
0.224726
-0.0446254
0.216363
-0.0518328
0.205929
-0.0585473
0.193506
-0.0646978
0.179219
-0.0702285
0.163217
-0.0750813
0.145677
-0.0792204
0.126795
-0.0826575
0.106801
-0.0854109
0.0859521
-0.0875273
0.0645053
-0.0891487
0.0427303
-0.0905161
0.0209337
-0.0910441
-0.0836989
0.218329
-0.0270621
0.217146
-0.0336229
0.213809
-0.0402984
0.208362
-0.0467983
0.200925
-0.0530177
0.191617
-0.0588676
0.180543
-0.0642521
0.167818
-0.0691113
0.153542
-0.0733643
0.13783
-0.0769775
0.120801
-0.079953
0.10258
-0.0823084
0.0833235
-0.0841086
0.0631893
-0.0854873
0.0423519
-0.0866934
0.0209928
-0.0871403
-0.0804932
0.202814
-0.0316325
0.201396
-0.0370883
0.19801
-0.0426424
0.192793
-0.048186
0.185831
-0.0535594
0.177209
-0.0586616
0.167036
-0.0634149
0.155408
-0.0677356
0.142432
-0.0715457
0.128196
-0.0747839
0.112781
-0.0774359
0.0962806
-0.0795206
0.0787803
-0.0810887
0.0603323
-0.0822297
0.0409361
-0.0831322
0.0205727
-0.0831827
-0.0768158
0.182812
-0.0360076
0.18208
-0.0404707
0.179614
-0.0450245
0.175378
-0.0495661
0.169427
-0.0540203
0.16186
-0.0583247
0.152789
-0.0624065
0.14233
-0.0661829
0.130604
-0.0695711
0.117719
-0.0724907
0.103774
-0.0749109
0.0888591
-0.0768334
0.0730535
-0.0782913
0.0563728
-0.0793023
0.0386691
-0.0798844
0.0197028
-0.0793247
-0.072817
0.165833
-0.039735
0.165216
-0.0432294
0.163018
-0.0468325
0.159262
-0.0504788
0.15399
-0.0541132
0.147264
-0.0576845
0.139158
-0.0611302
0.129756
-0.0643716
0.11915
-0.067329
0.107457
-0.0699405
0.0947966
-0.0721732
0.0812801
-0.0740141
0.0669736
-0.0754448
0.0518829
-0.0764165
0.0358242
-0.0767514
0.0184383
-0.0755549
-0.0686484
0.145868
-0.0432054
0.14584
-0.0458814
0.144463
-0.0486662
0.141691
-0.0514828
0.13752
-0.0543155
0.131978
-0.0571404
0.125103
-0.059904
0.116956
-0.0625455
0.107627
-0.065012
0.097229
-0.0672586
0.0858728
-0.0692475
0.0736726
-0.0709634
0.060711
-0.0723518
0.0470307
-0.073319
0.0324944
-0.0735022
0.0167406
-0.0717771
-0.0645525
0.12802
-0.0459927
0.128112
-0.0480077
0.127054
-0.0500803
0.124838
-0.0522089
0.121455
-0.0543748
0.116878
-0.0565344
0.111097
-0.0586507
0.104141
-0.060696
0.096072
-0.0626498
0.0869759
-0.0644886
0.0769475
-0.0661792
0.0660608
-0.0676825
0.054394
-0.0689443
0.0420166
-0.0698587
0.0288993
-0.0699597
0.0148393
-0.067946
-0.060588
0.108777
-0.0483673
0.109138
-0.0498067
0.108585
-0.0513153
0.107056
-0.0528472
0.104498
-0.0543907
0.100885
-0.0559285
0.0962079
-0.057441
0.090481
-0.0589192
0.083734
-0.0603578
0.0760122
-0.0617468
0.0673793
-0.0630687
0.0579005
-0.0642839
0.0476506
-0.0653449
0.0366984
-0.066137
0.0250864
-0.0661651
0.0128316
-0.0640992
-0.0567554
0.0909858
-0.0500216
0.0913161
-0.0510254
0.0908902
-0.0520444
0.0896764
-0.0530799
0.0876363
-0.054113
0.0847377
-0.0551319
0.0809689
-0.056137
0.0763276
-0.0571271
0.0708129
-0.0580976
0.0644309
-0.059044
0.0572041
-0.0599636
0.049188
-0.0608482
0.0404492
-0.0616597
0.0310749
-0.0623018
0.0211266
-0.0622518
0.0107367
-0.0602483
-0.0530677
0.0728727
-0.0511491
0.0732167
-0.051746
0.0729641
-0.0523555
0.0720633
-0.0529501
0.0704893
-0.0535373
0.068233
-0.0541209
0.0652835
-0.0546991
0.0616298
-0.0552701
0.0572646
-0.055832
0.0521855
-0.0563846
0.0463978
-0.056932
0.0399215
-0.0574795
0.032805
-0.0580166
0.0251222
-0.0584707
0.0170002
-0.0583714
0.00853387
-0.0564233
-0.0495832
0.0557829
-0.0515022
0.0559476
-0.0518016
0.0556464
-0.052056
0.0548688
-0.0523001
0.0536061
-0.0525432
0.0518447
-0.052784
0.0495713
-0.053021
0.0467751
-0.0532543
0.0434484
-0.053485
0.0395877
-0.0537168
0.0351945
-0.053958
0.0302755
-0.0542189
0.0248463
-0.0544968
0.0189181
-0.0547144
0.0126697
-0.054568
0.00622147
-0.0527029
-0.0463811
0.0388479
-0.0512593
0.0388374
-0.0512078
0.0384959
-0.0511684
0.0378274
-0.0511324
0.0368265
-0.0510997
0.0354897
-0.051071
0.0338136
-0.0510448
0.0317951
-0.0510216
0.0294326
-0.051004
0.0267274
-0.0509981
0.0236823
-0.051014
0.0202985
-0.0510599
0.0165692
-0.0511252
0.0124867
-0.0511311
0.00812337
-0.0508539
0.00384458
-0.0492314
-0.0435097
0.0225877
-0.0500728
0.0223072
-0.0498656
0.0218501
-0.0496151
0.0212166
-0.0493723
0.0204079
-0.0491385
0.0194255
-0.0489146
0.0182757
-0.0487039
0.0169647
-0.0485072
0.0154986
-0.0483272
0.0138844
-0.0481708
0.0121267
-0.0480461
0.0102232
-0.0479541
0.00816239
-0.0478756
0.00593823
-0.0477372
0.00356843
-0.0473392
0.00151945
-0.0460681
-0.0409125
0.00647909
-0.0483808
0.0059885
-0.0478143
0.00540698
-0.047368
0.00476868
-0.0469623
0.00410506
-0.046596
0.00343607
-0.0462589
0.00277743
-0.0459501
0.00214318
-0.0456691
0.00154653
-0.0454182
0.000999083
-0.045203
0.000507776
-0.0450273
7.08386e-05
-0.0448841
-0.000319832
-0.0447481
-0.000661402
-0.0445573
-0.000908345
-0.0441554
-0.000789289
-0.0431553
-0.0385789
-0.00926201
-0.0454182
-0.0101275
-0.0448534
-0.0108885
-0.0443371
-0.0115405
-0.0438594
-0.0120596
-0.0434391
-0.0124183
-0.0430697
-0.0125898
-0.0427501
-0.0125505
-0.0424774
-0.0122792
-0.0422517
-0.0117589
-0.0420751
-0.0109802
-0.0419447
-0.00994317
-0.0418448
-0.00865239
-0.0417462
-0.00710853
-0.041592
-0.00528915
-0.0412498
-0.00309629
-0.040409
-0.0365248
-0.0251296
-0.0419208
-0.0261833
-0.0411206
-0.0270867
-0.0405106
-0.0277613
-0.0400068
-0.0281482
-0.0396086
-0.0282021
-0.0392967
-0.027885
-0.0390632
-0.0271648
-0.0389001
-0.026015
-0.0388027
-0.0244168
-0.0387668
-0.0223622
-0.0387794
-0.0198537
-0.0388155
-0.0168983
-0.0388427
-0.0135048
-0.0388038
-0.00967969
-0.0385701
-0.00539521
-0.0378666
-0.034774
-0.0406726
-0.0369999
-0.0421909
-0.0362807
-0.0433257
-0.0357407
-0.0440427
-0.0353262
-0.0442936
-0.0350513
-0.0440285
-0.0348991
-0.0432033
-0.0348568
-0.0417816
-0.0349099
-0.0397363
-0.035046
-0.0370516
-0.0352505
-0.0337245
-0.0354994
-0.0297611
-0.0357604
-0.0251693
-0.0360012
-0.0199543
-0.0361685
-0.0141174
-0.0361403
-0.0076505
-0.0356527
-0.033334
-0.0567049
-0.0313467
-0.0584245
-0.0305326
-0.0597097
-0.0300441
-0.0604417
-0.0297813
-0.0605346
-0.0297269
-0.0599241
-0.0298435
-0.0585599
-0.0301058
-0.0564055
-0.0304873
-0.0534375
-0.0309642
-0.0496461
-0.0315104
-0.0450338
-0.0320917
-0.039609
-0.0326719
-0.0333793
-0.0332223
-0.0263476
-0.0336969
-0.0185073
-0.0339855
-0.0098273
-0.0338516
-0.0322028
-0.072412
-0.0240977
-0.0746773
-0.0234679
-0.0762081
-0.0232608
-0.0769598
-0.0233033
-0.0768652
-0.0236028
-0.0758637
-0.0241167
-0.0739087
-0.024808
-0.0709692
-0.0256369
-0.0670298
-0.0265666
-0.0620889
-0.0275598
-0.0561555
-0.0285748
-0.0492429
-0.0295741
-0.0413638
-0.0305327
-0.0325279
-0.0314108
-0.0227356
-0.0321108
-0.011961
-0.0324261
-0.0314458
-0.0887797
-0.0159041
-0.091203
-0.015416
-0.0928478
-0.0154642
-0.0935505
-0.0159039
-0.0932073
-0.016685
-0.0917503
-0.0177322
-0.0891371
-0.0189854
-0.0853473
-0.0203864
-0.0803786
-0.0218837
-0.0742427
-0.0234294
-0.0669603
-0.0249767
-0.0585549
-0.0264894
-0.0490482
-0.0279481
-0.0384578
-0.0293212
-0.0267897
-0.030527
-0.0140224
-0.0313902
-0.0311387
-0.104531
-0.00597638
-0.107558
-0.00588611
-0.109421
-0.00650558
-0.110063
-0.00755031
-0.109414
-0.00898953
-0.107428
-0.0107271
-0.10408
-0.0126855
-0.0993682
-0.0147873
-0.0933109
-0.0169665
-0.0859393
-0.0191662
-0.0772919
-0.0213374
-0.0674071
-0.0234491
-0.0563177
-0.0254921
-0.044047
-0.0274493
-0.0305998
-0.0292627
-0.0159398
-0.0308026
-0.0313318
-0.120846
0.0050386
-0.123965
0.0046358
-0.125856
0.00345192
-0.126323
0.00166624
-0.125278
-0.000586982
-0.122673
-0.00317651
-0.118505
-0.00598728
-0.112797
-0.00891889
-0.105595
-0.0118904
-0.0969551
-0.0148384
-0.0869394
-0.0177164
-0.0756046
-0.0205034
-0.062997
-0.0232069
-0.0491465
-0.0258319
-0.0340576
-0.0283513
-0.0176873
-0.030688
-0.0321025
-0.136066
0.0177197
-0.139745
0.0166155
-0.14174
0.0144818
-0.142012
0.0117232
-0.140501
0.0084452
-0.137197
0.00482483
-0.132129
0.00100597
-0.125358
-0.00288453
-0.116966
-0.00675188
-0.107045
-0.0105313
-0.095684
-0.0141856
-0.0829609
-0.0177122
-0.0689355
-0.0211439
-0.053642
-0.0245175
-0.0370826
-0.0278439
-0.0192037
-0.031107
-0.033524
-0.151165
0.0315517
-0.154942
0.0295572
-0.156901
0.0264104
-0.156865
0.0224698
-0.154788
0.0179666
-0.15069
0.0131322
-0.144642
0.00815393
-0.136749
0.00318431
-0.12714
-0.00167015
-0.115947
-0.00634896
-0.10329
-0.0108343
-0.0892694
-0.015153
-0.073957
-0.019374
-0.0573899
-0.023575
-0.0395684
-0.0278101
-0.0204372
-0.0321236
-0.0356777
-0.164876
0.0468532
-0.169043
0.0436791
-0.170935
0.0391327
-0.170519
0.0337593
-0.167785
0.0278047
-0.162803
0.0215693
-0.155703
0.0152857
-0.146649
0.00913149
-0.135821
0.00321717
-0.123395
-0.00241096
-0.109525
-0.0077666
-0.0943333
-0.0129196
-0.077899
-0.0179873
-0.0602627
-0.0230945
-0.0414244
-0.0283405
-0.0213396
-0.0338184
-0.0386568
-0.177393
0.0631642
-0.18168
0.0585959
-0.18345
0.0524773
-0.182582
0.0454015
-0.179115
0.0377623
-0.173182
0.0299373
-0.164984
0.0222113
-0.154755
0.014784
-0.142738
0.00775898
-0.129155
0.00115189
-0.114194
-0.00509945
-0.0979909
-0.0111234
-0.0806311
-0.0170973
-0.0621558
-0.0231962
-0.0425702
-0.0295591
-0.0218531
-0.0363077
-0.0425533
-0.188021
0.0805889
-0.192525
0.0742418
-0.194098
0.0662083
-0.192702
0.05716
-0.188434
0.0476047
-0.181503
0.0380136
-0.172191
0.0287274
-0.160812
0.0199611
-0.147675
0.0117969
-0.133051
0.00419887
-0.117152
-0.00296532
-0.100126
-0.00989964
-0.0820579
-0.0168501
-0.0629882
-0.0240403
-0.0429362
-0.0316327
-0.0219292
-0.0397394
-0.0474618
-0.196459
0.0986635
-0.201129
0.0903546
-0.202497
0.0801121
-0.200542
0.0687958
-0.195443
0.0570911
-0.187503
0.0455703
-0.177102
0.0346285
-0.164641
0.0244824
-0.150497
0.0151709
-0.134983
0.00658079
-0.118331
-0.00151518
-0.100688
-0.00941456
-0.0821336
-0.0174348
-0.0627133
-0.0258366
-0.042476
-0.0347758
-0.0215295
-0.0442989
-0.0534788
-0.202431
0.117323
-0.207262
0.106674
-0.208389
0.0939007
-0.205859
0.0800449
-0.199932
0.0659743
-0.191016
0.0523825
-0.179598
0.0397157
-0.166169
0.0281733
-0.151171
0.0177216
-0.13495
0.00813829
-0.117745
-0.000925593
-0.0996902
-0.009876
-0.0808595
-0.0190962
-0.0613112
-0.0288574
-0.0411548
-0.0392561
-0.0206233
-0.0502016
-0.0606983
-0.205633
0.136135
-0.210657
0.122933
-0.211586
0.107325
-0.208516
0.0906541
-0.201812
0.0740175
-0.192001
0.0582381
-0.179684
0.043804
-0.165446
0.03087
-0.149782
0.0192918
-0.133059
0.00870052
-0.115503
-0.00140303
-0.097229
-0.0115397
-0.0783034
-0.0221391
-0.0588191
-0.0334354
-0.0389794
-0.0453978
-0.0192023
-0.0576981
-0.0692172
-0.205976
0.154923
-0.21124
0.138843
-0.212026
0.120114
-0.208495
0.100383
-0.201115
0.081005
-0.19054
0.0629483
-0.17749
0.0467289
-0.162638
0.0324218
-0.146522
0.0197255
-0.129507
0.00807961
-0.111791
-0.00319064
-0.0934561
-0.0147165
-0.0745704
-0.0269355
-0.0552916
-0.0399707
-0.0359806
-0.0535605
-0.017276
-0.0670634
-0.0791343
-0.203437
0.173238
-0.209042
0.154137
-0.209801
0.132031
-0.205933
0.109013
-0.198019
0.086742
-0.186848
0.0663437
-0.17326
0.0483412
-0.158009
0.0326838
-0.141657
0.0188563
-0.124545
0.00605815
-0.106817
-0.00658244
-0.0885199
-0.0197874
-0.0697335
-0.0339385
-0.0507217
-0.0489444
-0.032063
-0.0641857
-0.0147565
-0.0785492
-0.090432
0.0884471
-0.186741
-0.0837849
0.0912536
-0.202649
0.0932355
-0.218537
0.0935379
-0.233792
0.0933644
-0.248003
0.0916979
-0.260596
0.0898352
-0.271161
0.0866586
-0.279233
0.0834279
-0.28457
0.0791046
-0.286927
0.0746001
-0.286158
0.0692316
-0.282504
0.0634363
-0.2759
0.0569813
-0.26678
0.0498781
-0.255333
0.0422086
-0.241847
0.0337744
-0.22676
0.0248183
-0.210396
0.0150765
-0.193348
0.00481565
-0.175855
-0.0061587
-0.158596
-0.0176156
-0.141796
-0.0296473
-0.126062
-0.042086
-0.111697
-0.054901
-0.0991652
-0.067967
-0.0887916
-0.0811608
-0.0808723
-0.0943577
-0.0756456
-0.107342
-0.0732499
-0.119984
-0.0737356
-0.132001
-0.0770451
-0.143251
-0.0829922
-0.153418
-0.0913008
-0.162364
-0.101558
-0.169763
-0.113285
-0.175521
-0.125904
-0.179327
-0.138817
-0.18116
-0.15139
-0.180746
-0.163019
-0.178173
-0.173135
-0.181284
0.12121
-0.182097
-0.118474
0.122434
-0.198435
0.122239
-0.214839
0.12082
-0.230775
0.118297
-0.245734
0.114819
-0.259151
0.110504
-0.270568
0.105478
-0.279516
0.0998271
-0.285708
0.0936012
-0.288851
0.086907
-0.288858
0.0796725
-0.285789
0.0720061
-0.279761
0.0638448
-0.27104
0.0552133
-0.259907
0.0461134
-0.246632
0.0365248
-0.231635
0.0264922
-0.21531
0.0159653
-0.198157
0.0050439
-0.180566
-0.0063173
-0.163071
-0.0180169
-0.146043
-0.0300505
-0.129986
-0.0423238
-0.115289
-0.0547757
-0.102375
-0.0673066
-0.0915975
-0.0798006
-0.0832599
-0.092125
-0.0776065
-0.104125
-0.0747874
-0.115626
-0.0748629
-0.126438
-0.0777818
-0.136353
-0.0833704
-0.145165
-0.0913469
-0.152659
-0.101309
-0.158633
-0.112768
-0.162898
-0.125146
-0.165295
-0.137826
-0.165689
-0.150172
-0.163985
-0.161564
-0.160134
-0.171422
-0.17927
0.148422
-0.173918
-0.146416
0.148673
-0.190683
0.147323
-0.207652
0.144553
-0.224288
0.140521
-0.240042
0.135407
-0.254347
0.129347
-0.266691
0.122506
-0.276617
0.114978
-0.283759
0.106891
-0.287856
0.0983158
-0.288756
0.0893045
-0.286504
0.0799104
-0.28122
0.0701549
-0.273141
0.0600586
-0.262551
0.0496503
-0.249733
0.0389381
-0.235092
0.0279582
-0.219053
0.0167078
-0.202079
0.00524799
-0.184627
-0.00641603
-0.167175
-0.0182214
-0.150148
-0.0301371
-0.134016
-0.0420951
-0.119196
-0.0540294
-0.106104
-0.0658558
-0.0951023
-0.0774697
-0.0865031
-0.0887537
-0.0805533
-0.09957
-0.0774122
-0.109763
-0.0771481
-0.119163
-0.0797139
-0.127586
-0.0849443
-0.134848
-0.0925557
-0.140758
-0.102151
-0.145137
-0.113233
-0.147817
-0.125224
-0.148659
-0.137493
-0.147554
-0.149394
-0.144428
-0.160296
-0.139247
-0.169613
-0.176847
0.168142
-0.163491
-0.165688
0.168492
-0.180539
0.166923
-0.197949
0.163637
-0.215177
0.158834
-0.231648
0.152713
-0.246777
0.145454
-0.260017
0.137247
-0.270907
0.128245
-0.279039
0.1186
-0.284141
0.108434
-0.286032
0.0978446
-0.284733
0.0869171
-0.28035
0.0757109
-0.273099
0.0642828
-0.263267
0.0526829
-0.251135
0.0409544
-0.237105
0.0291396
-0.221604
0.017269
-0.205087
0.00538989
-0.188029
-0.00646606
-0.170891
-0.0182499
-0.154115
-0.0299221
-0.138155
-0.0414268
-0.12344
-0.0527044
-0.110381
-0.0636824
-0.0993429
-0.0742732
-0.0906436
-0.0843765
-0.084531
-0.0938758
-0.0811692
-0.10264
-0.0806309
-0.110524
-0.0828732
-0.117373
-0.0877346
-0.123025
-0.0949331
-0.127319
-0.104072
-0.130102
-0.114652
-0.13123
-0.126091
-0.130583
-0.137754
-0.128075
-0.14898
-0.123648
-0.159133
-0.117285
-0.167621
-0.173936
0.179139
-0.152242
-0.175031
0.180702
-0.169282
0.17993
-0.186865
0.177049
-0.204438
0.17229
-0.221409
0.165885
-0.237173
0.158061
-0.251161
0.149042
-0.2629
0.13904
-0.271958
0.128245
-0.278037
0.116835
-0.280939
0.104959
-0.280658
0.0927466
-0.277283
0.0803051
-0.271008
0.0677289
-0.262113
0.0551076
-0.250878
0.0425102
-0.237687
0.0300037
-0.222972
0.0176407
-0.207174
0.00547251
-0.190768
-0.006455
-0.17421
-0.0180947
-0.157938
-0.0294046
-0.142399
-0.0403375
-0.128019
-0.0508434
-0.115205
-0.0608636
-0.10432
-0.0703296
-0.0956816
-0.0791626
-0.0895356
-0.0872715
-0.0860473
-0.0945537
-0.0852901
-0.100895
-0.0872235
-0.106171
-0.0916882
-0.110253
-0.0984044
-0.11301
-0.106976
-0.114314
-0.116905
-0.11405
-0.127608
-0.112118
-0.138446
-0.108447
-0.148754
-0.102995
-0.157892
-0.0957507
-0.165269
-0.170375
0.180786
-0.141584
-0.173935
0.184603
-0.158213
0.185607
-0.175581
0.184042
-0.193133
0.180163
-0.210263
0.174235
-0.226358
0.166528
-0.240833
0.157309
-0.253201
0.146842
-0.26302
0.135372
-0.269963
0.123131
-0.273816
0.110326
-0.27455
0.0971425
-0.272229
0.0837385
-0.267026
0.0702535
-0.259204
0.0568208
-0.249042
0.0435423
-0.236895
0.0305122
-0.22319
0.0178085
-0.208356
0.00549193
-0.19285
-0.00637867
-0.177124
-0.0177546
-0.161605
-0.028593
-0.146728
-0.0388542
-0.132911
-0.0484995
-0.120549
-0.0574863
-0.110001
-0.0657672
-0.101577
-0.0732897
-0.0955168
-0.0799921
-0.0919832
-0.0858048
-0.0910467
-0.090648
-0.0926674
-0.0944335
-0.0966875
-0.0970669
-0.102829
-0.0984497
-0.110701
-0.0984826
-0.119809
-0.0970752
-0.129574
-0.094148
-0.139357
-0.0896368
-0.148504
-0.0835026
-0.156373
-0.0757335
-0.162382
-0.166031
0.173178
-0.132745
-0.162781
0.180073
-0.148505
0.183675
-0.1652
0.184228
-0.182282
0.181998
-0.199144
0.177275
-0.215172
0.170365
-0.229782
0.161572
-0.242471
0.151211
-0.252795
0.139582
-0.260405
0.126973
-0.265074
0.113654
-0.266747
0.0998659
-0.265465
0.0858248
-0.261374
0.0717193
-0.254713
0.0577266
-0.245753
0.0439906
-0.23482
0.0306337
-0.22232
0.0177605
-0.208666
0.00544838
-0.194288
-0.00623329
-0.179629
-0.0172299
-0.165098
-0.0274996
-0.151111
-0.0370094
-0.138071
-0.0457324
-0.126358
-0.0536443
-0.116319
-0.0607218
-0.10825
-0.0669413
-0.10238
-0.0722745
-0.0988666
-0.0766875
-0.0977732
-0.0801385
-0.0990591
-0.0825776
-0.102567
-0.0839453
-0.108026
-0.0841743
-0.115053
-0.0831957
-0.123159
-0.0809378
-0.131779
-0.0773295
-0.140291
-0.0723069
-0.148053
-0.0658204
-0.154441
-0.0578384
-0.158887
-0.16092
0.157094
-0.126628
-0.142762
0.167557
-0.141079
0.174319
-0.156638
0.177595
-0.172775
0.177643
-0.188901
0.174758
-0.204417
0.169266
-0.218748
0.161499
-0.231381
0.151814
-0.241887
0.140558
-0.249896
0.128076
-0.255176
0.114695
-0.257648
0.100712
-0.257324
0.0864019
-0.254325
0.0720042
-0.248861
0.0577394
-0.241182
0.0438
-0.231589
0.0303383
-0.22045
0.0174863
-0.208158
0.00534287
-0.195109
-0.00601626
-0.181721
-0.0165244
-0.16839
-0.0261403
-0.155502
-0.0348387
-0.143434
-0.0426046
-0.13255
-0.0494333
-0.123174
-0.0553284
-0.115583
-0.0602965
-0.109994
-0.0643442
-0.106548
-0.0674751
-0.105305
-0.0696865
-0.106219
-0.0709649
-0.109138
-0.0712838
-0.1138
-0.0706083
-0.119832
-0.0688887
-0.126765
-0.0660623
-0.134058
-0.062057
-0.141117
-0.0567942
-0.147328
-0.050194
-0.152099
-0.0421827
-0.154892
-0.15528
0.133928
-0.123727
-0.115759
0.148044
-0.136521
0.158193
-0.150543
0.164532
-0.165301
0.16728
-0.180238
0.166712
-0.194789
0.16315
-0.208403
0.156941
-0.220575
0.148461
-0.230893
0.138096
-0.238984
0.126238
-0.244615
0.113262
-0.247684
0.0995191
-0.24818
0.0853363
-0.246196
0.0710042
-0.241906
0.0567864
-0.235534
0.0429232
-0.227358
0.0295996
-0.217692
0.016974
-0.2069
0.00517188
-0.195346
-0.00572675
-0.183399
-0.0156438
-0.171447
-0.0245337
-0.15984
-0.0323794
-0.148917
-0.039179
-0.139018
-0.0449477
-0.130439
-0.0497162
-0.123432
-0.0535218
-0.118193
-0.0564053
-0.11485
-0.0584071
-0.113452
-0.0595597
-0.113953
-0.0598815
-0.116209
-0.0593799
-0.119965
-0.0580386
-0.124874
-0.0558176
-0.130497
-0.0526525
-0.13633
-0.0484546
-0.14182
-0.0431126
-0.146403
-0.0364953
-0.149535
-0.0284625
-0.150726
-0.149611
0.105561
-0.124106
-0.0841335
0.122993
-0.135053
0.136394
-0.147258
0.145826
-0.16029
0.151442
-0.173653
0.153466
-0.186829
0.152188
-0.199308
0.147948
-0.210618
0.141123
-0.220364
0.132115
-0.228192
0.121349
-0.233879
0.109236
-0.237301
0.0961712
-0.238429
0.0825261
-0.237329
0.0686373
-0.234138
0.0548102
-0.229048
0.0413187
-0.222305
0.0283939
-0.214179
0.0162132
-0.204979
0.00492409
-0.195035
-0.00536763
-0.184672
-0.0145949
-0.174234
-0.0226989
-0.164056
-0.0296682
-0.154421
-0.0355158
-0.145635
-0.0402762
-0.137962
-0.0440041
-0.131623
-0.0467654
-0.126791
-0.0486326
-0.123577
-0.0496771
-0.122019
-0.049959
-0.122075
-0.0495298
-0.123604
-0.0484134
-0.126378
-0.0466032
-0.130079
-0.0440575
-0.134315
-0.0406957
-0.138629
-0.0363961
-0.142532
-0.0309967
-0.145524
-0.0242971
-0.147133
-0.0160702
-0.146935
-0.144639
0.0741871
-0.127488
-0.0504592
0.0942135
-0.136556
0.110371
-0.14681
0.122606
-0.157899
0.130974
-0.169404
0.135624
-0.180878
0.136789
-0.191867
0.134774
-0.201951
0.129929
-0.210763
0.122659
-0.217989
0.113394
-0.223421
0.102566
-0.226928
0.0906001
-0.228468
0.0779002
-0.22808
0.0648392
-0.225866
0.0517576
-0.221985
0.0389545
-0.216637
0.0266969
-0.210058
0.0151921
-0.202495
0.00460117
-0.194227
-0.00495001
-0.185539
-0.0133855
-0.176719
-0.0206541
-0.16807
-0.0267409
-0.159831
-0.0316718
-0.152255
-0.0354988
-0.145572
-0.0382954
-0.139968
-0.040151
-0.13559
-0.0411623
-0.13253
-0.0414214
-0.130821
-0.0410176
-0.130417
-0.0400136
-0.131197
-0.0384417
-0.132962
-0.0362935
-0.135439
-0.0335124
-0.138289
-0.0299874
-0.141127
-0.0255504
-0.143538
-0.0199759
-0.145107
-0.0129842
-0.145451
-0.00425223
-0.144227
-0.141232
0.0420306
-0.133353
-0.0172174
0.0636423
-0.140643
0.0817621
-0.148957
0.0962148
-0.158024
0.106944
-0.167516
0.114005
-0.177068
0.117554
-0.186304
0.117833
-0.194867
0.115148
-0.202437
0.109878
-0.208756
0.102439
-0.21364
0.0932618
-0.216964
0.0827812
-0.218679
0.071417
-0.218803
0.0595639
-0.217409
0.047585
-0.214617
0.0358024
-0.210585
0.024494
-0.205496
0.0138986
-0.199557
0.00419886
-0.192984
-0.00447254
-0.186006
-0.0120222
-0.178866
-0.0184162
-0.171796
-0.0236306
-0.165019
-0.0276986
-0.15872
-0.0306843
-0.153087
-0.0326738
-0.148271
-0.0337707
-0.144393
-0.0340832
-0.141527
-0.0337238
-0.139694
-0.032786
-0.13886
-0.0313372
-0.138924
-0.0294052
-0.139726
-0.0269672
-0.141046
-0.0239402
-0.142616
-0.020174
-0.144129
-0.0154475
-0.145263
-0.00946936
-0.145702
-0.00188432
-0.145157
0.0077176
-0.143382
-0.140261
0.0110833
-0.141092
0.0135249
0.0331177
-0.146779
0.0522043
-0.15327
0.068062
-0.160357
0.0805273
-0.167802
0.0895549
-0.175331
0.0952114
-0.182657
0.0976612
-0.189499
0.0971555
-0.195604
0.0940177
-0.200771
0.0886273
-0.204856
0.0813921
-0.207752
0.0727334
-0.209413
0.0630658
-0.209841
0.0527866
-0.209085
0.0422644
-0.207227
0.0318304
-0.204383
0.0217729
-0.200688
0.0123356
-0.196296
0.00371669
-0.191371
-0.00393246
-0.186089
-0.0105209
-0.180622
-0.0160015
-0.175152
-0.0203647
-0.169852
-0.0236378
-0.164861
-0.0258862
-0.160317
-0.0271987
-0.156337
-0.0276794
-0.153014
-0.0274439
-0.150401
-0.0265996
-0.148519
-0.0252367
-0.14734
-0.0234126
-0.146796
-0.0211392
-0.14677
-0.0183698
-0.147103
-0.0149894
-0.147604
-0.0108077
-0.148056
-0.00555636
-0.148234
0.00110859
-0.147923
0.0095971
-0.146936
0.020374
-0.145119
-0.142437
-0.0170689
-0.150139
0.0402571
0.00422727
-0.154414
0.0232067
-0.159241
0.039517
-0.16446
0.052917
-0.169919
0.0632757
-0.175432
0.0705723
-0.180799
0.074893
-0.185828
0.0764187
-0.190342
0.0754061
-0.194198
0.0721766
-0.197304
0.0670894
-0.199577
0.0605275
-0.200981
0.0528771
-0.201514
0.0445141
-0.201202
0.035792
-0.200099
0.0270327
-0.198278
0.0185209
-0.195829
0.0104994
-0.192858
0.00316682
-0.189475
-0.00332619
-0.185798
-0.00887548
-0.181945
-0.0134233
-0.178041
-0.0169665
-0.174192
-0.0195198
-0.17051
-0.0211386
-0.167079
-0.0219001
-0.163984
-0.0218999
-0.161287
-0.0212369
-0.159029
-0.0200028
-0.157226
-0.0182684
-0.155867
-0.0160695
-0.154912
-0.0133933
-0.154293
-0.0101662
-0.153914
-0.00624478
-0.15366
-0.00141042
-0.153404
0.00463134
-0.153015
0.0122456
-0.152374
0.0218553
-0.151381
0.0339271
-0.149965
-0.148148
-0.0413018
-0.160117
0.0621073
-0.0217739
-0.163092
-0.00393689
-0.166382
0.0118434
-0.169859
0.0252829
-0.173436
0.0361987
-0.17701
0.0445127
-0.180468
0.0502442
-0.1837
0.0535006
-0.1866
0.0544697
-0.189093
0.0533934
-0.191123
0.0505651
-0.192647
0.0463028
-0.193643
0.0409377
-0.194106
0.0347979
-0.194052
0.0281974
-0.193507
0.0214276
-0.192513
0.0147504
-0.19112
0.00839266
-0.189388
0.00254258
-0.187379
-0.00265283
-0.18516
-0.00708712
-0.182795
-0.0106963
-0.180357
-0.0134529
-0.177904
-0.0153629
-0.175502
-0.0164554
-0.1732
-0.0167834
-0.171047
-0.0164114
-0.169081
-0.0154069
-0.167331
-0.0138287
-0.165811
-0.0117149
-0.164523
-0.00907051
-0.163456
-0.00585595
-0.162581
-0.001977
-0.161863
0.0027222
-0.161252
0.00846197
-0.160696
0.0155241
-0.160142
0.0242434
-0.159546
0.0349943
-0.158874
0.0481783
-0.158115
-0.15732
-0.0609936
-0.170989
0.078875
-0.0439837
-0.172579
-0.0281684
-0.174325
-0.0138501
-0.176114
-0.00128055
-0.177903
0.00935891
-0.17965
0.0179657
-0.181311
0.0245183
-0.182847
0.0290713
-0.184216
0.0317426
-0.185393
0.0326892
-0.186351
0.0321241
-0.187088
0.0302761
-0.187587
0.0273957
-0.187853
0.0237354
-0.187889
0.0195434
-0.187707
0.0150551
-0.187324
0.0104868
-0.186758
0.00603024
-0.186032
0.00185006
-0.185169
-0.00191827
-0.184195
-0.00516759
-0.183134
-0.00782287
-0.182013
-0.00983256
-0.180855
-0.0111721
-0.179686
-0.0118329
-0.178525
-0.0118227
-0.177393
-0.0111571
-0.176308
-0.0098534
-0.175285
-0.00792181
-0.174335
-0.00535738
-0.173467
-0.00213142
-0.172686
0.00181596
-0.171993
0.00658185
-0.171385
0.012304
-0.17086
0.0191604
-0.170412
0.0273644
-0.170035
0.0371546
-0.169726
0.0487813
-0.169487
0.0625026
-0.16934
-0.16934
-0.0760419
0.0907686
-0.0619401
-0.048748
-0.0366471
-0.0257821
-0.0162575
-0.0081364
-0.00143809
0.0038646
0.00782985
0.010552
0.0121372
0.0127206
0.0124442
0.0114591
0.00991821
0.00797173
0.00576383
0.00343026
0.0010968
-0.00112144
-0.00312117
-0.00481042
-0.00610726
-0.00694067
-0.0072461
-0.00696586
-0.00604657
-0.00443737
-0.00208736
0.00105654
0.00505154
0.00996034
0.0158516
0.0227991
0.0308795
0.0401697
0.0507396
0.0626441
0.0758962
-0.00592142
-0.0891118
-0.014598
-0.0989323
-0.0307018
-0.093074
-0.0520711
-0.0806969
-0.0769968
-0.0615563
-0.10332
-0.0365581
-0.128567
-0.00727073
-0.150287
0.0234915
-0.166937
0.0532619
-0.177912
0.08018
-0.183376
0.10307
-0.184124
0.12098
-0.181292
0.133107
-0.176234
0.139261
-0.170189
0.139524
-0.164071
0.134149
0.124568
-0.00875047
-0.0877201
-0.0222213
-0.0948007
-0.0405477
-0.0858959
-0.0626619
-0.0713263
-0.0868817
-0.0514259
-0.111216
-0.0273812
-0.133488
-0.000928694
-0.151967
0.025577
-0.165659
0.0504048
-0.174408
0.0725249
-0.178539
0.0912261
-0.178698
0.105853
-0.175879
0.115921
-0.171133
0.121256
-0.165349
0.121737
-0.159401
0.117555
0.109437
-0.0120265
-0.0863771
-0.0282956
-0.0908122
-0.0480969
-0.0797925
-0.0704984
-0.0638311
-0.093882
-0.0439249
-0.116328
-0.0215453
-0.135979
0.00164328
-0.151663
0.0239752
-0.16294
0.0444483
-0.169944
0.0625941
-0.173092
0.077969
-0.172933
0.0900278
-0.170213
0.0984538
-0.165679
0.103043
-0.159992
0.103555
-0.15409
0.100418
0.0939611
-0.0148649
-0.0849161
-0.033218
-0.0870878
-0.0540971
-0.0745896
-0.0763632
-0.0580925
-0.0984636
-0.0389938
-0.118752
-0.0188499
-0.135905
0.00100154
-0.149262
0.0195538
-0.158742
0.0363793
-0.164555
0.0512877
-0.16705
0.0639583
-0.166715
0.0739642
-0.164148
0.0810768
-0.159891
0.0850075
-0.15463
0.0856324
-0.148928
0.0832261
0.0782644
-0.0171935
-0.083235
-0.0370336
-0.0836347
-0.0584048
-0.0703127
-0.0801282
-0.053993
-0.100756
-0.0363353
-0.11894
-0.0187948
-0.133871
-0.00216857
-0.145316
0.0131025
-0.153406
0.0269507
-0.158375
0.0392752
-0.160497
0.049778
-0.160201
0.058171
-0.157932
0.0642226
-0.154136
0.06762
-0.149412
0.0683728
-0.14431
0.0666812
0.0626794
-0.0189892
-0.0812666
-0.0397834
-0.0804158
-0.0611412
-0.0669333
-0.0819629
-0.0513969
-0.100944
-0.0356703
-0.117153
-0.0208349
-0.130236
-0.00711823
-0.140223
0.00541823
-0.147315
0.0168679
-0.151728
0.0271325
-0.1537
0.035921
-0.153554
0.0430173
-0.151592
0.0481504
-0.148239
0.0511129
-0.143999
0.0519746
-0.139402
0.0509434
0.04788
-0.0202385
-0.0789846
-0.0414567
-0.0774254
-0.0623609
-0.064396
-0.0819988
-0.0501327
-0.0992628
-0.036656
-0.113704
-0.024393
-0.125282
-0.0131688
-0.134181
-0.00282818
-0.140596
0.00672327
-0.144665
0.0153203
-0.146616
0.0227482
-0.146657
0.028758
-0.145053
0.033122
-0.142215
0.0357642
-0.138529
0.0367134
-0.134188
0.0359735
0.033771
-0.0208941
-0.076451
-0.0420508
-0.0746587
-0.0621297
-0.0626249
-0.0803382
-0.0500411
-0.0959428
-0.0388723
-0.108892
-0.0288697
-0.119321
-0.0196765
-0.127442
-0.0110712
-0.133399
-0.0030361
-0.137315
0.0042353
-0.139342
0.0105437
-0.139628
0.0156251
-0.138452
0.0193739
-0.136107
0.0217138
-0.132919
0.0226956
-0.129206
0.0223051
0.0206747
-0.0209037
-0.0738309
-0.0415671
-0.0721099
-0.0605579
-0.0614894
-0.0772246
-0.050884
-0.091336
-0.0418432
-0.103072
-0.0337131
-0.112649
-0.0261077
-0.120227
-0.0188692
-0.12587
-0.0120841
-0.129687
-0.00590847
-0.131757
-0.000583138
-0.132267
0.00373032
-0.131432
0.00693997
-0.129522
0.00902124
-0.126838
0.0100432
-0.123731
0.0100323
0.00890875
-0.0204457
-0.0711674
-0.040255
-0.0697605
-0.0579354
-0.0608758
-0.0730534
-0.052374
-0.0858593
-0.0451256
-0.096622
-0.0384648
-0.105527
-0.0320947
-0.11264
-0.025984
-0.118045
-0.0202099
-0.121768
-0.014991
-0.123922
-0.0104903
-0.124664
-0.00683213
-0.124189
-0.00407948
-0.12274
-0.00221156
-0.120499
-0.00123324
-0.117644
-0.00112365
-0.00171707
-0.0197851
-0.0682989
-0.0383901
-0.0676403
-0.0545399
-0.0607263
-0.068223
-0.0541588
-0.0799079
-0.0483335
-0.0898509
-0.0428022
-0.0981634
-0.0374189
-0.104907
-0.0322075
-0.110073
-0.0273227
-0.113719
-0.0229217
-0.115933
-0.019143
-0.116849
-0.0160712
-0.116653
-0.0137233
-0.115532
-0.0120823
-0.113691
-0.0111408
-0.11135
-0.0108672
-0.0111812
-0.0188012
-0.0652443
-0.0360027
-0.0656865
-0.0505726
-0.0608678
-0.0629742
-0.0558997
-0.0736832
-0.05117
-0.0829003
-0.0465103
-0.0906726
-0.0419332
-0.0969865
-0.0375283
-0.101852
-0.0334317
-0.105315
-0.0297694
-0.107475
-0.0266307
-0.10848
-0.0240572
-0.108491
-0.022057
-0.107667
-0.0206175
-0.106203
-0.0197011
-0.104307
-0.0192666
-0.0193381
-0.0174554
-0.0621185
-0.0330793
-0.0638657
-0.0461996
-0.0609994
-0.0574927
-0.0572866
-0.0673441
-0.05341
-0.0758776
-0.0494669
-0.0830928
-0.0455985
-0.0889657
-0.0419218
-0.093505
-0.0385442
-0.0967706
-0.0355441
-0.0988692
-0.0329679
-0.0999292
-0.0308388
-0.100093
-0.0291536
-0.0995109
-0.0278969
-0.098318
-0.0270458
-0.096645
-0.0265682
-0.0263894
-0.0158266
-0.0590098
-0.0297643
-0.0621281
-0.0415712
-0.0608596
-0.0518611
-0.0581187
-0.0609176
-0.0549222
-0.0687673
-0.0516277
-0.0753791
-0.0484368
-0.0807455
-0.0454468
-0.0848989
-0.0427278
-0.0879088
-0.0403241
-0.0898741
-0.0382553
-0.0909192
-0.0365221
-0.0911762
-0.0351153
-0.0907781
-0.0340212
-0.0898514
-0.0332251
-0.0885077
-0.0327113
-0.0324486
-0.0139636
-0.0560047
-0.0262278
-0.060345
-0.0368111
-0.0602713
-0.0461661
-0.0582671
-0.0544044
-0.0556923
-0.0614945
-0.0530509
-0.0674301
-0.0505214
-0.0722353
-0.0481731
-0.0759632
-0.0460497
-0.0786868
-0.0441774
-0.0804995
-0.0425578
-0.0815068
-0.0411809
-0.0818211
-0.0400325
-0.081558
-0.0390972
-0.080832
-0.0383625
-0.0797497
-0.037822
-0.0374917
-0.0120385
-0.0530567
-0.0225949
-0.0584694
-0.0319742
-0.0591588
-0.0403245
-0.057767
-0.0476469
-0.0558033
-0.0539082
-0.0538079
-0.0591402
-0.0518965
-0.0633804
-0.0501339
-0.0666835
-0.0485487
-0.0691266
-0.0471462
-0.0707958
-0.0459201
-0.0717781
-0.0448613
-0.0721605
-0.0439564
-0.0720314
-0.0431899
-0.0714767
-0.0425524
-0.0705778
-0.0420426
-0.0416483
-0.0100017
-0.0502011
-0.0189251
-0.0563728
-0.0270363
-0.0575525
-0.0342621
-0.0567229
-0.0405741
-0.0553503
-0.0459792
-0.0539406
-0.0504991
-0.0525966
-0.0541702
-0.0513692
-0.0570517
-0.0502658
-0.0592164
-0.0492791
-0.0607371
-0.0484035
-0.0616847
-0.0476329
-0.0621254
-0.0469592
-0.0621226
-0.0463707
-0.0617409
-0.0458571
-0.0610432
-0.0454194
-0.0450606
-0.007911
-0.0474405
-0.0151845
-0.0540384
-0.0219261
-0.0555359
-0.0279317
-0.0552265
-0.0332017
-0.0543729
-0.037732
-0.0534867
-0.0415344
-0.0526554
-0.0446501
-0.0519017
-0.0471323
-0.0512215
-0.0490361
-0.0506064
-0.0504167
-0.0500512
-0.0513273
-0.0495529
-0.0518159
-0.0491085
-0.0519252
-0.0487124
-0.0516987
-0.0483536
-0.0511903
-0.0480232
-0.0477444
-0.00574808
-0.0448152
-0.0113556
-0.0514628
-0.0166073
-0.053221
-0.0213646
-0.0533076
-0.0255712
-0.0529032
-0.0292131
-0.0524779
-0.0323047
-0.0520912
-0.0348825
-0.0517442
-0.0369845
-0.0514319
-0.0386471
-0.0511477
-0.0399055
-0.050888
-0.0407935
-0.0506516
-0.0413435
-0.0504373
-0.0415839
-0.0502436
-0.0415346
-0.0500685
-0.0412129
-0.0499056
-0.0497442
-0.0033747
-0.0425183
-0.00722598
-0.0487258
-0.0109623
-0.0506296
-0.0144898
-0.0509498
-0.0176223
-0.0509594
-0.020387
-0.0509155
-0.022808
-0.0508805
-0.0248983
-0.050867
-0.0266693
-0.0508715
-0.0281326
-0.0508877
-0.0293002
-0.0509115
-0.0301847
-0.0509412
-0.0307985
-0.0509761
-0.0311527
-0.0510159
-0.0312562
-0.0510613
-0.0311167
-0.0511067
-0.051128
-0.00109436
-0.0404508
-0.00308213
-0.0459307
-0.00534977
-0.0477128
-0.0075644
-0.048236
-0.00963733
-0.0485288
-0.0115572
-0.0487708
-0.0133239
-0.0490126
-0.0149321
-0.0492723
-0.0163709
-0.0495513
-0.0176306
-0.0498421
-0.0187037
-0.0501384
-0.0195838
-0.0504374
-0.0202651
-0.0507374
-0.0207416
-0.0510385
-0.0210098
-0.0513391
-0.0210637
-0.0516361
-0.0519398
0.00116275
-0.0385941
0.0011077
-0.0431479
0.000424893
-0.044585
-0.000427353
-0.0452118
-0.00142765
-0.045619
-0.00251348
-0.0460267
-0.0036491
-0.0464578
-0.00480676
-0.0469218
-0.00595108
-0.0474273
-0.00704671
-0.0479661
-0.0080627
-0.0485273
-0.00897101
-0.0491045
-0.00974627
-0.0496935
-0.0103687
-0.0502885
-0.0108236
-0.0508825
-0.0110894
-0.0514795
-0.0520864
0.00332652
-0.0368713
0.00522246
-0.0404025
0.00624373
-0.0413647
0.0067678
-0.0418841
0.00685821
-0.0422361
0.00660478
-0.0426656
0.00608573
-0.0431826
0.00535861
-0.0437749
0.00448334
-0.0444524
0.0035229
-0.045209
0.00253429
-0.046027
0.0015682
-0.0468931
0.000671217
-0.0477982
-0.000114394
-0.0487319
-0.000746473
-0.0496868
-0.00119747
-0.0506519
-0.0515911
0.00544327
-0.0352656
0.00926339
-0.0376836
0.0119505
-0.0380168
0.0138858
-0.0382803
0.0151278
-0.0384245
0.0157306
-0.0386879
0.0158334
-0.0391638
0.0155355
-0.0397979
0.0149155
-0.0405778
0.0140661
-0.0415104
0.0130744
-0.0425706
0.0120152
-0.0437317
0.0109564
-0.0449771
0.00996166
-0.0462907
0.00909048
-0.0476606
0.00839377
-0.0490669
-0.0505121
0.00763162
-0.0338982
0.0133065
-0.0349505
0.0176716
-0.0345646
0.0209846
-0.0343628
0.0233369
-0.0341262
0.0248171
-0.034088
0.0255588
-0.034383
0.0256915
-0.0349506
0.0253276
-0.0357589
0.0245781
-0.0368108
0.0235578
-0.0380833
0.0223742
-0.0395403
0.0211232
-0.0411521
0.0198921
-0.0428926
0.0187584
-0.0447389
0.0177855
-0.0466559
-0.0486498
0.0097084
-0.0327318
0.0173475
-0.0323607
0.0234112
-0.0310533
0.0281173
-0.0301519
0.0315928
-0.0293423
0.0339435
-0.028833
0.035315
-0.0287944
0.035861
-0.0291705
0.0357239
-0.0299147
0.0350444
-0.0310249
0.0339651
-0.032477
0.032623
-0.0342267
0.0311456
-0.0362323
0.0296495
-0.0384544
0.0282342
-0.0408517
0.0269973
-0.0433849
-0.045992
0.0116942
-0.0317814
0.0212988
-0.0299892
0.0290883
-0.0275558
0.0352351
-0.0257159
0.0398744
-0.0241131
0.043129
-0.0229382
0.0451505
-0.0223854
0.0461145
-0.0224181
0.0461943
-0.0229827
0.0455595
-0.024069
0.0443828
-0.0256517
0.0428344
-0.0276804
0.0410744
-0.0300996
0.0392497
-0.0328535
0.0374935
-0.0358843
0.035926
-0.0391372
-0.0425698
0.0136458
-0.0311575
0.0251673
-0.0278947
0.0346826
-0.0241453
0.0423156
-0.0211439
0.0481825
-0.0185199
0.0523994
-0.0164578
0.0551125
-0.0151758
0.0565157
-0.0146784
0.0568105
-0.0149139
0.0561981
-0.0158658
0.0548862
-0.0175101
0.053083
-0.0197912
0.0509876
-0.0226398
0.0487844
-0.0259808
0.0466384
-0.029733
0.0446865
-0.0338095
-0.0381714
0.0155243
-0.0309778
0.0289245
-0.0261865
0.0401793
-0.0209443
0.0493431
-0.0165543
0.0565118
-0.0126805
0.0617666
-0.00948484
0.0652367
-0.00722608
0.067123
-0.00597285
0.067649
-0.00568837
0.0670499
-0.00636051
0.0655722
-0.00796927
0.0634663
-0.0104557
0.0609762
-0.0137381
0.0583326
-0.017721
0.0557452
-0.022297
0.0534001
-0.02735
-0.0327417
0.0172683
-0.0313507
0.0325004
-0.0250129
0.0455173
-0.0181263
0.0562808
-0.0121273
0.0648398
-0.00675915
0.0712101
-0.0021422
0.0755085
0.00137284
0.0779392
0.00363895
0.0787389
0.00466965
0.0781712
0.00445947
0.0765209
0.00301653
0.0740824
0.000398921
0.0711494
-0.00330175
0.0680041
-0.00797064
0.0649075
-0.0134709
0.0620961
-0.0196547
-0.0263618
0.0188468
-0.0324104
0.0358204
-0.0245312
0.0505936
-0.0158848
0.0630357
-0.00809666
0.0730712
-0.000957047
0.0806564
0.00539106
0.0859013
0.0104531
0.0889822
0.0140264
0.0901337
0.0160772
0.0896425
0.016559
0.0878307
0.015456
0.0850424
0.0128159
0.0816298
0.00873314
0.0779359
0.00334296
0.0742789
-0.00318258
0.0709338
-0.0106424
-0.0188722
0.0202091
-0.0342998
0.0387902
-0.0249117
0.0553115
-0.0144637
0.0694882
-0.00472168
0.0811014
0.00446564
0.0900689
0.0128281
0.0964322
0.0197578
0.100311
0.0249852
0.101928
0.028388
0.101584
0.0298513
0.0996397
0.0293167
0.0964953
0.0268047
0.0925708
0.0224047
0.0882816
0.0162705
0.0840167
0.00861434
0.0801267
-0.000310981
-0.010178
0.0212925
-0.0371585
0.0413086
-0.0263444
0.059534
-0.0141264
0.0754879
-0.00230029
0.0888258
0.00915518
0.0993745
0.0198071
0.107052
0.0289666
0.11191
0.0362426
0.114143
0.0413847
0.114057
0.0441807
0.112046
0.0445017
0.108569
0.042319
0.104121
0.0377044
0.0992012
0.0308256
0.094282
0.021939
0.0897923
0.0113581
-0.000530753
0.0220118
-0.0410981
0.0432539
-0.0290397
0.0630954
-0.0151484
0.0808654
-0.00117968
0.0960765
0.0127066
0.108402
0.0259237
0.117618
0.0376893
0.123679
0.0474443
0.126728
0.0547671
0.127059
0.0593112
0.125091
0.0608394
0.121343
0.0592445
0.116394
0.0545616
0.110838
0.0469639
0.105247
0.0367514
0.100121
0.0243337
0.0100733
0.0223002
-0.0462137
0.0444813
-0.0331834
0.0657922
-0.0177993
0.0853829
-0.0017248
0.102595
0.0146865
0.116903
0.0307178
0.127911
0.0454626
0.135445
0.0581518
0.139563
0.0681471
0.140522
0.0749194
0.138758
0.0780755
0.134847
0.0773912
0.129457
0.0728365
0.123292
0.0645755
0.117035
0.0529556
0.111319
0.0384692
0.0217935
0.0221022
-0.0525864
0.0448441
-0.038916
0.0674029
-0.0223227
0.0887637
-0.00429371
0.108068
0.0146514
0.124561
0.0336868
0.13764
0.0517583
0.146956
0.0678483
0.152446
0.0810501
0.154303
0.0905923
0.152962
0.0958673
0.149049
0.0964846
0.143326
0.0923114
0.136618
0.0834804
0.129736
0.0703892
0.123436
0.0536221
0.0340483
0.0213497
-0.0602579
0.0441947
-0.0463348
0.0676877
-0.0289102
0.0906863
-0.00920522
0.112121
0.0121676
0.130987
0.0343036
0.146429
0.0559959
0.157874
0.0759458
0.165087
0.0929207
0.168165
0.105833
0.167519
0.113788
0.163819
0.116168
0.157923
0.112687
0.150787
0.10342
0.143372
0.0888035
0.136533
0.0695744
0.0465602
0.019983
-0.0692227
0.0424124
-0.0554993
0.0664466
-0.0377048
0.0908518
-0.0167129
0.114363
0.00685968
0.13573
0.0320668
0.153818
0.0575724
0.167771
0.0817919
0.177119
0.103114
0.181812
0.120047
0.182203
0.131318
0.178991
0.135997
0.173134
0.133584
0.165732
0.124058
0.157909
0.107885
0.150705
0.0859477
0.0596838
0.0179875
-0.0794552
0.0394018
-0.0663959
0.0635041
-0.0487863
0.0890196
-0.0270286
0.114471
-0.0015922
0.138374
0.0265414
0.15931
0.0559388
0.176104
0.0847581
0.187995
0.110969
0.194727
0.132588
0.196553
0.147859
0.194173
0.15544
0.188636
0.154533
0.181196
0.144967
0.173148
0.127237
0.165698
0.102384
0.0722645
0.015229
0.0349021
0.0584699
0.084682
0.11194
0.138471
0.162529
0.182562
0.197454
0.206685
0.210363
0.209173
0.204252
0.197018
0.188949
0.181398
-0.0411204
-0.322218
0.0302095
-0.0464838
-0.338851
-0.0487227
-0.336357
-0.0521829
-0.302943
-0.0594413
-0.251954
-0.0664025
-0.199718
-0.0670642
-0.137832
-0.0614926
-0.0768749
-0.0511343
-0.053261
-0.0365727
-0.0620117
-0.017759
-0.0801329
0.00351124
-0.094048
0.0256197
-0.107691
0.0449628
-0.128339
0.0581671
-0.164719
0.0622345
-0.217836
0.0556278
-0.284195
0.0383704
-0.356662
0.0117231
-0.426442
-0.485739
-0.0217861
-0.032432
-0.314818
0.0227289
-0.0370844
-0.331778
-0.0393455
-0.326545
-0.0425639
-0.286922
-0.0489866
-0.227651
-0.0556504
-0.170554
-0.0566002
-0.110468
-0.0520663
-0.0519806
-0.0442916
-0.0296255
-0.0329459
-0.0410648
-0.0171126
-0.0638974
0.00198147
-0.0823526
0.0230864
-0.100243
0.0425512
-0.122303
0.0567456
-0.157104
0.0625545
-0.205962
0.0581255
-0.266417
0.0431349
-0.332638
0.018526
-0.39687
-0.452479
-0.0133975
-0.0236641
-0.306799
0.0148876
-0.0280632
-0.323798
-0.0306801
-0.315654
-0.0339068
-0.270617
-0.0394925
-0.204333
-0.0452882
-0.142775
-0.0458752
-0.0842682
-0.0414957
-0.0279228
-0.035919
-0.00486968
-0.0277049
-0.0180497
-0.015314
-0.0451734
0.000925102
-0.0685629
0.0202072
-0.091467
0.0389216
-0.115687
0.053238
-0.149411
0.0601664
-0.194611
0.0576399
-0.249546
0.0448927
-0.309476
0.0226229
-0.367914
-0.419396
-0.00711916
-0.0150861
-0.29797
0.00685637
-0.0198544
-0.314469
-0.0233047
-0.303372
-0.0270048
-0.253718
-0.0317901
-0.182113
-0.0359544
-0.11729
-0.0353385
-0.0602278
-0.030408
-0.00557354
-0.0261347
0.0199297
-0.0206224
0.0064053
-0.0118071
-0.0240425
0.000810656
-0.0521398
0.0170611
-0.0803911
0.0341263
-0.107835
0.0477496
-0.141078
0.0551042
-0.18335
0.0539532
-0.23332
0.0432916
-0.287292
0.0236544
-0.340143
-0.387412
-0.00326284
-0.0070257
-0.28811
-0.00107655
-0.0126996
-0.303438
-0.0175126
-0.28934
-0.0219214
-0.236148
-0.0257825
-0.16126
-0.0280612
-0.0944958
-0.0257534
-0.0389776
-0.0192298
0.0138756
-0.0147346
0.0430859
-0.0113181
0.0315184
-0.00645972
-0.000314068
0.00259222
-0.0333445
0.0147882
-0.066212
0.0290075
-0.0977845
0.0410895
-0.131499
0.0478734
-0.171438
0.0473436
-0.217251
0.0384229
-0.266018
0.0216048
-0.31403
-0.357268
-0.00203805
0.000393639
-0.277125
-0.00866099
-0.00653132
-0.290548
-0.0133539
-0.273083
-0.0193609
-0.217169
-0.0220271
-0.142185
-0.0220881
-0.0748546
-0.0174731
-0.0212609
-0.00831962
0.0292567
-0.00142095
0.0622782
0.00116542
0.0558723
0.00199619
0.0259165
0.00760369
-0.0124802
0.0151604
-0.0485432
0.0250971
-0.0843125
0.034484
-0.119753
0.0396527
-0.158076
0.0388644
-0.200722
0.0310996
-0.245345
0.0168826
-0.289645
-0.329315
-0.00342628
0.00697946
-0.264943
-0.0156815
-0.00159982
-0.275579
-0.0113603
-0.253837
-0.0192898
-0.196604
-0.0201394
-0.125639
-0.0175504
-0.0589172
-0.0107608
-0.00705656
0.00133166
0.0401495
0.0126494
0.0753745
0.0171723
0.076574
0.0171702
0.0513141
0.0178025
0.0118269
0.0206427
-0.0274825
0.0249747
-0.0662918
0.0301139
-0.104501
0.0330816
-0.142915
0.0309032
-0.182855
0.0232658
-0.224516
0.0105669
-0.266186
-0.303492
-0.00676194
0.0125441
-0.251381
-0.0220592
0.00158601
-0.257984
-0.0119142
-0.230959
-0.0210647
-0.175294
-0.0200606
-0.111779
-0.014402
-0.0472068
-0.00563996
0.00374342
0.00963375
0.0462216
0.0253408
0.0823117
0.0336065
0.0917161
0.0357086
0.0728279
0.0336603
0.0371517
0.0326603
-0.00405677
0.0318977
-0.0444046
0.0311486
-0.0842978
0.0295629
-0.123819
0.0254836
-0.16338
0.0174835
-0.203298
0.00512324
-0.24275
-0.278783
-0.0105269
0.0171283
-0.236296
-0.0277823
0.00289552
-0.237036
-0.014341
-0.2046
-0.0238657
-0.154209
-0.0221075
-0.0996105
-0.0133513
-0.039839
-0.00195622
0.0104035
0.0153056
0.0485972
0.0345996
0.0838235
0.0480477
0.0997843
0.0546943
0.0879306
0.0542725
0.0590834
0.0507624
0.0202797
0.0471025
-0.0209956
0.042482
-0.0613323
0.0366564
-0.1013
0.0288822
-0.140722
0.0180787
-0.179493
0.00393822
-0.217476
-0.252911
-0.0125787
0.0203859
-0.219392
-0.0326502
0.00230712
-0.21232
-0.0174559
-0.176105
-0.0268244
-0.133994
-0.0248448
-0.0886889
-0.0137211
-0.0361533
0.000457218
0.0127185
0.0186757
0.0482617
0.040263
0.0811593
0.0590339
0.100589
0.0707338
0.0960537
0.0751108
0.0743736
0.0728735
0.0416475
0.0675246
0.00260618
0.0609271
-0.0376456
0.052453
-0.077121
0.0414085
-0.115507
0.0273288
-0.15285
0.00995114
-0.189148
-0.22382
-0.00974391
0.0219123
-0.199971
-0.0366431
-0.000132648
-0.183856
-0.0205126
-0.147502
-0.0299045
-0.114561
-0.0280451
-0.0787442
-0.0159288
-0.0348251
0.000559319
0.0111276
0.0201568
0.0447688
0.0432845
0.0750517
0.0652082
0.0962775
0.0815191
0.0976069
0.0908931
0.0827761
0.0933113
0.0565953
0.0897032
0.022878
0.0822644
-0.014493
0.0723767
-0.0526646
0.0597217
-0.0895646
0.0437341
-0.124934
0.0238914
-0.158754
-0.191234
0.000514007
0.0211887
-0.177294
-0.0392674
-0.00366013
-0.15293
-0.0230731
-0.120474
-0.0321798
-0.0962954
-0.0315381
-0.0687307
-0.0204052
-0.0339087
-0.00201691
0.00602745
0.018701
0.0383757
0.0424859
0.0663885
0.066
0.0884146
0.0870653
0.092441
0.101063
0.084644
0.107592
0.0656278
0.107719
0.0377613
0.102546
0.00492812
0.0931874
-0.0299901
0.0804941
-0.0646131
0.0642205
-0.0975352
0.0437598
-0.128331
-0.157671
0.0190123
0.0184226
-0.15098
-0.0403543
-0.0073634
-0.121511
-0.0249151
-0.0959971
-0.0335876
-0.0794024
-0.0341167
-0.0587267
-0.0258435
-0.0315373
-0.00806847
-5.99125e-05
0.0130902
0.0297836
0.0376391
0.0550902
0.0626713
0.0771001
0.0854656
0.083602
0.104038
0.0800336
0.115667
0.0677431
0.120048
0.0467046
0.118216
0.0194829
0.111143
-0.0109428
0.099667
-0.0420207
0.0842769
-0.0719607
0.0647809
-0.0996176
-0.125511
0.0408693
0.0134919
-0.12122
-0.0391857
-0.0111682
-0.0917447
-0.0261662
-0.074822
-0.0344027
-0.0639181
-0.0362699
-0.0485755
-0.0307116
-0.0278443
-0.0159131
-0.00474131
0.00454639
0.0201756
0.0281637
0.0429032
0.0536358
0.0634635
0.0776689
0.0716257
0.0990863
0.0707081
0.115231
0.0635442
0.124682
0.0488849
0.127118
0.0282144
0.123137
0.00361842
0.113659
-0.0226497
0.099606
-0.0487687
0.0814814
-0.0731478
-0.0958009
0.0593106
0.00678765
-0.0896224
-0.0347173
-0.0147323
-0.065706
-0.0271509
-0.0570119
-0.0349876
-0.0498196
-0.0378148
-0.0386446
-0.0341017
-0.0236668
-0.0236559
-0.00658994
-0.00597944
0.0117
0.0157008
0.0309054
0.0404653
0.048727
0.0648177
0.057502
0.0869669
0.0588407
0.105747
0.0549548
0.118952
0.0456429
0.12562
0.0311611
0.125523
0.0128768
0.11912
-0.00762294
0.10723
-0.0288563
0.0908654
-0.0494004
-0.0687369
0.0705244
-0.00132238
-0.059108
-0.0259794
-0.017945
-0.0451893
-0.0282908
-0.042075
-0.0357414
-0.0370843
-0.0391757
-0.0292551
-0.0372511
-0.0190086
-0.0297775
-0.0069151
-0.0167659
0.00632352
0.00193176
0.020236
0.0245965
0.034379
0.0478207
0.0427715
0.0694901
0.0457277
0.0886506
0.0443004
0.103844
0.0387984
0.113528
0.0295702
0.117054
0.0171025
0.114352
0.00241836
0.105783
-0.013416
0.0920633
-0.0293164
-0.0450231
0.074183
-0.00846841
-0.0335709
-0.0143467
-0.0209317
-0.0294712
-0.030054
-0.0291547
-0.037052
-0.0257489
-0.040809
-0.0206391
-0.040407
-0.0140627
-0.0355277
-0.00600413
-0.0259761
0.00294542
-0.0115401
0.0122868
0.00772552
0.0218355
0.0285079
0.0288626
0.0488068
0.0323674
0.0673013
0.0327235
0.0827534
0.0301602
0.0940797
0.0248772
0.100253
0.0173133
0.100808
0.00793768
0.0957404
-0.00262993
0.0854562
-0.0137073
-0.0253482
0.0706881
-0.0150524
-0.015183
-0.00111686
-0.0246308
-0.0172698
-0.0328277
-0.0179239
-0.0392338
-0.0159015
-0.0430496
-0.0129882
-0.0437304
-0.00917713
-0.0408168
-0.00437721
-0.0339829
0.000945213
-0.0230768
0.00645706
-0.00801371
0.0120349
0.00940344
0.0168333
0.0273959
0.0198248
0.0445856
0.0209823
0.0597094
0.0204212
0.0716253
0.0182237
0.0794975
0.0145273
0.082726
0.00957127
0.0809916
0.00370209
0.0742909
-0.00270657
-0.00982553
0.0627457
-0.0216753
-0.00435502
0.0125718
-0.029191
-0.00773394
-0.0364176
-0.00837786
-0.0421659
-0.00753758
-0.0459533
-0.0062991
-0.0473368
-0.00462292
-0.0457292
-0.00256869
-0.0408578
-0.000294238
-0.0327281
0.00214046
-0.0214831
0.00474484
-0.00778475
0.00718949
0.00724909
0.00890084
0.0225009
0.00985047
0.0369033
0.0101039
0.0493707
0.00976334
0.0589625
0.00882351
0.0650765
0.00718864
0.0672609
0.00505903
0.0650326
0.00284413
0.000257377
0.0580292
-0.0249701
0.0218745
-0.0312379
-0.0379419
-0.0436008
-0.047824
-0.0501852
-0.050322
-0.0480334
-0.0431817
-0.0356226
-0.0255434
-0.0137068
-0.000904834
0.0121355
0.0247894
0.0364279
0.0463272
0.0539655
0.0592327
0.0617345
0.0334266
0.0304744
0.0489297
0.0454825
0.0657928
0.0496803
0.0878643
0.0532745
0.112556
0.0549943
0.138102
0.0512744
0.164498
0.0399157
0.192768
0.0201847
0.222771
-0.00298021
0.251887
-0.0203565
0.27819
-0.0277864
0.303562
-0.0299212
0.329992
-0.0294262
0.358372
-0.0283964
0.388936
-0.0283263
0.421469
-0.0302915
0.455418
-0.0346211
0.490048
-0.041145
0.524439
-0.0494546
-0.0593488
0.024558
0.00808276
0.0453971
0.0275707
0.0653502
0.0334597
0.0886263
0.0345466
0.115222
0.0337372
0.144723
0.0278417
0.177726
0.0136111
0.213186
-0.00808382
0.247292
-0.0295733
0.275921
-0.0413566
0.301773
-0.0461277
0.327226
-0.0482457
0.353546
-0.0492841
0.381517
-0.0508721
0.411421
-0.0540135
0.442927
-0.0591778
0.475295
-0.0662811
0.507605
-0.0749658
0.538944
-0.0848154
-0.0956505
0.0103018
-9.43594e-05
0.0322071
0.0085174
0.0568633
0.012421
0.0835067
0.012291
0.114913
0.00745725
0.151741
-0.00318891
0.192305
-0.0205912
0.231403
-0.0403997
0.263391
-0.0545375
0.289559
-0.0604728
0.314472
-0.0642046
0.339471
-0.0668948
0.365475
-0.0697142
0.392782
-0.0736903
0.421105
-0.0792513
0.449706
-0.0864192
0.477746
-0.0950039
0.504472
-0.104728
0.529203
-0.115225
-0.12621
0.00232895
-0.000379525
0.0180926
-0.00451373
0.0437335
-0.00976471
0.077731
-0.0175274
0.118113
-0.0280558
0.16274
-0.0423281
0.205481
-0.0573327
0.240101
-0.0686528
0.266841
-0.0747242
0.291339
-0.0784417
0.315095
-0.0816993
0.339283
-0.0853587
0.364305
-0.0898372
0.389782
-0.0953979
0.414986
-0.10213
0.439116
-0.109986
0.461423
-0.118821
0.481218
-0.128407
0.497896
-0.138446
-0.148562
0.00134622
0.000200951
0.0152398
-0.0158355
0.0446705
-0.0359471
0.0846831
-0.0536149
0.128263
-0.0670673
0.169099
-0.0780199
0.203094
-0.0857107
0.230274
-0.0898828
0.254543
-0.0928809
0.278047
-0.0958751
0.301583
-0.0994376
0.325253
-0.103763
0.348723
-0.108848
0.371362
-0.114677
0.392481
-0.121287
0.411414
-0.128657
0.427534
-0.136677
0.440245
-0.145136
0.449021
-0.153791
-0.162203
0.00205591
-7.80358e-05
0.0208266
-0.0322329
0.0550143
-0.0671346
0.0938491
-0.0888206
0.129802
-0.0987911
0.159762
-0.103211
0.185026
-0.10576
0.208483
-0.107804
0.231446
-0.110143
0.254302
-0.113052
0.276875
-0.116566
0.298725
-0.120637
0.319342
-0.125213
0.338217
-0.130289
0.354818
-0.135891
0.368593
-0.14198
0.378998
-0.148446
0.385518
-0.155102
0.387716
-0.16176
-0.168029
0.00342323
-0.00190292
0.0287858
-0.0554544
0.0625744
-0.0982084
0.0928446
-0.115796
0.117948
-0.120041
0.140007
-0.120906
0.161102
-0.122058
0.18211
-0.123689
0.203035
-0.125752
0.223566
-0.128237
0.243267
-0.131071
0.261684
-0.134215
0.278404
-0.137672
0.293018
-0.141455
0.305072
-0.145551
0.314093
-0.149905
0.319628
-0.154428
0.32129
-0.158985
0.318763
-0.163446
-0.167523
0.00525322
-0.00576086
0.0350015
-0.0833232
0.0629475
-0.123758
0.0836068
-0.13353
0.101216
-0.134206
0.118788
-0.134547
0.13639
-0.135302
0.153904
-0.136499
0.171064
-0.137967
0.1875
-0.139613
0.202865
-0.141411
0.216841
-0.143364
0.229091
-0.145476
0.239251
-0.147743
0.246941
-0.150142
0.251793
-0.152638
0.253481
-0.15518
0.251742
-0.15769
0.246373
-0.160089
-0.16222
0.00799171
-0.0125803
0.0374311
-0.111169
0.0575585
-0.141836
0.0716106
-0.145056
0.0850099
-0.144601
0.098293
-0.144363
0.111421
-0.144533
0.124179
-0.144984
0.136342
-0.145551
0.147683
-0.146159
0.157982
-0.146804
0.167005
-0.147492
0.1745
-0.148221
0.180206
-0.148987
0.183865
-0.149781
0.185242
-0.150594
0.184136
-0.151412
0.18039
-0.152199
0.173899
-0.152923
-0.153541
0.0136537
-0.0252997
0.0375829
-0.13381
0.0508129
-0.153386
0.0603748
-0.152518
0.0691734
-0.150863
0.0777362
-0.149949
0.0858223
-0.149211
0.0932609
-0.148603
0.0999395
-0.148034
0.105773
-0.147468
0.110666
-0.146902
0.114512
-0.146344
0.1172
-0.1458
0.11862
-0.145273
0.118665
-0.144768
0.117239
-0.144292
0.114262
-0.143852
0.109673
-0.143436
0.103443
-0.143039
-0.142754
0.020952
-0.0455652
0.0368364
-0.148725
0.0435511
-0.158807
0.0488652
-0.15618
0.0532173
-0.153174
0.0569849
-0.151261
0.0598705
-0.149209
0.0618497
-0.147252
0.0629328
-0.14534
0.0631715
-0.143486
0.0626066
-0.141686
0.0612863
-0.139962
0.0592677
-0.138337
0.0566148
-0.13683
0.0533873
-0.135448
0.0496397
-0.134202
0.0454267
-0.133106
0.0407793
-0.132132
0.0357355
-0.131288
-0.130683
0.0226487
-0.06778
0.0323871
-0.15782
0.0351794
-0.160705
0.0367722
-0.156585
0.0371384
-0.152014
0.0362331
-0.148449
0.034068
-0.144713
0.0307582
-0.141145
0.0263929
-0.13767
0.0211259
-0.13437
0.0151799
-0.131311
0.00879546
-0.128537
0.0022157
-0.126079
-0.00432595
-0.123954
-0.0106144
-0.122157
-0.0164431
-0.1207
-0.0216365
-0.119574
-0.0260839
-0.118697
-0.0296973
-0.118068
-0.117655
0.0211477
-0.0887455
0.0267871
-0.163145
0.0269013
-0.160329
0.0249563
-0.153926
0.0214131
-0.147479
0.0160801
-0.141786
0.00911951
-0.136018
0.000644404
-0.130461
-0.00897713
-0.125291
-0.0194299
-0.120532
-0.0303764
-0.116273
-0.0414654
-0.112572
-0.0523313
-0.109477
-0.0626037
-0.107012
-0.071913
-0.105179
-0.07993
-0.103957
-0.0863887
-0.103286
-0.0910342
-0.103086
-0.09378
-0.103202
-0.103557
0.0196743
-0.108483
0.0216026
-0.165082
0.0190617
-0.1577
0.0136855
-0.148314
0.00640098
-0.139749
-0.00334973
-0.131306
-0.0148327
-0.123438
-0.0278416
-0.115891
-0.0419951
-0.10901
-0.0569547
-0.102767
-0.0723238
-0.0973044
-0.0876748
-0.0927056
-0.102548
-0.0890495
-0.116452
-0.0863967
-0.128907
-0.0847369
-0.139492
-0.0840039
-0.147823
-0.0841068
-0.153616
-0.0848847
-0.156632
-0.0861525
-0.08774
0.0187187
-0.1275
0.0167804
-0.163465
0.0117841
-0.153011
0.00291543
-0.139686
-0.00807763
-0.128863
-0.0216156
-0.117659
-0.0367872
-0.107843
-0.0534729
-0.0983559
-0.0713277
-0.0897527
-0.0900091
-0.0819922
-0.109107
-0.0752733
-0.12814
-0.0697456
-0.146586
-0.0655213
-0.163942
-0.0626423
-0.179698
-0.0611096
-0.193338
-0.0608664
-0.204398
-0.061783
-0.212466
-0.0636576
-0.2172
-0.0662579
-0.0693404
0.0187752
-0.146791
0.0123613
-0.157668
0.00503511
-0.146371
-0.00759675
-0.12776
-0.0215629
-0.115555
-0.0379806
-0.101765
-0.0559691
-0.0901383
-0.0754049
-0.0788399
-0.0960148
-0.0685576
-0.117461
-0.0592989
-0.139356
-0.0512991
-0.161289
-0.0447216
-0.182784
-0.0397339
-0.203313
-0.0364294
-0.222328
-0.0348262
-0.239291
-0.0348645
-0.253684
-0.0364011
-0.265024
-0.039215
-0.272884
-0.0430348
-0.0475658
0.0196312
-0.167134
0.00871344
-0.147639
-0.00129607
-0.137405
-0.0171073
-0.113103
-0.0336657
-0.100197
-0.0520425
-0.0845493
-0.0718755
-0.0713199
-0.0929957
-0.0584601
-0.115231
-0.0466404
-0.138384
-0.0358764
-0.162144
-0.0264988
-0.186109
-0.0187505
-0.209839
-0.0128269
-0.232861
-0.00884788
-0.254678
-0.00685417
-0.27478
-0.00679982
-0.292656
-0.00854911
-0.307808
-0.0118823
-0.31976
-0.0165187
-0.0221438
0.0185036
-0.186519
0.00414495
-0.134414
-0.00823498
-0.126396
-0.0256636
-0.0972497
-0.0440552
-0.083528
-0.0634249
-0.0669708
-0.0840298
-0.0524721
-0.105813
-0.0382751
-0.128741
-0.0250055
-0.15257
-0.0128683
-0.177047
-0.0021879
-0.201871
0.00676238
-0.226703
0.0137593
-0.251166
0.0186552
-0.274856
0.0213846
-0.297344
0.0219701
-0.318184
0.0205242
-0.336914
0.0172443
-0.353072
0.0123943
0.00628085
0.0164405
-0.203979
0.00343342
-0.12275
-0.015384
-0.109244
-0.0332237
-0.0813734
-0.0523429
-0.0666261
-0.0718149
-0.0499014
-0.0924591
-0.0343244
-0.1141
-0.0191095
-0.136675
-0.0047479
-0.160037
0.00849115
-0.184018
0.0202835
-0.208422
0.0303416
-0.233025
0.0384287
-0.257576
0.0443788
-0.281795
0.0481039
-0.305369
0.0495967
-0.327952
0.0489331
-0.349163
0.0462699
-0.368597
0.0418344
0.0359081
0.0204506
-0.225554
0.00263308
-0.106446
-0.0221889
-0.0863373
-0.0394825
-0.0663891
-0.0584067
-0.0503744
-0.0775503
-0.0337403
-0.0975377
-0.0175534
-0.118209
-0.00178959
-0.139514
0.0131921
-0.161368
0.0271075
-0.183691
0.0396573
-0.206394
0.0505608
-0.229376
0.0595813
-0.252512
0.0665438
-0.275652
0.0713394
-0.29861
0.0739277
-0.321155
0.0743423
-0.34302
0.0726972
-0.363905
0.0691787
0.0640265
-0.162411
-0.0653477
0.225514
-0.126231
-0.0386028
-0.100659
-0.0281514
-0.0825528
-0.020817
-0.0683798
-0.016988
-0.0564875
-0.014783
-0.0462396
-0.0131843
-0.0366987
-0.0124924
-0.0274374
-0.0121971
-0.018144
-0.0121831
-0.00814862
-0.0128096
0.0028656
-0.0137255
0.015706
-0.0154232
0.0313405
-0.0180664
0.0498045
-0.0207257
0.0715153
-0.0237867
0.0973645
-0.0277279
0.129481
-0.0337902
0.169236
-0.0412217
-0.0575773
-0.14545
-0.0812866
0.158309
-0.122812
-0.0645626
-0.103393
-0.0511119
-0.0858724
-0.042069
-0.0704974
-0.0362509
-0.0569834
-0.032304
-0.0450593
-0.0291936
-0.0341755
-0.0274961
-0.0236729
-0.0268096
-0.0126006
-0.02731
-0.00104939
-0.0283158
0.0114787
-0.0300666
0.0253911
-0.0329677
0.0404453
-0.0365367
0.0559369
-0.039388
0.0715099
-0.0422614
0.0866539
-0.0454876
0.0994805
-0.0489362
0.109207
-0.0529681
-0.0565414
-0.134397
-0.0926239
0.141757
-0.119536
-0.0837236
-0.102406
-0.0728398
-0.0855049
-0.063832
-0.0698218
-0.0570202
-0.0558003
-0.051588
-0.04313
-0.0472487
-0.0313713
-0.0447032
-0.0197841
-0.0438467
-0.0083868
-0.0440951
0.00291457
-0.0448797
0.0145552
-0.0467835
0.0264587
-0.0497049
0.0380898
-0.0527084
0.0492668
-0.0547697
0.059735
-0.0565646
0.0691228
-0.0583167
0.0770899
-0.0599372
0.0827336
-0.0612349
-0.0623638
-0.127974
-0.107054
0.137498
-0.114815
-0.102208
-0.0991698
-0.0942031
-0.0829321
-0.0861448
-0.0672832
-0.0790527
-0.0529314
-0.072573
-0.0397891
-0.0672049
-0.0276238
-0.0637861
-0.0162494
-0.0621598
-0.00574085
-0.0614771
0.00427356
-0.0616161
0.0138577
-0.0628545
0.0228567
-0.0648773
0.0309754
-0.0666173
0.0383701
-0.0675124
0.0450945
-0.068148
0.0512137
-0.0687735
0.0567893
-0.0693107
0.0619107
-0.0696111
-0.0695642
-0.124772
-0.123225
0.13511
-0.111629
-0.121715
-0.0962821
-0.116421
-0.0801027
-0.109664
-0.0642788
-0.102629
-0.0495927
-0.0953523
-0.0361871
-0.0889592
-0.024098
-0.0843813
-0.0134389
-0.0813752
-0.00416596
-0.0792438
0.0040732
-0.078172
0.0112091
-0.0780186
0.017168
-0.0784713
0.0220529
-0.0786507
0.0263102
-0.0783526
0.0303253
-0.0781183
0.0344588
-0.0781916
0.0390194
-0.0784623
0.0442634
-0.0787492
-0.0788878
-0.122803
-0.140938
0.133792
-0.109326
-0.142575
-0.0938222
-0.139947
-0.0774075
-0.134701
-0.0612424
-0.127955
-0.0461922
-0.120017
-0.0326466
-0.112468
-0.0208575
-0.106361
-0.0110546
-0.10146
-0.00319018
-0.0973369
0.00299698
-0.0943872
0.00750875
-0.0922129
0.0104585
-0.0906219
0.0123127
-0.0891021
0.013758
-0.0876884
0.0154366
-0.0869006
0.0179038
-0.0869208
0.0216048
-0.0875547
0.0268463
-0.0885095
-0.0894499
-0.121338
-0.159997
0.132858
-0.107425
-0.164833
-0.0915647
-0.164946
-0.0747681
-0.161392
-0.0581826
-0.15512
-0.0427754
-0.146592
-0.0291636
-0.137712
-0.0177814
-0.129689
-0.00892415
-0.122409
-0.00258987
-0.115728
0.00140303
-0.110216
0.00321308
-0.105453
0.00320346
-0.101464
0.00211861
-0.0981343
0.000895211
-0.0957164
0.000403083
-0.0946924
0.00137781
-0.0951432
0.00438785
-0.0967418
0.0097643
-0.0989918
-0.101305
-0.119774
-0.180116
0.131645
-0.105467
-0.188357
-0.0892108
-0.191387
-0.0719926
-0.189726
-0.0549797
-0.184108
-0.0392542
-0.175041
-0.0256346
-0.164655
-0.0147237
-0.154345
-0.00690049
-0.144194
-0.00220898
-0.134375
-0.000502096
-0.12564
-0.00143906
-0.117767
-0.00439073
-0.111079
-0.00835689
-0.105856
-0.0121643
-0.102554
-0.0147192
-0.101612
-0.0151049
-0.102978
-0.0126492
-0.106123
-0.00700611
-0.110268
-0.114484
-0.117662
-0.200998
0.129729
-0.103061
-0.212922
-0.086459
-0.219115
-0.0688601
-0.219583
-0.0514772
-0.214806
-0.0355092
-0.205257
-0.0219601
-0.193215
-0.0115996
-0.180267
-0.00489977
-0.166759
-0.00194949
-0.153225
-0.0025856
-0.140655
-0.00628406
-0.12919
-0.0121578
-0.11953
-0.018958
-0.112344
-0.0252688
-0.108292
-0.0297668
-0.10777
-0.0313577
-0.110546
-0.0292768
-0.115819
-0.0231841
-0.122438
-0.129074
-0.114643
-0.222331
0.126767
-0.0998763
-0.238239
-0.0830349
-0.247884
-0.0651575
-0.250747
-0.0475174
-0.247015
-0.0314293
-0.237059
-0.0180667
-0.223241
-0.0083609
-0.207339
-0.00288066
-0.190016
-0.0017529
-0.172216
-0.00476532
-0.155255
-0.0112167
-0.139759
-0.0199691
-0.126882
-0.0295241
-0.117686
-0.0382213
-0.113039
-0.0445052
-0.11329
-0.0471137
-0.117978
-0.0452068
-0.125949
-0.0384707
-0.135593
-0.145127
-0.110427
-0.243793
0.122492
-0.0956355
-0.263981
-0.0786991
-0.277384
-0.0606918
-0.282926
-0.0429541
-0.280457
-0.0269135
-0.270188
-0.0138944
-0.254513
-0.00497733
-0.235386
-0.000824553
-0.213836
-0.00158932
-0.191275
-0.00698882
-0.169431
-0.0161512
-0.149519
-0.0276982
-0.133218
-0.039881
-0.121996
-0.0507916
-0.116938
-0.0586558
-0.118327
-0.062059
-0.125422
-0.0601074
-0.136633
-0.0525244
-0.149814
-0.162634
-0.104801
-0.265066
0.116719
-0.0901212
-0.289794
-0.0732545
-0.307252
-0.0552981
-0.315766
-0.0376624
-0.314787
-0.0218771
-0.304319
-0.00939741
-0.286742
-0.00143295
-0.264177
0.00127364
-0.238052
-0.00144401
-0.210306
-0.0092186
-0.183173
-0.0210091
-0.158535
-0.0352138
-0.138651
-0.0498355
-0.12543
-0.0627301
-0.120168
-0.071923
-0.123061
-0.0758696
-0.133035
-0.0736447
-0.14798
-0.0650358
-0.165138
-0.181539
-0.0976315
-0.285846
0.109352
-0.083182
-0.315319
-0.0665531
-0.337099
-0.048851
-0.348864
-0.0315459
-0.349602
-0.0162549
-0.339064
-0.00454423
-0.319577
0.00227597
-0.293423
0.00340767
-0.26246
-0.00131159
-0.229203
-0.0114223
-0.19647
-0.0257159
-0.166886
-0.042381
-0.143331
-0.0591895
-0.128183
-0.0737844
-0.122942
-0.0840175
-0.127692
-0.0882404
-0.140972
-0.0855185
-0.160079
-0.0757306
-0.181562
-0.201736
-0.0888694
-0.30585
0.100379
-0.074742
-0.340206
-0.0585067
-0.366527
-0.0412696
-0.381789
-0.0245394
-0.384461
-0.0100045
-0.37399
0.000681769
-0.352616
0.00614505
-0.322787
0.00556345
-0.286818
-0.00119573
-0.247839
-0.01357
-0.20932
-0.0301932
-0.174676
-0.0490616
-0.147448
-0.0677472
-0.130492
-0.0837131
-0.125502
-0.0946727
-0.132429
-0.0989018
-0.149378
-0.095477
-0.17299
-0.0843904
-0.199039
-0.223062
-0.0785476
-0.324813
0.0898669
-0.0648013
-0.364122
-0.049097
-0.395139
-0.0325167
-0.41411
-0.0166151
-0.418893
-0.00311017
-0.408628
0.00628119
-0.385416
0.0101629
-0.351894
0.00772667
-0.310854
-0.0010995
-0.266074
-0.015633
-0.221727
-0.034362
-0.182038
-0.0551209
-0.151224
-0.0753247
-0.13262
-0.0922989
-0.128108
-0.103658
-0.137478
-0.107631
-0.158378
-0.103325
-0.186731
-0.0908588
-0.21747
-0.245299
-0.0667773
-0.342498
0.077961
-0.0534366
-0.386757
-0.03837
-0.422559
-0.0226227
-0.445396
-0.00778796
-0.452424
0.00441301
-0.44249
0.0122355
-0.417509
0.0143088
-0.380343
0.00988278
-0.334275
-0.00101768
-0.283761
-0.0175755
-0.233699
-0.0381461
-0.189119
-0.0604383
-0.154904
-0.0817645
-0.134851
-0.0993615
-0.131027
-0.110793
-0.143039
-0.114264
-0.168069
-0.10893
-0.201283
-0.0950466
-0.23671
-0.268177
-0.053748
-0.358687
0.0648701
-0.0408021
-0.407836
-0.0264396
-0.448444
-0.011678
-0.475233
0.00188242
-0.4846
0.0125172
-0.475081
0.0185047
-0.448413
0.0185492
-0.407714
0.0120111
-0.356778
-0.000945544
-0.30075
-0.0193566
-0.245255
-0.0414661
-0.196082
-0.0649047
-0.158745
-0.0869329
-0.13748
-0.10477
-0.13451
-0.115957
-0.149287
-0.118706
-0.178517
-0.112237
-0.216584
-0.0969418
-0.256566
-0.291375
-0.0397175
-0.373191
0.0508805
-0.0271181
-0.427122
-0.0134827
-0.472493
0.000184055
-0.503245
0.0122907
-0.514986
0.0211232
-0.505923
0.025028
-0.477649
0.0228388
-0.433583
0.0140859
-0.378054
-0.000886445
-0.316893
-0.0209501
-0.256421
-0.0442609
-0.203104
-0.0684318
-0.163012
-0.0907441
-0.14078
-0.108446
-0.138792
-0.119097
-0.156368
-0.120944
-0.189749
-0.113273
-0.232529
-0.0966165
-0.276804
-0.314537
-0.024991
-0.385866
0.0363297
-0.0126589
-0.444417
0.000272249
-0.494458
0.012781
-0.529102
0.0232923
-0.54318
0.030123
-0.534562
0.0317287
-0.504755
0.0271295
-0.457537
0.0160852
-0.397799
-0.000837578
-0.332039
-0.0223357
-0.267215
-0.0465025
-0.210347
-0.0709857
-0.167957
-0.0931543
-0.145025
-0.110363
-0.144083
-0.120228
-0.164383
-0.121039
-0.201741
-0.112149
-0.248969
-0.094223
-0.297151
-0.337278
-0.00991814
0.0215865
0.00225958
0.0145419
0.0258765
0.0347011
0.0393784
0.0385111
0.0313717
0.0179959
-0.000785096
-0.0234796
-0.0481513
-0.0725453
-0.094182
-0.110573
-0.119436
-0.119122
-0.109042
-0.0899783
-0.457129
0.00588456
-0.445932
6.9846e-05
-0.432975
-0.00648905
-0.41823
-0.0135736
-0.401737
-0.0208437
-0.383547
-0.0280431
-0.36372
-0.0349494
-0.342405
-0.0413918
-0.319849
-0.0472469
-0.296154
-0.0524453
-0.271313
-0.0570527
-0.244851
-0.0610204
-0.216178
-0.0642657
-0.184066
-0.0666746
-0.146772
-0.0676872
-0.104283
-0.064565
-0.061046
-0.0541899
-0.025484
-0.033848
-0.00670501
-0.00395809
0.0168499
-0.411537
-0.0270335
-0.400107
-0.0301563
-0.387378
-0.034444
-0.373268
-0.0396412
-0.357756
-0.0453699
-0.340896
-0.0513116
-0.322787
-0.0572033
-0.303552
-0.0628506
-0.283322
-0.068115
-0.262229
-0.0729143
-0.240467
-0.0772293
-0.218144
-0.0810794
-0.195185
-0.0845328
-0.171366
-0.0875964
-0.145879
-0.0902595
-0.11544
-0.0922264
-0.0775437
-0.089563
-0.0354979
-0.0737094
-0.00325794
-0.0344017
0.0149826
-0.367291
-0.0646139
-0.355349
-0.0649306
-0.342472
-0.0665589
-0.328758
-0.0692546
-0.314268
-0.0727013
-0.299043
-0.076621
-0.283113
-0.080772
-0.266493
-0.0849788
-0.249206
-0.089094
-0.231276
-0.0930257
-0.212723
-0.0967458
-0.193566
-0.100253
-0.173847
-0.103574
-0.153502
-0.106791
-0.132353
-0.109981
-0.110052
-0.112986
-0.0829087
-0.115182
-0.0464769
-0.108736
-0.00878761
-0.0708743
0.00718142
-0.316906
-0.100104
-0.30643
-0.098643
-0.294844
-0.0982787
-0.282451
-0.0988485
-0.269471
-0.100151
-0.256048
-0.102002
-0.242259
-0.104247
-0.228138
-0.106761
-0.213673
-0.109445
-0.198815
-0.112244
-0.183521
-0.115116
-0.167768
-0.118028
-0.151521
-0.121003
-0.134703
-0.124146
-0.117208
-0.127544
-0.0986926
-0.131251
-0.0786843
-0.134748
-0.0518039
-0.135086
-0.0152275
-0.106911
-0.00755366
-0.252961
-0.126881
-0.246687
-0.125221
-0.238884
-0.124203
-0.229964
-0.123774
-0.220246
-0.123853
-0.209954
-0.12437
-0.199237
-0.125264
-0.188174
-0.126491
-0.176794
-0.128014
-0.165091
-0.129815
-0.153018
-0.131893
-0.140531
-0.134211
-0.127606
-0.136762
-0.114221
-0.139646
-0.10036
-0.142927
-0.0857766
-0.146884
-0.069844
-0.151361
-0.0513593
-0.153972
-0.0223469
-0.136124
-0.0299645
-0.175089
-0.140915
-0.17468
-0.140468
-0.172517
-0.140231
-0.168927
-0.140216
-0.164173
-0.140419
-0.158468
-0.140842
-0.151978
-0.141483
-0.144834
-0.142345
-0.137132
-0.14344
-0.128938
-0.144787
-0.120304
-0.14641
-0.111265
-0.148293
-0.101843
-0.150447
-0.0920415
-0.152994
-0.0818178
-0.156049
-0.0711496
-0.159868
-0.0595061
-0.164805
-0.0462998
-0.168531
-0.0249742
-0.15842
-0.0555921
-0.0888532
-0.14132
-0.0943174
-0.142978
-0.0982099
-0.144673
-0.100606
-0.14637
-0.10159
-0.148064
-0.101264
-0.149744
-0.0997464
-0.1514
-0.0971771
-0.153029
-0.0937049
-0.154642
-0.0894839
-0.156269
-0.0846672
-0.157949
-0.0793901
-0.159698
-0.0737596
-0.161573
-0.0678084
-0.163785
-0.0615485
-0.166484
-0.0550137
-0.169921
-0.0481009
-0.174602
-0.0388366
-0.180081
-0.0243731
-0.17462
-0.0812115
-0.00145786
-0.129679
-0.0114271
-0.133974
-0.020335
-0.138387
-0.0279695
-0.142779
-0.034209
-0.147045
-0.0390207
-0.151084
-0.0424524
-0.154808
-0.0446189
-0.158154
-0.0456849
-0.161097
-0.0458486
-0.163648
-0.0453218
-0.165853
-0.0442942
-0.167775
-0.0429072
-0.169543
-0.0413278
-0.17137
-0.0395711
-0.173587
-0.0375514
-0.176575
-0.0355099
-0.180541
-0.0305714
-0.188184
-0.0227257
-0.184927
-0.10575
0.0822919
-0.109403
0.07
-0.116693
0.0581123
-0.124282
0.0470018
-0.131909
0.0369069
-0.139314
0.0279497
-0.14627
0.0201513
-0.152584
0.0134488
-0.158114
0.0077146
-0.16278
0.002777
-0.166571
-0.0015561
-0.169535
-0.00546947
-0.171774
-0.00912532
-0.173473
-0.012643
-0.174925
-0.0160409
-0.176602
-0.0192354
-0.179028
-0.0221711
-0.182422
-0.0221952
-0.192121
-0.0208128
-0.189428
-0.128886
0.16306
-0.0851095
0.150776
-0.095518
0.138105
-0.106308
0.125384
-0.117093
0.112864
-0.127504
0.100712
-0.137209
0.0890147
-0.145931
0.0777987
-0.153471
0.0670429
-0.159714
0.0566912
-0.164635
0.046666
-0.168287
0.0368887
-0.170808
0.0272966
-0.172439
0.0178634
-0.173555
0.00861345
-0.174727
-0.000364538
-0.176592
-0.00853994
-0.179862
-0.014802
-0.190503
-0.0189205
-0.188984
-0.15056
0.248413
-0.0613754
0.237398
-0.0744371
0.22492
-0.0877794
0.211234
-0.100949
0.196576
-0.113525
0.181154
-0.125135
0.16516
-0.135476
0.148766
-0.144335
0.132125
-0.151588
0.115369
-0.157214
0.0986106
-0.161281
0.0819535
-0.163954
0.0654994
-0.165517
0.0493609
-0.166406
0.0336261
-0.16722
0.0184141
-0.168684
0.00456488
-0.172286
-0.00924507
-0.181883
-0.0182727
-0.184065
-0.171909
0.350061
-0.0405536
0.339038
-0.0551617
0.325309
-0.0698107
0.309097
-0.0840666
0.290674
-0.0975265
0.270346
-0.10984
0.248444
-0.120724
0.225324
-0.129996
0.20136
-0.137564
0.176903
-0.143415
0.15229
-0.147631
0.127836
-0.150396
0.103818
-0.152004
0.0804361
-0.152865
0.0578328
-0.153577
0.036146
-0.154915
0.0155828
-0.158495
-0.00604952
-0.16583
-0.0197948
-0.174715
-0.194976
0.475055
0.459867
0.440986
0.418685
0.393323
0.365332
0.33522
0.303521
0.27078
0.237536
0.204313
0.171593
0.139784
0.10918
0.0798448
0.0516758
0.023585
-0.00628419
-0.0272132
)
;

boundaryField
{
    inlet
    {
        type            calculated;
        value           nonuniform List<scalar> 
41
(
-0.182927
-0.182927
-0.182927
-0.182927
-0.182927
-0.182927
-0.182927
-0.182927
-0.182927
-0.182927
-0.182927
-0.182927
-0.182927
-0.182927
-0.182927
-0.182927
-0.182927
-0.182927
-0.182927
-0.182927
-0.182927
-0.182927
-0.182927
-0.182927
-0.182927
-0.182927
-0.182927
-0.182927
-0.182927
-0.182927
-0.182927
-0.182927
-0.182927
-0.182927
-0.182927
-0.182927
-0.182927
-0.182927
-0.182927
-0.182927
-0.182927
)
;
    }
    outlet
    {
        type            calculated;
        value           nonuniform List<scalar> 
41
(
0.18112
0.185722
0.187203
0.187868
0.188454
0.189147
0.189868
0.190469
0.190801
0.190788
0.190465
0.189794
0.188973
0.188302
0.188436
0.189469
0.19144
0.192122
0.189364
0.178297
0.161791
0.158711
0.168803
0.174588
0.174946
0.1747
0.17563
0.177296
0.179066
0.180632
0.181905
0.182861
0.183531
0.183955
0.184192
0.184304
0.184362
0.184371
0.184192
0.183133
0.17888
)
;
    }
    dymWall
    {
        type            calculated;
        value           nonuniform List<scalar> 
73
(
-1.73472e-18
0
1.73472e-18
-8.67362e-19
8.67362e-19
8.67362e-19
0
4.33681e-19
0
0
-1.0842e-19
-2.1684e-19
-4.33681e-19
0
-8.67362e-19
8.67362e-19
8.67362e-19
0
1.73472e-18
0
-4.87891e-19
-5.69206e-19
1.0842e-19
1.35525e-20
-1.35525e-19
-1.0842e-19
-1.89735e-19
-1.42302e-19
-7.96211e-20
1.18585e-20
1.52466e-20
-4.91279e-20
-2.10064e-19
-2.71051e-20
5.42101e-20
-2.71051e-19
6.77626e-20
-1.35525e-19
4.33681e-19
5.42101e-20
0
0
8.67362e-19
0
-4.33681e-19
0
0
2.1684e-19
0
8.67362e-19
0
0
0
-8.67362e-19
0
4.33681e-19
0
-8.67362e-19
-4.33681e-19
0
-2.1684e-19
1.0842e-19
0
0
0
0
0
0
0
0
-4.33681e-19
8.67362e-19
8.67362e-19
)
;
    }
    AMI1
    {
        type            cyclicAMI;
        value           nonuniform List<scalar> 
73
(
0.3291
0.345304
0.345262
0.318778
0.277092
0.229542
0.165544
0.10154
0.0751889
0.0805852
0.094106
0.104081
0.114376
0.134409
0.172866
0.230599
0.302895
0.381312
0.456065
0.518317
0.557797
0.568444
0.551175
0.510791
0.4533
0.385224
0.311852
0.237317
0.164681
0.0956745
0.0303431
-0.0325413
-0.0946042
-0.156748
-0.218351
-0.276909
-0.328078
-0.366204
-0.385837
-0.383479
-0.396603
-0.459571
-0.514133
-0.55253
-0.568836
-0.560591
-0.5293
-0.479191
-0.415726
-0.346045
-0.277656
-0.217962
-0.1738
-0.150439
-0.150553
-0.173401
-0.21443
-0.265716
-0.317304
-0.359201
0.466662
0.421811
0.378223
0.325919
0.257217
0.173374
0.0817922
-0.0092703
-0.0945223
-0.174534
-0.25768
-0.358206
-0.486374
)
;
    }
    AMI2
    {
        type            cyclicAMI;
        value           nonuniform List<scalar> 
162
(
-0.159722
-0.164671
-0.168312
-0.172201
-0.170345
-0.171198
-0.160087
-0.157091
-0.14174
-0.135876
-0.120777
-0.111751
-0.0918859
-0.0797044
-0.0597834
-0.0488633
-0.0434126
-0.0371768
-0.0434467
-0.0408898
-0.0497169
-0.0476228
-0.0538058
-0.0525658
-0.0560803
-0.0573679
-0.0612686
-0.0663089
-0.0739768
-0.0840118
-0.0962525
-0.111098
-0.127215
-0.145616
-0.163811
-0.18381
-0.201648
-0.221141
-0.236025
-0.253308
-0.263094
-0.282128
-0.285441
-0.290473
-0.286228
-0.284056
-0.27312
-0.265125
-0.249094
-0.23676
-0.21749
-0.202319
-0.181855
-0.164889
-0.144583
-0.126862
-0.10752
-0.0899785
-0.071955
-0.0552248
-0.0384798
-0.022751
-0.00671395
0.00822685
0.0240788
0.0387757
0.0547163
0.0695314
0.0857151
0.100537
0.116593
0.130974
0.145712
0.158669
0.170773
0.180717
0.188722
0.194062
0.196757
0.196422
0.193274
0.186654
0.202739
0.217764
0.233026
0.246082
0.258597
0.267861
0.275838
0.279919
0.282161
0.280473
0.27669
0.269626
0.260381
0.248897
0.235387
0.220565
0.20431
0.187718
0.170497
0.153786
0.137389
0.122238
0.108381
0.0964294
0.0866194
0.0792601
0.074598
0.072691
0.0736849
0.0773771
0.0837277
0.0922873
0.102824
0.114663
0.127451
0.140353
0.15301
0.164536
0.174698
0.182714
-0.158685
-0.153505
-0.148551
-0.143522
-0.139062
-0.134724
-0.12977
-0.125204
-0.120344
-0.114607
-0.108648
-0.102083
-0.0947227
-0.0868169
-0.0783713
-0.0694451
-0.0600774
-0.050434
-0.0406702
-0.0307562
-0.0208628
-0.0111478
-0.0014829
0.00796171
0.0170409
0.0259689
0.0346892
0.043072
0.0513885
0.0597913
0.0681808
0.0768117
0.0861194
0.0960063
0.106488
0.118317
0.131214
0.144603
0.159707
0.175744
)
;
    }
    walls
    {
        type            calculated;
        value           uniform 0;
    }
    front
    {
        type            empty;
        value           nonuniform 0();
    }
    back
    {
        type            empty;
        value           nonuniform 0();
    }
}


// ************************************************************************* //
