/*--------------------------------*- C++ -*----------------------------------*\
  =========                 |
  \\      /  F ield         | OpenFOAM: The Open Source CFD Toolbox
   \\    /   O peration     | Website:  https://openfoam.org
    \\  /    A nd           | Version:  6
     \\/     M anipulation  |
\*---------------------------------------------------------------------------*/
FoamFile
{
    version     2.0;
    format      ascii;
    class       volVectorField;
    location    "1.8e-05";
    object      U;
}
// * * * * * * * * * * * * * * * * * * * * * * * * * * * * * * * * * * * * * //

dimensions      [0 1 -1 0 0 0 0];

internalField   nonuniform List<vector> 
2370
(
(1.63794 0.194137 -0.00534334)
(0.834329 0.506662 -0.00731984)
(0.0238068 0.884074 0.025297)
(0.778353 0.232607 0.0012187)
(0.435545 -0.0580856 -0.00591625)
(1.31087 -0.274945 0.00467415)
(0.386327 0.432505 0.0071465)
(0.748064 0.255267 0.000599605)
(0.845875 0.168881 0.000722231)
(0.839393 0.161795 0.00227032)
(0.7577 0.233725 0.000585705)
(0.871319 0.149641 0.000553008)
(0.914122 0.241326 -9.20618e-05)
(0.712304 0.330332 0.00491845)
(0.566824 0.48266 -0.00115655)
(0.810435 0.231921 0.000317271)
(0.809594 0.222355 0.00526608)
(0.697258 0.197614 0.000844505)
(0.611271 0.410788 0.00207463)
(0.946235 0.334242 -0.00399542)
(0.835805 0.184168 0.0012493)
(0.807792 0.233786 -3.99748e-05)
(0.364766 0.534802 0.00624)
(0.813559 0.163797 -0.00100065)
(0.782494 0.108012 -0.000505785)
(0.860884 0.169186 0.00263164)
(1.03558 -0.0611373 0.00372004)
(1.01146 0.44952 -0.00225112)
(0.918696 0.114204 -0.0348839)
(0.814068 0.144106 -0.000649457)
(0.648213 0.462519 -0.00150169)
(0.93102 0.188067 0.00334745)
(1.00882 0.126001 0.000639515)
(0.617456 0.924429 0.000179322)
(0.853138 0.167862 0.00129903)
(0.454818 0.582588 0.00515602)
(0.783958 0.245924 0.000795464)
(0.750747 0.153567 -0.0020321)
(0.824362 0.252832 -0.00166541)
(1.10829 -0.0761001 0.00878137)
(0.866031 0.12974 0.00256646)
(1.22131 -0.0255898 0.00354172)
(0.886582 0.0654653 0.00283173)
(0.748839 0.249405 0.00190919)
(0.612938 0.461269 0.00531334)
(0.624515 0.33479 0.00223224)
(1.13144 -0.0539044 0.00438062)
(0.623079 0.415355 0.00229772)
(0.90775 0.081363 0.00103951)
(-0.0585619 1.08488 0.0170056)
(1.15077 0.59705 -0.00882552)
(0.855013 0.137985 0.00360129)
(1.27591 -0.318199 0.00802309)
(0.693061 -0.00277381 -0.00309818)
(1.16998 -0.168236 0.00529598)
(0.484871 0.638645 0.00508304)
(0.765133 0.231093 0.00247311)
(0.56074 0.508104 0.00362973)
(1.04548 -0.0643967 0.00380318)
(0.783957 0.240212 0.00199152)
(0.814804 0.19921 0.00172715)
(0.514772 0.532151 0.00265649)
(0.802505 0.227567 0.00135086)
(1.08027 -0.0625501 0.00385759)
(0.648937 0.0283487 -0.00531778)
(0.702129 0.107222 -0.00275693)
(1.0438 0.365376 -0.0061548)
(0.785434 0.196523 -0.00119585)
(1.14747 -0.0530546 0.00444424)
(0.810261 0.235068 -0.00115653)
(0.508518 0.453643 0.00439992)
(1.00367 -0.097445 0.00399804)
(0.580721 0.499144 0.0043724)
(1.09629 -0.0567386 0.00441856)
(0.569896 -0.139352 -0.0031459)
(0.812508 0.231568 -0.00134923)
(0.543032 -0.0178064 -0.0029311)
(1.08854 0.47832 -0.00399384)
(0.781747 0.19608 -0.00149076)
(0.420102 0.545381 0.00662443)
(1.1558 -0.070089 0.0057154)
(0.773538 0.250146 0.0014936)
(0.825284 0.204714 0.00204878)
(0.296469 -0.376198 -0.00897819)
(0.811244 0.209768 0.00146983)
(0.680314 0.42057 0.00165598)
(0.992836 0.0178458 0.0042871)
(1.09256 0.512423 -0.00321486)
(0.54624 0.443424 0.00172552)
(0.891951 0.359526 -0.00336643)
(0.637078 0.056148 -0.0021454)
(0.536169 0.583124 0.00441852)
(0.741924 0.247735 0.00253923)
(1.12841 0.713423 -0.00663047)
(0.514562 0.40781 0.00418767)
(0.71696 0.268092 0.00126822)
(0.953512 0.0901645 0.00140498)
(0.980044 0.399982 -0.00289695)
(0.62061 0.406697 0.00291584)
(0.892862 0.346992 -0.00195468)
(0.561343 -0.0609893 -0.00475345)
(0.916352 0.374443 -0.00221541)
(1.01278 0.540985 -0.00480891)
(0.870724 0.157128 0.0029747)
(1.12718 -0.142429 0.00560524)
(0.988376 0.0240523 0.00402808)
(0.854622 0.157511 0.00039997)
(1.01443 -0.0711271 0.0034392)
(1.05882 -0.16464 0.0040681)
(0.58887 0.408676 0.00332618)
(0.813308 0.199213 0.000814234)
(1.04654 -0.0107202 0.00357144)
(0.608841 0.401598 0.00421223)
(0.665503 0.115902 -0.0019736)
(1.00981 0.386136 -0.00343064)
(0.882641 0.0940169 0.00174141)
(0.768595 0.254951 0.000911798)
(0.657677 0.0493432 -0.00216333)
(0.666958 0.298319 0.00189755)
(1.0013 0.493035 -0.00458759)
(0.980894 0.0718255 0.00264413)
(0.622228 0.290239 0.00123584)
(0.574323 0.377726 0.0028304)
(0.449677 -0.018596 -0.00438945)
(1.12174 -0.233861 0.00281483)
(0.629622 0.379077 0.00357384)
(0.895232 0.0272177 0.00131517)
(0.779852 0.222893 0.001002)
(0.664493 0.0834701 -0.00290691)
(0.937671 0.328875 -0.00274953)
(1.01908 0.429039 -0.00310288)
(0.38519 -0.0532504 -0.00544057)
(0.590143 -0.00896414 -0.00260316)
(0.87518 0.270651 -0.0014893)
(0.441755 0.45246 0.0047014)
(1.49933 0.643932 -0.00986583)
(0.835382 0.261147 -0.00267168)
(1.0447 0.0577091 0.00311849)
(0.56106 -0.00248492 -0.00439191)
(0.677406 0.432937 0.00287736)
(0.904892 0.305361 -0.00318827)
(0.580111 -0.0145624 -0.00306824)
(0.799726 0.216199 -0.000566658)
(0.735539 0.10352 -0.00198975)
(0.813684 0.232705 -0.00144698)
(0.847132 0.18007 0.00121226)
(0.673828 0.0955199 -0.00382256)
(1.07856 0.507293 -0.00319138)
(0.995042 0.396509 -0.00140837)
(0.747969 0.148306 -0.00228813)
(1.05206 0.225214 -0.0133544)
(0.69384 0.00971597 -0.00183935)
(0.680233 0.362884 0.00294331)
(0.640124 0.0253891 -0.00145694)
(1.0022 0.353853 -0.00227211)
(0.956307 0.0576523 0.0034054)
(0.526432 0.380003 -0.0262011)
(0.755254 0.343627 0.00324496)
(0.738919 0.375932 0.000641173)
(0.856434 0.434508 0.00145548)
(-0.525068 0.701262 0.0476708)
(1.26134 0.154236 0.0261517)
(0.690768 0.345077 0.00171457)
(0.328443 0.0911843 -0.00492634)
(0.457219 -0.0420062 -0.00371213)
(0.99396 0.423661 -0.00282097)
(0.773863 0.18064 -0.00172271)
(0.795407 0.205966 -0.00124484)
(0.420532 0.128133 -0.00686559)
(0.761937 0.195629 -0.000912133)
(0.843827 0.184116 0.00135563)
(0.893375 0.332514 -0.00226498)
(0.719357 -0.0514406 -0.00226466)
(0.772514 0.169738 -0.00111262)
(0.950633 0.318396 -0.00121214)
(0.97872 0.394108 -0.0022563)
(0.722455 0.292088 0.00190854)
(0.785342 0.199412 0.000352211)
(0.765596 0.23209 0.000180171)
(0.724359 0.128412 -0.002059)
(0.786917 0.230966 0.00128971)
(0.791416 0.204211 0.000279183)
(0.988186 0.0565037 0.00424732)
(0.783346 0.214841 -6.99594e-05)
(0.784062 0.193683 -0.00138062)
(0.707878 0.192218 0.00124306)
(0.896502 0.125391 -0.00101835)
(0.639912 0.0393806 -0.00517601)
(0.758628 0.271981 0.0018686)
(0.609542 0.398871 -0.0146032)
(0.781666 0.183093 0.00080342)
(0.795773 0.238966 -0.000803933)
(0.665792 0.069445 -0.00386788)
(0.784353 0.288569 -0.000508233)
(0.671985 0.18103 0.00394925)
(0.74587 0.152632 -0.00263325)
(1.298 -0.249723 0.00521868)
(0.951187 0.372735 0.000677303)
(1.05814 0.0107202 0.000295929)
(-0.305168 1.14834 0.0159114)
(0.498343 -0.0979688 -0.00576341)
(0.851045 0.755685 0.00328238)
(0.56688 0.392547 0.00168169)
(0.756339 0.360782 -1.72722e-05)
(1.36833 0.852637 -0.00688739)
(0.800022 0.278603 0.00673406)
(1.0667 0.571165 -0.000701022)
(0.663312 0.450985 0.000290071)
(0.770896 0.213528 -0.00159583)
(1.45048 0.79054 -0.00736709)
(0.499545 0.150398 0.00617822)
(1.74933 1.20023 -0.0160919)
(0.897206 0.299391 -0.00116428)
(0.693659 0.432341 -0.00149093)
(0.501892 -0.073576 0.00504018)
(0.43497 0.2329 -0.0116636)
(0.821608 0.197884 -0.000738651)
(0.78193 0.215148 0.00472995)
(0.931346 -0.0148369 0.00801189)
(0.854339 0.403904 0.0115008)
(0.798242 0.197277 0.000514336)
(0.779774 0.212184 -0.00116096)
(0.69118 0.125159 -0.007262)
(0.788132 0.215953 -0.000722855)
(0.783781 0.312087 0.0224937)
(0.759928 0.205824 0.00385405)
(0.867045 0.250866 -0.00680035)
(0.739878 0.207011 0.00359867)
(0.95168 -0.0827786 -0.00630466)
(0.822559 0.270641 0.00191929)
(0.998389 0.270985 0.0084603)
(1.08811 0.316339 -0.00211368)
(1.38295 0.85395 -0.011432)
(0.785198 0.153476 -0.00110217)
(0.836405 0.214394 -0.00154142)
(0.655246 0.359116 0.00213742)
(0.748747 0.253441 0.000152035)
(0.804316 0.11457 0.00010788)
(0.809103 0.105412 2.72951e-05)
(0.785741 0.206134 0.00127969)
(0.857729 0.261565 -0.00015933)
(0.925736 0.331897 -0.00162186)
(0.784952 0.226274 -1.0231e-05)
(0.718106 0.194083 -0.000336635)
(0.799625 0.236492 -0.000149548)
(0.774706 0.217553 -0.000244129)
(0.720388 0.428066 0.00137254)
(0.922278 0.21223 0.00121762)
(0.702639 0.20847 -3.69625e-05)
(0.999985 -0.0850684 0.0017329)
(0.827142 0.27598 0.00353038)
(0.776608 0.22281 0.000204904)
(1.26217 0.251169 0.00157715)
(0.970357 0.373233 0.00089559)
(0.794525 0.226796 -5.75188e-05)
(0.80477 0.197631 0.00381137)
(0.776401 0.228127 0.00539798)
(0.910463 0.338847 -0.00407204)
(0.724342 0.137107 -0.00348428)
(2.34644 1.76408 -0.0419002)
(-0.276819 -1.04377 -0.022845)
(0.793387 0.21283 -0.00300349)
(0.812128 0.248837 -0.00232708)
(2.1804 1.51106 -0.0406287)
(0.71982 0.138489 -0.00224774)
(1.76836 1.20714 -0.0212583)
(0.728905 0.140869 -0.00495717)
(-0.232609 -0.881766 -0.0253225)
(0.792795 0.208937 -0.00382285)
(0.376799 -0.203863 -0.0073049)
(1.75376 1.18389 -0.0189624)
(0.657119 0.0653054 -0.00513949)
(0.644945 0.0553278 -0.00281482)
(-0.0707868 -0.551084 -0.0153548)
(0.00614288 -0.544356 -0.0169736)
(0.467137 -0.0976771 -0.00579742)
(0.785358 0.276204 -0.000255461)
(0.955486 0.407577 -0.000610207)
(0.827241 0.131472 -3.76768e-05)
(0.800288 0.262666 -0.000386295)
(0.769707 0.121282 -0.000269981)
(0.684389 -0.0153955 -0.00273145)
(0.837869 0.242866 -0.000322585)
(0.721286 0.129772 -0.00300531)
(0.585631 -0.0755347 -0.00964331)
(0.553078 0.282952 -0.000372191)
(0.928165 0.179154 -0.00608696)
(0.797545 0.247208 -0.000311)
(0.805654 0.203214 -0.000312406)
(0.927389 0.564662 -0.00799514)
(1.44118 -0.774251 -0.00470222)
(0.805856 0.24747 -0.000262774)
(0.342559 0.0185223 -0.00221737)
(0.19013 0.724906 -0.00112016)
(0.793266 0.249963 -0.000253239)
(0.788257 0.262378 -0.000223404)
(0.804092 0.236262 -0.00018648)
(0.828469 0.246472 -0.000251728)
(1.57068 -0.469956 -0.0012268)
(1.25793 0.354744 -0.00263896)
(0.813199 0.235924 6.55917e-05)
(1.42292 -0.331422 -0.00192597)
(-0.0386792 0.0320505 -0.00275562)
(0.814101 0.23929 -0.000334869)
(0.799551 0.23878 -0.000553156)
(0.598909 -0.0957767 -0.00894093)
(0.0021115 -0.00120408 -0.00234636)
(0.217125 -0.110137 -0.00917458)
(0.134267 0.189954 -0.00118582)
(0.881197 0.29922 -0.00120036)
(0.552552 0.232065 0.000196737)
(0.867929 0.253205 -0.000357033)
(0.797083 0.270439 7.19779e-05)
(0.798226 0.0596408 -0.00269622)
(1.0144 0.468572 -0.00278477)
(0.827249 0.162876 -0.00139451)
(0.787269 0.23777 0.001029)
(0.936711 0.190435 -0.00137324)
(0.503865 0.490076 0.00175331)
(1.28232 0.594788 -0.0112132)
(0.310781 -0.187476 -0.0126326)
(0.758658 0.229993 3.18231e-05)
(0.763238 0.170245 -0.00288261)
(0.3833 -0.225492 -0.00821036)
(0.229226 -0.381493 -0.00948644)
(0.82892 0.205886 5.01553e-06)
(0.793408 0.147263 0.00143205)
(1.00321 -0.0123221 0.00472889)
(0.527095 0.491643 0.00327735)
(0.674428 0.0883305 -0.0029708)
(1.07469 0.319408 -0.00116319)
(0.78711 0.198681 0.000303512)
(0.60615 0.0374947 -0.00901207)
(0.804671 0.131553 2.98319e-05)
(0.78559 0.168503 -0.00032402)
(0.643701 0.282953 -0.00278672)
(0.811151 0.273611 -0.000422552)
(0.638545 0.143862 -3.70389e-05)
(0.750315 0.230567 0.000877348)
(0.95988 0.0675791 -0.00295214)
(0.687326 0.104459 -0.00299865)
(0.951949 0.446798 -0.000752947)
(1.38321 0.809454 -0.00930957)
(0.857954 0.282935 -0.000209854)
(0.748463 0.0622264 0.000148855)
(1.04842 0.402594 0.00456088)
(0.53135 0.251793 -0.000480988)
(0.969714 0.370225 0.00344403)
(0.610932 0.37184 -0.000132645)
(0.847202 0.250626 0.00343603)
(0.949809 0.184952 -0.00137122)
(0.807317 0.520108 -0.000704741)
(0.8128 0.481007 -0.00187532)
(0.896326 0.228178 0.000288867)
(0.768279 0.170355 -0.000328247)
(0.804241 0.193499 0.00067961)
(0.83124 0.0884181 0.000374585)
(0.836024 0.233118 5.83709e-05)
(0.726546 0.280401 0.000788282)
(1.02707 0.05163 0.00691295)
(0.501934 0.499732 0.00490622)
(0.804997 0.25156 0.000164025)
(0.657031 0.319014 0.000595556)
(0.995703 0.179372 -0.00118468)
(0.836042 0.0797583 0.000456342)
(0.613841 0.192543 -0.00138757)
(0.969763 0.350764 -0.00157267)
(0.98469 0.0239498 0.00363967)
(0.80294 0.154645 0.000572511)
(0.908495 0.185872 0.000288253)
(0.883081 0.151143 -0.000992281)
(0.793142 0.225129 0.000255608)
(1.00829 -0.124593 -0.000131854)
(0.800246 0.223998 -5.22397e-05)
(0.839136 0.339928 0.000424624)
(0.846989 0.252036 0.00175318)
(0.533014 -0.0702449 -0.00482641)
(0.759929 0.152708 0.000391826)
(0.385696 -0.293637 0.0142416)
(0.744741 0.116898 0.00262118)
(0.827854 0.179704 0.00283416)
(1.11976 0.184077 0.00141555)
(0.766511 0.254825 0.00261827)
(0.770184 0.316995 0.00303922)
(0.666485 0.177798 -0.000316638)
(0.857449 0.0591167 -0.00107384)
(0.854849 0.170873 -0.000594602)
(0.761812 0.314257 -0.000254738)
(0.527872 -0.0422979 -0.00433386)
(0.702617 0.180568 -0.000467742)
(0.639428 -0.178975 0.000128145)
(0.825094 0.304677 -0.00232913)
(0.853992 0.278271 -0.000311487)
(0.792178 0.266843 -0.000408614)
(0.838101 0.207323 -0.000510988)
(0.867898 0.263358 0.00309793)
(0.740357 0.131511 -0.00121524)
(1.20531 0.606578 -0.00535553)
(0.749039 0.243217 0.000597843)
(1.14527 -0.777364 0.0109491)
(0.771597 0.155881 0.000240518)
(0.697566 0.101937 0.00217155)
(0.683269 0.217655 0.0292298)
(0.787881 0.215825 0.00129753)
(0.833203 0.237489 0.00247602)
(1.47214 -0.133447 0.0277639)
(0.966906 1.12094 0.0166805)
(0.780348 0.280618 0.00173643)
(0.782314 0.234748 0.00224016)
(0.106792 -0.499372 0.022894)
(0.79915 0.30568 0.00220113)
(0.771567 0.235812 0.00177118)
(0.811718 0.189761 -0.0035051)
(0.75011 0.258204 0.00180517)
(0.0638402 -0.579763 0.0240726)
(0.825941 0.246513 0.0016663)
(0.779561 0.319174 0.000410424)
(0.741678 0.190866 0.000437517)
(0.935686 0.20204 0.000899445)
(0.97528 0.0522188 -0.00115821)
(0.758375 0.193714 -0.000318375)
(0.651702 -0.171784 0.0136821)
(1.04999 -0.198798 0.00904178)
(0.705186 0.121017 -0.00394169)
(0.806522 0.235764 0.00092421)
(0.83281 0.475081 0.00842782)
(0.683939 0.341036 0.000995241)
(0.735785 0.259552 0.00200914)
(0.768761 0.250457 -0.000367501)
(0.79233 0.25183 0.000753565)
(1.11939 0.576707 0.0109009)
(0.838822 0.238095 0.00185629)
(0.837766 0.213149 0.00207852)
(0.83739 0.225605 0.00311669)
(0.84966 0.105043 0.000569716)
(0.807101 0.214727 0.00238652)
(0.926146 0.203297 -0.00229053)
(0.805747 0.255036 0.000295305)
(1.14636 0.175545 0.0101507)
(0.490554 -0.124942 -0.00785358)
(0.752594 0.229691 -0.000309784)
(0.796199 0.358735 0.00627757)
(0.539432 0.295234 -4.90829e-05)
(0.803229 0.205136 0.000117755)
(1.22575 0.587709 0.0108377)
(0.817606 0.227288 -6.63478e-05)
(0.771996 0.185459 -0.000971741)
(0.932191 0.0611588 0.00324825)
(1.02293 0.197497 0.000558686)
(0.663945 0.0721405 -0.00291143)
(0.803354 0.156765 -8.93338e-05)
(0.605514 0.025832 -0.0061935)
(0.80667 0.242304 -0.000194238)
(0.790828 0.309968 -0.000510793)
(1.17064 0.291871 -0.000746008)
(0.986784 0.152397 0.00548793)
(0.849003 0.336421 -0.00774903)
(0.795447 0.193393 0.00235106)
(1.3034 0.735637 0.01477)
(0.82215 0.200312 0.000108508)
(0.667094 -0.0578271 0.000389693)
(0.797082 0.223271 0.000316507)
(0.786644 0.475512 0.00188426)
(0.748439 0.142972 0.000766703)
(0.764507 0.349095 0.000390526)
(1.12201 0.194626 0.00579376)
(1.60647 1.0203 -0.0124504)
(0.86878 0.122111 -0.00277265)
(0.790142 0.135118 5.62421e-05)
(0.877619 0.275897 -0.00177795)
(0.663529 0.25654 0.00217848)
(0.722635 0.0300642 -0.000545565)
(0.833951 0.184445 0.00208949)
(1.25201 0.68385 0.0143744)
(1.25325 0.422771 0.00574729)
(0.902371 0.190444 0.0005252)
(0.786868 0.0107296 0.00121505)
(0.857569 0.235324 -0.000706907)
(0.765747 0.223264 -0.000476943)
(0.785639 0.336184 -0.000336289)
(0.780008 0.201594 -0.000429799)
(0.635738 0.0829689 -0.0022836)
(0.403586 0.644526 0.0128754)
(0.80282 -0.170037 -1.09713e-05)
(0.779553 0.184746 0.00330306)
(0.711124 0.227539 -0.000881923)
(0.832406 0.228743 -0.00310847)
(0.778366 0.126616 0.000719651)
(0.636636 0.208484 0.000164403)
(0.871035 0.21732 0.00102832)
(0.74942 0.272628 0.00381909)
(0.80565 0.234421 0.000428527)
(1.01813 0.122201 0.000922488)
(0.674842 0.25186 0.00230529)
(0.694006 -0.162586 0.00663072)
(0.70053 0.357893 0.00858147)
(1.08324 0.495754 -0.00468508)
(0.491602 -0.0323648 0.00624963)
(0.606411 0.257084 0.00123989)
(0.732534 0.3059 0.000472762)
(0.776091 0.217228 -0.00233334)
(0.630389 0.423724 0.00549436)
(0.942004 0.274952 0.00498508)
(0.639937 0.192738 -0.000723082)
(0.943189 0.386774 -0.000546083)
(0.667867 0.258487 -0.000295427)
(0.403621 -0.149654 -0.00783778)
(0.665305 0.240588 -0.000352313)
(0.808528 0.303609 -0.000797434)
(0.680408 0.166267 -0.00082068)
(0.874911 0.199108 -0.000504256)
(0.80664 0.447515 0.00542631)
(0.659297 0.444203 0.00586053)
(0.919628 0.224694 0.00119423)
(0.71595 0.319737 -0.00224494)
(0.91105 0.237079 -0.000812524)
(0.733594 0.284094 -0.00125677)
(0.741948 0.17996 0.000706432)
(0.747569 0.336856 9.374e-05)
(0.802869 0.15286 0.000699861)
(0.579583 0.2885 0.00113278)
(0.953246 -0.293155 0.00045045)
(0.910595 0.0288632 0.000616424)
(0.919165 0.296593 0.0039667)
(0.772529 0.289239 0.000714128)
(0.696683 0.249172 0.00334354)
(1.11222 -0.0405216 0.00851672)
(0.768518 0.206308 -0.000469549)
(0.969076 0.106089 0.00326944)
(0.838997 -0.0641498 0.007612)
(0.735301 0.22826 -0.00135465)
(0.799596 0.0179578 0.0054447)
(0.746854 0.266067 0.00428082)
(0.657485 0.217878 0.00502098)
(0.849067 0.188066 0.000543123)
(0.896707 0.291013 -0.00179648)
(0.857117 0.190567 -0.000922977)
(0.906695 0.0904283 -0.00212041)
(1.03136 0.30166 -0.00146416)
(0.867391 0.0226453 0.000835982)
(0.97826 0.414194 0.00355002)
(0.74671 0.225823 0.000326746)
(0.90543 0.328376 0.000568477)
(0.898872 0.138448 0.00051106)
(0.823028 0.0498872 -0.000876686)
(0.807764 0.0816306 -0.00251492)
(0.788123 0.13149 0.000417441)
(0.800171 0.210347 9.30288e-05)
(0.846955 0.403326 0.000454898)
(0.936576 0.310978 0.00296243)
(0.793858 0.290081 -0.000397478)
(0.73002 0.2044 -2.94587e-05)
(0.761259 0.269105 -0.00307125)
(0.733843 0.280105 0.0022818)
(0.633808 0.490961 0.00116761)
(0.393402 -0.0401965 0.00574258)
(0.776824 0.219936 0.000118438)
(0.787969 0.136044 0.00055548)
(1.19299 0.708381 -0.0056385)
(0.811143 0.377061 0.00543087)
(0.71629 0.305345 0.000428206)
(0.745565 0.0201907 0.000533266)
(0.725878 0.599741 0.00118987)
(0.870669 0.207795 -0.000329388)
(0.717158 0.232296 0.000349769)
(1.20124 -0.252209 0.0126472)
(0.836982 0.0593355 0.0048229)
(0.700362 0.404631 0.00453444)
(0.999404 -0.137502 0.0126599)
(0.600107 0.0091344 -0.00506934)
(0.788324 0.258064 -0.00064099)
(0.737001 0.28827 -0.00165771)
(0.691079 0.213005 -0.00386278)
(0.893447 0.356476 -0.00226137)
(0.88258 0.123421 0.00505541)
(0.82724 0.164977 0.000628703)
(0.946716 0.216724 -0.00251861)
(0.862262 0.199717 0.00344825)
(0.887977 0.316031 -0.00303635)
(0.843132 0.32684 -0.0030606)
(0.815806 0.231173 0.000533235)
(0.627408 0.319917 -0.000703377)
(0.820137 0.197283 0.00204235)
(0.851115 0.153342 0.000309148)
(0.832569 0.163097 -0.000138166)
(1.13531 0.51041 0.00548908)
(0.598713 0.135825 -0.0033526)
(0.965099 0.0246365 -8.59843e-05)
(0.836547 0.330348 -0.00070957)
(0.807101 0.380441 -0.000139655)
(0.809557 0.259458 0.000449156)
(1.1954 0.219304 -0.00429427)
(0.818158 0.232742 -0.00247782)
(0.816524 0.155883 -0.000227308)
(0.880904 0.188175 0.00397687)
(0.827941 0.22984 0.00193877)
(0.819045 0.222601 0.00190401)
(0.832236 0.216813 -0.00201807)
(0.705742 0.305972 0.00337989)
(0.892452 0.300779 -0.000405456)
(0.79897 0.225997 0.000514234)
(1.2242 0.592768 -0.00788392)
(0.519642 -0.0272188 -0.00666121)
(0.723995 0.200406 -0.000353743)
(0.727087 0.172053 -0.001769)
(0.776374 0.247035 -0.000437348)
(0.768806 0.182604 0.00283708)
(0.854556 0.265987 -0.000429063)
(0.797749 0.307922 0.0024986)
(0.878117 0.322333 0.00309322)
(0.84384 0.264374 0.00097049)
(0.699551 0.188989 0.00376631)
(0.846509 0.0902287 0.00107651)
(1.00962 0.0227742 0.00449633)
(0.586587 0.422445 0.00335817)
(0.777074 0.162915 0.000160158)
(1.06768 0.281222 -0.00107406)
(0.857924 0.0533596 -0.000999289)
(1.02635 0.239179 -0.00094472)
(0.915866 0.505525 -0.00481997)
(0.78858 0.191203 -0.000311122)
(0.783237 0.273326 0.00153813)
(0.570471 0.211124 -0.00128931)
(0.781915 0.109139 0.000290836)
(0.857136 0.110638 0.00370063)
(0.899326 0.218136 0.000988819)
(0.203771 -0.320344 -0.00866998)
(0.950127 0.398078 -0.00315477)
(0.85932 0.21297 0.0019394)
(0.809753 0.206201 0.00261353)
(1.02354 0.208756 -0.000989481)
(0.631512 0.192083 -0.00361943)
(0.802916 0.219897 0.000280013)
(0.888594 -0.0838396 -0.000109885)
(0.852744 0.139895 -0.00149856)
(0.800374 0.236111 0.000522214)
(1.06489 -0.170965 -0.0123747)
(0.919814 0.0792696 0.00272598)
(0.774192 0.257441 -0.000379955)
(0.795143 0.152813 -0.000128051)
(0.847128 0.219349 0.000510373)
(0.736678 0.524995 -0.00265374)
(0.312973 0.113125 -0.00108181)
(0.884855 0.232756 0.000873758)
(0.861596 0.405154 -0.00567268)
(0.620421 0.132659 -0.00528601)
(0.781556 0.158476 -0.000934599)
(1.23675 -0.209682 0.0080509)
(0.895238 0.164287 0.000761372)
(0.798363 0.285317 -0.000577796)
(0.768176 0.232334 0.00273629)
(0.789497 0.127506 2.87213e-05)
(0.65692 0.110238 -0.00393631)
(0.778506 0.244871 -0.000379067)
(0.56922 0.385172 -0.000853068)
(0.919928 0.0939053 -0.0020904)
(0.791309 0.158176 0.000214618)
(0.831182 0.138366 -0.00139001)
(0.526352 0.113389 -0.00454461)
(0.970164 0.05432 -0.00367808)
(0.605252 0.250122 0.000353256)
(0.462553 0.563334 0.00576246)
(0.415699 -0.0344162 -0.0126329)
(0.740163 0.230527 0.00100401)
(0.691566 0.414311 0.00304547)
(0.10953 0.938427 0.0182321)
(1.01491 0.0938643 0.000634571)
(0.998525 0.32312 -0.00398889)
(1.27928 -0.249189 0.00564426)
(0.783904 0.233303 -0.000402984)
(0.811906 0.238554 0.000540201)
(0.841143 0.220069 0.0013228)
(0.750877 0.127677 -0.00017291)
(0.78623 0.216607 -0.000308719)
(0.730498 0.364507 0.000897456)
(0.861143 0.256617 0.00106811)
(0.823799 0.281248 0.000562422)
(0.828274 0.239002 -0.00217788)
(0.783106 0.20234 0.00145282)
(0.77132 0.167943 0.00142702)
(0.843019 0.231713 -0.000244664)
(0.824154 0.237443 -0.000193229)
(0.813546 0.212358 0.000425444)
(0.698623 0.110104 -0.00184529)
(0.809486 0.245584 0.000484754)
(0.82038 0.208701 0.00144521)
(0.80161 0.244593 0.000302417)
(0.598505 -0.0985567 -0.00390487)
(0.809188 0.205111 0.00163937)
(0.78871 0.224554 -0.000316104)
(0.816834 0.239185 -0.00205799)
(0.843076 0.173751 0.00317871)
(1.28029 -0.270576 0.00885392)
(0.60473 0.400805 0.00529408)
(0.758638 0.0354291 -0.00134166)
(0.98333 -0.379357 0.00717101)
(0.83255 0.073862 -0.000983409)
(0.732421 0.327512 0.00127267)
(0.867545 -0.0224538 -0.000847654)
(0.655242 0.329395 -0.000337819)
(1.02551 0.346723 -0.00377171)
(0.810083 0.254132 -0.000146828)
(0.535046 0.405654 -0.0036611)
(0.804028 0.222699 0.000979273)
(0.773965 0.221654 -0.000250841)
(0.799087 0.193059 1.56237e-05)
(0.964905 -0.00616267 0.00525762)
(0.790559 0.236763 -0.000121956)
(0.761018 0.372917 -0.00137246)
(0.797071 0.323402 -7.96663e-05)
(0.623839 0.347115 0.000978973)
(0.804841 0.202146 0.00123626)
(0.880712 0.387329 -0.00159765)
(0.778202 0.228991 0.00111476)
(0.787124 0.205053 0.00228558)
(1.04712 0.528761 0.00592103)
(0.590342 0.267418 -0.00585993)
(0.844743 0.269688 -0.00374058)
(0.873349 0.146725 0.00112432)
(0.832582 0.250847 -0.00175853)
(0.797648 0.245401 -0.000452645)
(0.878223 0.438892 -0.00607655)
(0.793672 0.235585 0.000485738)
(0.875988 0.0561809 0.000904854)
(0.830478 0.26045 -0.00243691)
(0.800986 0.217359 -0.000430644)
(0.800627 0.239054 -0.000154419)
(0.400383 -0.153474 -0.00804954)
(0.960425 0.0704575 0.000367933)
(0.731892 0.14046 -0.000381629)
(0.808063 0.380577 -0.000566659)
(0.943453 0.374975 0.00442817)
(0.812314 0.274585 -0.000558988)
(0.754021 0.0795969 -0.000824513)
(0.73339 0.213366 -0.00377668)
(0.774554 0.325902 -0.000534295)
(0.843396 0.203837 -0.00012892)
(0.414412 0.565105 0.0129901)
(0.904583 0.0655921 0.0038144)
(0.648826 0.200442 -0.00754758)
(0.646989 0.59132 0.00377312)
(0.720909 0.170336 -0.00201463)
(0.662834 -0.0579802 -0.00351)
(0.805382 0.237178 -0.00273928)
(0.939664 0.0626363 0.00248388)
(0.899588 0.027525 0.00177728)
(0.886352 0.313036 0.00200589)
(1.17369 0.541141 -0.00681624)
(0.761521 0.260916 0.00293138)
(0.795425 0.195982 -0.000479721)
(0.588298 0.208538 0.000235186)
(0.947171 0.0231677 0.00301807)
(0.799058 0.0744163 -0.00114009)
(1.01809 0.488573 0.00478831)
(0.898548 0.422286 -0.00120267)
(0.814452 0.29655 0.000874634)
(0.801366 0.231973 -0.00173294)
(0.831807 0.176232 -0.00197686)
(0.793277 0.256877 -0.00517236)
(0.930451 0.321728 0.00172734)
(0.761133 0.152942 0.00238671)
(0.787459 0.227908 0.000553609)
(0.700892 0.107122 -0.00412624)
(0.751716 0.195244 0.000706874)
(0.966078 0.38129 0.00303333)
(0.861471 0.173716 -0.00152887)
(0.797552 0.257508 0.000349844)
(0.920521 0.0346681 0.00222716)
(0.792346 0.29648 -0.000211157)
(0.915376 0.0262565 -0.000533521)
(0.773149 0.0539014 -0.00175265)
(0.808545 0.113617 -1.57189e-05)
(0.896305 0.269347 -0.000825897)
(0.957871 0.0266009 0.00552483)
(0.845351 0.257877 -0.000608986)
(0.760837 0.221787 0.000572017)
(0.5219 0.278058 -0.00033889)
(1.00294 0.2127 -0.00557242)
(0.974843 -0.00256065 0.00525472)
(0.577397 0.0107786 -0.00548348)
(0.750613 0.171525 0.000464961)
(1.13819 0.187853 0.00359706)
(0.780521 0.212337 0.00196731)
(0.710504 0.302578 0.00246973)
(0.810559 0.317082 -0.000977691)
(0.759308 0.218026 -1.12337e-05)
(0.85997 0.239428 -0.00044366)
(0.786928 0.284139 -0.000238735)
(0.857715 0.223805 -0.00415303)
(0.824631 0.330434 -0.000457365)
(0.621729 0.00651027 -0.00501755)
(0.814358 0.341 -0.00100246)
(0.443038 -0.11285 -0.00442923)
(0.840725 0.251167 0.000729796)
(0.623735 0.0260199 -0.00313086)
(0.912354 0.209898 0.00449587)
(0.51808 0.455983 -0.00465565)
(0.882165 0.32428 0.000309888)
(0.9684 0.341174 -0.00039841)
(0.687196 0.526791 -0.00194254)
(0.323634 0.260215 -0.000165318)
(0.659354 0.269797 -0.00354991)
(1.21645 0.321042 -0.00661338)
(0.771719 0.196464 0.00165051)
(0.755576 0.195338 -0.00148607)
(0.93328 0.279009 0.000374945)
(0.880568 0.2734 0.0010021)
(0.576578 0.347034 0.00414912)
(0.830958 0.0816661 -0.00340619)
(0.77247 0.14844 5.42751e-05)
(0.794717 0.234982 -0.000188325)
(0.936548 0.114088 0.00343514)
(0.732605 0.290372 -0.000306137)
(0.736902 0.357197 -0.00386203)
(1.11403 0.347425 -0.00136616)
(0.791912 0.153505 0.000614971)
(0.866964 0.422567 0.000841525)
(0.9154 0.350547 0.000807518)
(0.746985 0.111947 0.000650483)
(0.792396 0.22951 -0.00143934)
(0.582879 0.239845 -0.00490501)
(0.746558 0.172484 -0.00315247)
(0.685995 0.148645 0.00118319)
(0.684563 0.175325 -0.00304056)
(1.24269 -0.0658187 -0.00649931)
(1.12167 -0.0713249 -0.00710266)
(0.535418 0.0766246 -0.00377526)
(0.473427 0.587467 0.00559467)
(0.824521 0.372896 0.000145118)
(0.84394 0.203061 -0.00310156)
(0.806132 0.208522 0.00114409)
(0.746173 0.238863 0.00116682)
(0.834725 0.239614 -0.000461939)
(0.986895 0.0224851 0.00249288)
(0.7606 0.301215 0.00212312)
(0.994763 0.0447932 0.00561236)
(0.846723 0.343854 -0.00061045)
(0.467873 0.533613 0.00493188)
(0.789759 0.215093 -0.000260732)
(0.820408 0.220287 -0.00048135)
(0.960768 0.179666 -0.000844255)
(0.770701 0.354297 0.00402745)
(0.990666 0.225821 0.00301947)
(0.612746 -0.261777 0.00366686)
(0.712632 0.171753 0.000405208)
(0.814543 0.206852 -0.00125158)
(0.835707 -0.0947748 -0.00795339)
(1.25883 0.159708 -0.00828055)
(0.702336 0.323526 0.000923829)
(1.07831 -0.0645683 -0.00625115)
(0.789364 0.208322 -0.00134609)
(1.02512 0.5473 -0.00605328)
(0.822713 -0.176349 0.000952623)
(0.90517 0.297517 0.000898288)
(0.677216 0.352029 0.00402616)
(0.823447 0.239928 -0.000462662)
(0.771332 0.301008 0.000332298)
(0.705643 0.0680293 -0.00413996)
(0.766014 0.409403 -0.000187356)
(0.665364 0.310357 0.00233073)
(0.813325 0.193011 0.000688816)
(0.483396 -0.111177 0.00906583)
(0.920914 0.335217 -0.000486611)
(0.753753 0.112932 0.000436453)
(1.03606 0.496039 0.000243428)
(0.633888 0.162891 0.00119887)
(0.844138 0.180921 0.00233808)
(0.765821 0.0669983 0.000462562)
(0.783839 0.0765427 0.00613781)
(0.994058 0.225851 0.000838866)
(0.799772 0.28121 -0.00047049)
(0.676761 0.466592 -0.00145569)
(0.724165 0.22198 0.000322719)
(0.744057 0.455468 0.000660106)
(0.694175 0.115378 -0.00078862)
(0.83135 0.243711 -0.000663106)
(1.00215 0.0466436 -0.00306498)
(1.28055 -0.227735 0.00768786)
(0.769124 0.282793 0.000618526)
(0.967586 0.248139 -0.00850443)
(0.827002 0.305595 -0.000221943)
(0.606371 0.199411 -0.00902274)
(0.834754 0.244413 9.99965e-05)
(0.756509 0.153 -0.000862793)
(0.773441 0.260938 -0.00366864)
(0.532408 -0.0318844 -0.00257928)
(0.556858 0.260123 0.000825964)
(0.516116 0.0192264 -0.00691723)
(0.97647 0.343556 -0.00114809)
(0.694952 0.337763 0.00382688)
(0.778795 0.272177 0.000558663)
(0.622647 0.188484 -0.00137294)
(0.881114 0.133315 -0.00042629)
(0.779581 0.213267 -0.000250989)
(0.795979 0.105848 -0.00152316)
(0.787624 0.278564 0.000812553)
(0.746311 0.221745 -0.00357555)
(0.821572 0.136245 -0.00053683)
(0.632 0.0439967 -0.00471788)
(0.831925 -0.0900418 0.00169704)
(1.2634 0.451484 -0.00788178)
(0.74171 0.219498 -0.000389318)
(0.792864 0.264037 -0.00255755)
(0.805152 0.243123 -0.00204323)
(0.958921 0.0232488 0.00269394)
(0.756124 0.213453 0.000935562)
(0.671756 0.528313 -0.00768507)
(0.91703 0.233904 -0.000660234)
(0.624465 0.180977 0.00212405)
(0.645753 0.0786414 -0.00629724)
(0.843239 0.258195 0.00289065)
(0.546624 0.182614 -0.00135024)
(0.697972 0.328497 0.00264857)
(0.915442 0.155483 -0.000739586)
(0.737253 0.250406 0.00208886)
(0.759209 0.0195376 0.00121341)
(0.735145 0.232204 0.000342326)
(0.617722 0.2201 -0.000221716)
(1.06778 -0.0589345 0.00201142)
(0.724447 0.296596 0.00219959)
(0.805739 0.269936 -0.00215685)
(0.757533 0.311971 0.00513127)
(0.780512 0.107045 0.000821361)
(1.13676 0.519824 0.00550847)
(0.499725 -0.106943 -0.00288174)
(0.829281 0.18565 0.000136995)
(0.694156 0.219153 -0.000851545)
(0.735324 0.391935 0.00106355)
(0.969967 0.362636 0.00264762)
(0.760069 0.286302 0.000580553)
(0.783131 0.33603 0.000866911)
(0.52251 0.487709 0.0053558)
(1.10465 -0.0450221 0.00313627)
(0.85484 0.227204 -0.00120466)
(0.655039 0.165831 -0.00612287)
(0.644714 0.218462 0.000258935)
(0.557548 0.130496 -0.00757607)
(0.655912 0.31381 -0.000473378)
(0.876791 0.144785 0.00143998)
(0.635287 0.287953 0.00203046)
(0.817295 0.236319 -0.00224567)
(0.862283 0.251298 -0.00508769)
(0.787951 0.229255 -0.000360976)
(0.612166 0.237384 -0.00529492)
(0.756285 0.220139 0.000720666)
(0.947104 0.380422 -0.00546128)
(0.803463 0.522675 -0.00729341)
(0.791837 0.0914992 -0.00101757)
(0.741314 0.206252 0.000837697)
(0.834051 0.319663 0.00155603)
(0.814321 0.22444 0.000632522)
(0.736488 0.158928 -0.00254374)
(0.735128 0.108027 -0.00111826)
(0.923179 0.0971582 -0.00100511)
(0.789285 0.234388 0.0001462)
(0.790428 0.250493 -0.000247185)
(0.860747 0.0685464 -0.00111288)
(0.767209 0.237729 -0.000747006)
(0.854282 -0.0289064 -0.00413709)
(0.961137 0.0485472 0.00272585)
(0.973238 0.364001 0.00266189)
(0.781165 0.236389 0.000590028)
(1.17858 0.134148 0.000567679)
(0.477514 0.34777 0.00115836)
(0.80915 0.216821 -0.00136392)
(0.810105 0.225292 -0.00125878)
(0.805015 0.227152 -0.00282501)
(0.528979 0.112636 -0.00744459)
(1.13883 0.182936 0.000845475)
(0.835012 0.0472882 -0.00354991)
(1.43417 0.901436 -0.0129852)
(0.414953 -0.186357 0.00241066)
(0.907942 0.316867 -0.000730731)
(0.587545 0.202266 -0.00106707)
(0.961835 0.0390043 -0.00348393)
(0.996593 0.357527 -0.00472683)
(0.823357 0.258946 -0.000841579)
(0.816617 0.20296 0.000382377)
(0.801183 0.226936 -0.000160959)
(0.61345 0.193346 0.00800251)
(0.793235 0.333329 0.00117757)
(0.610384 0.211752 -0.000409443)
(0.655566 0.193061 -0.000803297)
(0.817057 0.263774 0.000313662)
(0.619121 0.366763 0.00417524)
(1.02209 0.260688 0.000859241)
(0.774496 0.139463 0.000722386)
(1.42257 0.179379 -0.0126601)
(0.877505 0.207693 0.000748807)
(0.791969 0.193876 0.000476724)
(0.927145 0.430925 -0.0033363)
(0.813634 0.332251 -0.000813501)
(0.724157 0.210331 0.000505606)
(1.03373 0.20851 0.00110374)
(0.824182 0.164953 0.00246318)
(0.821199 0.195835 0.00220824)
(0.798421 0.428678 -0.000769216)
(0.778844 0.133574 0.000590446)
(0.700594 0.172339 -0.0058646)
(0.868268 0.248692 0.000667941)
(0.803511 0.259775 -0.000854082)
(0.893879 0.221488 0.00210357)
(0.578842 -0.0395048 -0.00297054)
(0.370731 -0.186783 -0.00781373)
(0.888531 0.295666 -0.00369699)
(0.695425 0.395265 0.000589404)
(0.764886 0.165635 -0.00021938)
(0.819773 0.226943 -0.00059093)
(1.3952 -0.343151 -0.0219411)
(0.971579 0.128374 0.00400004)
(0.580306 0.443752 0.00728929)
(0.804841 0.348356 -0.000538191)
(0.793756 0.211978 0.00325531)
(0.780001 0.311031 0.000134867)
(0.903936 0.163068 0.00061649)
(0.796117 0.211143 0.000283504)
(0.358173 0.635114 0.00740766)
(0.975031 0.403222 -0.00316708)
(0.685194 0.189908 0.00598685)
(0.768187 0.215417 -0.000489638)
(0.74718 0.377061 0.00468077)
(0.947573 0.170674 -0.00102472)
(0.666663 0.203066 0.000158623)
(0.816896 0.227881 -0.00165929)
(0.72098 0.202758 0.0010333)
(0.600441 0.0277255 -0.00226937)
(0.513603 0.473539 0.00319)
(0.826297 0.442846 -0.00129084)
(0.88906 0.292475 -0.00330806)
(0.667242 0.0486743 0.00097136)
(0.952689 0.0686537 0.00121344)
(0.924004 0.218128 0.00370903)
(0.754 0.198649 7.57305e-05)
(0.812444 0.24227 0.000296918)
(0.842133 0.198174 0.00261471)
(0.425483 0.537668 -0.00779146)
(0.817807 0.363638 -0.00136957)
(0.482906 -0.0973821 -0.00390729)
(0.770617 0.315439 -0.00078552)
(0.958462 -0.0422109 -0.00101138)
(0.794426 -0.0275319 0.00828737)
(0.694152 0.331999 0.00535521)
(0.792558 0.166364 0.000499961)
(0.773591 0.282048 0.00231235)
(0.828949 0.28566 -0.000279321)
(0.804077 0.290059 0.00438168)
(0.582849 0.0121516 -0.00621519)
(1.60481 -0.404848 -0.0213863)
(0.707967 -1.17983 -0.0252299)
(0.70098 1.19556 -0.0267761)
(0.789936 0.260214 -0.000727018)
(1.08036 -0.229514 0.00213503)
(0.704071 0.224569 -0.00138356)
(0.780082 0.273773 -0.000703876)
(0.837693 0.260992 -0.00137606)
(0.90945 0.0718646 -0.00129498)
(0.262648 -0.670722 -0.021027)
(0.826964 0.0457617 -0.00399088)
(0.838111 0.305047 -0.00102465)
(0.798542 0.281306 -0.00081439)
(0.0569781 0.667553 -0.0205498)
(0.803249 0.248357 0.000108897)
(0.809099 0.239567 -0.00061166)
(0.784639 -0.0506438 0.00104806)
(0.775985 0.309136 0.00222264)
(0.796452 0.279741 0.000432217)
(0.769437 0.212424 -0.00076809)
(0.816621 0.190608 -0.000991829)
(0.789691 0.270763 0.00125278)
(0.785516 0.258204 -0.00121931)
(-0.131771 0.160182 -0.0116036)
(0.75958 0.105122 0.00315687)
(0.0061979 0.0512386 -0.0219776)
(0.0991345 -0.285923 -0.0304341)
(0.771835 0.231546 -0.00119593)
(0.855264 0.267434 0.00367857)
(0.787811 0.159442 0.00181263)
(0.743635 0.0206595 0.000841728)
(0.783864 0.197353 -0.000974014)
(0.81385 0.237296 -0.00111707)
(0.805774 0.290889 -0.000839485)
(0.81049 0.171449 -0.000330065)
(0.826022 0.639095 -0.00821378)
(0.815977 0.043147 0.000454695)
(0.535737 -0.138414 -0.00719386)
(0.952095 0.441119 -0.00362564)
(0.876956 0.262083 -0.00115213)
(0.702428 0.265891 0.000503869)
(0.792325 0.229912 -0.000891207)
(0.789395 0.235505 -0.000884685)
(0.748623 -0.0368757 -0.00172317)
(0.742808 0.401505 -0.000744391)
(0.770863 0.224155 0.000439708)
(0.726599 0.0616301 -0.00486167)
(1.01357 0.372583 0.000369163)
(0.644619 0.217425 -0.000378979)
(0.85224 0.231843 -0.00100521)
(0.662733 -0.0299301 0.00167803)
(0.911788 0.298226 0.0014192)
(0.99563 0.398398 -0.00439033)
(0.672635 0.131455 -0.00215266)
(0.824064 0.00491704 -0.00492647)
(0.765932 1.02671 -0.0314745)
(0.78358 0.142622 -0.00347369)
(0.710748 0.507689 3.20361e-05)
(0.817475 0.125193 -0.000407799)
(0.807568 0.31478 -0.00302072)
(0.495655 0.164482 0.000503734)
(0.321016 0.697937 0.00805261)
(0.693173 0.311836 0.00390938)
(0.787279 0.211899 0.000488668)
(0.445971 0.213012 0.000503542)
(1.01456 0.218809 0.000627734)
(1.01773 0.566179 0.00130726)
(0.424237 0.624366 0.00613208)
(0.394998 0.712643 0.0105471)
(1.10975 -0.131729 0.00499524)
(0.821744 0.127471 -0.00447396)
(0.703177 0.0716712 0.00106756)
(0.876415 0.377979 -0.00480109)
(0.794531 0.242167 0.000222147)
(1.27467 -0.0240858 0.00186388)
(0.602459 0.414986 -0.0189685)
(0.448538 -0.209555 -0.0040989)
(0.744814 0.160633 -0.000677572)
(0.444671 0.557336 0.0050762)
(0.727443 0.158761 -0.00215428)
(0.284369 0.194801 0.000764674)
(0.811133 0.228262 0.000189991)
(0.809483 0.271563 -0.00105229)
(0.713692 0.271639 -0.000719911)
(0.901607 0.291794 -0.00184588)
(0.396102 0.62317 0.00677141)
(1.22618 -0.138857 0.00479961)
(0.573068 0.415552 0.00431405)
(0.716396 0.195014 -0.0026075)
(1.01001 0.263533 -0.00489101)
(0.787152 0.199223 -0.000104237)
(0.9398 0.087997 0.000858589)
(0.668677 0.334519 0.00452132)
(0.51097 0.197961 -0.00322594)
(0.754045 0.109199 -0.0021869)
(0.481913 -0.130186 -0.00581176)
(0.810133 0.350865 0.00382872)
(0.748649 0.216282 0.000837406)
(1.23579 -0.255248 0.00691324)
(0.605718 0.224578 -0.00477399)
(0.827403 0.208801 0.000496185)
(0.958496 0.0407733 0.000393554)
(0.807695 0.14701 -0.00466024)
(0.964978 0.383043 -0.00351536)
(1.07614 -0.120073 -0.00430374)
(0.840849 0.385829 -0.00053783)
(0.766314 0.212622 -0.000606645)
(0.730618 0.226584 -0.000533083)
(0.470914 0.540018 0.0050091)
(0.913096 0.209164 0.00101629)
(0.967024 -0.187266 0.00178214)
(0.974791 0.243251 -0.000355129)
(0.79151 0.350286 -0.000175717)
(0.766883 0.218472 -0.000449442)
(0.850626 0.182196 0.000636006)
(0.811684 0.162504 -9.26876e-05)
(0.383602 -0.00493863 -0.00936901)
(0.826401 0.039213 0.00555736)
(0.652809 0.236047 0.000666355)
(0.50138 -0.0746039 -0.00315003)
(0.639814 -0.231514 -0.00564139)
(0.821829 0.233222 -0.000335089)
(0.787449 0.205412 0.000465181)
(0.599488 0.19007 0.00184411)
(0.724696 0.323123 0.00334266)
(0.565649 0.0859148 -0.00762879)
(0.702226 0.058447 0.00428183)
(0.972613 0.512259 -0.0082554)
(0.756598 0.210187 -0.000486534)
(0.563852 0.472175 0.0017963)
(0.848521 0.239751 0.0037534)
(0.797677 0.194188 -0.00321601)
(0.913065 0.34693 -0.00488196)
(0.908033 0.367966 0.0020591)
(0.838874 0.17925 0.00231951)
(0.525027 0.438257 0.000780538)
(0.814442 0.0714821 0.000388211)
(0.752316 0.217589 -0.00134136)
(0.800012 0.314695 -4.00672e-05)
(1.01916 0.409363 -0.00604018)
(0.953747 0.246637 -0.00027847)
(0.796075 0.0547553 0.000663482)
(0.634235 0.00827458 5.23134e-06)
(0.804897 0.214476 0.00182363)
(0.388446 0.66391 0.00705258)
(0.80701 0.2194 0.000443962)
(0.868206 0.182796 -0.000383767)
(0.820071 0.128211 7.22163e-05)
(1.09919 0.489433 -0.00932671)
(0.761553 0.181538 -0.000735728)
(0.34636 -0.200814 -0.00717579)
(0.96317 0.242937 1.78925e-05)
(0.686279 0.153783 -0.00326219)
(0.875206 0.163157 0.00219714)
(0.488634 -0.0942755 -0.0040725)
(0.828711 0.217737 -0.000462885)
(0.907435 0.221267 0.000964286)
(0.777748 0.196301 0.00305931)
(0.825067 0.280308 -0.00253864)
(0.816802 0.226568 0.00287082)
(0.84715 0.382057 -0.00110985)
(0.463195 -0.111755 -0.00865791)
(0.828917 0.327013 -0.00406976)
(0.601644 0.397058 0.00756845)
(0.804611 0.189374 -0.000262468)
(0.818137 0.226757 0.00032892)
(0.886236 0.366067 -0.0021986)
(0.794589 0.237491 0.00101452)
(0.737717 0.265344 0.00309339)
(0.363473 0.820423 0.012519)
(0.763934 0.034501 0.000623458)
(0.841965 0.55963 -0.00454416)
(0.832772 0.345698 -0.00154834)
(0.992946 0.584082 -0.0094271)
(0.84838 0.248778 -2.90048e-05)
(0.792893 0.264149 0.00138985)
(0.803504 0.214798 0.00864759)
(0.175661 0.834806 0.010912)
(0.674978 0.27984 -0.00115955)
(0.772075 0.237791 0.000700392)
(0.825241 0.249715 -0.00265997)
(0.446483 0.506752 0.00514195)
(0.639018 0.208196 -0.00016529)
(0.91201 0.177901 0.00340963)
(0.591971 0.0059112 0.00801653)
(0.78654 0.232997 0.00187025)
(0.229348 0.708055 0.0095692)
(0.829249 0.134438 0.0013981)
(0.793254 0.214143 -0.000416816)
(0.763168 0.218465 0.000716389)
(1.10157 -0.0438064 0.0059918)
(0.726807 0.0593318 -0.00566124)
(0.764095 0.235463 0.000163387)
(0.775338 0.134353 -0.00520205)
(0.9331 0.272138 -0.00563427)
(0.927772 0.263393 -0.00218576)
(0.763289 0.221979 -0.000717503)
(0.901627 0.287882 -0.00142206)
(0.853421 0.359024 0.000340233)
(0.786414 0.212224 -0.000286779)
(0.903604 0.27213 0.000935876)
(0.810683 0.215393 0.00285766)
(0.819907 0.0544067 0.000776466)
(0.879463 0.337701 -0.00460956)
(0.681929 0.310971 0.00330302)
(0.829591 0.196566 -9.3866e-05)
(0.529598 -0.0628295 -0.00492814)
(0.812425 0.229586 -0.0024307)
(0.81322 0.24581 -0.000202569)
(0.496876 -0.0779924 -0.00582127)
(0.851337 0.210528 0.000502979)
(1.57455 -0.532114 0.0114326)
(0.821468 0.0735626 -0.000960947)
(0.711825 0.0636417 -0.00502098)
(0.848185 0.310017 -0.000717)
(0.799692 0.216721 0.000130018)
(0.867869 0.368384 -0.00136937)
(0.918927 0.0945235 -0.00113467)
(0.836576 0.205427 -0.00426883)
(1.00365 -0.0105115 0.00301724)
(0.438109 0.618867 0.00843165)
(1.35446 -0.295009 -0.0198953)
(0.902581 0.293751 0.000838466)
(1.04471 0.386386 -0.0047882)
(0.606169 0.214809 0.000903764)
(0.815657 0.139091 0.00500385)
(0.770325 0.174572 -7.74839e-05)
(0.728484 0.175286 0.00158662)
(0.345555 0.517727 -0.00832192)
(0.915493 0.0569319 0.00374871)
(0.7933 0.0815708 0.000671437)
(0.930013 0.0230642 0.000770373)
(1.1014 0.0413185 -0.00485879)
(0.82633 0.26031 -0.00341117)
(1.52496 -0.0339242 0.00149104)
(0.777379 0.0494968 0.000498022)
(0.941086 0.264266 0.00140235)
(0.709309 0.214658 0.000462379)
(1.02236 0.124643 0.00409549)
(1.08148 -0.144369 0.00306208)
(0.782763 0.306295 -0.000460706)
(0.923693 0.224554 0.00127735)
(0.800595 0.224111 0.000122645)
(1.08427 0.452335 -0.00326228)
(0.825613 0.221731 0.000814501)
(0.913057 0.318048 -0.00097216)
(0.591761 0.461435 0.00159023)
(0.801748 0.425545 -0.000550404)
(0.795019 0.232376 0.000140472)
(1.55601 -0.519997 0.0115081)
(0.602554 0.38377 -0.00231923)
(0.800202 0.165331 0.00231732)
(0.758673 0.141416 5.9127e-05)
(0.802759 0.222868 0.0086858)
(0.656645 1.02474 0.00547792)
(0.347739 0.243978 0.00532985)
(0.290694 -0.594301 0.00210791)
(1.59031 0.586009 0.00332621)
(0.874874 0.116584 0.000247734)
(0.813981 0.243922 0.000240761)
(0.825654 0.0346831 0.00235109)
(1.1062 -0.203029 0.00480751)
(0.776116 0.233965 0.000117314)
(1.02811 -0.000160535 0.00821155)
(0.786388 0.21163 0.00011094)
(0.720274 0.209029 0.000557321)
(0.727614 0.235106 -1.04269e-05)
(0.403202 0.568769 0.00719908)
(0.797995 0.233361 8.51925e-05)
(1.39777 0.130323 0.0019624)
(1.22427 0.103807 0.00764465)
(1.00653 0.442399 -0.0062872)
(0.529923 -0.0578821 -0.00269976)
(1.23971 0.225052 0.00814938)
(0.654726 0.427264 0.00246437)
(0.754211 0.158741 -0.000203518)
(0.699009 1.21938 0.00604266)
(1.18 0.584979 0.00695042)
(0.804603 0.212238 -0.00346628)
(0.803119 0.229819 0.000808284)
(0.742182 0.361985 0.00232005)
(0.818177 0.381839 0.000396464)
(0.499886 -0.134742 -0.00313483)
(0.960033 0.370645 -0.00305158)
(0.953466 0.0637206 0.00240534)
(0.857372 0.177921 0.00036262)
(0.772387 0.232758 0.00306325)
(0.361156 -0.349754 0.00894973)
(1.04078 -0.104263 0.00803538)
(0.793513 0.52929 0.00141011)
(1.20457 -0.197593 0.0106635)
(0.433853 0.20643 0.00078003)
(0.694718 0.246698 0.000785607)
(1.14949 0.536757 -0.012906)
(0.805797 0.172353 0.000571036)
(1.07278 0.467543 0.00107693)
(0.806149 0.496096 -0.000539029)
(0.802694 0.233714 0.000424185)
(0.892649 0.118683 0.000590553)
(0.853005 0.216713 0.000737343)
(0.831657 0.205461 -0.00340632)
(0.92844 0.00668344 0.00144811)
(0.99705 0.683421 -0.00516403)
(0.8049 0.134959 -0.00061415)
(0.470864 0.26451 0.00128616)
(0.990414 0.153447 0.00158891)
(0.791129 0.205133 -0.000644721)
(0.846768 0.157893 0.00151706)
(0.816306 0.229632 0.000493411)
(1.16176 -0.11749 0.00712255)
(1.06232 0.48751 -0.00561179)
(0.964739 0.0406611 0.00613037)
(0.570274 0.426701 0.00179979)
(0.812637 0.235528 0.000609135)
(1.02575 0.190029 0.000107667)
(0.412832 0.535265 0.0074799)
(0.861909 0.204666 0.000697075)
(0.873512 0.0401176 0.00081512)
(0.815539 -0.527749 -0.00821978)
(0.814051 0.198652 0.000527711)
(0.676132 -0.0754796 0.00276561)
(0.711611 -0.0574012 0.00272647)
(0.818833 0.249354 0.000410786)
(0.968828 0.498439 -0.00584542)
(0.829105 0.698499 0.000521054)
(0.762973 0.333138 -0.0012139)
(0.530289 0.262021 0.00127171)
(0.76914 0.23892 0.00152907)
(0.694653 0.274172 -9.84844e-05)
(0.981298 0.964448 -0.00858319)
(0.821639 0.192058 0.00105625)
(0.323268 0.728043 0.00663692)
(0.866659 0.425265 -0.000942637)
(0.594685 0.234433 0.00188489)
(0.887399 -0.243418 0.00460101)
(0.810836 0.253422 -0.000747721)
(0.775939 0.196765 0.000516391)
(0.660027 0.283263 0.000971397)
(0.703044 0.212594 0.00394673)
(0.95851 -0.149522 0.00220536)
(0.825587 0.220145 -0.00190659)
(1.58874 -0.511548 0.0117759)
(0.807675 0.253614 -0.00248475)
(0.769491 0.17297 -0.00279535)
(0.729575 0.276396 -0.00455546)
(1.00097 0.390276 -0.0039121)
(0.910714 0.23983 -0.00115022)
(0.893219 0.106074 0.00492578)
(0.924139 0.0578146 0.00597228)
(1.06995 0.504941 -0.0197157)
(1.49883 -0.272932 -0.0183007)
(0.897011 0.27527 -0.00432708)
(0.827955 0.426697 -0.00516564)
(0.859412 0.144169 0.000811484)
(1.20865 0.605882 -0.0130042)
(-0.656611 1.56465 0.0397825)
(-0.459165 1.39329 0.0359858)
(0.897315 0.127231 0.00203061)
(2.08659 -1.03919 0.0321455)
(0.936419 0.0921527 0.00620634)
(0.735899 0.259843 0.000969032)
(1.73169 -0.771498 0.0189549)
(0.815255 0.196617 0.00146554)
(0.750109 0.246162 -0.00607857)
(0.84842 0.219908 0.000591739)
(-0.242813 1.45776 0.0293241)
(0.808157 0.137517 0.00103574)
(0.781957 0.247082 -0.000378131)
(2.32494 -1.35904 0.0458597)
(0.835369 0.201103 0.000814325)
(0.674058 0.333697 0.00384161)
(0.836704 0.124018 -0.000784053)
(0.885688 0.0347673 0.0017481)
(1.48852 -0.434738 0.0117175)
(0.848744 0.157899 0.00018948)
(0.841717 0.228761 -0.00270451)
(0.882648 0.129796 -0.000339429)
(0.0740137 0.909391 0.0129964)
(0.833618 0.211138 0.000851686)
(0.622856 0.419909 0.000230849)
(0.864437 0.0134084 0.0012174)
(0.676995 0.0549425 -0.00573472)
(1.32045 -0.280402 0.00814306)
(0.909341 0.253339 -0.00233359)
(0.687575 0.170638 0.000834234)
(0.846994 0.218761 -0.000388694)
(1.15421 -0.0952184 0.00349431)
(1.41634 0.117929 0.00107697)
(0.332381 0.678565 0.00824778)
(0.76036 0.201454 0.000515999)
(0.676116 0.322296 0.00131175)
(0.556695 0.0664944 -0.00799765)
(0.334347 0.667745 0.0074699)
(1.11671 0.177122 0.000240872)
(0.92327 0.888074 0.00194851)
(0.575434 -0.240122 -0.0223946)
(0.727214 0.271745 -0.0038064)
(0.864839 0.131332 0.00389545)
(1.57844 -0.556744 0.0132082)
(-0.00377523 1.02087 0.0125845)
(0.752917 0.269606 0.00499936)
(0.856581 0.243746 0.000384291)
(0.224131 0.80071 0.0108251)
(1.11966 0.329172 0.00241282)
(0.826399 0.200091 0.00356371)
(-0.366173 1.26375 0.0308063)
(0.818668 0.205021 0.000447542)
(-0.210506 1.23855 0.0310714)
(-0.162994 0.569179 0.00551964)
(0.393154 0.0464738 0.00125214)
(0.739365 0.431971 0.00426048)
(0.832384 0.176437 0.00058124)
(1.5132 -0.381897 0.00436424)
(0.518573 -0.0649281 0.00110321)
(0.781092 0.203927 0.004148)
(0.554304 -0.137752 -0.000136942)
(1.26486 -0.218355 -0.00800897)
(0.794525 0.155732 -0.00278458)
(1.01275 -0.414357 -0.00386989)
(0.871093 0.130055 0.00264341)
(0.852678 -0.1502 -0.0133289)
(0.81532 0.170377 -0.00362823)
(1.18316 0.102178 0.000641582)
(0.906379 0.178391 -0.00165833)
(0.824401 0.255712 0.000497592)
(0.800069 0.267452 0.00103892)
(0.507251 -0.0534541 0.00351321)
(1.0057 0.13835 -0.00174802)
(0.776411 0.314458 0.000678794)
(0.87182 0.200625 -0.00215407)
(0.907944 0.0773077 0.00343581)
(0.452167 0.161152 -0.00215546)
(0.793734 0.347676 0.00329729)
(1.00642 -0.0286009 0.00281279)
(1.31577 -0.244775 0.0151339)
(0.442942 -0.223434 -0.0015387)
(0.625565 0.435521 0.000350538)
(0.682342 0.246974 3.64752e-06)
(0.810685 0.317562 -0.000197148)
(0.960444 0.343634 -0.00486128)
(0.866614 0.223848 0.000617768)
(0.829343 0.223001 0.000694462)
(0.804199 0.188476 -0.000177243)
(1.05984 0.560183 -0.00754573)
(0.825932 0.190728 -0.000214152)
(0.860444 0.286463 -0.00106206)
(0.924105 0.178443 -0.000681767)
(0.835982 0.240514 -0.000612602)
(0.856748 0.232267 -0.00554984)
(0.808646 0.22054 -0.00386847)
(0.757259 0.0952767 0.000204509)
(0.761505 0.157771 0.00138105)
(0.881453 0.110736 0.0128162)
(0.494841 0.426394 0.00841058)
(0.845949 0.188858 -0.000872712)
(0.833881 0.239241 -0.000256919)
(0.50436 0.21994 -0.000529891)
(0.792676 0.205593 0.00046268)
(1.3112 0.17338 0.00179456)
(0.771554 -0.0228256 0.000344892)
(0.842592 0.0741995 0.000196314)
(0.900926 -0.0427159 -5.41453e-05)
(1.38046 0.157923 0.00113272)
(0.702447 0.0842972 0.00209002)
(0.77304 0.198235 0.000471426)
(2.3155 0.0687078 -0.0027577)
(0.843892 0.233459 0.000716502)
(0.711473 -0.0355401 0.000226381)
(0.900344 0.0795021 -0.00208736)
(0.793392 0.21146 -0.000467494)
(0.848026 0.224654 0.000688318)
(1.4359 0.259626 -0.00134551)
(0.822376 0.240999 0.000314139)
(1.06173 0.212273 0.00226294)
(0.894174 0.173452 0.00115538)
(0.79104 0.519653 -0.000443139)
(0.753556 -0.119536 0.000670074)
(0.803264 0.0673444 -0.00148448)
(0.627826 0.169492 0.00343456)
(0.803339 0.203127 -0.000639008)
(0.802341 0.122824 -0.00108884)
(0.795454 0.594739 -0.000694137)
(0.74056 0.198074 -0.00183422)
(0.721125 0.0670132 0.00101233)
(0.628674 0.246134 3.40994e-06)
(0.805635 0.123002 -0.000407468)
(0.843928 0.253956 0.000887642)
(0.595529 0.224136 0.00100487)
(0.801075 0.309435 0.000113642)
(0.815371 0.366981 -0.00202973)
(0.891991 0.407773 0.00393281)
(0.452599 0.16287 0.0002702)
(0.711196 0.282465 -0.00154018)
(0.837932 0.201831 -0.000927709)
(1.08728 0.245611 -0.00093103)
(0.402529 0.222672 0.000975845)
(0.809562 0.392659 0.00110452)
(0.779298 0.209299 0.00160011)
(0.437362 0.202124 -0.00106438)
(0.772736 0.245929 -0.000808831)
(0.777102 1.09009 0.00144899)
(0.706082 0.412288 -0.000549719)
(0.772348 0.473581 0.000265621)
(1.26152 0.155073 0.000815718)
(1.14507 0.032696 -0.0013762)
(-0.0322943 0.581087 -0.00855957)
(0.78454 0.167543 0.00053906)
(0.770108 0.213879 -0.000357382)
(0.648652 0.536639 -0.00219958)
(0.812412 0.195106 -0.00044529)
(0.726424 0.448127 0.00120553)
(0.825108 0.22442 0.000352672)
(0.807005 0.171073 -0.000888583)
(0.433846 0.350853 -0.00150187)
(0.833246 0.169416 0.000480168)
(0.821647 0.374082 0.000660093)
(0.770223 0.227738 -0.000822349)
(0.774264 0.22816 0.000413453)
(1.04195 0.581339 0.00291624)
(0.977396 0.550557 -0.00111186)
(-0.620579 0.584866 -0.00629898)
(0.394102 0.389448 0.00459749)
(0.668554 0.679935 0.00142281)
(0.640257 0.585233 -0.00201243)
(1.03945 -0.251587 -0.00298477)
(0.837898 0.148225 -0.00146224)
(0.945366 -0.298697 0.0017879)
(0.842471 0.175003 0.000842302)
(0.341704 0.11398 0.00316377)
(0.831386 0.234138 -0.00161184)
(0.703345 0.104545 -0.000629453)
(1.00788 -0.0162307 0.000656384)
(0.925969 0.477368 -0.00310567)
(0.791629 0.181653 0.000372551)
(0.752644 0.2421 0.000562448)
(0.905341 0.255374 0.00194434)
(0.776267 0.280349 0.00323712)
(0.79543 0.14273 -0.00164162)
(0.802058 0.262115 0.000315461)
(0.791561 0.133881 0.000155527)
(0.821091 0.100503 -0.000314295)
(0.811788 0.0837455 0.000315779)
(0.844358 0.213198 -0.000707924)
(0.828549 0.173572 -0.000283256)
(1.16831 0.151537 -0.00206254)
(0.826573 0.304225 0.00013565)
(0.641345 0.186525 0.00223317)
(0.733974 0.24479 -0.00373214)
(0.560793 0.17897 0.012079)
(1.01209 -0.138496 0.0067885)
(0.373489 0.061769 -0.00443855)
(0.814246 0.278866 0.00230753)
(0.830694 0.219254 -0.0011988)
(0.79682 0.137847 0.000940868)
(0.831021 0.25953 -0.000933488)
(0.828195 0.317349 0.00207062)
(0.82386 0.217646 0.00137837)
(0.863893 -0.0104682 -0.00059541)
(0.680605 0.187056 0.00124028)
(0.860712 0.299287 0.00188839)
(0.881418 0.0839286 -0.000999186)
(0.768758 0.25581 0.00108846)
(0.357663 0.350856 -0.00144728)
(1.00687 0.0589894 -0.000450029)
(0.753045 0.220043 -0.00093664)
(0.334464 -0.0529968 0.00555308)
(1.34336 0.00265225 -0.00237008)
(0.836675 0.209566 0.000555381)
(0.674189 0.327352 0.00363784)
(0.818217 0.250476 0.000333343)
(0.739335 0.71008 -2.28254e-05)
(0.74988 0.202765 0.00216831)
(0.747772 0.150171 0.00120103)
(0.809423 0.111318 -0.00109798)
(0.861452 -0.0130402 -0.000782742)
(0.880468 0.235563 0.000855858)
(0.373826 0.224204 0.00226832)
(0.818114 0.233469 0.00034242)
(1.04048 0.106221 -0.00143702)
(0.769321 0.366169 -0.000141651)
(0.84973 -0.326104 0.00189037)
(0.751317 0.12845 -0.000758848)
(0.793379 0.572354 0.00267544)
(0.763786 0.254259 -0.000533948)
(0.529808 0.171116 0.000619778)
(0.546682 0.174835 0.00223111)
(0.896973 0.457885 0.00117352)
(1.11913 0.296832 0.00210557)
(1.10411 0.272578 0.000536954)
(1.378 0.332906 0.00287478)
(0.3125 0.361508 -0.00400914)
(0.6162 0.244339 -0.00228671)
(0.74016 0.226474 -0.000736455)
(0.782386 0.211034 0.000477596)
(0.119639 0.136041 0.00229095)
(1.06468 0.195753 -0.00309584)
(1.06035 0.31444 0.00130533)
(0.751654 0.485701 -0.000123837)
(0.793623 0.444435 -0.00173504)
(0.914716 0.81126 0.0017118)
(0.86369 0.526992 0.00102808)
(0.825974 -0.208777 0.00178441)
(0.789424 0.313352 -0.000769609)
(0.753486 0.746451 -0.00211836)
(0.7757 -0.272709 -0.00186096)
(0.595537 0.289419 -0.000838039)
(0.824934 0.245223 0.000458253)
(0.764702 -0.0682342 0.00180914)
(0.743648 0.28931 -0.000870715)
(0.771769 0.212365 0.000926658)
(1.05753 0.173923 -0.000380285)
(0.970529 0.159558 -0.00081416)
(0.116293 0.156507 0.00259021)
(1.05428 0.162746 -0.00181796)
(1.18318 0.135319 -0.00135058)
(0.64675 0.226875 -0.000887916)
(0.735103 1.19356 -0.00324967)
(0.815665 -0.357015 0.00179976)
(0.553662 0.114161 0.00147178)
(0.771438 0.120746 0.000683226)
(1.60734 0.725236 0.0107354)
(0.827619 0.135069 0.000372159)
(0.76348 0.317296 -0.00108993)
(0.865306 0.283559 0.00114323)
(0.652275 0.0103521 0.00330809)
(1.7461 0.448331 0.00346706)
(0.859826 0.240348 0.00141913)
(1.04197 -0.273337 -0.00539438)
(1.66392 0.800394 0.00773669)
(0.844193 0.29895 0.00168024)
(0.609666 -0.322293 0.00273182)
(0.919392 0.000846518 0.00331274)
(0.704021 0.408322 -0.000215571)
(0.64193 0.458971 -0.00145952)
(0.605476 0.185854 0.00209519)
(0.802529 0.104642 0.000136922)
(0.693155 0.612369 0.00143211)
(0.728656 0.227487 0.000124156)
(0.812668 0.237129 -0.000278573)
(0.84981 0.123569 0.00703093)
(0.729789 0.173448 0.000181089)
(1.09823 0.0485941 5.92945e-05)
(0.80905 0.143402 -0.00100659)
(0.480572 0.123665 0.00112812)
(0.783946 0.230423 0.000110264)
(0.778449 0.193576 0.000137151)
(0.858432 0.0346233 -0.00286876)
(0.75948 0.208812 -0.000400456)
(0.736435 0.142496 -0.000444262)
(0.928604 0.204731 -0.00723058)
(0.744714 0.160388 7.53873e-05)
(0.0322844 0.508874 0.00858953)
(0.624138 0.555523 -0.00603528)
(1.62786 0.542127 -0.00284487)
(0.604125 0.305798 -0.00450883)
(0.765725 0.248758 -0.00256533)
(0.828473 0.252332 -0.00083898)
(0.716566 0.119632 0.00306848)
(0.752845 0.243019 0.00140782)
(0.786028 0.217745 -0.000577237)
(0.888463 0.277781 -0.00196309)
(0.807285 0.217571 0.000518375)
(0.885049 0.0306382 0.00228183)
(0.756777 0.191945 -0.00103312)
(0.772139 0.230346 0.000804797)
(0.872789 0.252453 -0.000192528)
(0.695518 0.50699 -0.00308812)
(0.595836 0.196813 -0.00298623)
(0.864329 0.24422 -0.000181684)
(1.63542 0.124829 -0.00138565)
(0.679879 0.22764 -0.00178389)
(0.635407 0.490802 -0.00335578)
(1.34133 0.343776 -0.00357192)
(0.604687 0.237164 0.00569197)
(0.741038 0.225874 -0.00182843)
(0.791905 0.29693 0.0037036)
(0.480234 0.728406 -0.00666541)
(0.767797 0.264814 0.00057397)
(0.344583 0.582805 -0.00437649)
(0.855358 0.798113 0.00194681)
(0.751329 0.437792 -0.00213323)
(1.02032 0.251453 -0.0013469)
(0.756398 0.182587 0.000628264)
(0.683213 0.124931 -0.00254521)
(0.776867 0.261197 -0.00148982)
(0.922795 -0.15042 -0.00194908)
(0.698636 0.161414 0.00108075)
(0.835134 0.196035 -0.000137884)
(0.875415 0.624471 0.00270804)
(0.802132 0.198535 0.000464857)
(0.822012 0.262195 0.000782072)
(0.710906 0.181271 -0.00111992)
(0.688028 0.177083 0.00165036)
(0.791219 0.232868 -0.000193097)
(0.813401 0.214293 0.000472746)
(0.273399 0.320211 0.0171552)
(0.801589 0.225429 -0.000416053)
(0.74972 0.257766 -0.000547003)
(0.797033 0.249321 8.14074e-06)
(0.457752 0.171308 -0.0110422)
(0.763524 0.18262 0.000995473)
(0.796726 0.136041 -0.000597063)
(0.770375 0.0544565 -1.08779e-06)
(0.627915 0.375956 0.00340881)
(0.928065 0.17059 6.02665e-05)
(0.808919 0.184291 0.00049645)
(1.26252 0.630217 0.00182553)
(0.864744 0.2487 -0.000251507)
(0.874276 0.351488 -0.00173968)
(0.855386 0.378923 -0.000297738)
(0.994955 -0.0816229 0.00836519)
(0.821775 0.2174 0.000153326)
(0.758225 0.254441 -0.0017222)
(1.0045 0.233702 -0.00166215)
(0.748601 0.201465 0.000719086)
(0.795684 0.130069 0.000919837)
(0.934604 0.267789 0.00228396)
(0.727928 -0.186566 0.000360045)
(0.90248 0.23792 -0.00158047)
(0.902692 0.0471165 -0.000695917)
(1.19499 0.154438 -0.000112559)
(0.824444 0.170701 -0.000949764)
(0.766585 0.458207 -0.000122502)
(0.909521 0.211009 -0.00170851)
(0.300704 0.0907264 0.000764316)
(0.698417 0.816305 -0.00112695)
(0.86864 0.849188 0.00182582)
(0.88288 -0.0209768 -0.000502787)
(0.75813 0.237397 -0.00101013)
(0.722606 0.201265 0.00156885)
(0.889615 0.243143 -0.000902749)
(0.702249 0.339586 0.000948352)
(-0.0748473 0.345133 -0.000936567)
(0.631857 0.238912 0.00173923)
(0.894958 0.411587 -0.00133765)
(0.796197 0.219623 0.000193199)
(1.0567 0.143327 -0.000926156)
(0.451071 0.150507 0.000886965)
(0.79111 0.376565 0.000465267)
(0.831772 0.225633 -0.00010708)
(1.00752 0.174014 7.4291e-05)
(0.814258 0.226157 0.000924559)
(0.716207 0.662841 -0.000346892)
(0.995547 0.384981 0.00197663)
(0.841718 0.298266 -0.001989)
(0.736544 0.22989 -0.000401958)
(0.841703 0.221036 -5.23367e-05)
(0.789667 0.325103 -0.000349439)
(0.839856 0.191605 -0.00105305)
(0.797952 0.146405 0.00093123)
(0.708748 0.238404 0.00107036)
(0.672163 0.0812218 0.00284936)
(0.712067 0.236393 -0.000160943)
(0.411929 0.191638 0.000629936)
(0.68832 0.167958 0.000139669)
(0.886909 0.463727 -0.00343652)
(0.756636 0.208124 -0.00101636)
(0.705453 0.188834 0.00121264)
(0.808843 0.143706 0.000684888)
(0.808006 0.227477 2.66915e-05)
(0.908447 0.221488 0.000716594)
(0.790701 0.223399 -0.000667013)
(1.20702 0.172802 -0.000125014)
(1.23334 0.336709 -0.00282078)
(0.681633 0.628722 -0.000913805)
(0.746102 0.200433 0.000908292)
(0.769267 0.0758166 0.00155744)
(0.973991 0.279905 -0.00114866)
(0.803721 0.310512 0.00140451)
(0.745985 0.0848304 0.00244128)
(0.649944 0.193876 0.00022558)
(0.781271 0.269237 0.0007734)
(0.843691 0.314327 -0.000537109)
(0.791235 -0.0314632 0.000424408)
(1.02995 0.130349 -0.00119551)
(0.775302 0.203112 0.00102944)
(1.11626 0.240512 0.00116017)
(0.775112 -0.148663 0.00180578)
(1.10227 -0.136316 -0.000529784)
(0.874677 0.202075 0.0015396)
(0.791461 0.245011 -0.000530128)
(0.724296 0.566803 -0.000367227)
(0.390425 0.166379 0.000590666)
(1.09506 -0.703017 -0.00231899)
(0.656119 0.0717911 0.000715729)
(0.985296 0.156238 0.00131894)
(0.823692 0.181469 -0.000502956)
(0.87842 0.624151 0.00199478)
(0.749605 0.0311488 0.000236164)
(0.614161 0.119091 0.00439669)
(0.791691 0.0455846 0.00202783)
(0.759539 0.303722 -0.00142503)
(1.26078 0.0233472 -0.000395067)
(0.868839 0.474579 -0.0028857)
(0.895198 0.21439 -0.00312482)
(1.13301 0.155752 -0.000175448)
(0.809939 0.20418 -0.00063215)
(0.800555 0.366212 0.000299468)
(0.802752 0.333554 -0.000182264)
(1.03807 0.267562 0.000896055)
(0.764669 0.210323 0.00102137)
(0.800129 -0.018465 0.000594572)
(0.826594 0.203992 0.000705004)
(0.852725 0.294617 -0.000598535)
(0.811367 0.125569 0.000838538)
(0.773083 0.185111 0.000656541)
(0.81379 0.233965 -0.000223649)
(0.828469 0.2068 -0.000563132)
(0.774061 0.221342 -0.000652316)
(0.889977 0.236408 0.000195192)
(0.72549 0.47089 -0.000865044)
(0.620359 0.11585 0.000535794)
(0.891394 0.291865 0.00129903)
(0.849016 0.188335 -0.000495254)
(0.823671 0.0736137 0.00105509)
(0.996404 0.127544 -0.000667924)
(0.765331 0.18191 -0.00039727)
(0.728191 0.125518 0.000216059)
(1.29331 0.0942158 -0.0012987)
(0.694209 0.849581 -0.00144786)
(0.707859 0.139091 0.00212661)
(0.872666 0.483172 0.0048512)
(0.793336 0.53019 -0.000539205)
(0.474483 -0.390041 0.00207043)
(0.785664 0.258844 0.000247458)
(1.23947 0.151835 0.00160735)
(1.26091 0.106254 -0.00116272)
(0.783152 0.179426 0.000504659)
(0.780063 0.160551 0.00102987)
(0.798485 0.685832 -0.000715996)
(0.765485 -0.0411399 -0.0025374)
(0.749076 0.17311 0.00188835)
(0.613545 0.164874 0.00046496)
(0.969315 0.149572 -0.00199276)
(0.790641 0.205808 0.000605821)
(0.881807 0.18606 -0.000580759)
(0.711494 0.15517 0.00228862)
(0.836029 0.226752 0.00038955)
(0.523122 -0.138226 0.00254512)
(0.762429 -0.124533 0.000267267)
(0.699585 -0.128298 -0.00215134)
(0.879268 0.222998 0.000181729)
(0.767009 0.214781 -0.000208856)
(0.607489 -0.12478 0.00182552)
(1.00873 0.194128 0.00882413)
(0.847783 0.453317 -0.00285654)
(0.7422 -0.188518 0.0123004)
(1.56381 0.992673 -0.0271611)
(0.833269 -0.185792 -0.00907818)
(0.968324 0.177697 0.0028549)
(0.775033 -0.0847822 -0.00112632)
(0.591002 0.240464 -0.00144168)
(0.542128 -0.0860488 -0.00731722)
(1.27417 0.170944 -0.00205666)
(0.976094 0.340236 0.00224704)
(1.49687 0.637443 -0.0064171)
(0.982402 0.502642 -0.0018079)
(0.843758 0.222522 -0.000861767)
(0.811445 0.315605 0.00056702)
(0.742677 0.214955 0.000493364)
(0.73486 0.288438 0.0026159)
(0.570828 0.173606 0.00063723)
(0.756416 0.101251 -0.000173848)
(0.88869 0.210156 -0.000608187)
(0.625077 -0.00725799 -0.00196556)
(0.805406 0.107094 -0.000159085)
(0.882383 0.224556 0.00041994)
(0.847696 0.27338 -0.00115419)
(0.780703 0.234103 -0.000290494)
(0.759927 0.219352 0.00117832)
(0.803258 0.323554 -0.000414456)
(0.880009 0.209718 -0.000644354)
(0.880112 0.301385 -0.00314781)
(0.593627 0.156224 -0.000657378)
(0.752661 0.00566014 0.00123339)
(0.486116 -0.0584177 -0.00362911)
(0.841839 0.358928 -0.00124991)
(0.976056 0.201984 0.00264908)
(0.794477 0.00678973 -0.00118732)
(0.36975 0.264203 -0.00129973)
(0.373265 -0.23707 -0.00665215)
(0.93282 -0.19866 -0.00148373)
(1.48559 0.23542 0.00337072)
(1.29224 0.746231 -0.00750767)
(0.58425 0.24489 -0.00304664)
(1.2485 0.207139 -0.00619696)
(0.903064 0.0579577 0.00208549)
(1.25367 0.176905 0.00456433)
(1.21961 -0.226869 0.0118554)
(0.82356 0.210932 -0.000762014)
(0.796657 0.180852 0.00104666)
(0.844682 0.246616 -0.00305251)
(0.803152 0.267135 -0.00065371)
(0.762879 0.198269 0.0017941)
(0.80657 0.239308 -0.000678297)
(0.918905 0.20635 -0.000931919)
(0.883945 0.284703 -0.00430703)
(0.737521 0.629323 -0.00264378)
(0.802329 1.8357 0.0077035)
(1.67824 1.03784 -0.0154233)
(0.989297 -0.151507 -0.00790339)
(0.526373 0.191047 0.00574375)
(0.704018 0.362774 -0.00789767)
(0.647197 0.376189 -0.00611875)
(0.419888 0.168781 0.00916278)
(0.395578 0.328396 0.00887498)
(0.877847 0.196703 0.00276842)
(0.745644 0.195927 0.0014983)
(0.815403 0.0773458 -0.000478005)
(0.814731 0.275131 -0.0010064)
(1.12435 0.352297 0.00710555)
(0.846758 0.637126 0.00227738)
(0.721596 0.0423094 0.00532671)
(0.619732 0.172917 0.00147586)
(0.713063 0.384294 -0.00171468)
(0.863326 0.244089 0.00022784)
(0.585768 0.283516 -0.00248457)
(0.826628 0.23346 -0.00401048)
(0.766363 0.268472 -0.00196728)
(0.8146 0.222854 -0.000145857)
(0.694065 0.237513 -0.00235899)
(0.812627 0.218259 -0.00445312)
(0.728557 0.443625 -0.00489345)
(0.901393 0.0517874 0.00134159)
(0.68203 0.740135 -0.00581638)
(0.77321 0.117996 -0.0117362)
(0.809876 0.228057 -0.00077585)
(0.803658 0.218583 0.000173013)
(0.798368 0.194022 -5.32196e-05)
(0.794493 0.195889 -0.000644552)
(0.626185 0.00900784 0.00426706)
(0.710284 0.203085 0.00756858)
(0.63731 0.166185 0.00336867)
(0.749204 0.243993 -0.00121389)
(0.727885 0.233348 -0.00270767)
(0.807577 0.222363 -0.00488902)
(0.741888 0.319083 -0.00224847)
(0.821585 0.226351 0.000493593)
(1.09883 0.339841 -0.00333766)
(0.745524 0.337835 0.00877034)
(1.10585 -0.0646364 0.00285353)
(0.66497 0.19678 -0.00412302)
(0.876064 0.439296 0.00784233)
(0.862744 0.213937 0.00845396)
(0.717679 0.650225 -0.0133787)
(0.788225 0.203229 -0.022663)
(0.819795 0.47917 -0.00988601)
(0.857228 0.134104 0.00175287)
(0.773802 0.216399 0.000614731)
(0.824228 0.237033 -0.000123736)
(0.743738 0.198055 0.000949648)
(0.805418 0.20675 0.00126146)
(0.58815 0.204475 -0.00563148)
(0.792315 0.2694 -0.00123396)
(0.590135 0.232368 -0.0012208)
(0.791878 0.363767 0.00537477)
(0.772355 0.199052 0.000966978)
(0.806444 0.20599 0.000746608)
(0.73673 0.262824 9.01445e-06)
(0.798272 0.22171 -0.000592157)
(0.778291 0.219696 0.000691251)
(0.815704 0.21951 3.97383e-05)
(0.762527 0.185918 0.00239588)
(0.655355 -0.254565 -0.00267824)
(0.284202 -0.260853 -0.00496485)
(1.54901 0.205442 -0.00286799)
(1.00412 0.192868 0.00134694)
(0.782242 0.366756 -0.000743173)
(0.617109 0.207637 0.000613975)
(0.787909 0.356102 0.000545677)
(0.653777 0.328457 0.00266063)
(0.962856 0.250985 0.00023258)
(0.917958 0.0822066 0.00308932)
(0.704568 0.306252 0.00150671)
(0.828486 0.233954 0.000742117)
(0.932206 0.0942624 0.00226005)
(0.825254 0.0804252 0.000567933)
(0.916987 0.229418 0.00060988)
(0.826438 0.122856 -0.000215765)
(1.01548 0.520989 0.0101006)
(0.820465 0.293412 -0.00754892)
(0.88104 0.161203 9.93783e-05)
(0.796582 0.227616 -0.0108238)
(0.980238 0.221303 0.012983)
(0.788719 0.234555 0.000276635)
(1.0972 0.231297 -0.00234363)
(1.15377 0.48937 -0.0057299)
(0.881479 -0.273588 -0.00167172)
(0.468322 -0.10506 -0.00595873)
(0.773384 0.365259 0.00206798)
(0.424293 0.328232 -0.00254614)
(0.270597 0.26364 0.0076634)
(0.872639 0.646032 0.00106276)
(0.969217 -0.0344863 0.00148412)
(0.85565 0.237824 -0.00505264)
(0.766333 0.177149 -0.00131915)
(0.853929 0.220695 -0.00156642)
(0.931496 0.302172 -0.00422544)
(0.881296 0.323213 -0.00202912)
(0.956819 0.248955 -0.00111901)
(0.820457 0.368028 0.00121047)
(0.994729 0.23691 -0.00197289)
(1.09315 0.574575 -0.00549174)
(0.757358 0.0332856 -0.00219455)
(0.459338 -0.0739092 -0.00514885)
(0.733249 -0.188902 0.00174129)
(0.4645 0.236485 -0.00229619)
(0.856698 0.221215 -0.000450707)
(0.784648 0.202284 -0.0021136)
(0.785368 0.49467 -0.000730773)
(0.797934 0.26302 -0.00317161)
(0.816519 0.317908 0.000508646)
(0.782487 0.212124 -0.00170153)
(0.790009 0.189082 -0.000655131)
(0.794788 0.219624 7.52828e-05)
(0.812387 0.277981 0.000375451)
(0.838399 0.240233 -0.000554908)
(0.763635 0.22302 0.00203396)
(0.786594 0.204515 -0.00658335)
(0.694022 0.54281 -0.00231335)
(0.567953 0.458269 -0.000681286)
(0.683853 0.217527 0.000970415)
(0.732039 0.210775 0.00419812)
(0.360809 -0.0255641 -0.00624151)
(0.133993 0.477782 -0.00112757)
(1.16373 0.734985 -0.00846109)
(0.659025 1.41655 -0.00147843)
(1.08247 0.172764 -0.00234409)
(0.628675 -0.0257213 0.00527623)
(0.781952 0.598973 -0.00112943)
(0.873364 0.27731 0.000551471)
(0.930794 0.408133 -0.00279819)
(0.944348 0.253539 -0.00107749)
(0.690162 0.0946219 -0.00180961)
(0.784544 0.250342 -0.00116608)
(0.805061 0.269537 -0.000415746)
(0.814001 0.22995 0.000268484)
(0.781306 0.197205 0.000563942)
(0.777191 0.223927 0.00133234)
(0.817322 0.214508 0.000392666)
(0.811333 0.231564 0.00081308)
(0.829286 0.213656 0.00103895)
(0.885295 0.12368 0.00146246)
(0.824604 0.256682 0.000787611)
(0.719456 0.314492 0.00210068)
(0.557509 0.234052 7.15969e-05)
(0.786353 0.295566 0.000512269)
(0.658006 0.565949 0.00283757)
(0.931807 0.319014 -0.00112642)
(0.846379 0.116913 -0.00335441)
(0.923624 0.4055 -0.00656116)
(0.609074 0.176659 -0.00250589)
(0.528078 0.101203 -0.00123857)
(0.55945 0.237741 -0.00048873)
(0.651181 0.0859669 -0.00241465)
(0.875429 0.166438 -0.00140588)
(1.02881 0.351973 -0.00288492)
(0.876837 0.637437 0.000728109)
(1.17464 0.247357 -0.00104511)
(0.816642 -0.157558 0.00143561)
(0.427015 0.305119 -0.00255816)
(0.87717 0.322538 -0.002132)
(0.599749 0.0348343 -0.00459826)
(1.17046 0.186841 -0.000786468)
(1.08384 0.511048 -0.00497109)
(0.898524 0.176209 -0.00169302)
(1.28745 0.277428 0.00311355)
(0.799076 0.108779 0.0021959)
(1.04191 0.0566061 0.00582445)
(0.5829 0.199063 0.00177683)
(0.622459 0.451221 0.00631497)
(0.707041 0.213823 -0.000970621)
(0.745198 0.207221 -0.00389535)
(0.716061 0.0434287 0.00211799)
(0.60397 0.0234617 0.000637061)
(0.813249 0.398317 0.000855395)
(0.865401 0.227039 -0.000565706)
(0.735829 0.282446 0.00233213)
(0.662266 0.209107 0.000547131)
(0.836301 0.158176 0.00162028)
(0.789882 0.225973 0.000922646)
(0.876529 0.272146 -0.00377724)
(0.894873 0.223196 -0.00082836)
(0.749116 0.162 -0.00311453)
(0.83429 0.214513 -0.000505365)
(0.700533 0.218067 -0.0006852)
(0.787114 0.241156 0.000732942)
(0.828342 0.176267 -0.000487616)
(0.77773 0.174198 -0.000918351)
(0.752802 0.461959 -0.000176573)
(0.865984 0.242894 -0.00132683)
(0.753429 0.286946 7.02869e-05)
(0.800265 0.19021 -0.000619026)
(0.834718 0.381743 9.55405e-05)
(0.706888 0.305643 0.00303548)
(0.963279 0.237286 0.000341727)
(0.89372 0.102256 0.00301215)
(0.74099 0.196003 -0.000945638)
(0.776608 0.0203175 0.000720581)
(0.866878 0.471521 0.0020009)
(0.679083 0.238988 -0.00177994)
(0.572195 0.466956 0.00524857)
(0.417406 0.229626 0.00162018)
(1.028 -0.00215635 0.0046133)
(0.75892 0.0907947 0.00124247)
(0.798478 0.257413 -0.000476087)
(0.777108 0.211211 0.000706055)
(0.785914 0.238903 0.000511678)
(0.771971 0.226503 0.00172257)
(0.813481 0.215011 0.000214135)
(0.81292 0.201993 0.00175028)
(0.900285 0.184377 0.000821918)
(0.868359 0.137598 0.00219385)
(0.899114 -0.0660893 -0.00143982)
(1.00578 -0.00210584 -0.000325215)
(0.5485 0.221489 -0.000479808)
(0.651812 0.102008 -0.0014388)
(0.859458 0.118139 -0.000903586)
(0.966543 0.324219 -0.00136002)
(0.842303 0.667781 0.00053476)
(0.873468 0.249224 -0.000554264)
(0.781786 0.472789 -0.00145426)
(1.08268 0.284799 0.000307012)
(0.926116 0.410851 -0.00261949)
(0.751647 0.278253 -0.00129442)
(0.650092 0.0797092 -0.00191055)
(0.739603 0.263812 -0.00140522)
(0.841251 0.213709 -0.000126661)
(0.820143 0.245085 -0.00168747)
(0.814499 0.231849 -0.000174887)
(0.792896 0.200055 -0.00116545)
(0.792838 0.217417 0.000340383)
(0.784766 0.217337 -0.000281526)
(0.633206 0.000656834 -0.00346067)
(0.9209 0.250885 -0.00104045)
(1.09566 0.448923 -0.00473089)
(0.827736 0.812172 -0.00107311)
(1.3803 0.14804 -0.00150291)
(0.846706 0.0197807 0.00157335)
(0.797264 0.361876 -0.000895487)
(1.05892 0.414567 -0.00357285)
(0.46059 0.22672 -0.000918343)
(0.597096 -0.079208 -0.00396985)
(0.978986 0.123662 0.00119016)
(0.892941 -0.357539 -0.00149512)
(0.776877 0.109577 -0.00063753)
(0.66719 0.162322 0.000456302)
(0.643222 -0.0111437 -0.000956612)
(0.822325 0.141845 -0.000937197)
(0.963796 0.283205 0.000491318)
(0.824379 0.561428 -0.00118426)
(0.826227 0.20163 -8.5167e-05)
(0.809877 0.212661 -0.00147345)
(0.798072 0.213238 -0.000119875)
(0.797957 0.216308 -0.00181981)
(0.79472 0.218327 0.00024091)
(0.793276 0.268453 -0.000276063)
(0.783886 0.146735 0.00082943)
(0.60868 0.342407 0.00257732)
(1.15834 0.217592 0.000504776)
(0.958387 0.0657455 0.00273481)
(0.742184 0.224148 -0.00103019)
(0.769526 0.0597529 0.000638698)
(0.685751 0.230952 -6.6486e-05)
(0.795762 0.230192 -0.00226994)
(0.802038 0.112511 0.00082809)
(0.856486 0.261842 0.00023422)
(0.855049 0.11355 -0.00223791)
(1.14646 0.490135 -0.00406795)
(0.156651 0.224055 -0.0012716)
(0.482585 -0.117894 -0.00455938)
(0.912493 0.199515 0.00182606)
(0.906948 -0.133681 -0.00186512)
(0.798625 0.278833 -0.000283641)
(0.817368 0.219795 0.000352355)
(0.83288 0.258014 -0.000981634)
(0.800491 0.232644 -0.000761604)
(0.790356 0.191338 -0.000492012)
(0.788778 0.187255 -0.000970299)
(0.839218 0.350516 -0.00111667)
(0.610608 0.0177502 -0.00309146)
(1.17891 0.296177 -0.00152607)
(1.08608 0.512126 -0.00491647)
(0.868134 0.226028 0.00144155)
(0.769847 0.463951 -0.00170202)
(0.898724 0.680949 0.00387582)
(0.178626 0.366456 -0.00171295)
(0.532914 0.633523 0.00551738)
(0.919676 0.301624 0.00299207)
(1.1923 -0.115527 0.00610288)
(0.764842 -0.256159 0.00141938)
(0.821173 0.129546 -0.00015479)
(0.832683 0.249627 -0.000498047)
(0.83377 0.19728 -0.000292088)
(0.767529 0.161011 -0.000647624)
(0.706777 0.193458 0.000150069)
(0.785029 0.17696 -0.0003617)
(0.779528 0.229358 -0.000778993)
(0.789086 0.234557 -2.72398e-05)
(0.788214 0.26015 3.09131e-05)
(0.794455 0.22833 0.00189924)
(1.13892 0.569637 -0.00628534)
(1.21772 0.114399 -0.00114177)
(0.383023 -0.0887534 -0.00601394)
(0.871561 -0.27603 -0.00153155)
(-0.119565 0.357817 -0.00295344)
(0.671766 0.451825 0.00200903)
(1.0588 0.335727 0.00269412)
(0.964641 0.372176 -0.000238118)
(0.83636 0.321056 -0.00125542)
(0.872876 0.284899 -0.00319877)
(0.773475 0.184373 0.000915393)
(0.944863 0.108287 0.00367886)
(0.560826 0.203799 0.00093846)
(0.686723 0.347551 0.00376235)
(0.887219 0.234301 -0.00127645)
(0.866089 0.452139 0.00175478)
(0.89995 0.24891 -0.00216771)
(0.878081 0.257569 0.000412132)
(1.00109 0.164992 0.00163286)
(0.964628 0.056541 0.0050983)
(0.854758 0.410153 0.00119628)
(0.758871 0.284773 0.0016289)
(0.824601 0.0855552 -3.8564e-06)
(0.903585 0.212404 0.000187227)
(0.858464 0.279661 -0.000402362)
(0.795847 0.257888 -0.00015359)
(0.776692 0.190465 -0.000220299)
(0.808935 0.203897 -0.000319571)
(0.986043 0.203 -0.000314272)
(0.900994 0.289566 -0.0017916)
(0.796974 0.248853 -0.000621046)
(0.685753 0.126683 -0.00172078)
(0.759032 0.0686492 0.000386128)
(0.680012 0.23015 -0.000736581)
(0.699835 0.666894 -0.000237593)
(1.2228 0.559509 -0.00521981)
(0.219921 0.295281 -0.000689543)
(0.516713 -0.194415 -0.00438695)
(1.02026 0.13805 0.00184505)
(0.985913 -0.465103 -0.00146467)
(0.465133 0.165209 0.000669499)
(0.585322 0.364885 0.00260866)
(0.732654 -0.120006 0.000564037)
(0.991021 0.0131202 0.0026319)
(0.804158 0.32316 -0.000821369)
(1.12951 0.249214 0.000817629)
(0.889222 0.216974 0.000309327)
(0.995856 0.214785 -0.000602769)
(0.971421 0.0160328 0.00179032)
(0.796994 0.144157 0.000759932)
(0.688381 0.294667 0.000701928)
(0.77737 0.390942 0.000806643)
(1.09867 -0.00509296 0.00248266)
(1.2922 0.155676 0.000940636)
(0.538235 0.413659 0.00253637)
(0.782687 0.0965575 0.00122455)
(0.520492 0.282934 0.000775986)
(0.764018 0.800689 -0.000667205)
(0.792784 0.288791 -0.00254112)
(0.899162 0.136707 0.00163084)
(0.848013 0.106769 0.00219953)
(1.06259 -0.0358276 0.0055527)
(0.680101 0.25029 0.00377023)
(0.67 0.458519 0.00124886)
(0.881793 0.2482 0.000625844)
(0.952629 0.0939788 0.000435127)
(0.869054 0.259106 0.00052321)
(0.707327 0.395577 0.000520427)
(0.628938 0.302932 -7.89163e-05)
(0.843259 0.509752 0.000423526)
(1.26659 -0.209414 0.00525246)
(0.558337 0.0590543 0.00627689)
(0.231674 0.760837 0.00900822)
(0.817561 1.39054 0.00307958)
(-0.0675767 0.123836 0.00367778)
(0.792502 -0.10281 -0.00421626)
(0.890679 -0.0965313 0.00119842)
(0.454237 0.534993 0.0050814)
(1.56089 0.259473 0.00110062)
(1.15248 -0.0879325 0.00495007)
(0.683638 0.264539 -0.00228667)
(0.731573 -0.0425572 0.0014937)
(0.798596 0.303571 -6.04222e-05)
(0.815955 0.234988 0.000344956)
(0.829049 0.263649 -0.00100245)
(0.795459 0.240552 -0.000404832)
(0.783193 0.19928 -0.000330196)
(0.807291 0.207292 -0.000418582)
(0.784294 0.275399 0.00024698)
(0.752696 0.231144 -0.000461383)
(0.81384 0.205317 -0.000728743)
(0.785283 0.200985 -0.001323)
(0.78413 0.227292 -0.000652266)
(0.813159 0.228759 -0.00121221)
(0.846336 -0.266545 -0.0010983)
(0.916637 0.170844 0.00134349)
(0.854952 0.284269 0.00222799)
(1.01788 0.0284579 0.00353082)
(0.586093 0.25618 0.00136763)
(0.602241 0.355853 0.00303737)
(0.805331 -0.178552 0.000667043)
(1.02289 0.120447 -0.000571589)
(0.947016 -0.0265949 0.00207433)
(0.962785 0.101566 0.000772988)
(0.634901 0.301062 0.00170817)
(0.795853 0.0713567 0.000731381)
(0.830457 -0.000449195 -0.000900317)
(1.23607 0.255125 0.001757)
(0.698797 0.340115 0.00171855)
(1.04066 0.0373195 0.00391372)
(0.126276 0.294613 0.00133731)
(0.406088 0.515295 0.00396886)
(0.817401 0.0234128 -0.00158178)
(0.370513 0.154097 0.00173331)
(0.585583 -0.0603006 -0.0047414)
(0.974587 0.295871 -0.00162338)
(1.10156 0.574317 -0.00687878)
(0.810936 1.13483 -0.00148875)
(0.858973 0.716099 0.00262275)
(0.629244 0.349278 -0.00544405)
(0.740588 0.318756 0.00852835)
(0.758919 0.266844 0.00371346)
)
;

boundaryField
{
    emptyPatches_empt
    {
        type            empty;
    }
    top_cyc
    {
        type            freestreamVelocity;
        freestreamValue uniform (0.8944 0.4472 0);
        value           nonuniform List<vector> 
40
(
(0.837147 0.235798 6.8563e-05)
(0.840449 0.231016 1.72644e-05)
(0.814539 0.238462 -0.000172913)
(0.83693 0.245033 1.91069e-05)
(0.85803 0.218199 0.000284406)
(0.806867 0.255502 0.000255057)
(0.798416 0.235361 0.0016811)
(0.814481 0.257613 0.000156526)
(0.835396 0.258978 -5.78946e-05)
(0.799663 0.249739 0.000497632)
(0.840185 0.218435 -0.00157378)
(0.867788 0.250878 -0.000957355)
(0.830118 0.256546 -8.29296e-05)
(0.827199 0.242405 1.83988e-05)
(0.853927 0.249484 -0.000889887)
(0.801955 0.241392 -0.000111373)
(0.810761 0.193519 -0.000826561)
(0.883092 0.207062 0.000555702)
(0.839888 0.235397 -9.98045e-06)
(0.815338 0.253478 3.51931e-05)
(0.804475 0.233482 0.000279052)
(0.832033 0.230893 -0.000965195)
(0.820058 0.245431 0.000379859)
(0.840718 0.262435 -6.01532e-05)
(0.846961 0.243613 4.60903e-05)
(0.806504 0.249175 3.82905e-05)
(0.882087 0.238713 0.000156221)
(0.828345 0.24595 9.98974e-05)
(0.848203 0.228724 -0.000198057)
(0.842677 0.219644 0.000197707)
(0.85169 0.247575 0.000238017)
(0.836263 0.230423 8.66467e-05)
(0.796385 0.259395 4.93639e-05)
(0.831646 0.247284 -0.000383605)
(0.817417 0.203423 -6.75198e-07)
(0.838041 0.231815 -0.000100746)
(0.845103 0.216395 -0.000298296)
(0.835739 0.234631 0.000525941)
(0.847644 0.244376 -9.88342e-05)
(0.850729 0.220928 -2.41285e-06)
)
;
    }
    bottom_cyc
    {
        type            freestreamVelocity;
        freestreamValue uniform (0.8944 0.4472 0);
        value           nonuniform List<vector> 
40
(
(0.860691 0.356532 -0.000340222)
(0.824573 0.29339 -0.000908187)
(0.643528 0.335581 -0.00074089)
(0.647406 0.323077 -0.000649495)
(0.696739 0.159342 0.00553369)
(0.882207 0.319147 -0.000354327)
(0.800062 0.21552 4.74126e-05)
(1.06052 -0.363691 0.00725036)
(0.817025 0.275288 0.000132652)
(0.859598 0.212641 -4.16925e-06)
(0.765059 0.293208 0.0020068)
(0.919767 0.128048 0.00019418)
(0.892293 0.254487 -3.98769e-05)
(0.962188 0.201417 -0.00492018)
(0.902798 0.325618 0.000900799)
(0.730152 0.352827 -0.000305602)
(0.934639 0.329219 0.000211887)
(0.935997 0.060577 0.00335425)
(0.854978 0.319329 -0.00056983)
(0.979662 0.252671 -0.00266462)
(0.866924 0.208208 0.000365119)
(0.755375 0.258325 0.00306658)
(1.12706 0.0800222 -0.0101933)
(0.822038 0.320247 0.000309433)
(0.971749 0.165717 0.000888079)
(1.03641 0.271201 0.000696057)
(1.10065 0.114461 -0.00891922)
(1.13952 0.260173 0.000579609)
(0.967603 0.21572 0.00119819)
(0.919084 0.217444 0.000849132)
(0.896356 0.326195 -0.000686928)
(0.903043 0.292846 0.00114558)
(0.905001 0.372053 -0.00224092)
(0.70034 0.461083 0.00193348)
(0.824821 0.332618 0.000892092)
(0.824184 0.239777 -0.000775393)
(0.83636 0.204774 0.00469067)
(0.870736 0.202162 -0.00351426)
(0.909678 0.190374 -0.000590006)
(0.893037 0.248047 0.000438945)
)
;
    }
    inlet_cyc
    {
        type            cyclicAMI;
        value           nonuniform List<vector> 
30
(
(0.818198 0.382975 0.00553869)
(0.3087 0.500512 -0.00659778)
(0.82907 0.224122 -0.000490619)
(0.785241 0.243645 0.000356108)
(0.830543 0.281883 0.000264613)
(0.736941 0.376861 0.00349615)
(0.781128 0.235356 -0.00137383)
(0.922834 0.176911 0.000129362)
(0.887215 0.209182 0.00031609)
(0.717887 0.268801 0.0033618)
(0.884745 0.160268 0.00409825)
(0.760009 0.270494 0.0016297)
(0.74838 0.356692 -0.00164352)
(0.784054 0.229296 -0.000569172)
(0.799855 0.232921 5.56286e-06)
(0.813941 0.268467 0.000182871)
(0.864351 0.23072 0.000213593)
(0.827462 0.199409 -0.0008479)
(0.900492 0.0469964 -0.000711316)
(0.74208 0.390773 -0.00108019)
(0.759466 0.315589 0.000272155)
(0.839747 0.200114 0.000233318)
(0.917817 0.263215 0.00233467)
(0.860107 0.192908 0.00114252)
(0.757988 0.228595 -0.00105616)
(0.760284 0.215158 0.00372663)
(0.94146 0.275898 -0.000736374)
(0.860573 0.226071 -0.000179978)
(1.0081 0.256717 -0.00112293)
(0.831949 0.185726 0.00201333)
)
;
    }
    outlet_cyc
    {
        type            cyclicAMI;
        value           nonuniform List<vector> 
30
(
(0.789158 0.220026 0.000292499)
(0.825152 0.247742 -0.000427011)
(1.0081 0.256717 -0.00112293)
(0.751807 0.371339 0.00154745)
(0.756582 0.255847 -0.00156127)
(0.924094 0.111549 -0.000179092)
(0.866267 0.20095 0.000980185)
(0.854413 0.21803 -1.76433e-05)
(0.796591 0.250055 -0.000765873)
(0.92122 0.281458 0.0017378)
(0.938057 0.257655 -0.000139503)
(0.784392 0.218223 -0.000602395)
(0.899232 0.112359 -0.000402861)
(0.884745 0.160268 0.00409825)
(0.827462 0.199409 -0.0008479)
(0.831949 0.185726 0.00201333)
(0.840039 0.246883 -0.000419009)
(0.911527 0.193019 0.000948693)
(0.818198 0.382975 0.00553869)
(0.813941 0.268467 0.000182871)
(0.3087 0.500512 -0.00659778)
(0.662934 0.246474 0.00922032)
(0.74208 0.390773 -0.00108019)
(0.807762 0.253936 -0.00105814)
(0.707926 0.263238 0.00916785)
(0.810345 0.180514 -0.00649737)
(0.86305 0.227814 0.00158102)
(0.835026 0.447794 -0.00558573)
(0.717887 0.268801 0.0033618)
(0.784054 0.229296 -0.000569172)
)
;
    }
}


// ************************************************************************* //
