/*--------------------------------*- C++ -*----------------------------------*\
  =========                 |
  \\      /  F ield         | OpenFOAM: The Open Source CFD Toolbox
   \\    /   O peration     | Website:  https://openfoam.org
    \\  /    A nd           | Version:  6
     \\/     M anipulation  |
\*---------------------------------------------------------------------------*/
FoamFile
{
    version     2.0;
    format      ascii;
    class       surfaceScalarField;
    location    "4.45";
    object      phi;
}
// * * * * * * * * * * * * * * * * * * * * * * * * * * * * * * * * * * * * * //

dimensions      [0 3 -1 0 0 0 0];

internalField   nonuniform List<scalar> 
8193
(
0.0920665
-0.19666
-0.0916117
0.0855357
-0.20559
0.0770025
-0.206871
0.0688454
-0.206838
0.061905
-0.207254
0.0562738
-0.207959
0.0519299
-0.208534
0.0488634
-0.208752
0.0470096
-0.208374
0.046201
-0.207126
0.0461752
-0.204681
0.046625
-0.200749
0.047223
-0.195135
0.0476508
-0.187785
0.0475486
-0.178638
0.046563
-0.167765
0.0444669
-0.155493
0.0414381
-0.142468
0.0382554
-0.129033
0.0358947
-0.114574
0.0342979
-0.0981916
0.0322859
-0.0807219
0.0294608
-0.0663788
0.0269592
-0.0598279
0.0251193
-0.061386
0.0231711
-0.0713451
0.0196455
-0.0923082
0.0134394
-0.122472
0.00439127
-0.158455
-0.0065512
-0.195417
-0.0178925
-0.227878
-0.0276872
-0.24793
-0.0355263
-0.252689
-0.0423708
-0.246504
-0.0496727
-0.238303
-0.0579741
-0.232306
-0.0673696
-0.228037
-0.0781884
-0.224644
-0.0902893
-0.222271
-0.101434
-0.22037
-0.212144
-0.108348
0.0879144
-0.195461
-0.0965841
0.0730588
-0.198068
0.0589329
-0.199819
0.0468382
-0.201453
0.0370728
-0.203745
0.0296531
-0.206269
0.0246125
-0.208636
0.0219495
-0.210601
0.0215663
-0.21184
0.0232308
-0.211955
0.0266099
-0.21053
0.0312948
-0.207206
0.0367643
-0.201688
0.0423644
-0.193791
0.0473112
-0.183335
0.0508892
-0.170464
0.052511
-0.155639
0.051954
-0.139875
0.0497673
-0.124293
0.0475661
-0.109351
0.0471004
-0.0942906
0.04803
-0.0778615
0.0482823
-0.0625524
0.0466286
-0.0538788
0.043618
-0.0539418
0.0397724
-0.0630128
0.0343268
-0.0824139
0.026643
-0.110475
0.0167236
-0.144459
0.00527181
-0.180233
-0.00654593
-0.212781
-0.0167217
-0.235038
-0.0246063
-0.242761
-0.0308987
-0.238945
-0.0372592
-0.231551
-0.0445688
-0.225566
-0.0530255
-0.221184
-0.063111
-0.217251
-0.0756131
-0.213584
-0.0905049
-0.210423
-0.205451
-0.103252
0.0689827
-0.187641
-0.0885728
0.0495384
-0.189738
0.0322635
-0.192861
0.0180192
-0.196616
0.00671975
-0.200858
-0.00149508
-0.205412
-0.0064509
-0.209946
-0.00816916
-0.214039
-0.00678917
-0.217267
-0.00254163
-0.219155
0.00426999
-0.219228
0.0131784
-0.216973
0.023384
-0.211771
0.0337806
-0.20314
0.0431524
-0.190793
0.0505174
-0.175116
0.0551743
-0.156852
0.0570399
-0.13764
0.0566155
-0.11919
0.0548871
-0.102448
0.0538579
-0.0876771
0.055082
-0.0731839
0.0574354
-0.058784
0.0582496
-0.0484544
0.0567447
-0.0461912
0.0531254
-0.0532568
0.0472178
-0.0706012
0.038843
-0.0965554
0.0283491
-0.128914
0.0164952
-0.16396
0.00432085
-0.19696
-0.00634943
-0.221632
-0.0144801
-0.232941
-0.020605
-0.232308
-0.026408
-0.226531
-0.0329689
-0.221189
-0.0406466
-0.217174
-0.0497507
-0.213358
-0.060946
-0.209172
-0.0751858
-0.204534
-0.198961
-0.0915498
0.0431611
-0.178572
-0.0677462
0.0210105
-0.181914
0.00184482
-0.186693
-0.0138955
-0.192442
-0.0258986
-0.198921
-0.0339285
-0.205911
-0.0379583
-0.212899
-0.0380123
-0.219435
-0.034189
-0.225043
-0.0266072
-0.229245
-0.0155396
-0.231422
-0.00169451
-0.230641
0.0136167
-0.225684
0.0288153
-0.215811
0.0424002
-0.200815
0.0532952
-0.181512
0.060741
-0.158964
0.0645426
-0.135378
0.0653926
-0.113353
0.0642582
-0.0941132
0.0626484
-0.0784669
0.0627655
-0.0654182
0.0651614
-0.0531376
0.0676385
-0.0428582
0.0681589
-0.0387423
0.0658705
-0.0432448
0.0604627
-0.0578641
0.0520521
-0.0813646
0.0412898
-0.112082
0.0290701
-0.146545
0.0164687
-0.180204
0.00513611
-0.207353
-0.00361654
-0.222614
-0.010001
-0.225875
-0.0155879
-0.222563
-0.0216625
-0.218525
-0.0287436
-0.215397
-0.0371429
-0.212228
-0.0474239
-0.208162
-0.0601512
-0.203076
-0.196601
-0.075729
0.0113426
-0.169708
-0.0388217
-0.012672
-0.174808
-0.032868
-0.181576
-0.0488914
-0.189585
-0.0604683
-0.198556
-0.0674981
-0.208129
-0.069921
-0.217783
-0.0677521
-0.227018
-0.0609328
-0.235453
-0.049482
-0.242548
-0.0338529
-0.247266
-0.0152416
-0.247939
0.00453047
-0.242732
0.0237323
-0.230998
0.0407972
-0.2127
0.0548514
-0.189347
0.0650717
-0.162054
0.0711325
-0.133526
0.0735086
-0.107163
0.0732826
-0.0847995
0.0717445
-0.0674541
0.0708533
-0.0548032
0.0722872
-0.0447411
0.0752375
-0.0360197
0.0775201
-0.0314323
0.0771224
-0.0336125
0.0731299
-0.0451642
0.0656277
-0.0658586
0.0551919
-0.0945284
0.0428824
-0.128192
0.0299158
-0.162458
0.0179138
-0.192027
0.00835828
-0.211376
0.00133762
-0.218992
-0.0044392
-0.21891
-0.0103794
-0.21684
-0.0171607
-0.215124
-0.0250626
-0.213177
-0.0345466
-0.209925
-0.0462396
-0.205033
-0.198216
-0.0606357
-0.0257378
-0.16194
-0.00303302
-0.0502809
-0.169085
-0.0703026
-0.178092
-0.0855365
-0.188553
-0.0958242
-0.200122
-0.101168
-0.212315
-0.101523
-0.224689
-0.0967068
-0.236906
-0.0865626
-0.248581
-0.0712751
-0.258851
-0.0517957
-0.265921
-0.0297851
-0.267425
-0.007014
-0.261423
0.0150208
-0.247544
0.034799
-0.22573
0.0517271
-0.198415
0.0648584
-0.166361
0.0738667
-0.132895
0.0788223
-0.101811
0.0805793
-0.0757284
0.0801894
-0.0558653
0.0792113
-0.0424082
0.0797022
-0.0337541
0.0822251
-0.0271661
0.0855203
-0.023622
0.0870316
-0.0244659
0.0849457
-0.0330529
0.0791635
-0.0508762
0.0698742
-0.0770642
0.0579794
-0.109353
0.0449103
-0.143887
0.0323532
-0.175619
0.0219158
-0.198947
0.0140315
-0.211175
0.00771681
-0.214909
0.00156026
-0.215412
-0.00525246
-0.215597
-0.0130313
-0.215351
-0.0220958
-0.213553
-0.0329957
-0.209591
-0.203196
-0.0462121
-0.0665536
-0.156087
0.0380582
-0.0902637
-0.165416
-0.108939
-0.176791
-0.122458
-0.189718
-0.130817
-0.203778
-0.134032
-0.218498
-0.132014
-0.233578
-0.124526
-0.248844
-0.111454
-0.263817
-0.0933816
-0.276945
-0.0718558
-0.285483
-0.0484816
-0.287013
-0.0242418
-0.28022
-0.000597275
-0.264257
0.0211107
-0.239185
0.040752
-0.208648
0.0573735
-0.172583
0.0702631
-0.134553
0.0787459
-0.0983909
0.0839951
-0.0685628
0.0862518
-0.0453555
0.086652
-0.029853
0.0871394
-0.0212638
0.0891814
-0.0163804
0.0928038
-0.0147458
0.0960138
-0.0156934
0.0962209
-0.0219894
0.0925247
-0.0368258
0.0849587
-0.0602733
0.0741347
-0.0906534
0.061448
-0.124898
0.0486367
-0.158306
0.0374296
-0.185262
0.0285962
-0.202107
0.0215034
-0.21003
0.0148351
-0.213594
0.00769036
-0.216102
-0.000310045
-0.217932
-0.00938403
-0.218083
-0.0199597
-0.215691
-0.210462
-0.0324362
-0.108934
-0.152854
0.0821812
-0.130522
-0.164406
-0.14684
-0.178075
-0.157937
-0.193257
-0.163914
-0.209521
-0.164789
-0.226512
-0.16045
-0.244086
-0.150829
-0.262053
-0.136204
-0.279603
-0.11727
-0.294782
-0.0957803
-0.303796
-0.0724378
-0.305278
-0.047929
-0.297937
-0.0238597
-0.280002
-0.00106787
-0.252301
0.020713
-0.219579
0.0406887
-0.180707
0.0595978
-0.14078
0.0742179
-0.0996661
0.0832968
-0.0638
0.0887682
-0.036655
0.0918197
-0.0185704
0.0935578
-0.00867795
0.0958955
-0.00458176
0.099769
-0.00485533
0.104068
-0.00679348
0.106565
-0.0120561
0.10539
-0.0241994
0.100056
-0.044688
0.0909895
-0.0727661
0.0793366
-0.106088
0.0667701
-0.140485
0.0551062
-0.170484
0.0454197
-0.191678
0.0374611
-0.203923
0.0301038
-0.210886
0.0224016
-0.216027
0.0139105
-0.220198
0.00444708
-0.222619
-0.00626716
-0.222286
-0.218825
-0.0185416
-0.150155
-0.152794
0.126448
-0.168586
-0.166428
-0.181828
-0.18209
-0.190062
-0.19912
-0.193442
-0.217155
-0.192012
-0.23598
-0.185783
-0.255515
-0.174981
-0.275376
-0.160273
-0.294324
-0.142521
-0.310226
-0.122445
-0.319436
-0.100141
-0.321213
-0.0770025
-0.312968
-0.0534929
-0.293861
-0.0300821
-0.264706
-0.00697541
-0.230509
0.0158527
-0.190368
0.0387084
-0.149652
0.060066
-0.106395
0.0764254
-0.0650549
0.0870472
-0.0318651
0.0937009
-0.00967522
0.0978853
0.00264996
0.101744
0.00685577
0.106373
0.00541091
0.111634
0.00224278
0.116014
-0.00294128
0.117442
-0.0131493
0.114804
-0.0308136
0.108098
-0.0563008
0.0981651
-0.0881128
0.0865239
-0.122764
0.0749225
-0.155011
0.0646872
-0.180021
0.0559565
-0.196452
0.0478826
-0.206971
0.0395301
-0.214927
0.0304108
-0.22159
0.0203228
-0.226432
0.00910296
-0.228444
-0.227173
-0.00344222
-0.18715
-0.156152
0.167442
-0.201776
-0.171516
-0.21157
-0.18868
-0.216798
-0.207007
-0.217664
-0.226231
-0.21431
-0.246231
-0.206934
-0.266897
-0.195975
-0.28762
-0.182131
-0.306922
-0.166218
-0.322559
-0.14823
-0.331711
-0.129161
-0.332641
-0.109096
-0.323667
-0.0874082
-0.304655
-0.0640065
-0.275879
-0.0395551
-0.241585
-0.0145966
-0.200985
0.0114944
-0.160612
0.0378934
-0.117044
0.0612658
-0.0722271
0.0790478
-0.033164
0.0909398
-0.00496986
0.0991249
0.0110045
0.105811
0.0164744
0.112068
0.0150386
0.118555
0.0110277
0.124573
0.00549396
0.128507
-0.00366067
0.128799
-0.018941
0.124953
-0.0417826
0.117414
-0.0716361
0.107415
-0.10581
0.096576
-0.13945
0.0863054
-0.167508
0.0771086
-0.18773
0.0684651
-0.201745
0.0595397
-0.212566
0.0498055
-0.221742
0.0390598
-0.229038
0.0271634
-0.233467
-0.234592
0.0140403
-0.216862
-0.162718
0.201591
-0.227533
-0.179268
-0.233915
-0.197346
-0.23632
-0.216351
-0.235048
-0.236065
-0.23038
-0.256413
-0.222666
-0.277242
-0.212406
-0.297809
-0.200204
-0.316545
-0.186656
-0.331225
-0.172081
-0.339306
-0.157062
-0.338791
-0.14035
-0.329824
-0.121415
-0.311548
-0.0995723
-0.284389
-0.0749815
-0.251736
-0.0478498
-0.21275
-0.0194222
-0.172919
0.0104376
-0.130198
0.0393174
-0.0839796
0.0638903
-0.0403519
0.0824098
-0.00601096
0.0961429
0.0146759
0.106942
0.022833
0.115958
0.0227539
0.124339
0.0187609
0.132143
0.0129879
0.138365
0.00438876
0.141611
-0.0091641
0.14095
-0.0295806
0.1364
-0.0572671
0.128783
-0.0903416
0.11948
-0.124514
0.109876
-0.154736
0.100719
-0.17811
0.0918326
-0.195328
0.0825842
-0.208926
0.0724565
-0.220546
0.0611921
-0.230177
0.048711
-0.236973
-0.240444
0.0349249
-0.236858
-0.171788
0.225889
-0.243833
-0.188949
-0.247176
-0.207321
-0.247229
-0.226367
-0.244364
-0.245865
-0.239026
-0.265698
-0.23163
-0.285765
-0.222634
-0.305296
-0.212588
-0.322644
-0.201978
-0.335652
-0.190948
-0.342124
-0.179618
-0.340087
-0.166981
-0.330806
-0.15154
-0.313912
-0.132328
-0.289289
-0.109239
-0.259462
-0.0819147
-0.223834
-0.0521803
-0.185704
-0.0201042
-0.144777
0.0125031
-0.0987013
0.0428201
-0.0525513
0.0680891
-0.0130878
0.0880503
0.012821
0.104123
0.0246143
0.117032
0.0272744
0.128153
0.024462
0.138197
0.0189658
0.146736
0.0108656
0.152831
-0.0014623
0.15549
-0.0198907
0.154354
-0.0454645
0.149804
-0.0770476
0.142849
-0.110985
0.134698
-0.142422
0.126225
-0.168122
0.117599
-0.188061
0.108452
-0.20422
0.0983093
-0.218107
0.0868913
-0.229876
0.0740915
-0.238819
-0.244443
0.0598451
-0.245532
-0.182221
0.238192
-0.24952
-0.199463
-0.250507
-0.217613
-0.248866
-0.23615
-0.245023
-0.254833
-0.239489
-0.273483
-0.232758
-0.292039
-0.225316
-0.309754
-0.21748
-0.325162
-0.209714
-0.335967
-0.201997
-0.340459
-0.194457
-0.336513
-0.186156
-0.32646
-0.174755
-0.311322
-0.159005
-0.289886
-0.138398
-0.263931
-0.112405
-0.232869
-0.0827981
-0.197694
-0.0506698
-0.158784
-0.0158899
-0.115005
0.0183291
-0.0680877
0.0492011
-0.0252197
0.0749162
0.00575184
0.0967758
0.0211494
0.114337
0.0276926
0.129014
0.0271748
0.141852
0.0227457
0.15297
0.0153962
0.161882
0.00409866
0.167919
-0.0128473
0.170488
-0.0365725
0.169569
-0.0665206
0.165697
-0.0995959
0.159776
-0.131308
0.152706
-0.158415
0.144952
-0.180442
0.136429
-0.198807
0.126781
-0.21472
0.115714
-0.228369
0.10307
-0.239145
-0.246614
0.0887909
-0.242355
-0.192619
0.237606
-0.244346
-0.209529
-0.243889
-0.227084
-0.241379
-0.24471
-0.237234
-0.262177
-0.232032
-0.279167
-0.226242
-0.295756
-0.220238
-0.311302
-0.214356
-0.324391
-0.209286
-0.332378
-0.204782
-0.334491
-0.200633
-0.328571
-0.196425
-0.317145
-0.189122
-0.303849
-0.177284
-0.285871
-0.16007
-0.26438
-0.136888
-0.238533
-0.108645
-0.207814
-0.0775615
-0.171284
-0.0430545
-0.13061
-0.00737505
-0.0846842
0.0274362
-0.0409058
0.0580962
-0.00588236
0.084944
0.0130817
0.107508
0.0235094
0.12618
0.0263207
0.142218
0.0237888
0.156195
0.0175807
0.168092
0.00724613
0.17754
-0.00857447
0.184042
-0.0308925
0.187168
-0.0592262
0.18693
-0.090924
0.183876
-0.122031
0.178892
-0.149639
0.172642
-0.173038
0.165349
-0.193189
0.156762
-0.210803
0.146609
-0.22602
0.134688
-0.238264
-0.247263
0.120997
-0.227868
-0.201462
0.224435
-0.229015
-0.217808
-0.228134
-0.234577
-0.225631
-0.251078
-0.221897
-0.267132
-0.217456
-0.282309
-0.21284
-0.296699
-0.208509
-0.309749
-0.20434
-0.320638
-0.201372
-0.325566
-0.199791
-0.324616
-0.198548
-0.316862
-0.197785
-0.303637
-0.19435
-0.291863
-0.186222
-0.277593
-0.173046
-0.260317
-0.154021
-0.239634
-0.129248
-0.214116
-0.0998381
-0.181812
-0.0670393
-0.144243
-0.0321782
-0.100223
0.00428759
-0.0580206
0.0388645
-0.0212097
0.0690255
0.00193364
0.0960395
0.0151294
0.118993
0.0214707
0.138596
0.0215986
0.155719
0.0170058
0.170816
0.00764904
0.183828
-0.00732785
0.194318
-0.0285679
0.201669
-0.0554167
0.205302
-0.0852605
0.205548
-0.115059
0.203145
-0.142299
0.19904
-0.166472
0.193554
-0.187893
0.186552
-0.206797
0.177804
-0.223198
0.16709
-0.236496
-0.246638
0.154448
-0.203642
-0.207357
0.200257
-0.20505
-0.223113
-0.204775
-0.239015
-0.203034
-0.254487
-0.200401
-0.269022
-0.197118
-0.282548
-0.193861
-0.294744
-0.191103
-0.305274
-0.189017
-0.313629
-0.187401
-0.31639
-0.188742
-0.310955
-0.189474
-0.302449
-0.191295
-0.286936
-0.191734
-0.275504
-0.186534
-0.265982
-0.177577
-0.251715
-0.163037
-0.235999
-0.143196
-0.215297
-0.117544
-0.188439
-0.0867017
-0.155811
-0.0539422
-0.113576
-0.0174539
-0.0750856
0.0188717
-0.0382135
0.0516909
-0.0117883
0.0808552
0.00470784
0.10643
0.0141458
0.129293
0.0163423
0.149771
0.0133348
0.168606
0.00464871
0.185736
-0.00977477
0.200447
-0.0299353
0.212087
-0.0552466
0.219297
-0.0823917
0.223161
-0.11077
0.223547
-0.136648
0.222264
-0.161445
0.218946
-0.183284
0.213966
-0.203117
0.206907
-0.220137
0.197738
-0.2341
-0.244953
0.186474
-0.171929
0.16749
-0.174529
-0.175655
-0.17537
-0.174362
-0.172733
-0.170947
-0.169765
-0.169414
-0.169007
-0.172685
-0.175586
-0.179681
-0.183314
-0.18148
-0.17544
-0.163671
-0.147687
-0.127526
-0.100297
-0.0700099
-0.0351835
0.000961632
0.0352337
0.0661426
0.0937513
0.119172
0.142463
0.164367
0.184785
0.202349
0.217467
0.227371
0.235194
0.238389
0.240512
0.239413
0.236623
0.23137
0.223733
0.214045
0.271673
0.188874
0.280764
0.165942
0.282487
0.139069
0.277051
0.110748
0.265363
0.0830278
0.24878
0.0575502
0.228625
0.0351785
0.206135
0.0160597
0.182308
-0.000162725
0.157831
-0.0141771
0.133107
-0.0268715
0.108344
-0.0391506
0.0837129
-0.0517728
0.0596262
-0.0650483
0.0366267
-0.0792251
0.0171703
-0.0914433
-0.0955877
0.274255
0.164366
0.282326
0.145448
0.2838
0.123148
0.27887
0.0993497
0.268151
0.0757488
0.25272
0.0535836
0.2337
0.0337247
0.21217
0.0164113
0.189039
0.00148891
0.164988
-0.0114774
0.140463
-0.023133
0.11573
-0.0342
0.0909384
-0.0453382
0.0662871
-0.0569347
0.0419803
-0.0692823
0.0196924
-0.081042
-0.0850617
0.272502
0.140295
0.279935
0.125023
0.281501
0.106734
0.27725
0.0870044
0.267654
0.067164
0.253497
0.0481854
0.235799
0.0307509
0.215491
0.015227
0.193354
0.00164115
0.170023
-0.010272
0.145945
-0.0209531
0.121407
-0.0309629
0.0965885
-0.0408528
0.0716726
-0.0510323
0.0467617
-0.0617355
0.0226089
-0.0723075
-0.07567
0.267723
0.11736
0.274476
0.105082
0.276031
0.0902861
0.272418
0.0740995
0.263969
0.0575878
0.251262
0.041523
0.235019
0.0264791
0.216041
0.0127764
0.19506
0.000541215
0.172639
-0.0102982
0.149216
-0.0200439
0.125081
-0.0290958
0.100402
-0.0378818
0.0752953
-0.0467642
0.0498966
-0.0560079
0.0244977
-0.0651342
-0.0677006
0.259229
0.0954587
0.265466
0.0857951
0.267182
0.073953
0.264276
0.0608738
0.256981
0.0473218
0.245746
0.0338859
0.231129
0.0210639
0.213693
0.0091962
0.194034
-0.00159526
0.172718
-0.0113308
0.150173
-0.0201588
0.126674
-0.0283127
0.102399
-0.0361138
0.0774447
-0.0438451
0.0519008
-0.051765
0.0258756
-0.0594236
-0.0609158
0.248177
0.0749465
0.253928
0.0674123
0.255666
0.0581453
0.253378
0.0476826
0.24717
0.0366983
0.237333
0.0256225
0.224274
0.0148593
0.208468
0.00471029
0.190367
-0.00466241
0.170394
-0.0132268
0.148915
-0.0210581
0.126248
-0.0283292
0.10259
-0.0352291
0.0780504
-0.0419469
0.0527026
-0.048704
0.0265491
-0.0549807
-0.0552858
0.23455
0.0559831
0.239724
0.0502555
0.241545
0.0430237
0.239859
0.0347605
0.234671
0.0260048
0.226173
0.0170178
0.214646
0.00813617
0.200433
-0.000380983
0.183911
-0.00838496
0.165445
-0.0158154
0.145348
-0.0226796
0.123848
-0.0290523
0.101118
-0.0350551
0.077293
-0.040831
0.0524637
-0.0465518
0.0266163
-0.0515898
-0.0507173
0.218917
0.0385303
0.223737
0.0342768
0.225591
0.0288089
0.22438
0.022404
0.220113
0.0155105
0.212857
0.00834791
0.202797
0.00115329
0.190182
-0.00586434
0.175287
-0.0125662
0.158387
-0.0188753
0.139734
-0.024763
0.119549
-0.0302586
0.0979996
-0.0354217
0.0752137
-0.040343
0.0512321
-0.0451008
0.0260516
-0.0490173
-0.0471927
0.202008
0.0229428
0.206212
0.0198633
0.208016
0.0157032
0.207208
0.0108031
0.203718
0.00548269
0.197578
-0.000128774
0.188901
-0.00586055
0.177836
-0.0115285
0.164574
-0.0170197
0.14932
-0.0222616
0.132274
-0.027206
0.11361
-0.0318462
0.0934726
-0.0362002
0.0719864
-0.0403292
0.0491696
-0.044197
0.0250619
-0.04714
-0.0445495
0.183637
0.00888666
0.1876
0.00671628
0.189403
0.0037308
0.188915
0.000112393
0.186113
-0.0039145
0.180981
-0.0082213
0.17356
-0.0126818
0.163947
-0.0171588
0.152266
-0.0215546
0.138657
-0.0258029
0.123268
-0.0298533
0.106238
-0.0336801
0.0876916
-0.0372746
0.0677335
-0.0406722
0.0463896
-0.0437477
0.0236622
-0.0458066
-0.0426799
0.165245
-0.00327232
0.168562
-0.00472721
0.170205
-0.00691962
0.16997
-0.00957019
0.167739
-0.0125314
0.163478
-0.0157528
0.157192
-0.0191378
0.148924
-0.0225792
0.138746
-0.0260031
0.126752
-0.0293528
0.113045
-0.0325799
0.0977291
-0.0356504
0.0809018
-0.0385425
0.0626448
-0.0412659
0.043005
-0.043653
0.0219665
-0.0449394
-0.0414354
0.145812
-0.0139651
0.148915
-0.0149028
0.150497
-0.0163549
0.150446
-0.0181826
0.148721
-0.0203063
0.145258
-0.0226476
0.140019
-0.0251273
0.133015
-0.027683
0.124285
-0.0302624
0.11388
-0.0328148
0.101866
-0.035297
0.0883163
-0.0376775
0.0733021
-0.0399256
0.0568843
-0.0420327
0.0391115
-0.0438122
0.0200146
-0.0444752
-0.0407011
0.127193
-0.0229034
0.129714
-0.0234762
0.13108
-0.0244548
0.131138
-0.0256859
0.129776
-0.0271308
0.126935
-0.028757
0.122579
-0.0305066
0.116695
-0.0323337
0.109289
-0.0342007
0.100384
-0.0360684
0.0900152
-0.0379025
0.0782294
-0.0396745
0.0650739
-0.0413503
0.0505936
-0.0429126
0.0348298
-0.0441653
0.0178435
-0.0443334
-0.040395
0.10792
-0.0305716
0.110199
-0.0308418
0.111459
-0.0313854
0.111628
-0.0321408
0.110631
-0.0330621
0.108393
-0.0341146
0.104869
-0.0352685
0.100037
-0.0364967
0.0938864
-0.0377692
0.0864215
-0.0390584
0.0776605
-0.0403394
0.0676315
-0.0415895
0.0563666
-0.0427741
0.0438965
-0.0438694
0.0302571
-0.0446804
0.0155174
-0.04446
-0.0404351
0.0897197
-0.0366339
0.0914641
-0.0367745
0.0924739
-0.0370736
0.0926288
-0.0374917
0.0918481
-0.0380211
0.0900726
-0.0386468
0.0872557
-0.0393494
0.083362
-0.0401109
0.0783683
-0.0409108
0.0722648
-0.041732
0.065054
-0.042559
0.0567515
-0.043379
0.0473761
-0.0441568
0.0369449
-0.0448639
0.0254919
-0.045318
0.0130848
-0.044802
-0.0407477
0.0710712
-0.0416874
0.0725888
-0.041656
0.0734746
-0.0417209
0.0736761
-0.0418762
0.0731406
-0.0421129
0.071818
-0.0424171
0.069667
-0.0427773
0.0666557
-0.043183
0.0627611
-0.0436209
0.0579678
-0.0440795
0.0522665
-0.0445473
0.0456612
-0.0450223
0.038166
-0.045477
0.0297907
-0.045876
0.0205779
-0.0460669
0.0105687
-0.0453282
-0.0412843
0.0534568
-0.0453249
0.0544587
-0.0452691
0.0550637
-0.0452446
0.0552018
-0.0452592
0.054814
-0.0453143
0.0538537
-0.0454078
0.0522822
-0.045535
0.050069
-0.0456927
0.0471962
-0.0458792
0.0436436
-0.046079
0.0393993
-0.0462876
0.0344517
-0.0465018
0.0288303
-0.0467331
0.0225316
-0.0469114
0.0155733
-0.0469036
0.00799153
-0.0460042
-0.0420133
0.0354565
-0.0481256
0.0362471
-0.0479827
0.0367242
-0.0478632
0.0368688
-0.047777
0.0366537
-0.0477166
0.0360512
-0.0476792
0.0350359
-0.0476617
0.0335848
-0.0476629
0.0316792
-0.0476844
0.0293088
-0.0477182
0.0264681
-0.0477641
0.0231528
-0.0478184
0.0193713
-0.0479045
0.0151348
-0.047954
0.0104563
-0.0478338
0.00535122
-0.04684
-0.0429357
0.0181916
-0.0496556
0.018501
-0.0495782
0.0187067
-0.0494856
0.0187719
-0.0493965
0.018669
-0.049312
0.0183765
-0.0492352
0.0178766
-0.0491666
0.0171538
-0.0491068
0.0161912
-0.0490555
0.0149829
-0.0490154
0.0135259
-0.0489886
0.0118279
-0.0489813
0.00987339
-0.0489935
0.0076806
-0.0489894
0.00526055
-0.0488281
0.00266749
-0.0478482
-0.0440561
0.000463309
-0.0504418
0.000548084
-0.0503469
0.000612049
-0.0502768
0.000661981
-0.050217
0.000700084
-0.050164
0.000724708
-0.050117
0.000733229
-0.0500754
0.000723326
-0.0500397
0.000693525
-0.0500107
0.000641015
-0.0499893
0.000564927
-0.0499795
0.000466233
-0.0499892
0.000350095
-0.0500223
0.000213855
-0.050035
3.85499e-05
-0.0498699
-2.67558e-05
-0.0490332
-0.0453644
-0.0169009
-0.0500389
-0.0172565
-0.050089
-0.0174403
-0.050146
-0.0174562
-0.050203
-0.0172994
-0.0502647
-0.0169645
-0.0503313
-0.0164453
-0.0504028
-0.0157365
-0.0504791
-0.0148336
-0.0505602
-0.0137322
-0.050647
-0.0124289
-0.0507428
-0.0109219
-0.0508539
-0.00921125
-0.0509829
-0.0072928
-0.0510902
-0.00516805
-0.0510131
-0.00271657
-0.0503802
-0.0468492
-0.0349639
-0.0489046
-0.0355348
-0.0490254
-0.0358442
-0.0492104
-0.0358526
-0.0494214
-0.0355275
-0.0496566
-0.0348436
-0.0499089
-0.0337803
-0.050174
-0.0323213
-0.0504477
-0.0304544
-0.0507266
-0.0281705
-0.0510088
-0.0254634
-0.0512949
-0.0223309
-0.0515885
-0.018773
-0.0518905
-0.0147855
-0.0521661
-0.0103493
-0.0522687
-0.00539947
-0.0518732
-0.0485098
-0.0528979
-0.0465508
-0.0539049
-0.046912
-0.0544441
-0.0473404
-0.0544863
-0.0478042
-0.0539977
-0.0483067
-0.0529475
-0.0488384
-0.0513086
-0.0493915
-0.0490592
-0.0499573
-0.0461837
-0.0505272
-0.0426715
-0.0510949
-0.0385165
-0.0516579
-0.0337181
-0.0522152
-0.0282766
-0.0527683
-0.0221897
-0.0532864
-0.0154624
-0.0536169
-0.00806294
-0.0534733
-0.0503472
-0.0717925
-0.0434167
-0.0730031
-0.043941
-0.073642
-0.0446229
-0.0736299
-0.0453942
-0.0729048
-0.0462414
-0.0714186
-0.047142
-0.0691337
-0.0480786
-0.0660227
-0.0490335
-0.0620674
-0.04999
-0.0572584
-0.0509349
-0.0515933
-0.0518602
-0.0450749
-0.0527615
-0.0377075
-0.0536409
-0.0294982
-0.0544669
-0.0204737
-0.0550697
-0.0106999
-0.055126
-0.0523727
-0.0907744
-0.0388701
-0.0924478
-0.0397987
-0.0932818
-0.0409049
-0.0932297
-0.0421168
-0.0922383
-0.0434287
-0.0902599
-0.0448137
-0.0872569
-0.0462461
-0.0832033
-0.0476982
-0.0780853
-0.0491433
-0.0718996
-0.05056
-0.0646529
-0.0519326
-0.0563594
-0.0532522
-0.0470376
-0.0545193
-0.0367134
-0.0556981
-0.0254298
-0.0566051
-0.0132658
-0.0568843
-0.0545766
-0.110847
-0.033469
-0.112691
-0.0347132
-0.113575
-0.0362641
-0.113383
-0.0380021
-0.112031
-0.039891
-0.109461
-0.0418807
-0.105636
-0.0439283
-0.100534
-0.0459909
-0.0941511
-0.0480289
-0.0864967
-0.0500099
-0.0775929
-0.0519095
-0.0674719
-0.0537125
-0.0561728
-0.0554161
-0.0437422
-0.0569818
-0.0302367
-0.0582196
-0.0157155
-0.0587761
-0.0569344
-0.130995
-0.0264392
-0.133303
-0.0283257
-0.134307
-0.0305591
-0.133945
-0.033005
-0.132156
-0.0356291
-0.128894
-0.0383695
-0.124132
-0.0411668
-0.117864
-0.0439613
-0.110105
-0.0466984
-0.100885
-0.049333
-0.0902506
-0.0518309
-0.0782574
-0.0541707
-0.0649698
-0.0563479
-0.050456
-0.0583248
-0.034785
-0.0599166
-0.0180244
-0.0607768
-0.0594362
-0.152113
-0.0184574
-0.154533
-0.0209229
-0.155484
-0.0238952
-0.154827
-0.0271795
-0.152476
-0.0306949
-0.148388
-0.034341
-0.142552
-0.0380309
-0.134985
-0.041682
-0.12573
-0.0452213
-0.114848
-0.04859
-0.102415
-0.0517441
-0.0885222
-0.0546578
-0.0732621
-0.0573277
-0.0567278
-0.0597246
-0.039
-0.0616825
-0.0201243
-0.0628969
-0.0620516
-0.172978
-0.00868945
-0.175829
-0.0121345
-0.176769
-0.0161698
-0.175746
-0.020534
-0.172715
-0.0251448
-0.167659
-0.0298762
-0.160602
-0.0346128
-0.151597
-0.0392466
-0.140725
-0.0436847
-0.128089
-0.0478543
-0.11381
-0.0517042
-0.0980137
-0.0552083
-0.0808277
-0.0583717
-0.0623689
-0.0611837
-0.0427295
-0.0635114
-0.0219624
-0.0650975
-0.064754
-0.194371
0.00208234
-0.197223
-0.00235282
-0.197952
-0.00754347
-0.196408
-0.0131787
-0.192538
-0.0190904
-0.186353
-0.0250956
-0.177915
-0.0310365
-0.167328
-0.036774
-0.154725
-0.0421938
-0.140264
-0.0472112
-0.124113
-0.0517729
-0.106444
-0.0558605
-0.0874208
-0.0594957
-0.0671871
-0.0626985
-0.0458506
-0.0653814
-0.0234766
-0.0673378
-0.0675185
-0.214837
0.0146603
-0.218041
0.00878372
-0.218555
0.00199819
-0.216379
-0.0052055
-0.211515
-0.0126669
-0.204034
-0.0201488
-0.194058
-0.0274518
-0.181755
-0.0344028
-0.167326
-0.0408673
-0.150994
-0.046754
-0.132984
-0.0520157
-0.113517
-0.0566524
-0.0927968
-0.0607142
-0.0709957
-0.0642628
-0.0482382
-0.067269
-0.0245932
-0.069591
-0.0703168
-0.235006
0.0282167
-0.238061
0.0207534
-0.238165
0.0122466
-0.235188
0.00320794
-0.229167
-0.00605
-0.220225
-0.015216
-0.208562
-0.024032
-0.194428
-0.0322888
-0.178107
-0.0398351
-0.159895
-0.0465813
-0.140084
-0.0524996
-0.118946
-0.0576223
-0.096724
-0.0620421
-0.0736187
-0.0658757
-0.049768
-0.0691652
-0.0252391
-0.0718486
-0.07312
-0.253358
0.0433765
-0.256594
0.0338287
-0.256227
0.0230895
-0.252322
0.0118871
-0.244983
0.000554269
-0.234427
-0.0105034
-0.220947
-0.020971
-0.204896
-0.0306018
-0.186651
-0.0392349
-0.166594
-0.0467962
-0.145087
-0.0532944
-0.122456
-0.058813
-0.0989805
-0.063504
-0.0748826
-0.0675529
-0.0503138
-0.0710825
-0.0253467
-0.0741158
-0.075905
-0.270172
0.0593577
-0.273182
0.0475007
-0.27222
0.0343105
-0.267247
0.0206043
-0.25845
0.00691895
-0.246146
-0.00623786
-0.230748
-0.0184771
-0.212725
-0.0295203
-0.192567
-0.0392096
-0.170747
-0.0475052
-0.147701
-0.054475
-0.123803
-0.0602773
-0.0993647
-0.0651427
-0.0746268
-0.0693357
-0.0497569
-0.0730601
-0.0248573
-0.0764075
-0.0786594
-0.284281
0.0765486
-0.28728
0.0618376
-0.285621
0.0456712
-0.279457
0.029108
-0.269072
0.0127834
-0.254914
-0.00266166
-0.237532
-0.0167653
-0.217531
-0.0292236
-0.195519
-0.0399
-0.172071
-0.0488141
-0.147689
-0.0561221
-0.122796
-0.0620829
-0.0977241
-0.0670247
-0.0727329
-0.0712956
-0.048015
-0.0751673
-0.0237239
-0.0787684
-0.0813863
-0.295567
0.0942929
-0.298328
0.0764189
-0.295922
0.0569392
-0.288479
0.0371341
-0.276421
0.0178907
-0.260344
-1.7523e-05
-0.240958
-0.0160473
-0.219023
-0.029883
-0.195275
-0.0414371
-0.170384
-0.0508248
-0.14492
-0.0583222
-0.119336
-0.0643175
-0.0939855
-0.0692501
-0.0691449
-0.0735463
-0.0450467
-0.0775174
-0.0219211
-0.0812838
-0.0841136
-0.303312
0.112715
-0.305949
0.0911145
-0.302742
0.0678341
-0.293972
0.0444197
-0.280194
0.0219802
-0.262181
0.00145982
-0.240827
-0.0165205
-0.217057
-0.0316544
-0.191745
-0.0439397
-0.165653
-0.0536312
-0.139396
-0.0611694
-0.113453
-0.0670951
-0.0881827
-0.0719657
-0.0638854
-0.0762642
-0.0408559
-0.0802917
-0.0194414
-0.0840937
-0.0868963
-0.307283
0.131311
-0.309767
0.105609
-0.305791
0.0781201
-0.295695
0.0507092
-0.28021
0.0248154
-0.260309
0.0015656
-0.237091
-0.0183467
-0.211658
-0.0346586
-0.185014
-0.0475021
-0.158002
-0.0573236
-0.131272
-0.0647722
-0.105303
-0.0705673
-0.0804567
-0.0753756
-0.0570651
-0.0796961
-0.0355072
-0.083753
-0.0162983
-0.0874167
-0.0898183
-0.307194
0.149954
-0.309643
0.119692
-0.304943
0.0875359
-0.29358
0.0557729
-0.276464
0.0261935
-0.254793
0.00013779
-0.229884
-0.0216459
-0.203019
-0.0389823
-0.175324
-0.0521991
-0.1477
-0.0619958
-0.120811
-0.0692729
-0.0951213
-0.0749447
-0.0709966
-0.0797604
-0.0488174
-0.0841705
-0.0290975
-0.0882192
-0.0125406
-0.0915271
-0.0930044
-0.302987
0.168293
-0.305513
0.133114
-0.300232
0.095888
-0.287733
0.0594287
-0.269138
0.025965
-0.245884
-0.00293694
-0.219517
-0.0264962
-0.191496
-0.0446841
-0.163053
-0.0580985
-0.135125
-0.0677608
-0.108358
-0.0748647
-0.0831942
-0.080516
-0.0600017
-0.0855015
-0.0392429
-0.0901238
-0.0216109
-0.0941249
-0.00814185
-0.0966956
-0.0965192
0.193519
-0.165536
-0.19021
0.193988
-0.173716
0.193185
-0.182042
0.189956
-0.19002
0.185781
-0.197481
0.179658
-0.203829
0.172624
-0.208868
0.164172
-0.21228
0.154767
-0.213838
0.14445
-0.213304
0.133134
-0.210618
0.121303
-0.205618
0.108544
-0.198483
0.0955139
-0.189257
0.0817236
-0.178335
0.0677597
-0.165795
0.053231
-0.152285
0.0385982
-0.13797
0.0235669
-0.123543
0.00849534
-0.109343
-0.00686642
-0.095971
-0.0221992
-0.0839092
-0.0376749
-0.0736169
-0.05304
-0.0655079
-0.0683378
-0.0599564
-0.083366
-0.0572941
-0.098075
-0.0577574
-0.112268
-0.0615163
-0.125813
-0.068614
-0.13852
-0.0789956
-0.150183
-0.0924787
-0.160614
-0.108744
-0.169572
-0.127349
-0.176885
-0.147723
-0.182314
-0.169208
-0.18572
-0.19105
-0.18692
-0.212471
-0.185828
-0.232665
-0.182362
-0.250889
-0.176504
-0.266447
-0.278783
0.217473
-0.158264
-0.215164
0.217423
-0.166895
0.215157
-0.175777
0.210933
-0.184495
0.204889
-0.192728
0.197294
-0.199978
0.18832
-0.20593
0.178131
-0.210244
0.166886
-0.212671
0.154737
-0.212965
0.141795
-0.21102
0.128224
-0.20673
0.114096
-0.20019
0.0995764
-0.191543
0.0846809
-0.181047
0.069608
-0.168971
0.05433
-0.15575
0.0390151
-0.141752
0.0236478
-0.127497
0.00834048
-0.113459
-0.00689272
-0.100144
-0.0219782
-0.0880977
-0.0368763
-0.0777449
-0.0515074
-0.0695375
-0.0657964
-0.0638413
-0.0796453
-0.0610049
-0.0929409
-0.0612729
-0.105561
-0.0648162
-0.117358
-0.0716972
-0.128166
-0.0818692
-0.137809
-0.0951557
-0.146097
-0.111247
-0.152838
-0.129703
-0.157841
-0.149953
-0.160936
-0.171325
-0.161963
-0.193066
-0.160799
-0.214377
-0.157352
-0.234444
-0.151582
-0.252496
-0.143483
-0.267834
-0.279871
0.234498
-0.148975
-0.231771
0.234478
-0.157929
0.231916
-0.167289
0.227067
-0.176651
0.220143
-0.185614
0.211448
-0.193745
0.201201
-0.20062
0.189632
-0.205895
0.17693
-0.209264
0.163297
-0.210494
0.148897
-0.209434
0.133913
-0.206005
0.11848
-0.200258
0.102749
-0.19236
0.0868255
-0.182536
0.070853
-0.171103
0.0549026
-0.158433
0.039088
-0.14495
0.0234729
-0.131132
0.00813227
-0.117469
-0.00686784
-0.104467
-0.0214883
-0.0926434
-0.0356658
-0.08245
-0.0493458
-0.0743274
-0.0624479
-0.068663
-0.0748937
-0.0657975
-0.0865888
-0.0659842
-0.0974252
-0.0693999
-0.107275
-0.0761182
-0.115998
-0.0860981
-0.12344
-0.0991697
-0.129438
-0.115029
-0.133828
-0.133236
-0.136443
-0.153222
-0.137132
-0.174309
-0.135765
-0.195732
-0.132242
-0.21668
-0.126493
-0.236327
-0.118498
-0.25388
-0.108273
-0.268633
-0.27998
0.242871
-0.139006
-0.238499
0.243971
-0.147988
0.242082
-0.157595
0.237498
-0.167396
0.230503
-0.176945
0.221405
-0.1858
0.210504
-0.193511
0.198075
-0.199688
0.184374
-0.203997
0.169646
-0.206186
0.154115
-0.206086
0.138006
-0.203616
0.121508
-0.198804
0.104792
-0.191805
0.088021
-0.182847
0.0713406
-0.17224
0.0548778
-0.160351
0.0387461
-0.147599
0.023043
-0.134454
0.00785159
-0.121403
-0.00675526
-0.108943
-0.0207309
-0.0975697
-0.0340207
-0.0877428
-0.0465708
-0.0799005
-0.0583167
-0.0744361
-0.0691986
-0.0716804
-0.0791398
-0.0718958
-0.0880532
-0.0752618
-0.0958386
-0.081857
-0.102383
-0.0916447
-0.107565
-0.10446
-0.111251
-0.120001
-0.113309
-0.137831
-0.113607
-0.15738
-0.112024
-0.177966
-0.108454
-0.198819
-0.102824
-0.219112
-0.0950893
-0.238012
-0.0852457
-0.25471
-0.0733325
-0.268488
-0.278737
0.241435
-0.129777
-0.234214
0.244808
-0.138392
0.244642
-0.14787
0.241271
-0.157763
0.235054
-0.167618
0.226342
-0.176953
0.215482
-0.185288
0.202811
-0.192209
0.188649
-0.197354
0.1733
-0.200445
0.157051
-0.201297
0.140176
-0.199822
0.122924
-0.196025
0.105509
-0.190039
0.0881319
-0.182088
0.0709725
-0.172471
0.0542008
-0.161559
0.0379556
-0.149748
0.0223522
-0.137497
0.00748962
-0.12528
-0.00655329
-0.113582
-0.0197202
-0.102879
-0.0319639
-0.0936207
-0.0432358
-0.0862454
-0.0534933
-0.0811365
-0.0626907
-0.0786218
-0.0707767
-0.0789627
-0.0776927
-0.0823378
-0.0833706
-0.0888271
-0.0877332
-0.0983957
-0.0906947
-0.110881
-0.0921631
-0.125984
-0.0920429
-0.143268
-0.0902407
-0.162166
-0.0866707
-0.181994
-0.0812615
-0.201977
-0.073961
-0.221288
-0.0647495
-0.23908
-0.0536393
-0.254541
-0.0406813
-0.266945
-0.275679
0.229907
-0.122615
-0.218824
0.236542
-0.130381
0.239053
-0.139264
0.237807
-0.148815
0.233206
-0.158577
0.225666
-0.168053
0.215571
-0.176707
0.203315
-0.184117
0.189285
-0.189898
0.173846
-0.193749
0.157347
-0.195465
0.140121
-0.194944
0.122479
-0.19218
0.104694
-0.18727
0.0870126
-0.180428
0.0696545
-0.171935
0.0528158
-0.162149
0.0366812
-0.151468
0.0213881
-0.14031
0.00704671
-0.129131
-0.00625674
-0.118396
-0.0184576
-0.108564
-0.0295142
-0.100061
-0.03939
-0.0933191
-0.0480592
-0.0887073
-0.0554987
-0.0865451
-0.061686
-0.0870864
-0.0665967
-0.0905044
-0.0702014
-0.0968763
-0.0724642
-0.106167
-0.0733428
-0.118213
-0.0727902
-0.132719
-0.0707556
-0.14925
-0.0671875
-0.167243
-0.062038
-0.186016
-0.0552682
-0.2048
-0.0468537
-0.222767
-0.0367886
-0.239077
-0.025095
-0.252916
-0.0118248
-0.26356
-0.270401
0.208778
-0.118548
-0.193207
0.219365
-0.124981
0.225285
-0.132779
0.226917
-0.141516
0.224681
-0.150732
0.219017
-0.15992
0.210377
-0.16853
0.199188
-0.176096
0.185892
-0.182236
0.17092
-0.186627
0.154681
-0.189045
0.137565
-0.18937
0.119947
-0.187584
0.102166
-0.183761
0.0845201
-0.178081
0.0672815
-0.170811
0.0506759
-0.162275
0.0349022
-0.152852
0.0201407
-0.142953
0.00652013
-0.132989
-0.00586685
-0.123394
-0.0169535
-0.114605
-0.0267
-0.107021
-0.0350875
-0.101052
-0.0421071
-0.0970545
-0.0477624
-0.0953297
-0.0520641
-0.0961184
-0.0550261
-0.0995834
-0.0566623
-0.105795
-0.056984
-0.114715
-0.0559975
-0.12618
-0.0537044
-0.139895
-0.0501013
-0.155432
-0.0451802
-0.172235
-0.0389303
-0.189635
-0.0313414
-0.206874
-0.0224075
-0.223139
-0.0121315
-0.237604
-0.000528696
-0.249471
0.0123661
-0.258032
-0.262695
0.179307
-0.118171
-0.159142
0.194115
-0.122869
0.20384
-0.129152
0.20884
-0.136629
0.20952
-0.144848
0.206317
-0.153299
0.199716
-0.161454
0.190183
-0.168805
0.178199
-0.174973
0.164243
-0.179626
0.148786
-0.182525
0.132275
-0.183531
0.115135
-0.182609
0.0977732
-0.179821
0.0805462
-0.175307
0.0637657
-0.169302
0.0477076
-0.162101
0.0325968
-0.154046
0.0186106
-0.145507
0.00591326
-0.136889
-0.00538448
-0.12858
-0.0152187
-0.120971
-0.0235539
-0.114435
-0.0303881
-0.109349
-0.0357341
-0.10605
-0.0396243
-0.104815
-0.0421059
-0.105865
-0.0432343
-0.109349
-0.0430696
-0.115327
-0.0416727
-0.123753
-0.0391008
-0.134464
-0.0354055
-0.14717
-0.0306297
-0.161453
-0.0248057
-0.176773
-0.017954
-0.192482
-0.0100841
-0.207847
-0.00119596
-0.222085
0.00871657
-0.234401
0.0196636
-0.244034
0.0316519
-0.250306
-0.252662
0.143397
-0.121551
-0.119123
0.162198
-0.124293
0.175715
-0.128768
0.184234
-0.134637
0.188111
-0.141472
0.187752
-0.148782
0.183621
-0.156063
0.17623
-0.162836
0.166064
-0.16868
0.153643
-0.173285
0.13948
-0.176404
0.124074
-0.177885
0.107902
-0.177672
0.0914073
-0.175804
0.075006
-0.172401
0.0590608
-0.167654
0.0438766
-0.161812
0.0297145
-0.155181
0.0167853
-0.14809
0.00523431
-0.140887
-0.00480846
-0.133949
-0.0132636
-0.12762
-0.0201084
-0.122219
-0.025355
-0.118086
-0.0290408
-0.115531
-0.0312285
-0.114803
-0.0320027
-0.116097
-0.0314624
-0.119541
-0.0297143
-0.125182
-0.026868
-0.132968
-0.0230306
-0.142738
-0.0183004
-0.154208
-0.0127614
-0.166979
-0.00647799
-0.180537
0.000508503
-0.194268
0.008183
-0.207483
0.0165572
-0.219446
0.0256673
-0.229415
0.035574
-0.236684
0.0463535
-0.240631
-0.24076
0.103439
-0.12823
-0.0761234
0.125495
-0.12904
0.142341
-0.131616
0.15415
-0.135688
0.161185
-0.140879
0.163791
-0.146739
0.162387
-0.152809
0.157461
-0.158652
0.14952
-0.163852
0.139083
-0.168103
0.12669
-0.171168
0.112874
-0.172889
0.098146
-0.173196
0.0829911
-0.172101
0.0678529
-0.169694
0.0531308
-0.16613
0.0391753
-0.16162
0.02627
-0.156412
0.0146441
-0.150788
0.00447434
-0.145051
-0.00413603
-0.13951
-0.011101
-0.134497
-0.0163965
-0.130269
-0.0200505
-0.127114
-0.0221247
-0.125308
-0.0227119
-0.125067
-0.0219336
-0.126551
-0.0199292
-0.129869
-0.0168508
-0.135052
-0.0128527
-0.142043
-0.00808541
-0.150683
-0.00268689
-0.160703
0.00322779
-0.171732
0.00957411
-0.183295
0.0163051
-0.194829
0.0234172
-0.205707
0.0309536
-0.215262
0.0390032
-0.222828
0.0477006
-0.227779
0.0572169
-0.22957
-0.227785
0.0621298
-0.137316
-0.0333008
0.0862438
-0.136478
0.105527
-0.137294
0.120005
-0.139586
0.129822
-0.143047
0.135226
-0.147292
0.136563
-0.151931
0.134254
-0.156577
0.128793
-0.160869
0.120686
-0.164498
0.110466
-0.167251
0.0986758
-0.168975
0.0858457
-0.16959
0.07248
-0.169089
0.0590463
-0.167531
0.0459656
-0.165032
0.0336042
-0.161758
0.0222735
-0.157909
0.0122221
-0.153714
0.00363243
-0.149417
-0.00337239
-0.145272
-0.00874705
-0.141537
-0.0124529
-0.138466
-0.0145355
-0.136263
-0.0150768
-0.135167
-0.0141996
-0.135352
-0.0120556
-0.136948
-0.00882045
-0.140036
-0.00468385
-0.144631
0.000160726
-0.150675
0.00553049
-0.158016
0.0112599
-0.166411
0.0172161
-0.175525
0.0233094
-0.184937
0.0295044
-0.194155
0.0358269
-0.20263
0.0423691
-0.209791
0.0492908
-0.215066
0.0568177
-0.217932
0.0652302
-0.21794
-0.214778
0.0222266
-0.147648
0.00630136
0.0468563
-0.14565
0.067325
-0.14507
0.0835056
-0.145814
0.0954002
-0.147656
0.103137
-0.150302
0.10696
-0.153441
0.107209
-0.156759
0.104307
-0.159958
0.0987299
-0.162772
0.0909794
-0.165003
0.0815779
-0.166517
0.0710474
-0.167235
0.0598917
-0.167134
0.0485823
-0.166247
0.0375471
-0.164655
0.0271607
-0.162477
0.017739
-0.159863
0.00953404
-0.156987
0.00273472
-0.154034
-0.00253438
-0.151202
-0.00621733
-0.148682
-0.00831373
-0.146677
-0.00886859
-0.145347
-0.00798282
-0.144877
-0.00580104
-0.145394
-0.00250008
-0.146997
0.0017178
-0.149742
0.0066365
-0.15363
0.0120368
-0.158599
0.0177135
-0.164517
0.0234908
-0.171174
0.0292331
-0.178283
0.0348621
-0.185495
0.0403689
-0.192401
0.0458231
-0.198555
0.0513779
-0.203491
0.0572712
-0.206757
0.0638226
-0.207946
0.0714202
-0.206718
-0.20287
-0.0137851
-0.157965
0.0401132
0.00965045
-0.155435
0.029824
-0.153997
0.046471
-0.153609
0.0594591
-0.154136
0.0687905
-0.155378
0.0745913
-0.157118
0.0770995
-0.159129
0.0766433
-0.161185
0.0736336
-0.163086
0.0685174
-0.164666
0.061767
-0.16581
0.0538677
-0.166453
0.0452954
-0.166565
0.036501
-0.16616
0.0278975
-0.165286
0.0198485
-0.16402
0.0126609
-0.162465
0.00657958
-0.160736
0.00178551
-0.158964
-0.00160522
-0.157286
-0.00353489
-0.15584
-0.00401576
-0.154762
-0.00310472
-0.154172
-0.000915418
-0.154196
0.00239401
-0.154922
0.00663247
-0.156416
0.0115839
-0.158708
0.0170202
-0.161791
0.022714
-0.165606
0.0284548
-0.170043
0.0340706
-0.174936
0.0394404
-0.180062
0.0445108
-0.185151
0.0493095
-0.189893
0.0539552
-0.193952
0.0586614
-0.196986
0.0637368
-0.198666
0.0695787
-0.198709
0.0766567
-0.196887
-0.1931
-0.0439838
-0.167173
0.0664099
-0.0234005
-0.164749
-0.00507031
-0.163056
0.0106585
-0.162068
0.0235576
-0.161731
0.0335228
-0.161932
0.0405652
-0.162542
0.0448138
-0.163427
0.0464973
-0.164443
0.0459223
-0.165457
0.0434589
-0.166356
0.0395064
-0.167054
0.0344811
-0.167498
0.0288011
-0.167666
0.0228692
-0.167557
0.017056
-0.167196
0.0116901
-0.166624
0.00704915
-0.165897
0.00335492
-0.165084
0.000770256
-0.164262
-0.000602196
-0.163514
-0.000718606
-0.162924
0.000407695
-0.162576
0.00270898
-0.162537
0.00606634
-0.162887
0.0103201
-0.163675
0.0152781
-0.164937
0.0207265
-0.166685
0.0264434
-0.168906
0.0322124
-0.171553
0.0378396
-0.174543
0.0431709
-0.17776
0.0481129
-0.181051
0.0526451
-0.184233
0.0568327
-0.187098
0.0608355
-0.189425
0.0649104
-0.190994
0.06941
-0.191599
0.0747699
-0.191071
0.0814913
-0.189282
-0.186217
-0.0671655
-0.174529
0.0843953
-0.0508386
-0.172726
-0.0357914
-0.17132
-0.0223722
-0.170277
-0.0108416
-0.169594
-0.00136074
-0.169229
0.00600507
-0.169124
0.0112853
-0.169219
0.0146064
-0.169453
0.0161691
-0.169756
0.016233
-0.170068
0.0151005
-0.17034
0.0130947
-0.170543
0.0105451
-0.170661
0.00777197
-0.170689
0.00507265
-0.170634
0.00271239
-0.170509
0.000916067
-0.170339
-0.000136678
-0.170153
-0.000315645
-0.169985
0.000458503
-0.169872
0.00221462
-0.169855
0.00492832
-0.169968
0.00853386
-0.170243
0.0129181
-0.170715
0.0179334
-0.171404
0.0234051
-0.172322
0.0291414
-0.173469
0.0349464
-0.174833
0.0406352
-0.176383
0.0460468
-0.178069
0.0510623
-0.179824
0.0556213
-0.181564
0.0597336
-0.183189
0.0634901
-0.184589
0.0670682
-0.185646
0.0707335
-0.186247
0.0748346
-0.186293
0.0797852
-0.185705
0.0860538
-0.184436
-0.182517
-0.0828626
-0.179749
0.0941364
-0.0718089
-0.178834
-0.0612373
-0.178076
-0.0513937
-0.177428
-0.042488
-0.176896
-0.0346696
-0.176478
-0.0280211
-0.176164
-0.022567
-0.17594
-0.0182703
-0.175793
-0.015033
-0.175709
-0.0127077
-0.175672
-0.011113
-0.175667
-0.0100477
-0.175684
-0.00930449
-0.175717
-0.00868058
-0.175762
-0.00798461
-0.175816
-0.00704512
-0.175882
-0.00571682
-0.175963
-0.00388547
-0.176063
-0.00147141
-0.176189
0.00156944
-0.176348
0.00524368
-0.17655
0.00951945
-0.176797
0.0143406
-0.1771
0.0196109
-0.177462
0.0252133
-0.177885
0.0310126
-0.17837
0.0368629
-0.178913
0.0426174
-0.179505
0.0481402
-0.180133
0.0533194
-0.180778
0.0580781
-0.181418
0.0623858
-0.182022
0.0662678
-0.182559
0.0698129
-0.18299
0.0731763
-0.18328
0.0765798
-0.183395
0.0803013
-0.183305
0.0846605
-0.18299
0.0900122
-0.182455
-0.18173
-0.0912469
0.0962778
-0.0860309
-0.0807642
-0.075518
-0.0703578
-0.0653358
-0.0604854
-0.0558196
-0.051336
-0.0470158
-0.0428251
-0.0387167
-0.0346368
-0.0305294
-0.0263395
-0.0220162
-0.0175166
-0.0128077
-0.00786777
-0.00268797
0.00272596
0.00835262
0.0141621
0.0201056
0.0261256
0.032156
0.0381233
0.0439526
0.0495699
0.0549082
0.0599132
0.0645474
0.0687961
0.0726721
0.0762195
0.0795145
0.0826624
0.0857934
0.0890568
0.092595
-0.0171713
-0.0790674
-0.0334803
-0.0885756
-0.0579575
-0.075822
-0.087996
-0.0525132
-0.121026
-0.0232435
-0.154597
0.0109463
-0.186187
0.0484727
-0.213525
0.0873556
-0.234725
0.125106
-0.248557
0.158954
-0.254675
0.186193
-0.253605
0.20464
-0.246705
0.212925
-0.235819
0.210565
-0.222987
0.19797
-0.210109
0.176483
0.147991
-0.0156744
-0.0727476
-0.0377476
-0.0789489
-0.0654999
-0.0633233
-0.0960964
-0.0396214
-0.127862
-0.0112181
-0.158754
0.0205266
-0.186735
0.0540651
-0.20997
0.0876386
-0.227068
0.119206
-0.237277
0.146621
-0.24061
0.167916
-0.237784
0.181571
-0.230061
0.186708
-0.219113
0.18319
-0.206711
0.171453
-0.194437
0.152575
0.128045
-0.0186255
-0.0674984
-0.0435974
-0.069863
-0.0719186
-0.0530987
-0.101848
-0.0296521
-0.131594
-0.00290745
-0.159464
0.0258989
-0.183828
0.055302
-0.203283
0.0837736
-0.216863
0.109706
-0.224183
0.131511
-0.22547
0.147811
-0.221518
0.157612
-0.213549
0.160419
-0.202982
0.156237
-0.191299
0.145508
-0.179787
0.129053
0.107997
-0.0209148
-0.0632422
-0.0472757
-0.0621067
-0.0758434
-0.0447862
-0.104684
-0.0223906
-0.132287
0.00214059
-0.157233
0.0276787
-0.17824
0.0529
-0.194331
0.0765792
-0.20494
0.0975051
-0.209978
0.11455
-0.209835
0.126788
-0.205307
0.133593
-0.197454
0.134699
-0.187465
0.130192
-0.17652
0.120461
-0.165702
0.106176
0.0882598
-0.0229198
-0.0595163
-0.0500216
-0.0556151
-0.078003
-0.0385528
-0.105216
-0.0177671
-0.130413
0.00421211
-0.152477
0.0263936
-0.170458
0.0476167
-0.183712
0.0669525
-0.191959
0.0835417
-0.195305
0.0966208
-0.194214
0.105593
-0.189431
0.110089
-0.181885
0.109989
-0.172581
0.105418
-0.162538
0.0967437
-0.152704
0.084522
0.0694635
-0.0243028
-0.0562105
-0.0514017
-0.0504463
-0.0783104
-0.0342548
-0.103645
-0.0154637
-0.126422
0.00379939
-0.145774
0.0226576
-0.161064
0.0401727
-0.171937
0.0556858
-0.178329
0.0686124
-0.180465
0.0784589
-0.178829
0.0848626
-0.174102
0.0876281
-0.167091
0.0867284
-0.158658
0.0823186
-0.149661
0.0747269
-0.140858
0.0643799
0.0517827
-0.025094
-0.0532193
-0.0516102
-0.0465382
-0.0770477
-0.0317095
-0.10034
-0.0151264
-0.120725
0.00138403
-0.137587
0.0170868
-0.150558
0.0312781
-0.159488
0.0435054
-0.164456
0.0533966
-0.165757
0.0606559
-0.163869
0.0650824
-0.159402
0.0665917
-0.153041
0.0652062
-0.1455
0.0610863
-0.137461
0.0545053
-0.129541
0.0457975
0.0353714
-0.0252172
-0.0505638
-0.050663
-0.0437924
-0.0743896
-0.0306345
-0.0955976
-0.016339
-0.113705
-0.00252286
-0.128333
0.0102742
-0.13933
0.0215639
-0.146697
0.0310304
-0.150601
0.0384559
-0.151365
0.043681
-0.149435
0.0466119
-0.14534
0.0472276
-0.139671
0.0455941
-0.13303
0.0418609
-0.125989
0.0362549
-0.119072
0.0290406
0.0205191
-0.0247189
-0.0482808
-0.0487414
-0.0420411
-0.070594
-0.0307364
-0.0897023
-0.0187232
-0.105689
-0.00742983
-0.118354
0.00277085
-0.127688
0.0115708
-0.133802
0.0187589
-0.136916
0.0242172
-0.137358
0.0278761
-0.135535
0.029706
-0.131914
0.0297318
-0.126996
0.0280369
-0.121277
0.0247523
-0.115221
0.0200547
-0.109244
0.0141486
0.00724362
-0.0236918
-0.0463839
-0.0460126
-0.0411122
-0.0658848
-0.031734
-0.0829254
-0.0219194
-0.0969491
-0.012908
-0.107897
-0.0049563
-0.115838
0.0017444
-0.12095
0.0070813
-0.123484
0.0109964
-0.123751
0.0134692
-0.122116
0.0145098
-0.118982
0.0141694
-0.114761
0.0125293
-0.109857
0.00969948
-0.104646
0.00581535
-0.0994651
0.00103489
-0.00447326
-0.0222244
-0.0448715
-0.0426306
-0.0408397
-0.0604611
-0.0333701
-0.0755018
-0.0255975
-0.0877093
-0.0185998
-0.0971333
-0.0125494
-0.1039
-0.00757128
-0.10821
-0.0037123
-0.110317
-0.000990179
-0.11051
0.000602161
-0.109114
0.001099
-0.106467
0.000556927
-0.102913
-0.000948732
-0.0987821
-0.00333016
-0.0943814
-0.00648328
-0.0899878
-0.0102885
-0.0146255
-0.0203896
-0.0437419
-0.0387282
-0.0410676
-0.0545002
-0.0354085
-0.0676263
-0.0294712
-0.0781613
-0.0242069
-0.0862211
-0.0197354
-0.0919708
-0.0161409
-0.0956159
-0.0134379
-0.0973927
-0.011622
-0.0975662
-0.0106651
-0.0964165
-0.0105261
-0.0942298
-0.0111498
-0.0912892
-0.0124714
-0.0878645
-0.0144231
-0.0842054
-0.0169273
-0.0805385
-0.0198933
-0.0232476
-0.0182681
-0.0429827
-0.0344283
-0.0416631
-0.0481504
-0.0376484
-0.0594489
-0.0333071
-0.06844
-0.0294961
-0.0752713
-0.0263103
-0.0801205
-0.0238106
-0.0831865
-0.0219974
-0.0846904
-0.0208502
-0.0848645
-0.0203367
-0.0839458
-0.0204168
-0.0821686
-0.0210436
-0.0797604
-0.0221647
-0.0769383
-0.0237279
-0.0739025
-0.0256765
-0.0708335
-0.0279442
-0.0304705
-0.0159352
-0.0425701
-0.0298429
-0.0425151
-0.0415394
-0.0399259
-0.0510879
-0.0369294
-0.0586382
-0.0343017
-0.0643421
-0.0321414
-0.0683735
-0.0304926
-0.0709207
-0.0293468
-0.0721798
-0.0286807
-0.0723497
-0.0284639
-0.0716278
-0.0286623
-0.070206
-0.0292391
-0.0682667
-0.030155
-0.0659815
-0.031372
-0.0635087
-0.0328502
-0.0609887
-0.0345437
-0.0364089
-0.0134438
-0.0424839
-0.0250619
-0.0435265
-0.0347749
-0.0421038
-0.0426368
-0.0402146
-0.0488216
-0.0385191
-0.0534662
-0.0371576
-0.0567351
-0.0361505
-0.058795
-0.0354913
-0.0598144
-0.0351587
-0.0599585
-0.0351291
-0.0593874
-0.0353767
-0.0582557
-0.0358733
-0.0567089
-0.0365915
-0.0548828
-0.0375052
-0.0529042
-0.0385857
-0.0508888
-0.0397998
-0.0411262
-0.0108799
-0.042666
-0.0201856
-0.0446264
-0.0279431
-0.0440945
-0.034165
-0.0430857
-0.039028
-0.0420996
-0.0426554
-0.041333
-0.0451913
-0.0407888
-0.0467768
-0.0404665
-0.0475485
-0.0403516
-0.0476388
-0.0404277
-0.0471753
-0.0406757
-0.0462783
-0.041077
-0.0450591
-0.0416147
-0.0436229
-0.0422709
-0.0420664
-0.0430263
-0.0404767
-0.0438584
-0.0447434
-0.00826038
-0.04308
-0.0152742
-0.0457338
-0.0210674
-0.045873
-0.0256802
-0.0455017
-0.0292553
-0.0450194
-0.0319001
-0.0446603
-0.0337251
-0.0444266
-0.0348396
-0.044321
-0.0353498
-0.0443339
-0.0353583
-0.044454
-0.0349601
-0.0446717
-0.0342443
-0.0449755
-0.0332962
-0.0453531
-0.0321963
-0.045793
-0.0310171
-0.0462841
-0.0298199
-0.046816
-0.0473744
-0.00561214
-0.0436934
-0.0103009
-0.0468443
-0.014162
-0.047391
-0.0172158
-0.0474146
-0.0195355
-0.0472634
-0.0212152
-0.0471522
-0.0223338
-0.0471001
-0.0229715
-0.0471093
-0.023202
-0.0471784
-0.0230948
-0.047301
-0.0227187
-0.0474692
-0.022139
-0.047676
-0.0214163
-0.0479143
-0.0206061
-0.0481781
-0.0197586
-0.0484625
-0.0189182
-0.0487626
-0.0490819
-0.0029528
-0.0444794
-0.00536609
-0.0478878
-0.00730197
-0.0486358
-0.00879714
-0.048831
-0.0098742
-0.0488366
-0.010593
-0.0488313
-0.0109969
-0.048851
-0.0111345
-0.0488939
-0.0110553
-0.0489582
-0.0108053
-0.0490413
-0.0104267
-0.04914
-0.00995817
-0.0492508
-0.00943529
-0.0493704
-0.00889053
-0.049496
-0.00835287
-0.0496264
-0.00784945
-0.0497587
-0.0498997
-0.00016319
-0.045548
-0.000304103
-0.0488513
-0.000338905
-0.0495825
-0.000281813
-0.0497513
-0.000122189
-0.0497463
0.00012088
-0.0497166
0.000426427
-0.0496966
0.000776834
-0.049688
0.00115463
-0.0496893
0.00154311
-0.0496991
0.00192708
-0.0497157
0.00229292
-0.0497372
0.00262844
-0.049762
0.00292251
-0.0497883
0.00316449
-0.0498153
0.00334314
-0.0498397
-0.0498646
0.00254405
-0.0468106
0.00467614
-0.0497331
0.00652804
-0.0502173
0.00813073
-0.0501722
0.00951525
-0.0499859
0.010706
-0.0498007
0.0117156
-0.0496392
0.0125573
-0.0495033
0.0132435
-0.0493905
0.0137849
-0.0492977
0.0141919
-0.0492225
0.0144749
-0.049163
0.014644
-0.0491172
0.014709
-0.0490827
0.014679
-0.0490581
0.0145636
-0.0490403
-0.0490357
0.00520673
-0.0482293
0.00956126
-0.0504863
0.0132803
-0.0505221
0.016425
-0.0500886
0.0190419
-0.0495594
0.0211913
-0.0490891
0.0229189
-0.0486854
0.0242652
-0.0483441
0.0252708
-0.0480624
0.0259734
-0.0478337
0.026409
-0.0476532
0.0266113
-0.0475168
0.0266125
-0.0474201
0.0264425
-0.0473584
0.0261287
-0.0473275
0.0256983
-0.0473239
-0.0473556
0.00784777
-0.0498035
0.0144221
-0.0511198
0.0200125
-0.0505037
0.0247032
-0.0495002
0.028555
-0.0484583
0.0316616
-0.0475638
0.0341013
-0.046808
0.0359433
-0.0461765
0.0372567
-0.045665
0.0381081
-0.0452638
0.0385588
-0.0449618
0.038667
-0.0447511
0.038488
-0.0446238
0.0380729
-0.0445701
0.0374673
-0.0445803
0.0367099
-0.0446436
-0.0447522
0.0103973
-0.0514804
0.0192254
-0.0516901
0.0266634
-0.0501468
0.0329005
-0.0484032
0.038004
-0.0466843
0.0420731
-0.0452059
0.0452267
-0.0439769
0.0475611
-0.0429588
0.049172
-0.0421448
0.0501529
-0.0415217
0.0505946
-0.0410743
0.0505825
-0.0407881
0.0501963
-0.0406484
0.0495115
-0.0406405
0.0485975
-0.0407476
0.0475164
-0.0409512
-0.0412397
0.0128804
-0.0532553
0.023886
-0.0521604
0.0331569
-0.049456
0.0409506
-0.0468095
0.0473239
-0.0442422
0.0523775
-0.0420109
0.0562564
-0.0401663
0.0590862
-0.0386478
0.0609848
-0.0374387
0.0620761
-0.0365297
0.0624801
-0.0358994
0.0623117
-0.0355267
0.0616783
-0.0353877
0.0606801
-0.0354592
0.0594081
-0.035714
0.0579502
-0.0361295
-0.0366947
0.0152566
-0.0551145
0.0283772
-0.0525318
0.0395031
-0.0484913
0.0488355
-0.0447162
0.0564684
-0.041117
0.0625213
-0.0379718
0.0671387
-0.0353533
0.0704654
-0.0331974
0.0726472
-0.0314852
0.0738341
-0.0302086
0.0741746
-0.029342
0.0738131
-0.0288575
0.0728896
-0.0287246
0.0715354
-0.0289091
0.0698665
-0.0293668
0.0679846
-0.0300593
-0.0309292
0.0174881
-0.0570452
0.0326563
-0.0528337
0.0456123
-0.0472929
0.0564971
-0.042174
0.0654161
-0.0373474
0.0724872
-0.0330989
0.0778572
-0.0295253
0.0816855
-0.0265708
0.0841399
-0.0242204
0.0853968
-0.0224705
0.0856365
-0.0212958
0.0850376
-0.0206628
0.0837741
-0.0205331
0.0820105
-0.02086
0.0799028
-0.0215883
0.0775854
-0.0226555
-0.0239896
0.0195505
-0.0590583
0.0366795
-0.0531182
0.0514267
-0.0459231
0.0638748
-0.039262
0.0741103
-0.0330026
0.0822345
-0.0274402
0.088387
-0.0227039
0.092734
-0.0187585
0.09546
-0.0156022
0.0967671
-0.0132432
0.0968681
-0.0116619
0.0959785
-0.0108226
0.094311
-0.0106793
0.0920691
-0.0111722
0.0894426
-0.0122284
0.0866102
-0.0137709
-0.0157382
0.0213914
-0.0611694
0.0403685
-0.0534626
0.0568681
-0.0444907
0.070897
-0.0361063
0.0824925
-0.0282007
0.0917223
-0.0210929
0.0987055
-0.014956
0.103603
-0.00979019
0.106611
-0.00562038
0.107955
-0.00247862
0.107882
-0.000360288
0.106649
0.000767355
0.104513
0.000956344
0.101725
0.000279825
0.0985111
-0.00116152
0.0950809
-0.00326801
-0.00585162
0.0229523
-0.0633996
0.0436248
-0.053964
0.0618303
-0.043151
0.0774619
-0.0328873
0.0904774
-0.0231209
0.10089
-0.014219
0.108779
-0.00641169
0.114284
0.000248471
0.117602
0.00568769
0.118982
0.00983073
0.118708
0.0126557
0.117082
0.0141851
0.114411
0.0144749
0.110998
0.0136103
0.107133
0.0117125
0.103067
0.00892463
0.00545297
0.0241695
-0.0657765
0.0463329
-0.0547333
0.0661751
-0.0420986
0.083431
-0.0298421
0.0979453
-0.0180142
0.109647
-0.00705757
0.118547
0.00272491
0.124744
0.0112015
0.128432
0.0182162
0.129877
0.0236294
0.129396
0.027379
0.127338
0.0294665
0.124071
0.0299416
0.119956
0.0289034
0.115346
0.0264924
0.110559
0.0228964
0.0182335
0.0249664
-0.0683242
0.0483696
-0.0559061
0.0697428
-0.0415588
0.0886347
-0.0272615
0.10474
-0.0132035
0.117862
7.15158e-05
0.127913
0.012163
0.134935
0.0228197
0.139098
0.0317693
0.140672
0.0387838
0.140004
0.0437377
0.137496
0.0465913
0.133582
0.0473739
0.1287
0.0461946
0.123265
0.0432292
0.117677
0.038694
0.0329806
0.0252674
-0.0710646
0.0496008
-0.0576315
0.0723561
-0.0417835
0.0928758
-0.0254833
0.110667
-0.00907881
0.125367
0.00676341
0.136757
0.0215094
0.144789
0.0347473
0.149582
0.0460527
0.151392
0.0550717
0.150593
0.0615798
0.147641
0.0654687
0.143046
0.0667299
0.137333
0.0654754
0.131008
0.0619155
0.124548
0.0563129
0.0491294
0.024998
-0.0740148
0.0498792
-0.0600562
0.0738164
-0.0430436
0.0959268
-0.0248843
0.115494
-0.00609037
0.131954
0.0125265
0.144912
0.0302701
0.15419
0.0465242
0.159821
0.0606661
0.162029
0.0721676
0.161202
0.0806571
0.157852
0.0859213
0.15257
0.0878933
0.145989
0.0866647
0.138722
0.0824827
0.131335
0.0756833
0.0665498
0.0240872
-0.0771828
0.0490571
-0.0633156
0.0739108
-0.0456104
0.0975309
-0.0258626
0.118952
-0.00473843
0.137364
0.0167983
0.15215
0.0378621
0.162959
0.0575845
0.169697
0.0750952
0.172526
0.0896308
0.171833
0.100613
0.168181
0.107675
0.162247
0.110658
0.15479
0.1096
0.146547
0.104795
0.138215
0.0966478
0.0858686
0.02248
-0.0805721
0.0469905
-0.0675115
0.0724065
-0.0497255
0.0973939
-0.028815
0.120719
-0.00555557
0.141271
0.0189614
0.158172
0.0436207
0.170844
0.0672621
0.179022
0.0887124
0.182766
0.106902
0.182436
0.120976
0.178632
0.130351
0.172133
0.134719
0.163821
0.134044
0.154593
0.128641
0.145278
0.119013
0.106015
0.0201356
-0.0841794
0.0435411
-0.0726913
0.0690715
-0.0555848
0.0952045
-0.0341097
0.120427
-0.00907022
0.143296
0.0183606
0.162615
0.0468155
0.177522
0.0748025
0.18753
0.100785
0.192553
0.123308
0.192885
0.14116
0.189148
0.153456
0.182223
0.159669
0.173134
0.159652
0.162966
0.153701
0.152682
0.142485
0.126567
0.0170485
-0.0880106
0.0386547
-0.0788793
0.0637438
-0.0633098
0.0906878
-0.0420402
0.11771
-0.0157585
0.143025
0.0143457
0.165058
0.0466803
0.182603
0.0793836
0.194885
0.110487
0.201615
0.13807
0.202978
0.160469
0.199602
0.176387
0.192461
0.184991
0.182741
0.185967
0.171714
0.179577
0.160547
0.166645
0.148452
0.0132266
-0.0920709
0.0323048
-0.0860709
0.0562889
-0.0729299
0.0835682
-0.0527817
0.112177
-0.0260106
0.14
0.00630539
0.16503
0.0424364
0.185628
0.0801371
0.200665
0.11693
0.209575
0.150338
0.212401
0.178116
0.209746
0.19844
0.202666
0.21007
0.192509
0.212451
0.180742
0.205792
0.168754
0.191055
0.169911
0.00861696
0.0243306
0.0464708
0.073505
0.103376
0.133684
0.161979
0.186105
0.20446
0.216126
0.220936
0.219431
0.212737
0.202375
0.190051
0.177384
-0.0387122
-0.427886
0.0227071
-0.0545467
-0.484571
-0.0706674
-0.532086
-0.0880097
-0.565376
-0.108546
-0.574313
-0.133534
-0.528208
-0.157012
-0.465774
-0.161494
-0.447869
-0.142398
-0.412908
-0.0999018
-0.33471
-0.0368491
-0.207956
0.0305702
-0.0843088
0.0889724
-0.0118528
0.13574
-0.000956125
0.167449
-0.0394627
0.178889
-0.115419
0.17101
-0.209828
0.148381
-0.302104
0.115696
-0.381082
-0.440381
0.0769271
-0.0231633
-0.412414
0.0079633
-0.0387154
-0.463891
-0.0548649
-0.505423
-0.0724473
-0.531641
-0.0931702
-0.531847
-0.118002
-0.476392
-0.143515
-0.40867
-0.154
-0.402066
-0.140921
-0.388024
-0.105538
-0.330711
-0.0505252
-0.223481
0.012398
-0.108974
0.0731904
-0.0369116
0.125116
-0.0208556
0.160599
-0.0476338
0.176035
-0.109018
0.171894
-0.189794
0.152447
-0.272848
0.122177
-0.346892
-0.404612
0.084951
-0.00759293
-0.395299
-0.00696519
-0.0229177
-0.441538
-0.0389947
-0.477387
-0.0564834
-0.497049
-0.0768692
-0.489267
-0.101061
-0.425239
-0.128502
-0.350083
-0.144911
-0.351131
-0.137639
-0.358384
-0.107747
-0.322431
-0.0579135
-0.235088
0.0016795
-0.131511
0.0618141
-0.0623405
0.113262
-0.0410224
0.150137
-0.0575603
0.168588
-0.105534
0.168408
-0.173112
0.1527
-0.246198
0.125413
-0.314052
-0.368871
0.0902818
0.00759135
-0.376707
-0.0216506
-0.00759686
-0.417723
-0.0235245
-0.448349
-0.0407472
-0.462057
-0.0607322
-0.446913
-0.0835892
-0.375714
-0.11168
-0.291556
-0.13378
-0.295562
-0.13341
-0.323155
-0.110105
-0.309032
-0.0647864
-0.243692
-0.00776964
-0.152913
0.0496015
-0.0862648
0.0994849
-0.0605937
0.136779
-0.0684896
0.157469
-0.104416
0.160917
-0.159682
0.149069
-0.222517
0.125164
-0.283218
-0.333942
0.092645
0.0220392
-0.356827
-0.0357318
0.00701435
-0.392786
-0.00862728
-0.418745
-0.0254133
-0.42712
-0.0449542
-0.4051
-0.0660566
-0.328498
-0.0933532
-0.234785
-0.120383
-0.236362
-0.128049
-0.281438
-0.112561
-0.28951
-0.0732208
-0.24805
-0.0191904
-0.172985
0.0356371
-0.109114
0.0835406
-0.0793615
0.120389
-0.0797683
0.142759
-0.105325
0.149438
-0.14934
0.14146
-0.202067
0.12118
-0.254897
-0.300542
0.0917138
0.0355104
-0.335916
-0.0489025
0.020772
-0.367163
0.00555385
-0.389012
-0.010718
-0.392598
-0.0297638
-0.364143
-0.0489239
-0.284023
-0.073682
-0.181745
-0.103913
-0.175479
-0.120624
-0.23243
-0.113917
-0.2631
-0.0830941
-0.245814
-0.0340198
-0.189944
0.0186825
-0.131492
0.0650447
-0.0979538
0.101417
-0.0915637
0.12503
-0.108035
0.134396
-0.141771
0.129975
-0.184781
0.113368
-0.229402
-0.269283
0.0872873
0.0478639
-0.314316
-0.0609363
0.0335998
-0.341353
0.018923
-0.35956
0.0031751
-0.358771
-0.0152376
-0.324427
-0.0325038
-0.242469
-0.0527829
-0.134585
-0.0835599
-0.115757
-0.108825
-0.1768
-0.113066
-0.227803
-0.0928003
-0.235106
-0.0514375
-0.201192
-0.00178658
-0.152632
0.0438401
-0.117344
0.0801481
-0.104469
0.104704
-0.112443
0.11622
-0.136659
0.114869
-0.170415
0.101802
-0.206866
-0.240651
0.079315
0.0590354
-0.292412
-0.0717179
0.0454601
-0.315871
0.031459
-0.330801
0.0161551
-0.325815
-0.00150068
-0.286307
-0.0171318
-0.20378
-0.0314151
-0.0950008
-0.0591246
-0.0609714
-0.0892683
-0.11837
-0.106346
-0.181864
-0.099739
-0.21295
-0.0692417
-0.203703
-0.0256284
-0.169683
0.0188411
-0.137256
0.0558408
-0.119402
0.0816115
-0.119006
0.0950464
-0.133978
0.0963015
-0.158738
0.0867163
-0.187483
-0.215009
0.0679151
0.0691007
-0.270665
-0.0812317
0.0564502
-0.291235
0.0431786
-0.303053
0.0281393
-0.293784
0.0112116
-0.24996
-0.00318444
-0.167737
-0.0110799
-0.0635397
-0.0324151
-0.0145609
-0.0622132
-0.0624777
-0.0888851
-0.128627
-0.098137
-0.177244
-0.0837106
-0.19237
-0.0501416
-0.178741
-0.00993645
-0.1547
0.0271968
-0.135944
0.0548151
-0.12852
0.0706298
-0.134381
0.074725
-0.150199
0.0684244
-0.171296
-0.19264
0.0533314
0.0782513
-0.249612
-0.0895741
0.0667002
-0.267883
0.0540542
-0.276449
0.0392152
-0.262826
0.0224847
-0.215036
0.00939743
-0.134563
0.0067193
-0.0391542
-0.0047671
0.0199005
-0.0318351
-0.0115882
-0.0634389
-0.0728243
-0.0842504
-0.132351
-0.0872489
-0.165903
-0.069643
-0.173965
-0.0391903
-0.164281
-0.00555366
-0.150577
0.0233095
-0.140522
0.0422027
-0.138734
0.0498527
-0.145712
0.0471847
-0.158876
-0.173885
0.0359006
0.0866785
-0.229761
-0.0969405
0.076158
-0.245983
0.0638586
-0.250922
0.0488615
-0.232764
0.0320263
-0.181385
0.0199997
-0.104132
0.0203593
-0.0197563
0.0195054
0.0415619
0.00132822
0.028089
-0.0266588
-0.0230406
-0.055329
-0.0820039
-0.0747909
-0.1253
-0.0768391
-0.151709
-0.061486
-0.160716
-0.037244
-0.157493
-0.0113274
-0.150937
0.0095422
-0.146082
0.021207
-0.145909
0.0228499
-0.151103
-0.15953
0.0159365
0.0945027
-0.211447
-0.103596
0.0845591
-0.225288
0.0718511
-0.225898
0.055812
-0.202867
0.038848
-0.149102
0.027831
-0.0764797
0.0298739
-0.00405071
0.0363813
0.0536599
0.03126
0.0523732
0.0114514
0.0161585
-0.0166318
-0.0346483
-0.0419731
-0.0811497
-0.0613739
-0.11429
-0.0674632
-0.137697
-0.0587713
-0.150594
-0.0420625
-0.15359
-0.0241584
-0.1516
-0.0103104
-0.149109
-0.00438671
-0.148121
-0.150347
-0.00635254
0.101701
-0.194661
-0.10983
0.0912524
-0.204889
0.0772063
-0.200595
0.0590008
-0.172125
0.0414596
-0.117825
0.0319323
-0.0521413
0.0350847
0.00851027
0.0475723
0.0575738
0.052942
0.0638457
0.0435849
0.0425276
0.0234907
0.00234496
-0.000136929
-0.0410176
-0.0242195
-0.0743659
-0.0455779
-0.101402
-0.0579426
-0.124406
-0.0582774
-0.140707
-0.0503051
-0.148412
-0.0401924
-0.149513
-0.0324996
-0.147566
-0.145844
-0.0301819
0.107854
-0.178779
-0.1158
0.0961664
-0.18419
0.0788029
-0.173143
0.0566331
-0.138824
0.0386774
-0.0877656
0.0314019
-0.0318994
0.0361826
0.0174149
0.0518071
0.0561774
0.0648337
0.0653885
0.0673486
0.0547044
0.057727
0.0265532
0.0394177
-0.00845324
0.0187799
-0.0400199
-0.00451142
-0.0651454
-0.0293343
-0.0875268
-0.0486774
-0.110351
-0.0580844
-0.129131
-0.0591246
-0.139792
-0.0560629
-0.143156
-0.142081
-0.0535406
0.111991
-0.162369
-0.121308
0.096359
-0.160586
0.0726059
-0.140546
0.0467614
-0.103299
0.0294174
-0.0599672
0.0248779
-0.0162246
0.0329493
0.0210406
0.0505389
0.0507042
0.0681204
0.0601818
0.0799424
0.0553417
0.0811782
0.0376813
0.0720384
0.0127766
0.0563653
-0.0127005
0.0370902
-0.0348225
0.0139142
-0.0540347
-0.0136126
-0.0733474
-0.0401761
-0.0940084
-0.0588247
-0.113549
-0.0677841
-0.127585
-0.133321
-0.0709031
0.111403
-0.142604
-0.125002
0.0871966
-0.129508
0.0559595
-0.101744
0.0293304
-0.0684465
0.0143017
-0.036113
0.0131677
-0.00573959
0.023782
0.0202067
0.0429665
0.0416166
0.0632964
0.050139
0.0804161
0.048564
0.0897549
0.0386004
0.089931
0.0226366
0.0823635
0.00454999
0.0694984
-0.0127471
0.0521266
-0.0280294
0.0288412
-0.0420903
-0.000556656
-0.0573638
-0.0323166
-0.0753077
-0.059359
-0.0948439
-0.110786
-0.0769738
0.0994756
-0.113557
-0.12333
0.0645377
-0.088821
0.0300883
-0.0610074
0.00757623
-0.0391418
-0.0030138
-0.0182723
-0.00102708
-7.999e-05
0.0104941
0.0166514
0.0296879
0.0306207
0.0512134
0.0369468
0.0704458
0.0376977
0.0848148
0.0325256
0.0921347
0.0234353
0.0923269
0.0122021
0.0865562
0.000503166
0.076215
-0.0106526
0.0612746
-0.0206236
0.0396391
-0.0297612
0.00980669
-0.0401008
-0.0256846
-0.0545875
-0.0723473
-0.059968
0.069051
-0.0701316
-0.108262
0.0305422
-0.0456719
0.00300398
-0.0284219
-0.0131226
-0.0175899
-0.0181254
-0.00750613
-0.0144204
0.00226695
-0.00300453
0.0115175
0.0149255
0.0191366
0.0351156
0.0232951
0.0546926
0.024676
0.0709759
0.0227382
0.0825055
0.0182665
0.0886016
0.01226
0.0893943
0.00559125
0.085419
-0.00112789
0.0772577
-0.00729339
0.0649111
-0.0126644
0.0462874
-0.0171727
0.0181742
-0.0226308
-0.0319494
-0.018845
0.0221222
-0.0265171
-0.0624713
-0.00558389
-0.014383
-0.020331
-0.00979347
-0.0273333
-0.00643367
-0.0277699
-0.00267515
-0.0228449
0.00193846
-0.0124738
0.00590148
0.0026839
0.00884457
0.0201167
0.0107872
0.0380275
0.0116965
0.0543134
0.0113361
0.0676189
0.009745
0.0770875
0.00742509
0.082364
0.00475194
0.0834725
0.00196289
0.0807703
-0.0006654
0.0744265
-0.0026968
0.0650806
-0.00452598
0.0509582
-0.00554435
-0.00580942
0.0274398
-0.0116678
-0.0124685
-0.0234405
-0.0304129
-0.033837
-0.0333399
-0.0280951
-0.0187845
-0.00646139
0.00783915
0.0230485
0.0378616
0.0510132
0.0617417
0.069663
0.0746334
0.0767892
0.0767066
0.0745716
0.0711828
0.0672863
0.0284076
0.0406472
0.0425972
0.0156464
0.0627335
-0.0359276
0.0842627
-0.0777862
0.0984817
-0.0868562
0.112154
-0.079677
0.127179
-0.0632042
0.145871
-0.043179
0.168241
-0.0228562
0.193479
-0.00345597
0.220882
0.0141047
0.250042
0.0292963
0.280675
0.041662
0.312498
0.0508486
0.345219
0.0566105
0.378487
0.0588834
0.411855
0.0578136
0.444821
0.0536627
0.476775
0.0468797
0.0377377
0.0172306
0.0250968
0.0376255
-0.00250826
0.0617546
-0.0572413
0.0826941
-0.09535
0.0981536
-0.0984274
0.112922
-0.0901264
0.129594
-0.0752403
0.149704
-0.0584861
0.173278
-0.0416409
0.199763
-0.0253767
0.22857
-0.0106022
0.259236
0.00200653
0.291341
0.0119251
0.324411
0.0188436
0.357863
0.0226134
0.391106
0.0231775
0.423501
0.0207304
0.454387
0.0155659
0.483071
0.00817906
-0.00116654
0.012216
0.0144272
0.0336546
-0.0219132
0.05984
-0.0809032
0.0789862
-0.11151
0.0944389
-0.110492
0.109928
-0.101917
0.127693
-0.0891252
0.14855
-0.0754401
0.172497
-0.0618534
0.199185
-0.0487203
0.228091
-0.0368031
0.258672
-0.0267774
0.290336
-0.0191397
0.32246
-0.014181
0.354315
-0.0119521
0.385133
-0.0124715
0.414167
-0.0155608
0.440668
-0.0209135
0.463906
-0.0280346
-0.0366529
0.0100501
0.00574896
0.0316789
-0.0417606
0.0571327
-0.104174
0.0741397
-0.125969
0.0891214
-0.122626
0.104579
-0.114329
0.12239
-0.103823
0.143017
-0.0930483
0.16628
-0.082387
0.191893
-0.0721137
0.219403
-0.0628497
0.24823
-0.0551616
0.277682
-0.0494551
0.307001
-0.0459624
0.335444
-0.0447569
0.362127
-0.0457143
0.386245
-0.0487268
0.407017
-0.0535004
0.423734
-0.0595888
-0.0667296
0.00950411
-0.00259391
0.0307671
-0.0615343
0.0532965
-0.124901
0.0677572
-0.138357
0.0816223
-0.134218
0.0963543
-0.126686
0.113358
-0.118478
0.132701
-0.110226
0.154175
-0.102066
0.17754
-0.0942608
0.20238
-0.0872832
0.228108
-0.0815428
0.254008
-0.0773313
0.279287
-0.074814
0.303123
-0.0740366
0.324716
-0.074895
0.343243
-0.0772476
0.35797
-0.0808756
0.368264
-0.0854107
-0.0906058
0.00869975
-0.0103737
0.029701
-0.0813721
0.048172
-0.141986
0.0603865
-0.149005
0.0723215
-0.144475
0.0854673
-0.138136
0.100626
-0.132041
0.117659
-0.125904
0.136288
-0.11975
0.156383
-0.114005
0.177521
-0.108872
0.199131
-0.104626
0.220529
-0.101456
0.240971
-0.0994716
0.259688
-0.0986973
0.275948
-0.0990607
0.289033
-0.100423
0.298309
-0.102632
0.30326
-0.105419
-0.108556
0.00760847
-0.0173284
0.0285873
-0.101541
0.0424797
-0.154934
0.0520994
-0.157589
0.0614626
-0.152772
0.0721935
-0.14785
0.0844594
-0.143441
0.0981164
-0.138966
0.113085
-0.134533
0.129063
-0.130362
0.145684
-0.126605
0.162445
-0.123411
0.178753
-0.120887
0.194012
-0.119144
0.207567
-0.118144
0.218801
-0.11785
0.227172
-0.118185
0.232184
-0.119027
0.233445
-0.120192
-0.121523
0.00660846
-0.0235683
0.0269298
-0.121425
0.036244
-0.163766
0.0427739
-0.163629
0.0492972
-0.158846
0.0568856
-0.155095
0.065461
-0.151856
0.074949
-0.148568
0.0853024
-0.145377
0.0963303
-0.14237
0.107757
-0.139625
0.119212
-0.137202
0.130265
-0.135149
0.1404
-0.133498
0.149143
-0.132245
0.156044
-0.131376
0.160706
-0.130853
0.162792
-0.130603
0.162069
-0.13053
-0.130547
0.00643569
-0.0299331
0.0243767
-0.139315
0.0295371
-0.168918
0.0328861
-0.16704
0.0362206
-0.162351
0.0400206
-0.159215
0.0442175
-0.156572
0.0488686
-0.153994
0.0540034
-0.151603
0.059533
-0.149373
0.0653024
-0.14732
0.071098
-0.145447
0.0766636
-0.14376
0.0817163
-0.142262
0.0859784
-0.140953
0.0891907
-0.13983
0.0911141
-0.138868
0.0915476
-0.138024
0.0903962
-0.137293
-0.136698
0.00731144
-0.0374777
0.0214504
-0.153795
0.0233153
-0.171252
0.0230863
-0.167428
0.0226752
-0.162725
0.0221083
-0.15962
0.0213927
-0.157033
0.0207018
-0.154702
0.0201332
-0.152672
0.0197248
-0.150856
0.0194872
-0.149238
0.0194006
-0.147791
0.0194235
-0.146496
0.0194999
-0.145337
0.0195694
-0.144305
0.019568
-0.143392
0.0194337
-0.142569
0.0191363
-0.14182
0.0186811
-0.14117
-0.140663
0.0106907
-0.0487053
0.0194937
-0.163329
0.0176997
-0.170401
0.0135198
-0.164414
0.00895168
-0.159547
0.0036797
-0.155957
-0.0022149
-0.152954
-0.00850817
-0.150407
-0.0150254
-0.148306
-0.0215791
-0.146566
-0.0279833
-0.145166
-0.0340532
-0.144068
-0.0396077
-0.143243
-0.0444728
-0.142664
-0.0484883
-0.142305
-0.0515194
-0.142127
-0.0534552
-0.142079
-0.0541989
-0.142129
-0.0536846
-0.142275
-0.142503
0.0155471
-0.0650864
0.0176895
-0.166585
0.0118934
-0.166013
0.00401742
-0.15824
-0.0047846
-0.152727
-0.0147896
-0.148185
-0.0258791
-0.144303
-0.0377825
-0.141088
-0.0502386
-0.138503
-0.06292
-0.136518
-0.0754756
-0.13512
-0.0875284
-0.134286
-0.0986889
-0.133992
-0.108572
-0.134199
-0.116814
-0.134854
-0.123092
-0.135879
-0.12713
-0.137175
-0.128714
-0.138658
-0.127674
-0.140284
-0.141898
0.0173013
-0.0835057
0.0144506
-0.165214
0.00525146
-0.158667
-0.00584822
-0.14936
-0.0185559
-0.142576
-0.0330093
-0.136574
-0.0490048
-0.131362
-0.0662423
-0.127021
-0.0843632
-0.123553
-0.102922
-0.120991
-0.121427
-0.119353
-0.139342
-0.118646
-0.156102
-0.11886
-0.171148
-0.119944
-0.183942
-0.121817
-0.19399
-0.124359
-0.20085
-0.127425
-0.204169
-0.130847
-0.20378
-0.134416
-0.137957
0.016273
-0.101162
0.00995988
-0.160725
-0.00169062
-0.149292
-0.0157962
-0.137967
-0.0319567
-0.129525
-0.0503937
-0.121574
-0.0708184
-0.114604
-0.0929022
-0.108708
-0.11619
-0.103986
-0.140153
-0.100523
-0.164197
-0.0983757
-0.187681
-0.0975825
-0.209933
-0.0981475
-0.230271
-0.10002
-0.248029
-0.103098
-0.262568
-0.107237
-0.273317
-0.112227
-0.279822
-0.117799
-0.281703
-0.123687
-0.129534
0.0145465
-0.117331
0.00497533
-0.153292
-0.00862604
-0.138357
-0.0252375
-0.124532
-0.0445109
-0.113887
-0.066753
-0.103346
-0.0911665
-0.0944664
-0.117459
-0.0868037
-0.145137
-0.080629
-0.173681
-0.0760221
-0.202494
-0.0730913
-0.230929
-0.0719057
-0.258271
-0.0725142
-0.283772
-0.0748927
-0.306683
-0.0789315
-0.326303
-0.0844397
-0.341977
-0.0911661
-0.353102
-0.0988079
-0.359188
-0.107007
-0.115343
0.0135277
-0.13269
-0.000115784
-0.142067
-0.0151097
-0.126382
-0.0347128
-0.108531
-0.0567915
-0.0959404
-0.0819166
-0.0827915
-0.109267
-0.0719978
-0.138591
-0.0625096
-0.169495
-0.0547023
-0.20151
-0.0487015
-0.234074
-0.0446759
-0.266548
-0.0427496
-0.29826
-0.0429835
-0.328501
-0.0453767
-0.35653
-0.049844
-0.381589
-0.0562128
-0.402936
-0.0642206
-0.419891
-0.0735208
-0.431846
-0.0837021
-0.0942867
0.0129239
-0.147619
-0.00474408
-0.127056
-0.0209678
-0.113488
-0.0434157
-0.090069
-0.0677722
-0.076174
-0.0947233
-0.0609424
-0.123879
-0.0483239
-0.155005
-0.0370746
-0.187776
-0.0276231
-0.221881
-0.0200467
-0.256877
-0.0146129
-0.292235
-0.0115065
-0.327342
-0.0108505
-0.36153
-0.012683
-0.394092
-0.0169497
-0.424299
-0.0234984
-0.45142
-0.0320731
-0.474748
-0.0423201
-0.493615
-0.0538087
-0.0660426
0.0101684
-0.159925
-0.00927347
-0.110464
-0.0273154
-0.0990365
-0.0511227
-0.0705836
-0.0769073
-0.055395
-0.104485
-0.0389657
-0.134063
-0.0248143
-0.165601
-0.0119025
-0.198979
-0.000701956
-0.233885
0.0085549
-0.269954
0.015581
-0.306752
0.0201498
-0.343784
0.0221009
-0.380502
0.021359
-0.41631
0.0179417
-0.450576
0.0119674
-0.482641
0.00366226
-0.511837
-0.00664278
-0.537499
-0.0185341
-0.0315336
0.00674734
-0.168897
-0.011302
-0.0954078
-0.0345994
-0.0795372
-0.0577379
-0.0520489
-0.0833653
-0.035139
-0.110441
-0.0179505
-0.13956
-0.0023274
-0.170512
0.012006
-0.203187
0.0247154
-0.237391
0.0355208
-0.272883
0.0441213
-0.309366
0.050262
-0.346489
0.0537538
-0.383852
0.0544892
-0.421007
0.0524497
-0.45746
0.0477136
-0.492678
0.0404634
-0.526085
0.030981
-0.557082
0.0196361
0.00686122
0.00936819
-0.180529
-0.0118842
-0.077237
-0.0398283
-0.0555409
-0.0621588
-0.0345452
-0.0869736
-0.0160055
-0.113099
0.00170237
-0.140792
0.0182056
-0.169996
0.0335038
-0.200666
0.0473114
-0.2327
0.05933
-0.265971
0.069262
-0.300316
0.0768474
-0.335535
0.0818839
-0.371386
0.0842404
-0.407583
0.0838659
-0.443789
0.0807968
-0.479617
0.0751631
-0.514629
0.0671901
-0.548336
0.0571831
0.0454979
-0.0974677
-0.0359243
0.131479
-0.079483
-0.0201404
-0.0669758
-0.0148981
-0.0578799
-0.0117102
-0.0504835
-0.0102176
-0.0442647
-0.00922633
-0.0384426
-0.00899144
-0.032575
-0.00917095
-0.0265202
-0.00946148
-0.0200357
-0.00996148
-0.0127461
-0.0108024
-0.00410174
-0.0121577
0.006442
-0.0140223
0.0193357
-0.0163028
0.035195
-0.0191656
0.0537825
-0.0217599
0.0757086
-0.0249356
0.102115
-0.0292277
0.135051
-0.0355465
-0.0478581
-0.0823613
-0.0491917
0.0930072
-0.0693246
-0.0361412
-0.059167
-0.0283564
-0.0500686
-0.0244324
-0.0425596
-0.0216523
-0.0358613
-0.0201239
-0.0297709
-0.019519
-0.0240194
-0.0195562
-0.0179889
-0.020276
-0.0112418
-0.0215924
-0.0035974
-0.023378
0.00487583
-0.0255559
0.0143639
-0.0283759
0.0249191
-0.031613
0.0359195
-0.0347626
0.0473012
-0.037536
0.058654
-0.0404424
0.069203
-0.0436579
0.0772312
-0.0471575
-0.0511294
-0.0703633
-0.0603667
0.0781596
-0.0602582
-0.0500898
-0.0505748
-0.0423442
-0.0419774
-0.03778
-0.034607
-0.0341917
-0.0282424
-0.0320379
-0.0226048
-0.0310375
-0.0169747
-0.0313402
-0.0112807
-0.0323308
-0.00552832
-0.0338407
0.000151387
-0.0356131
0.00600464
-0.0379475
0.0120594
-0.0408767
0.0181217
-0.0439572
0.0241224
-0.0468153
0.0303804
-0.0495573
0.0368705
-0.0523577
0.0434168
-0.0552515
0.0497791
-0.0581601
-0.0611055
-0.0615735
-0.0730474
0.0700991
-0.0519549
-0.0644736
-0.0423941
-0.0572794
-0.0339495
-0.0521918
-0.0266469
-0.0480206
-0.0204698
-0.0452506
-0.0147725
-0.0442143
-0.00974716
-0.0442099
-0.00548841
-0.0447081
-0.00211265
-0.0455106
0.000778244
-0.0468701
0.00331957
-0.0488221
0.00553732
-0.0512924
0.0076221
-0.0540079
0.00985797
-0.0566975
0.0126816
-0.0596317
0.0164163
-0.0628851
0.0212538
-0.0663759
0.0272994
-0.0699544
-0.0735445
-0.0548792
-0.0874049
0.0643167
-0.0449126
-0.0801387
-0.0351317
-0.0735417
-0.0264901
-0.0680802
-0.0190861
-0.0633963
-0.0127327
-0.0602374
-0.00737912
-0.0587781
-0.00350526
-0.0577668
-0.001191
-0.0570585
-0.000248139
-0.0567114
-0.000349321
-0.057111
-0.00127501
-0.0581834
-0.00275333
-0.0599109
-0.00426845
-0.0622733
-0.00518157
-0.0651354
-0.00490087
-0.0687378
-0.00291185
-0.0730971
0.00115846
-0.078011
0.00748238
-0.0831503
-0.0882329
-0.0493813
-0.103303
0.0596386
-0.0388478
-0.097284
-0.0286446
-0.0913389
-0.0195937
-0.0856905
-0.0118779
-0.080589
-0.0054196
-0.0770118
-0.000775915
-0.0744696
0.0017435
-0.0719324
0.00212273
-0.0695278
0.00063499
-0.0675876
-0.00249122
-0.066444
-0.00685566
-0.0661938
-0.0118635
-0.0670196
-0.0167208
-0.069113
-0.0205248
-0.0724666
-0.0224699
-0.077247
-0.0218773
-0.083371
-0.0182975
-0.0904352
-0.0115292
-0.0978909
-0.105152
-0.0445092
-0.120545
0.0554649
-0.0333695
-0.115896
-0.0226668
-0.110722
-0.0131409
-0.10509
-0.00506212
-0.0996803
0.00124819
-0.095378
0.00513388
-0.0913211
0.00641348
-0.0869202
0.00502424
-0.0823937
0.00109026
-0.0782402
-0.0050703
-0.0749752
-0.0128188
-0.0730147
-0.0212748
-0.0727917
-0.0293644
-0.0747087
-0.0359159
-0.0788817
-0.039897
-0.0853691
-0.0404761
-0.0939231
-0.037118
-0.103881
-0.0296235
-0.114397
-0.124506
-0.0398533
-0.138906
0.0513932
-0.0281464
-0.13585
-0.0169325
-0.131646
-0.00693396
-0.126249
0.00143172
-0.120595
0.00755386
-0.115324
0.0108139
-0.109517
0.0109251
-0.102873
0.00774229
-0.0957153
0.00132949
-0.0887265
-0.00785307
-0.0828046
-0.0189331
-0.0787768
-0.0307561
-0.0773702
-0.0419649
-0.0792131
-0.0511186
-0.0845392
-0.0569586
-0.0932656
-0.0584999
-0.104918
-0.0551339
-0.118505
-0.0466994
-0.132781
-0.146359
-0.0350639
-0.158136
0.0470778
-0.0228697
-0.15695
-0.0111927
-0.153971
-0.000769543
-0.149058
0.00781109
-0.14323
0.0137705
-0.136874
0.0164314
-0.129108
0.0153614
-0.119821
0.0103501
-0.109513
0.00146442
-0.0991133
-0.0107018
-0.0900289
-0.0250465
-0.083595
-0.0401268
-0.0808954
-0.0543053
-0.082783
-0.0658951
-0.0895848
-0.0733946
-0.101085
-0.0756702
-0.116501
-0.0720609
-0.13443
-0.062459
-0.153135
-0.170727
-0.029844
-0.177967
0.0422326
-0.0172623
-0.178947
-0.00521068
-0.17749
0.00554514
-0.173336
0.0142567
-0.167444
0.02001
-0.159954
0.0220234
-0.15004
0.0197329
-0.137738
0.0128705
-0.123792
0.00154097
-0.109461
-0.0135364
-0.0967482
-0.0310337
-0.0875978
-0.0492219
-0.0835146
-0.0661876
-0.0855748
-0.0799886
-0.0941887
-0.0889041
-0.108985
-0.09166
-0.128809
-0.0875618
-0.151756
-0.076578
-0.175498
-0.197564
-0.0239447
-0.19812
0.0366272
-0.0110826
-0.201561
0.00122728
-0.201937
0.0121873
-0.198836
0.0209089
-0.193027
0.0263523
-0.1844
0.0276179
-0.172177
0.0240342
-0.156537
0.0152908
-0.138516
0.00155437
-0.119806
-0.0163186
-0.103074
-0.0367848
-0.0909532
-0.0578722
-0.0854022
-0.0773814
-0.087773
-0.093121
-0.0985353
-0.103168
-0.117131
-0.106127
-0.14197
-0.101289
-0.170552
-0.0887256
-0.199862
-0.226758
-0.0171733
-0.218314
0.0300916
-0.004135
-0.224486
0.00830048
-0.227006
0.0193075
-0.225255
0.0278786
-0.219703
0.0328606
-0.209974
0.0332407
-0.195318
0.028263
-0.17607
0.0176024
-0.153616
0.00151531
-0.130173
-0.0190008
-0.109123
-0.0422083
-0.0938403
-0.0659135
-0.0867722
-0.0876611
-0.089591
-0.105017
-0.102827
-0.115877
-0.125691
-0.118742
-0.156095
-0.112918
-0.190853
-0.0986011
-0.226164
-0.258128
-0.00940066
-0.238278
0.0225239
0.00372123
-0.247406
0.0161434
-0.252361
0.027023
-0.25225
0.0352512
-0.247138
0.0395804
-0.23637
0.0389057
-0.219201
0.0324227
-0.19615
0.0198158
-0.168995
0.00145038
-0.14057
-0.0215236
-0.11501
-0.0472028
-0.0964475
-0.0731943
-0.0878566
-0.0968173
-0.0912685
-0.115422
-0.107279
-0.126745
-0.134832
-0.129214
-0.171279
-0.122167
-0.212657
-0.105955
-0.254283
-0.291421
-0.000570788
-0.25775
0.0138978
0.0125625
-0.270009
0.024839
-0.277652
0.0354102
-0.27945
0.043082
-0.274957
0.0465385
-0.263229
0.0446123
-0.243511
0.0364979
-0.216545
0.0219318
-0.184543
0.00139236
-0.151005
-0.0238282
-0.120846
-0.0516752
-0.0989648
-0.0795742
-0.0889028
-0.10466
-0.0930643
-0.124108
-0.11212
-0.135527
-0.144716
-0.137298
-0.187588
-0.128817
-0.235914
-0.110607
-0.284039
-0.326314
0.00929608
-0.27649
0.0042654
0.022395
-0.291995
0.0344136
-0.302535
0.0444988
-0.30647
0.0513933
-0.302755
0.0537434
-0.290156
0.0503585
-0.267896
0.0404703
-0.236982
0.0239169
-0.200105
0.00132539
-0.161473
-0.0258853
-0.126751
-0.0555454
-0.101601
-0.0849279
-0.0901731
-0.111023
-0.0952504
-0.130881
-0.117577
-0.142022
-0.155486
-0.142808
-0.205052
-0.132714
-0.260523
-0.112449
-0.315188
-0.362417
0.0201036
-0.294282
-0.00624509
0.0331533
-0.313085
0.0448323
-0.326687
0.054262
-0.33292
0.060167
-0.330122
0.0611773
-0.316736
0.0561307
-0.291985
0.044342
-0.257172
0.0257802
-0.215502
0.0012461
-0.171921
-0.0276874
-0.132827
-0.0587568
-0.104583
-0.0891486
-0.0919511
-0.115765
-0.0981082
-0.135582
-0.123873
-0.146078
-0.167262
-0.145624
-0.223657
-0.133786
-0.286323
-0.111466
-0.347421
-0.399274
0.0316829
-0.310943
-0.0174319
0.0447051
-0.333037
0.0559844
-0.349798
0.0646222
-0.358436
0.0693389
-0.356646
0.0687847
-0.342547
0.0618753
-0.315388
0.0480738
-0.276817
0.0275339
-0.230577
0.00121677
-0.182319
-0.0291624
-0.139153
-0.0612344
-0.10811
-0.09214
-0.0945144
-0.11877
-0.101914
-0.138098
-0.131213
-0.147608
-0.18012
-0.145705
-0.24333
-0.13205
-0.313088
-0.107732
-0.380365
-0.436375
0.0437969
-0.326326
-0.0290241
0.0568479
-0.351641
0.0677026
-0.371595
0.0754452
-0.38268
0.0787994
-0.381935
0.076475
-0.367172
0.06751
-0.337703
0.0515681
-0.295581
0.0290587
-0.245123
0.00115495
-0.192641
-0.0303025
-0.145867
-0.0629102
-0.112415
-0.0938132
-0.098137
-0.119953
-0.106922
-0.138366
-0.139761
-0.146593
-0.194087
-0.143089
-0.263938
-0.12761
-0.340526
-0.101421
-0.413583
-0.473163
0.0561506
-0.340319
-0.0407001
0.0693212
-0.368732
0.0797697
-0.391853
0.0865479
-0.405352
0.0884028
-0.405627
0.0841346
-0.390216
0.0729529
-0.358547
0.0547696
-0.313131
0.0302809
-0.258893
0.000944377
-0.202793
-0.0312125
-0.153092
-0.0638161
-0.117774
-0.0941418
-0.103129
-0.119275
-0.11338
-0.136387
-0.149633
-0.143088
-0.209129
-0.137893
-0.285286
-0.120649
-0.368284
-0.0927789
-0.446581
-0.509031
0.0684
-0.0521115
0.0818251
0.0919187
0.0977065
0.0979736
0.0916344
0.0781174
0.0576642
0.0313245
0.00082777
-0.0316802
-0.063842
-0.0931003
-0.116766
-0.132238
-0.137229
-0.130316
-0.111427
-0.0821172
-0.545662
-0.00280289
-0.528559
-0.0165369
-0.507949
-0.0307759
-0.484063
-0.0450308
-0.457231
-0.0588627
-0.427869
-0.0718939
-0.396459
-0.0838316
-0.363552
-0.0944818
-0.32975
-0.103758
-0.295704
-0.111681
-0.262104
-0.11837
-0.229649
-0.124036
-0.198975
-0.128982
-0.170405
-0.133626
-0.143634
-0.138336
-0.117455
-0.142605
-0.0895398
-0.14394
-0.0550007
-0.136811
-0.0181085
-0.0946742
-0.0271196
-0.425841
-0.0323707
-0.412801
-0.0436458
-0.397174
-0.0557191
-0.379161
-0.0681004
-0.359018
-0.0803262
-0.337038
-0.0919982
-0.313557
-0.102789
-0.28894
-0.112467
-0.263572
-0.120913
-0.23784
-0.128116
-0.212131
-0.134164
-0.186824
-0.139229
-0.162303
-0.14356
-0.139006
-0.147468
-0.117351
-0.151279
-0.0970231
-0.155159
-0.0761312
-0.158128
-0.0511857
-0.156193
-0.0171823
-0.124266
-0.0409976
-0.327916
-0.0655226
-0.315167
-0.0735192
-0.300839
-0.0824084
-0.285221
-0.091774
-0.268579
-0.101207
-0.251157
-0.110357
-0.233169
-0.118932
-0.214813
-0.126719
-0.19627
-0.133602
-0.17772
-0.139547
-0.159344
-0.144609
-0.141308
-0.148937
-0.123754
-0.152756
-0.106854
-0.156293
-0.0908647
-0.159737
-0.075853
-0.163381
-0.0609053
-0.16717
-0.0443176
-0.16784
-0.0155024
-0.149132
-0.0535142
-0.242332
-0.0979271
-0.22937
-0.102759
-0.215544
-0.108297
-0.201301
-0.114251
-0.186987
-0.120346
-0.17285
-0.126352
-0.159044
-0.132082
-0.145652
-0.137395
-0.132713
-0.14221
-0.120231
-0.146509
-0.108196
-0.150335
-0.0965976
-0.153802
-0.0854502
-0.15707
-0.0747722
-0.160317
-0.0645662
-0.163698
-0.0548572
-0.167434
-0.0453896
-0.171697
-0.0351169
-0.173965
-0.0136831
-0.167238
-0.0646717
-0.156797
-0.123624
-0.145388
-0.126027
-0.133582
-0.128786
-0.121883
-0.13175
-0.110665
-0.134799
-0.100173
-0.137852
-0.0905325
-0.140846
-0.0817765
-0.143739
-0.073868
-0.146509
-0.0667251
-0.14917
-0.0602439
-0.151766
-0.0543174
-0.154386
-0.0488615
-0.157139
-0.0438252
-0.160132
-0.0391431
-0.163498
-0.0347335
-0.167435
-0.030558
-0.172032
-0.0256774
-0.175629
-0.0113092
-0.17903
-0.0740291
-0.0649949
-0.137585
-0.0573955
-0.138372
-0.0498839
-0.13927
-0.0428008
-0.140217
-0.0363905
-0.141203
-0.0308129
-0.142238
-0.0261435
-0.14335
-0.0223841
-0.144566
-0.0194845
-0.145911
-0.0173616
-0.147423
-0.0159122
-0.149149
-0.0150324
-0.151164
-0.0146383
-0.153535
-0.0146501
-0.156345
-0.0150192
-0.15967
-0.0156473
-0.163735
-0.0164645
-0.168576
-0.0169008
-0.173009
-0.0107127
-0.183489
-0.0834457
0.0316558
-0.136796
0.0338052
-0.136733
0.0353124
-0.136817
0.0361703
-0.137012
0.0363906
-0.137323
0.0359789
-0.137752
0.0349398
-0.13832
0.0332929
-0.139063
0.0310702
-0.140016
0.0283076
-0.14121
0.0250394
-0.142687
0.0212922
-0.144505
0.0171028
-0.146735
0.012494
-0.149437
0.00750527
-0.152698
0.00220973
-0.156768
-0.00333504
-0.161661
-0.0086423
-0.166616
-0.0118083
-0.179499
-0.0946619
0.126773
-0.120554
0.122858
-0.120564
0.117875
-0.121028
0.112154
-0.12188
0.105941
-0.123024
0.0993932
-0.124357
0.0925949
-0.125816
0.0855779
-0.127376
0.0783361
-0.129029
0.0708422
-0.130783
0.0630587
-0.132669
0.0549317
-0.134735
0.0464188
-0.137067
0.0375113
-0.139766
0.0282359
-0.142964
0.0186448
-0.146947
0.00877993
-0.151728
-0.000452354
-0.157421
-0.0106279
-0.169421
-0.105414
0.21271
-0.0907471
0.20338
-0.0920992
0.192884
-0.0942923
0.181665
-0.0971421
0.170058
-0.100415
0.158284
-0.103871
0.146462
-0.107327
0.134624
-0.110667
0.122745
-0.113819
0.110761
-0.116758
0.0985899
-0.119506
0.0861617
-0.122134
0.0734227
-0.124764
0.0603599
-0.127559
0.0470144
-0.13073
0.033467
-0.134626
0.0197998
-0.139289
0.00733512
-0.1461
-0.00736032
-0.155725
-0.113592
0.284701
-0.0522709
0.271972
-0.0562767
0.258083
-0.0612948
0.243387
-0.0670346
0.22816
-0.0731511
0.212596
-0.079298
0.196808
-0.0851965
0.180844
-0.0906549
0.164706
-0.0955615
0.148376
-0.0998776
0.131828
-0.103635
0.115045
-0.106937
0.0980325
-0.109956
0.0808361
-0.11293
0.0635651
-0.116167
0.0463785
-0.120106
0.029535
-0.124928
0.0141848
-0.132943
-0.0033731
-0.140005
-0.118417
0.344913
-0.0120679
0.331171
-0.0193454
0.316007
-0.0275033
0.299601
-0.0361873
0.282124
-0.0450102
0.263736
-0.0535919
0.244578
-0.061622
0.224772
-0.068887
0.204426
-0.0752704
0.183646
-0.0807456
0.162538
-0.0853661
0.14121
-0.0892722
0.119789
-0.0926868
0.0984217
-0.0959136
0.0772828
-0.0993295
0.0566266
-0.103502
0.0372169
-0.109168
0.0196759
-0.118545
0.00048668
-0.123391
-0.119923
0.402635
0.0236268
0.388724
0.0136439
0.372702
0.00305507
0.354685
-0.00775139
0.334818
-0.0183878
0.313289
-0.0285031
0.290329
-0.0378193
0.26619
-0.046151
0.241142
-0.0534091
0.215463
-0.059596
0.18944
-0.0648036
0.163356
-0.0692011
0.137474
-0.0730339
0.112028
-0.0766239
0.0872439
-0.0803846
0.0632759
-0.0848661
0.0405384
-0.0911159
0.0183251
-0.100282
-0.000147942
-0.108095
-0.122481
0.46667
0.450727
0.431935
0.410421
0.386397
0.360165
0.332104
0.302644
0.272235
0.241328
0.210352
0.179703
0.149718
0.120653
0.0926472
0.0656413
0.0390778
0.0123742
-0.00632228
)
;

boundaryField
{
    inlet
    {
        type            calculated;
        value           nonuniform List<scalar> 
41
(
-0.182927
-0.182927
-0.182927
-0.182927
-0.182927
-0.182927
-0.182927
-0.182927
-0.182927
-0.182927
-0.182927
-0.182927
-0.182927
-0.182927
-0.182927
-0.182927
-0.182927
-0.182927
-0.182927
-0.182927
-0.182927
-0.182927
-0.182927
-0.182927
-0.182927
-0.182927
-0.182927
-0.182927
-0.182927
-0.182927
-0.182927
-0.182927
-0.182927
-0.182927
-0.182927
-0.182927
-0.182927
-0.182927
-0.182927
-0.182927
-0.182927
)
;
    }
    outlet
    {
        type            calculated;
        value           nonuniform List<scalar> 
41
(
0.193478
0.209055
0.212078
0.211486
0.210579
0.209942
0.209267
0.20831
0.206884
0.20481
0.201851
0.197754
0.192342
0.185541
0.177329
0.167762
0.157034
0.14538
0.132536
0.117684
0.100953
0.084292
0.0711277
0.0645845
0.0657709
0.0760804
0.0988088
0.131781
0.170665
0.209511
0.242284
0.260622
0.263178
0.25567
0.247517
0.242034
0.238303
0.235715
0.233956
0.230392
0.217205
)
;
    }
    dymWall
    {
        type            calculated;
        value           nonuniform List<scalar> 
73
(
1.73472e-18
0
1.73472e-18
3.46945e-18
1.73472e-18
1.73472e-18
0
0
0
1.0842e-19
-1.0842e-19
0
0
0
-1.73472e-18
0
-1.73472e-18
0
0
-3.46945e-18
0
0
0
0
0
-4.33681e-19
0
0
0
-5.42101e-20
2.71051e-20
0
0
-4.33681e-19
-2.1684e-19
0
-4.33681e-19
0
-4.33681e-19
4.33681e-19
-1.73472e-18
1.73472e-18
-1.73472e-18
-8.67362e-19
0
0
-1.13582e-31
0
-8.67362e-19
0
0
0
0
2.1684e-19
4.33681e-19
-4.33681e-19
2.1684e-19
-2.1684e-19
0
-1.0842e-19
0
5.42101e-20
2.71051e-20
-1.35525e-20
5.42101e-20
-1.0842e-19
-1.0842e-19
0
0
0
2.1684e-19
-4.33681e-19
2.1684e-19
)
;
    }
    AMI1
    {
        type            cyclicAMI;
        value           nonuniform List<scalar> 
73
(
0.441588
0.503346
0.556994
0.597644
0.615868
0.579928
0.521008
0.488177
0.432541
0.332522
0.185377
0.0560849
-0.0100375
-0.0132777
0.0352036
0.125496
0.232767
0.333175
0.41581
0.475375
0.507123
0.508891
0.483167
0.43572
0.373536
0.303424
0.230659
0.158398
0.0876856
0.0180994
-0.0519049
-0.124001
-0.19955
-0.27879
-0.359835
-0.438283
-0.507401
-0.558968
-0.585046
-0.580193
-0.352833
-0.384201
-0.410388
-0.426199
-0.427411
-0.411327
-0.377564
-0.32919
-0.271748
-0.21277
-0.160893
-0.12434
-0.109697
-0.121471
-0.160892
-0.225157
-0.307124
-0.395959
-0.47883
-0.543347
0.559119
0.436135
0.33877
0.253905
0.167204
0.0722712
-0.0288978
-0.129281
-0.220348
-0.295856
-0.35703
-0.414321
-0.479708
)
;
    }
    AMI2
    {
        type            cyclicAMI;
        value           nonuniform List<scalar> 
162
(
-0.209197
-0.224526
-0.239641
-0.254299
-0.267398
-0.279479
-0.289882
-0.297988
-0.303834
-0.305125
-0.294228
-0.285279
-0.267497
-0.255598
-0.25075
-0.240025
-0.229496
-0.21258
-0.18958
-0.163808
-0.124521
-0.0905639
-0.0551102
-0.0270222
-0.0074905
0.00479423
0.00858955
0.00697734
-0.00121161
-0.0152053
-0.0337416
-0.0580138
-0.0815338
-0.109598
-0.132787
-0.15861
-0.17947
-0.199971
-0.21698
-0.231067
-0.242393
-0.255634
-0.260073
-0.259514
-0.256237
-0.248794
-0.238855
-0.226261
-0.211438
-0.195563
-0.177811
-0.160365
-0.141447
-0.12366
-0.104785
-0.0873845
-0.0690081
-0.0521423
-0.0343733
-0.0178237
-0.000318002
0.0163624
0.0342019
0.0514455
0.0701264
0.0883126
0.108206
0.127462
0.148422
0.168342
0.189601
0.209134
0.229167
0.24669
0.263345
0.276745
0.287768
0.294867
0.298386
0.297618
0.292694
0.169355
0.177851
0.18494
0.192893
0.19894
0.204996
0.208846
0.211737
0.21248
0.211271
0.208175
0.202462
0.195199
0.185353
0.174457
0.161502
0.148103
0.133564
0.119326
0.105066
0.0919911
0.0800102
0.0700741
0.0621729
0.0569817
0.0545923
0.0554004
0.0594367
0.0668159
0.0774322
0.0910941
0.107502
0.126161
0.146569
0.167988
0.189758
0.211038
0.231099
0.249176
0.264603
0.276849
-0.198656
-0.183558
-0.169438
-0.15594
-0.143854
-0.132831
-0.122283
-0.112711
-0.103686
-0.0946226
-0.0858375
-0.0770487
-0.0679019
-0.0585473
-0.0489317
-0.0389442
-0.0286569
-0.0181121
-0.00740407
0.00344369
0.0143756
0.0251803
0.035824
0.0463268
0.0563957
0.0659463
0.07518
0.0837643
0.0915219
0.0990407
0.106008
0.112072
0.118373
0.124589
0.130086
0.136598
0.143578
0.149745
0.15762
0.166216
)
;
    }
    walls
    {
        type            calculated;
        value           uniform 0;
    }
    front
    {
        type            empty;
        value           nonuniform 0();
    }
    back
    {
        type            empty;
        value           nonuniform 0();
    }
}


// ************************************************************************* //
