/*--------------------------------*- C++ -*----------------------------------*\
  =========                 |
  \\      /  F ield         | OpenFOAM: The Open Source CFD Toolbox
   \\    /   O peration     | Website:  https://openfoam.org
    \\  /    A nd           | Version:  6
     \\/     M anipulation  |
\*---------------------------------------------------------------------------*/
FoamFile
{
    version     2.0;
    format      ascii;
    class       volScalarField;
    location    "1.25";
    object      rho;
}
// * * * * * * * * * * * * * * * * * * * * * * * * * * * * * * * * * * * * * //

dimensions      [1 -3 0 0 0 0 0];

internalField   nonuniform List<scalar> 
5835
(
1.6095e-05
1.18573e-05
2.06364e-05
1.19023e-05
1.19825e-05
1.18577e-05
1.1857e-05
1.18584e-05
1.18587e-05
1.1858e-05
1.18631e-05
1.22669e-05
1.1857e-05
1.18591e-05
1.26061e-05
1.18579e-05
3.70935e-05
3.61602e-05
1.1857e-05
1.18576e-05
4.01726e-05
1.1857e-05
3.87953e-05
1.24403e-05
1.1857e-05
1.18575e-05
1.27404e-05
1.18576e-05
1.18835e-05
1.18574e-05
1.1857e-05
1.18579e-05
1.1858e-05
1.18572e-05
1.1857e-05
1.18574e-05
1.18569e-05
1.18569e-05
1.1857e-05
1.18573e-05
1.18569e-05
1.1857e-05
1.18569e-05
1.1857e-05
1.18578e-05
1.18571e-05
1.1857e-05
1.1857e-05
1.18569e-05
1.1857e-05
1.18573e-05
1.18572e-05
1.1857e-05
1.18571e-05
1.1857e-05
1.1857e-05
1.18573e-05
1.18573e-05
1.18573e-05
1.18574e-05
1.18689e-05
1.18578e-05
1.18722e-05
1.18569e-05
1.18572e-05
1.1857e-05
1.1857e-05
1.18581e-05
1.1857e-05
1.1857e-05
1.18571e-05
1.1857e-05
1.1858e-05
1.18583e-05
1.18581e-05
1.18585e-05
1.18578e-05
1.18572e-05
1.1857e-05
1.18569e-05
1.18589e-05
1.1857e-05
1.1857e-05
2.1753e-05
1.62359e-05
1.18569e-05
1.19097e-05
1.18571e-05
1.1859e-05
1.19067e-05
1.18586e-05
1.1857e-05
1.18601e-05
1.18626e-05
1.18614e-05
1.18574e-05
1.18577e-05
1.18578e-05
1.20306e-05
1.1858e-05
1.18607e-05
1.18572e-05
1.18589e-05
1.18572e-05
1.2223e-05
1.18585e-05
1.18579e-05
1.24068e-05
1.18579e-05
1.18606e-05
1.18586e-05
1.1857e-05
1.19971e-05
1.18564e-05
1.18576e-05
1.18568e-05
1.18567e-05
1.18577e-05
1.18606e-05
1.20125e-05
1.19919e-05
1.18568e-05
1.18568e-05
1.18583e-05
1.18566e-05
1.18572e-05
1.18569e-05
1.18571e-05
1.1857e-05
1.18583e-05
1.1863e-05
1.18576e-05
1.18572e-05
1.18576e-05
1.18636e-05
1.18649e-05
4.79462e-05
1.18602e-05
5.11904e-05
1.18595e-05
1.18582e-05
1.18579e-05
4.52179e-05
4.66559e-05
5.17099e-05
5.38836e-05
1.97175e-05
2.22386e-05
1.18592e-05
1.18604e-05
2.19716e-05
1.18603e-05
1.1857e-05
1.18571e-05
1.47505e-05
1.35849e-05
1.19659e-05
1.18623e-05
1.18644e-05
1.30275e-05
1.18579e-05
1.18587e-05
1.1857e-05
1.18601e-05
1.20479e-05
1.18595e-05
1.18575e-05
1.19371e-05
1.1859e-05
1.18569e-05
1.18569e-05
1.18751e-05
1.18628e-05
1.1859e-05
1.18582e-05
1.18569e-05
1.18581e-05
1.19868e-05
1.18642e-05
1.19089e-05
1.1858e-05
1.18576e-05
1.18576e-05
1.1857e-05
1.1857e-05
1.18569e-05
1.18573e-05
1.18581e-05
1.18654e-05
1.18574e-05
1.18572e-05
1.1857e-05
1.18571e-05
1.1858e-05
1.18597e-05
1.18579e-05
1.18578e-05
1.18571e-05
1.1857e-05
1.18572e-05
4.34162e-05
4.19178e-05
1.18579e-05
1.18578e-05
1.18589e-05
1.18579e-05
1.18597e-05
1.18682e-05
1.18569e-05
1.18604e-05
1.1857e-05
1.18578e-05
1.18609e-05
1.18577e-05
1.18569e-05
1.18576e-05
1.18582e-05
1.1857e-05
1.18583e-05
1.18569e-05
1.18586e-05
1.1857e-05
1.18627e-05
1.18788e-05
1.18568e-05
1.18572e-05
1.1857e-05
5.40879e-05
1.18652e-05
1.18664e-05
1.18583e-05
1.1857e-05
1.18568e-05
1.18585e-05
1.1857e-05
1.18594e-05
2.23504e-05
1.186e-05
2.19294e-05
1.18633e-05
1.18593e-05
1.18617e-05
1.18572e-05
1.18607e-05
1.18569e-05
1.18574e-05
1.1857e-05
1.18604e-05
1.18569e-05
1.18571e-05
1.1865e-05
1.18632e-05
1.18571e-05
1.18584e-05
1.1857e-05
1.18608e-05
1.18573e-05
1.19735e-05
1.1861e-05
1.18582e-05
1.1857e-05
1.25273e-05
1.22238e-05
1.1858e-05
1.24342e-05
1.18573e-05
1.18584e-05
1.1858e-05
1.23681e-05
1.24682e-05
1.18596e-05
1.1857e-05
1.18573e-05
1.1857e-05
1.18579e-05
1.18607e-05
1.18569e-05
1.18586e-05
1.18596e-05
1.18575e-05
1.18606e-05
1.18573e-05
1.31512e-05
1.1857e-05
1.18571e-05
1.18609e-05
1.18575e-05
1.1858e-05
1.18571e-05
1.1857e-05
3.78945e-05
1.64558e-05
1.19029e-05
1.87653e-05
1.18572e-05
1.18613e-05
1.18655e-05
1.18574e-05
1.18569e-05
3.63589e-05
1.18685e-05
5.29785e-05
5.38134e-05
3.48454e-05
1.61351e-05
3.49487e-05
1.1857e-05
3.52968e-05
1.18642e-05
2.08932e-05
5.47046e-05
2.0197e-05
4.1352e-05
1.29125e-05
1.18634e-05
1.18576e-05
1.1866e-05
1.24243e-05
1.1858e-05
1.18578e-05
1.1857e-05
1.18571e-05
1.18571e-05
1.3024e-05
1.18581e-05
1.37508e-05
1.18573e-05
1.18593e-05
3.91148e-05
1.18643e-05
1.18633e-05
1.2148e-05
1.18575e-05
1.18635e-05
1.18576e-05
1.1858e-05
1.18574e-05
1.18574e-05
1.18604e-05
1.18571e-05
1.1857e-05
3.98277e-05
1.19903e-05
3.97633e-05
1.18586e-05
1.18597e-05
1.18592e-05
1.18594e-05
1.18575e-05
1.18577e-05
1.27825e-05
1.1857e-05
1.18597e-05
1.1857e-05
1.18671e-05
1.18574e-05
1.18613e-05
1.18568e-05
1.25371e-05
1.18569e-05
1.19172e-05
1.1861e-05
1.18578e-05
1.18596e-05
1.3535e-05
1.18624e-05
1.18607e-05
1.18599e-05
1.18585e-05
1.18577e-05
1.18576e-05
1.18596e-05
1.18614e-05
1.18567e-05
1.19904e-05
1.18573e-05
1.18569e-05
1.18574e-05
1.18571e-05
1.18586e-05
1.18573e-05
1.18579e-05
1.18569e-05
1.1859e-05
1.18579e-05
1.18598e-05
1.18588e-05
1.18579e-05
1.18582e-05
1.1857e-05
1.1857e-05
1.18594e-05
1.18594e-05
1.1857e-05
1.18571e-05
1.18603e-05
1.1864e-05
1.1859e-05
1.18571e-05
1.18582e-05
1.1857e-05
1.18571e-05
1.18584e-05
1.18585e-05
1.18572e-05
1.18575e-05
1.18567e-05
1.18593e-05
1.19579e-05
1.18594e-05
1.18575e-05
1.18571e-05
1.18591e-05
1.1865e-05
1.18573e-05
1.18659e-05
1.20796e-05
1.18568e-05
1.18657e-05
1.18595e-05
1.1857e-05
1.1857e-05
1.18625e-05
1.1872e-05
1.18613e-05
1.18615e-05
1.18635e-05
1.18573e-05
1.18601e-05
1.18591e-05
1.18573e-05
1.19018e-05
1.18573e-05
1.18636e-05
1.18574e-05
1.18582e-05
1.18686e-05
1.18626e-05
1.1858e-05
1.18851e-05
1.18673e-05
1.1861e-05
1.18606e-05
1.1868e-05
1.18582e-05
1.18708e-05
1.18583e-05
1.18615e-05
1.18584e-05
1.1858e-05
1.18597e-05
1.18569e-05
1.18577e-05
1.1862e-05
1.18569e-05
1.18571e-05
1.18602e-05
1.18569e-05
1.18697e-05
1.18571e-05
1.18572e-05
1.18571e-05
1.18683e-05
1.18584e-05
1.1857e-05
1.18569e-05
1.18567e-05
1.18609e-05
1.18685e-05
1.18621e-05
1.18616e-05
1.18599e-05
1.18593e-05
1.18752e-05
1.18624e-05
1.18571e-05
1.18601e-05
1.18744e-05
1.18622e-05
1.18599e-05
1.18632e-05
1.18572e-05
1.18603e-05
1.1857e-05
1.18594e-05
1.18578e-05
1.18638e-05
1.18569e-05
1.18568e-05
1.18569e-05
1.18593e-05
1.18598e-05
1.18576e-05
1.18593e-05
1.18633e-05
1.1857e-05
1.18698e-05
1.18573e-05
1.18572e-05
1.18575e-05
1.21717e-05
1.18586e-05
1.18561e-05
1.18576e-05
1.18836e-05
1.1857e-05
1.18597e-05
1.18574e-05
1.20926e-05
1.18567e-05
1.18575e-05
1.18651e-05
1.18572e-05
1.20202e-05
1.18578e-05
1.18564e-05
4.8158e-05
1.18626e-05
1.18607e-05
4.79377e-05
4.55748e-05
4.5363e-05
1.18593e-05
1.18585e-05
1.18691e-05
1.18608e-05
2.18186e-05
1.8013e-05
1.18605e-05
1.1858e-05
1.18603e-05
2.19713e-05
4.20223e-05
1.18572e-05
5.24108e-05
1.18698e-05
1.18571e-05
1.18591e-05
2.26661e-05
1.18599e-05
1.30354e-05
1.18601e-05
4.2617e-05
1.18578e-05
1.37922e-05
1.19742e-05
1.18658e-05
1.1862e-05
1.18581e-05
1.18716e-05
1.18582e-05
1.198e-05
1.18569e-05
1.19412e-05
1.18652e-05
1.1857e-05
1.18578e-05
1.18578e-05
1.18578e-05
1.18582e-05
1.18593e-05
1.18657e-05
5.3293e-05
1.18573e-05
1.18931e-05
1.1859e-05
1.1859e-05
1.18792e-05
1.18621e-05
1.18568e-05
1.18571e-05
1.18569e-05
1.18578e-05
1.18569e-05
1.18572e-05
1.18625e-05
3.85426e-05
1.1857e-05
1.18587e-05
1.18586e-05
1.186e-05
1.1857e-05
1.1857e-05
1.18574e-05
1.18706e-05
1.18592e-05
1.18718e-05
1.18612e-05
1.18614e-05
1.18616e-05
1.18582e-05
1.18575e-05
1.18568e-05
1.18604e-05
1.18573e-05
1.18568e-05
1.1857e-05
1.18576e-05
1.18576e-05
1.18571e-05
1.18568e-05
1.18577e-05
1.18568e-05
1.1857e-05
1.33641e-05
1.18579e-05
1.18576e-05
1.18683e-05
1.18579e-05
1.18568e-05
1.18572e-05
1.2508e-05
1.20686e-05
1.22825e-05
1.18695e-05
1.23397e-05
1.18568e-05
1.18572e-05
1.18586e-05
3.93635e-05
1.1857e-05
1.25997e-05
1.1857e-05
1.1857e-05
1.2763e-05
1.18572e-05
3.21644e-05
1.18576e-05
1.97046e-05
2.19194e-05
1.18569e-05
1.18939e-05
3.40585e-05
3.31274e-05
1.96506e-05
1.18571e-05
1.18595e-05
1.18605e-05
1.18568e-05
1.27601e-05
5.1178e-05
1.18571e-05
1.32711e-05
1.18642e-05
1.18708e-05
1.18587e-05
1.18589e-05
5.12632e-05
4.2338e-05
1.18641e-05
1.2574e-05
1.18582e-05
3.23512e-05
1.18571e-05
1.18572e-05
1.18572e-05
3.38978e-05
1.20883e-05
3.59022e-05
1.1857e-05
1.18599e-05
1.18568e-05
1.20267e-05
1.19891e-05
1.18568e-05
1.18577e-05
1.18639e-05
1.18603e-05
1.18645e-05
1.27129e-05
1.18577e-05
1.18588e-05
1.2722e-05
1.18568e-05
1.1857e-05
1.1857e-05
1.18585e-05
1.18593e-05
1.18576e-05
1.18582e-05
1.18582e-05
1.18588e-05
1.1857e-05
1.1858e-05
1.18572e-05
1.1859e-05
1.18625e-05
1.18575e-05
1.18581e-05
1.18571e-05
1.1889e-05
1.18568e-05
1.18624e-05
1.18572e-05
1.18574e-05
1.18597e-05
1.18583e-05
1.18572e-05
1.18574e-05
1.18575e-05
1.18574e-05
1.18589e-05
1.18641e-05
1.18576e-05
1.19629e-05
1.19664e-05
1.18596e-05
1.18605e-05
1.18597e-05
1.18666e-05
1.1857e-05
1.1857e-05
1.18572e-05
1.18586e-05
1.18581e-05
1.18569e-05
1.18617e-05
1.18583e-05
1.18759e-05
1.18608e-05
1.18647e-05
1.18599e-05
1.18571e-05
1.1857e-05
1.18575e-05
1.18669e-05
1.18776e-05
1.1859e-05
1.18581e-05
1.18597e-05
1.18621e-05
1.18677e-05
1.18664e-05
1.18593e-05
1.18608e-05
1.1857e-05
1.18621e-05
1.18655e-05
1.1857e-05
1.18595e-05
1.1874e-05
1.18667e-05
1.18684e-05
1.18595e-05
1.18644e-05
1.18594e-05
1.1857e-05
1.18643e-05
1.18578e-05
1.1857e-05
1.18573e-05
1.18802e-05
1.18622e-05
1.18656e-05
1.18578e-05
1.18598e-05
1.18585e-05
1.1857e-05
1.1857e-05
1.18621e-05
1.18774e-05
1.18567e-05
1.18582e-05
1.18622e-05
1.18606e-05
1.18597e-05
1.18579e-05
1.18679e-05
1.18573e-05
1.1861e-05
1.18571e-05
1.18583e-05
1.18576e-05
1.186e-05
1.18578e-05
1.18569e-05
1.18586e-05
1.18674e-05
1.1859e-05
1.18591e-05
1.18571e-05
1.18602e-05
1.18569e-05
1.18589e-05
1.18586e-05
1.18596e-05
1.18572e-05
1.18571e-05
1.18572e-05
1.18577e-05
1.18606e-05
1.18578e-05
1.18578e-05
1.1858e-05
1.1858e-05
1.18651e-05
1.18655e-05
1.18599e-05
1.18572e-05
1.18588e-05
1.1857e-05
1.18604e-05
1.18625e-05
1.18584e-05
1.18714e-05
1.18696e-05
1.18626e-05
1.18622e-05
1.18579e-05
1.18571e-05
1.18583e-05
1.18582e-05
1.18573e-05
1.18586e-05
1.18607e-05
1.18605e-05
1.18608e-05
1.18624e-05
1.18563e-05
1.18569e-05
1.18568e-05
1.18571e-05
1.18564e-05
1.18583e-05
1.18626e-05
1.18609e-05
1.18725e-05
1.55983e-05
1.83293e-05
2.00625e-05
1.49508e-05
1.18582e-05
1.18574e-05
1.1857e-05
1.1858e-05
1.18573e-05
1.18572e-05
1.18571e-05
1.18571e-05
1.18591e-05
1.18574e-05
1.18572e-05
1.18569e-05
1.18569e-05
1.18596e-05
1.18569e-05
1.18569e-05
1.18573e-05
1.18586e-05
1.18569e-05
1.1859e-05
1.18588e-05
1.18589e-05
1.1857e-05
1.186e-05
1.18578e-05
1.31084e-05
1.18571e-05
1.18582e-05
1.19893e-05
1.1857e-05
1.18781e-05
1.18694e-05
1.40815e-05
1.18625e-05
1.18617e-05
1.18637e-05
1.18647e-05
1.1857e-05
1.18882e-05
1.18612e-05
1.18642e-05
1.18594e-05
1.18585e-05
1.18615e-05
1.18576e-05
1.19439e-05
1.18659e-05
1.18568e-05
1.18623e-05
1.18609e-05
1.1857e-05
1.32852e-05
1.21116e-05
1.18689e-05
1.186e-05
1.18611e-05
1.18571e-05
1.19548e-05
1.18721e-05
1.873e-05
1.18596e-05
2.65317e-05
1.18569e-05
1.18588e-05
1.1857e-05
1.1857e-05
1.18592e-05
1.18569e-05
1.18575e-05
1.18582e-05
1.18571e-05
1.28864e-05
1.3255e-05
1.18579e-05
1.1857e-05
1.20335e-05
1.18572e-05
1.29718e-05
1.18624e-05
1.19674e-05
1.18575e-05
1.18574e-05
6.43114e-05
6.83343e-05
1.1858e-05
1.186e-05
1.1857e-05
6.19022e-05
6.90952e-05
7.09714e-05
1.18604e-05
5.91525e-05
1.18569e-05
1.18599e-05
1.18612e-05
7.08206e-05
5.87533e-05
1.18581e-05
6.77365e-05
5.57732e-05
1.18572e-05
1.18574e-05
1.18576e-05
7.07779e-05
1.18573e-05
1.18577e-05
7.06326e-05
1.18588e-05
6.12173e-05
1.18591e-05
1.18582e-05
1.18578e-05
6.46689e-05
5.62375e-05
6.16191e-05
1.18587e-05
1.18585e-05
1.1861e-05
5.35013e-05
6.98433e-05
6.80372e-05
5.98006e-05
5.7557e-05
1.18574e-05
1.18583e-05
6.53683e-05
1.18575e-05
1.18576e-05
5.59218e-05
5.69159e-05
6.24177e-05
1.18571e-05
6.09644e-05
1.1857e-05
1.20641e-05
1.1858e-05
1.18577e-05
1.18566e-05
1.1857e-05
1.18627e-05
1.18582e-05
1.18588e-05
1.18592e-05
1.18604e-05
1.30135e-05
1.32476e-05
1.18586e-05
1.18577e-05
1.2081e-05
1.18571e-05
1.18569e-05
4.99436e-05
1.18576e-05
1.18573e-05
4.70365e-05
1.18568e-05
1.20735e-05
1.18576e-05
1.18568e-05
1.18614e-05
1.1857e-05
1.18629e-05
1.18582e-05
1.1857e-05
1.1857e-05
1.18607e-05
1.18575e-05
1.18572e-05
1.18589e-05
1.18634e-05
1.18594e-05
1.18585e-05
1.18595e-05
1.18697e-05
1.18584e-05
1.18571e-05
1.18576e-05
1.18576e-05
1.18592e-05
1.18572e-05
1.18575e-05
1.18578e-05
1.1857e-05
1.18577e-05
1.18613e-05
1.19125e-05
1.18571e-05
1.18568e-05
1.18612e-05
1.18598e-05
1.43455e-05
3.11366e-05
1.18606e-05
1.1857e-05
1.23638e-05
3.19263e-05
1.18576e-05
1.45027e-05
1.25569e-05
1.186e-05
1.18596e-05
1.1857e-05
1.18574e-05
1.1858e-05
1.18578e-05
1.18576e-05
1.18571e-05
1.18572e-05
1.1857e-05
1.18575e-05
1.18586e-05
1.1857e-05
1.18648e-05
1.18711e-05
1.18568e-05
1.19197e-05
1.18594e-05
1.18568e-05
1.1858e-05
1.18606e-05
1.18655e-05
1.22133e-05
1.45285e-05
1.18579e-05
1.1857e-05
1.18571e-05
1.18611e-05
1.1857e-05
1.18572e-05
1.18583e-05
1.1858e-05
1.1858e-05
1.18588e-05
1.18579e-05
1.18585e-05
1.18569e-05
1.18615e-05
1.1857e-05
1.18586e-05
1.1858e-05
1.18587e-05
1.18613e-05
1.18599e-05
1.18594e-05
1.18573e-05
1.18579e-05
1.18562e-05
1.18589e-05
1.18666e-05
1.18569e-05
1.18625e-05
1.18594e-05
1.18567e-05
1.18573e-05
1.1858e-05
1.18571e-05
1.18807e-05
1.18611e-05
1.18615e-05
1.18571e-05
1.18623e-05
1.18563e-05
1.18574e-05
1.18593e-05
1.18606e-05
1.18603e-05
1.18868e-05
1.18578e-05
1.18619e-05
1.18575e-05
1.18596e-05
1.1858e-05
1.18641e-05
1.1864e-05
1.18596e-05
1.18633e-05
1.18609e-05
1.18627e-05
1.1859e-05
1.18662e-05
1.18611e-05
1.18767e-05
1.18582e-05
1.18576e-05
1.18573e-05
1.18626e-05
1.1882e-05
1.18592e-05
1.18577e-05
1.18631e-05
1.18595e-05
1.18626e-05
1.18584e-05
1.18575e-05
1.1861e-05
1.18578e-05
1.18577e-05
1.18616e-05
1.18646e-05
1.1867e-05
1.1857e-05
1.18636e-05
1.18617e-05
1.18582e-05
1.18578e-05
1.1858e-05
1.18712e-05
1.18564e-05
1.18569e-05
1.18585e-05
1.18582e-05
1.18572e-05
1.18608e-05
1.18573e-05
1.18593e-05
1.18881e-05
1.18584e-05
1.18594e-05
1.18669e-05
1.18659e-05
1.18625e-05
1.18584e-05
1.18664e-05
1.18577e-05
1.18584e-05
1.19157e-05
1.18697e-05
1.18571e-05
1.18632e-05
1.18571e-05
1.18574e-05
1.18569e-05
1.18572e-05
1.18567e-05
1.18571e-05
1.18665e-05
1.18639e-05
1.186e-05
1.1857e-05
1.1859e-05
1.18568e-05
1.18643e-05
1.1876e-05
1.18564e-05
1.18625e-05
1.18606e-05
1.186e-05
1.18624e-05
1.18692e-05
1.18629e-05
1.18653e-05
1.18636e-05
1.18567e-05
1.18657e-05
1.18623e-05
1.18581e-05
1.18586e-05
1.18689e-05
1.18573e-05
1.18583e-05
1.18582e-05
1.18636e-05
1.18601e-05
1.18658e-05
1.18671e-05
1.18575e-05
1.18608e-05
1.18601e-05
1.18613e-05
1.18615e-05
1.18589e-05
1.18618e-05
1.18639e-05
1.1861e-05
1.186e-05
1.1858e-05
1.18593e-05
1.18569e-05
1.18573e-05
1.186e-05
1.18576e-05
1.18574e-05
1.18568e-05
1.18581e-05
1.18596e-05
1.18567e-05
1.18595e-05
1.18572e-05
1.18602e-05
1.18626e-05
1.18576e-05
1.18571e-05
1.18728e-05
1.19279e-05
1.18604e-05
1.18655e-05
1.18612e-05
1.18602e-05
1.18635e-05
1.18922e-05
1.18576e-05
1.18669e-05
1.18595e-05
1.18578e-05
1.18617e-05
1.18612e-05
1.25873e-05
1.18666e-05
1.18873e-05
1.1861e-05
1.18633e-05
1.1857e-05
1.18586e-05
1.18599e-05
1.18616e-05
1.18597e-05
1.23221e-05
1.18567e-05
1.18674e-05
1.18578e-05
1.18576e-05
1.18594e-05
1.18577e-05
1.18672e-05
1.18591e-05
1.18582e-05
1.18572e-05
1.18575e-05
1.18662e-05
1.21482e-05
1.18631e-05
1.18628e-05
1.18573e-05
1.18572e-05
1.18589e-05
1.18601e-05
1.18629e-05
1.18631e-05
1.18581e-05
1.22527e-05
1.18568e-05
1.18585e-05
1.18583e-05
1.18573e-05
1.18668e-05
1.18587e-05
1.18594e-05
1.18662e-05
1.20113e-05
1.18594e-05
1.1861e-05
1.18569e-05
1.18576e-05
1.18604e-05
1.1857e-05
1.18571e-05
1.1938e-05
1.18569e-05
1.18627e-05
1.18581e-05
1.186e-05
1.1923e-05
1.18871e-05
1.18603e-05
1.19168e-05
1.18565e-05
1.19214e-05
1.18582e-05
1.18747e-05
1.18695e-05
1.1864e-05
1.18579e-05
1.18592e-05
1.18613e-05
1.18645e-05
1.18573e-05
1.18834e-05
1.18571e-05
1.18586e-05
1.18585e-05
1.18573e-05
1.18824e-05
1.23105e-05
1.18788e-05
1.18598e-05
1.18611e-05
1.18749e-05
1.57923e-05
2.41787e-05
1.18587e-05
1.1857e-05
1.18568e-05
1.1857e-05
1.18589e-05
1.18569e-05
1.18569e-05
1.18592e-05
1.18584e-05
1.19825e-05
6.74092e-05
1.18567e-05
1.18569e-05
1.18595e-05
1.38861e-05
1.63366e-05
1.18645e-05
1.18578e-05
2.38429e-05
1.18583e-05
1.1864e-05
1.18578e-05
1.32505e-05
1.18566e-05
1.18604e-05
1.39721e-05
2.52676e-05
4.36123e-05
1.18608e-05
5.68992e-05
1.90566e-05
1.18788e-05
4.6545e-05
1.18728e-05
2.62099e-05
4.31806e-05
1.59905e-05
2.90964e-05
2.76815e-05
1.18918e-05
1.68002e-05
1.21266e-05
2.82602e-05
1.18578e-05
1.32272e-05
1.49028e-05
1.99996e-05
1.18652e-05
1.18611e-05
1.18604e-05
1.18671e-05
1.1857e-05
4.0654e-05
2.90271e-05
1.18596e-05
1.18576e-05
1.18645e-05
1.30031e-05
1.63781e-05
1.18639e-05
1.18589e-05
1.58339e-05
1.18682e-05
1.18598e-05
3.0145e-05
1.18792e-05
1.18576e-05
1.18571e-05
1.82896e-05
1.54149e-05
1.18572e-05
1.18647e-05
1.38081e-05
1.18658e-05
1.32951e-05
1.1865e-05
1.24861e-05
1.18637e-05
1.18745e-05
1.19253e-05
1.20559e-05
1.18601e-05
1.18607e-05
1.47844e-05
1.18618e-05
1.18643e-05
1.18579e-05
1.18584e-05
1.18594e-05
1.18587e-05
1.18587e-05
1.18588e-05
1.18573e-05
1.18585e-05
2.23452e-05
1.18594e-05
1.18687e-05
1.186e-05
1.73855e-05
1.1857e-05
1.18599e-05
1.18569e-05
1.18582e-05
1.18579e-05
1.18569e-05
1.19901e-05
1.18573e-05
1.18622e-05
1.18571e-05
1.18602e-05
1.18579e-05
1.18574e-05
1.18588e-05
1.18605e-05
1.18785e-05
1.37209e-05
1.18596e-05
1.19211e-05
1.27327e-05
1.1863e-05
1.18581e-05
1.18574e-05
1.18963e-05
2.09374e-05
1.99693e-05
1.18582e-05
1.1857e-05
1.18653e-05
1.18578e-05
1.18604e-05
1.18578e-05
1.34225e-05
1.18577e-05
1.18594e-05
1.18596e-05
1.18583e-05
1.18607e-05
1.18588e-05
1.18616e-05
1.18571e-05
2.17618e-05
1.18572e-05
1.18573e-05
1.18611e-05
1.19004e-05
1.18603e-05
1.18589e-05
1.29559e-05
1.22601e-05
1.19536e-05
1.18588e-05
1.18572e-05
1.18571e-05
1.57386e-05
2.71289e-05
1.18592e-05
1.18591e-05
1.18578e-05
1.18569e-05
1.18566e-05
1.1895e-05
1.18574e-05
1.18673e-05
1.18578e-05
1.19021e-05
1.18609e-05
1.18573e-05
1.19068e-05
1.1857e-05
1.18583e-05
1.18592e-05
1.18584e-05
1.18572e-05
1.18578e-05
1.18596e-05
1.18576e-05
1.18569e-05
1.18584e-05
1.18581e-05
1.1857e-05
1.18572e-05
1.18614e-05
1.1857e-05
1.1857e-05
1.18578e-05
1.18625e-05
1.18614e-05
1.18596e-05
1.1859e-05
1.18605e-05
1.18572e-05
1.18581e-05
1.18571e-05
1.18589e-05
1.18602e-05
1.18583e-05
1.18602e-05
1.18573e-05
1.18593e-05
1.18568e-05
1.18604e-05
1.18569e-05
1.18605e-05
1.18585e-05
1.18573e-05
1.1858e-05
1.18585e-05
1.1857e-05
1.18614e-05
1.18574e-05
1.18588e-05
1.18594e-05
1.18573e-05
1.1857e-05
1.18572e-05
1.18602e-05
1.18569e-05
1.18577e-05
1.18581e-05
1.18588e-05
1.18617e-05
1.18578e-05
1.18571e-05
2.61032e-05
1.18576e-05
1.18597e-05
1.19931e-05
1.1857e-05
1.18578e-05
1.18663e-05
1.18569e-05
1.18642e-05
1.1857e-05
1.18636e-05
1.18653e-05
1.18621e-05
1.20247e-05
1.19382e-05
1.18578e-05
1.20987e-05
1.18571e-05
1.18569e-05
1.18585e-05
1.18589e-05
1.18715e-05
1.18573e-05
1.18711e-05
1.186e-05
1.18712e-05
1.18645e-05
1.18567e-05
1.18621e-05
1.18593e-05
1.18578e-05
1.18605e-05
1.1857e-05
1.18574e-05
1.18567e-05
1.18629e-05
1.18569e-05
1.18581e-05
1.18585e-05
1.18583e-05
1.18579e-05
1.18579e-05
1.18574e-05
1.1857e-05
1.18591e-05
1.1862e-05
1.18679e-05
1.18579e-05
1.18581e-05
1.18589e-05
1.84938e-05
1.1861e-05
1.18584e-05
1.18647e-05
1.18576e-05
1.18584e-05
1.18582e-05
1.18566e-05
1.18578e-05
4.35597e-05
1.18621e-05
1.18574e-05
1.18694e-05
1.18563e-05
1.1859e-05
1.18692e-05
1.18614e-05
3.02031e-05
1.18571e-05
1.18607e-05
1.1862e-05
1.18583e-05
1.18594e-05
1.18764e-05
1.18558e-05
1.18595e-05
1.2332e-05
1.18576e-05
1.18594e-05
1.18582e-05
6.33474e-05
1.18569e-05
1.18574e-05
2.49194e-05
1.18586e-05
1.26331e-05
1.18635e-05
1.19124e-05
1.18609e-05
1.18602e-05
1.18585e-05
1.18736e-05
1.18578e-05
1.18646e-05
1.1857e-05
1.1859e-05
1.18592e-05
1.18575e-05
1.18585e-05
1.18576e-05
1.18856e-05
1.18747e-05
1.18567e-05
1.18574e-05
1.19352e-05
1.18798e-05
1.18588e-05
1.18624e-05
1.18603e-05
1.18582e-05
1.1859e-05
1.18598e-05
1.19108e-05
1.18671e-05
1.1858e-05
1.18585e-05
1.18593e-05
1.18673e-05
1.18596e-05
1.1858e-05
1.18631e-05
1.18838e-05
1.18597e-05
1.1858e-05
1.18603e-05
1.18591e-05
1.18569e-05
1.18578e-05
1.18576e-05
1.18642e-05
1.18594e-05
1.18571e-05
1.18577e-05
1.18649e-05
1.18565e-05
1.18572e-05
1.18584e-05
1.19357e-05
1.18582e-05
1.18581e-05
1.18583e-05
1.18573e-05
1.18796e-05
1.18576e-05
1.20248e-05
1.18581e-05
1.19411e-05
1.18583e-05
1.18598e-05
1.18639e-05
1.18567e-05
1.18577e-05
1.18594e-05
1.19993e-05
1.18595e-05
1.18572e-05
1.18574e-05
1.18571e-05
1.18577e-05
1.18578e-05
1.18569e-05
1.18581e-05
1.18576e-05
1.2097e-05
1.24115e-05
1.18574e-05
1.18576e-05
1.18569e-05
1.18568e-05
1.18586e-05
1.18583e-05
1.18573e-05
1.18571e-05
1.1857e-05
1.26351e-05
1.18573e-05
2.99443e-05
1.18596e-05
1.18577e-05
1.18588e-05
1.20311e-05
1.18574e-05
1.24847e-05
1.1857e-05
1.1858e-05
1.18574e-05
1.18595e-05
3.29123e-05
1.18574e-05
1.18589e-05
1.18579e-05
1.2207e-05
1.18569e-05
1.18574e-05
1.18594e-05
1.18581e-05
1.1858e-05
1.18577e-05
1.18568e-05
1.18597e-05
1.18587e-05
1.18632e-05
1.18583e-05
1.18577e-05
6.86256e-05
1.18615e-05
4.32053e-05
1.18595e-05
1.18587e-05
1.18612e-05
1.18569e-05
1.18579e-05
1.1859e-05
1.18573e-05
1.18607e-05
1.18574e-05
1.18602e-05
1.18567e-05
1.18637e-05
1.18584e-05
1.1857e-05
1.18705e-05
1.18568e-05
1.18569e-05
1.18585e-05
1.18652e-05
1.18579e-05
1.1864e-05
1.18593e-05
1.18733e-05
1.18707e-05
1.18596e-05
1.18577e-05
1.18588e-05
1.24174e-05
1.18572e-05
6.54871e-05
1.18574e-05
2.92659e-05
1.18575e-05
1.18573e-05
1.18574e-05
1.44029e-05
1.18593e-05
4.43518e-05
1.18589e-05
3.05705e-05
1.18571e-05
1.79003e-05
3.01705e-05
1.75697e-05
1.33555e-05
1.18586e-05
1.1866e-05
3.92451e-05
1.18662e-05
1.18642e-05
5.04728e-05
1.18597e-05
1.18582e-05
3.88054e-05
1.18601e-05
3.02204e-05
3.45404e-05
1.18577e-05
1.18619e-05
1.18593e-05
3.60646e-05
1.18627e-05
2.09696e-05
1.18574e-05
6.63906e-05
1.1858e-05
3.37717e-05
1.18589e-05
1.19372e-05
1.18582e-05
1.18565e-05
1.18572e-05
1.18576e-05
1.18582e-05
1.1859e-05
1.1862e-05
1.18717e-05
1.18579e-05
1.19188e-05
1.18593e-05
1.18628e-05
1.18576e-05
1.65749e-05
1.30828e-05
1.18575e-05
1.18576e-05
6.50737e-05
7.03257e-05
1.1857e-05
1.18573e-05
7.0671e-05
7.92658e-05
1.18571e-05
1.18569e-05
6.87371e-05
7.38046e-05
1.18573e-05
6.94952e-05
7.96549e-05
1.18571e-05
1.18573e-05
1.18569e-05
8.0501e-05
7.70253e-05
1.18588e-05
8.26644e-05
1.18583e-05
8.03683e-05
1.18572e-05
1.18573e-05
6.61668e-05
7.34667e-05
7.1312e-05
1.18577e-05
1.18575e-05
7.25302e-05
7.18785e-05
1.18569e-05
6.94675e-05
1.18569e-05
6.94392e-05
1.18569e-05
1.18569e-05
6.80408e-05
6.65095e-05
1.18569e-05
1.18569e-05
7.34027e-05
1.18579e-05
1.18569e-05
7.2576e-05
7.17022e-05
1.18574e-05
1.18571e-05
7.32898e-05
7.24698e-05
1.18575e-05
1.18574e-05
8.37778e-05
8.13937e-05
1.18571e-05
7.4439e-05
7.5528e-05
1.1857e-05
1.18583e-05
8.17853e-05
1.18573e-05
8.07898e-05
8.19226e-05
1.18573e-05
1.18573e-05
8.24552e-05
1.18572e-05
7.96375e-05
1.18571e-05
7.88173e-05
7.78165e-05
1.18571e-05
1.1857e-05
7.65188e-05
1.25083e-05
1.18683e-05
1.18594e-05
1.24306e-05
1.18643e-05
1.18583e-05
1.18574e-05
1.18772e-05
1.18783e-05
1.1864e-05
1.18609e-05
1.73688e-05
1.41098e-05
1.19389e-05
1.18579e-05
1.18599e-05
1.18577e-05
7.14487e-05
1.18572e-05
1.18571e-05
6.93315e-05
1.18573e-05
7.27693e-05
8.06871e-05
1.18578e-05
6.83183e-05
1.18577e-05
6.63969e-05
1.18576e-05
7.66688e-05
1.18569e-05
1.18574e-05
1.18572e-05
7.95722e-05
8.39979e-05
7.14317e-05
7.71959e-05
1.18578e-05
1.18571e-05
1.18577e-05
1.18569e-05
7.42052e-05
1.18576e-05
1.18579e-05
1.18577e-05
1.18576e-05
1.18569e-05
1.18576e-05
7.25184e-05
6.50164e-05
7.08039e-05
7.59689e-05
6.39619e-05
7.85692e-05
1.18569e-05
1.18578e-05
7.63306e-05
1.18569e-05
7.1041e-05
8.05725e-05
7.12899e-05
1.18575e-05
1.18572e-05
7.33106e-05
1.18572e-05
7.50072e-05
1.18571e-05
7.27386e-05
7.10638e-05
1.1857e-05
1.18568e-05
1.18606e-05
1.18569e-05
1.18706e-05
1.18657e-05
1.1856e-05
1.18681e-05
1.51917e-05
1.26605e-05
1.18605e-05
1.18575e-05
1.18654e-05
1.1861e-05
1.18842e-05
1.18572e-05
1.1857e-05
1.18607e-05
1.22717e-05
1.53191e-05
5.35466e-05
1.18571e-05
1.18575e-05
1.18574e-05
5.76642e-05
1.18573e-05
5.72417e-05
6.03027e-05
1.18649e-05
1.18582e-05
1.18616e-05
1.18601e-05
1.18574e-05
1.1857e-05
1.18602e-05
1.1857e-05
1.1858e-05
1.18605e-05
1.18576e-05
1.18572e-05
1.18584e-05
1.18636e-05
1.186e-05
1.18581e-05
1.18567e-05
1.18571e-05
1.1859e-05
1.18582e-05
1.18571e-05
1.18574e-05
1.18603e-05
1.18575e-05
1.18577e-05
1.18579e-05
1.18574e-05
1.18583e-05
1.18604e-05
1.18573e-05
1.18578e-05
1.18607e-05
1.18571e-05
1.18616e-05
1.1857e-05
1.99768e-05
1.18642e-05
1.60377e-05
1.59592e-05
1.18631e-05
1.18573e-05
1.18578e-05
1.9783e-05
1.19815e-05
1.186e-05
1.18572e-05
1.18623e-05
1.18613e-05
1.19183e-05
1.18569e-05
1.18581e-05
1.1857e-05
1.18573e-05
1.18574e-05
1.18571e-05
1.18571e-05
1.18569e-05
1.1857e-05
1.1857e-05
1.18569e-05
1.18586e-05
1.1858e-05
1.18589e-05
1.18569e-05
1.18574e-05
1.1857e-05
1.18594e-05
1.18615e-05
1.186e-05
1.18595e-05
1.18597e-05
1.18608e-05
1.18578e-05
1.18574e-05
1.18595e-05
1.1864e-05
1.18571e-05
1.18573e-05
1.18623e-05
1.18592e-05
1.18591e-05
1.18589e-05
1.18586e-05
1.18565e-05
1.18572e-05
1.18583e-05
1.18641e-05
1.18598e-05
1.186e-05
1.18596e-05
1.18591e-05
1.1866e-05
1.18565e-05
1.18669e-05
1.18569e-05
1.18625e-05
1.18635e-05
1.18577e-05
1.1857e-05
1.18588e-05
1.18668e-05
1.18677e-05
1.1858e-05
1.1859e-05
1.18617e-05
1.18597e-05
1.18736e-05
1.1859e-05
1.18624e-05
1.18612e-05
1.18573e-05
1.18595e-05
1.18615e-05
1.18625e-05
1.18573e-05
1.18584e-05
1.1857e-05
1.18601e-05
1.18869e-05
1.18593e-05
1.18633e-05
1.1859e-05
1.18588e-05
1.18579e-05
1.18637e-05
1.18571e-05
1.18568e-05
1.18569e-05
1.18627e-05
1.18701e-05
1.18574e-05
1.18616e-05
1.18659e-05
1.18621e-05
1.18597e-05
1.1859e-05
1.18661e-05
1.1866e-05
1.18607e-05
1.18565e-05
1.18657e-05
1.18615e-05
1.18704e-05
1.18574e-05
1.18708e-05
1.18614e-05
1.18745e-05
1.18619e-05
1.18811e-05
1.18575e-05
1.18602e-05
1.1868e-05
1.18934e-05
1.18589e-05
1.18709e-05
1.18679e-05
1.18596e-05
1.18654e-05
1.18701e-05
1.18615e-05
1.18586e-05
1.1865e-05
1.1857e-05
1.18706e-05
1.18582e-05
1.18609e-05
1.18613e-05
1.18611e-05
1.18587e-05
1.18585e-05
1.18575e-05
1.18587e-05
1.18593e-05
1.18646e-05
1.18607e-05
1.18623e-05
1.18593e-05
1.18582e-05
1.18583e-05
1.18593e-05
1.18794e-05
1.18574e-05
1.18576e-05
1.18589e-05
1.18581e-05
1.18711e-05
1.18592e-05
1.18584e-05
1.18573e-05
1.18591e-05
1.18597e-05
1.1863e-05
1.18595e-05
1.18568e-05
1.18576e-05
1.18568e-05
1.186e-05
1.18642e-05
1.18608e-05
1.18579e-05
1.18566e-05
1.18617e-05
1.18714e-05
1.18627e-05
1.18628e-05
1.18619e-05
1.18666e-05
1.18584e-05
1.18639e-05
1.18568e-05
1.18733e-05
1.18585e-05
1.18582e-05
1.18631e-05
1.18599e-05
1.18658e-05
1.18561e-05
1.18592e-05
1.18574e-05
1.18575e-05
1.18581e-05
1.1858e-05
1.18904e-05
1.18593e-05
1.18577e-05
1.18627e-05
1.18623e-05
1.18624e-05
1.18621e-05
1.18653e-05
1.18599e-05
1.18564e-05
1.18806e-05
1.18636e-05
1.18661e-05
1.18569e-05
1.18622e-05
1.18595e-05
1.18566e-05
1.18621e-05
1.186e-05
1.18611e-05
1.18565e-05
1.18708e-05
1.18586e-05
1.18655e-05
1.1858e-05
1.1877e-05
1.18639e-05
1.18582e-05
1.18601e-05
1.18663e-05
1.18716e-05
1.18673e-05
1.18644e-05
1.18622e-05
1.18571e-05
1.18612e-05
1.18565e-05
1.1857e-05
1.18629e-05
1.18621e-05
1.18637e-05
1.18565e-05
1.18723e-05
1.18651e-05
1.18568e-05
1.18653e-05
1.18592e-05
1.18582e-05
1.18614e-05
1.18573e-05
1.18655e-05
1.18604e-05
1.18588e-05
1.18562e-05
1.18642e-05
1.1859e-05
1.18567e-05
1.18601e-05
1.18629e-05
1.1867e-05
1.18564e-05
1.18597e-05
1.18592e-05
1.18584e-05
1.18557e-05
1.18629e-05
1.18614e-05
1.18606e-05
1.18568e-05
1.186e-05
1.18604e-05
1.18598e-05
1.18577e-05
1.18567e-05
1.18591e-05
1.18586e-05
1.18658e-05
1.18576e-05
1.18655e-05
1.18632e-05
1.18578e-05
1.18615e-05
1.18588e-05
1.18594e-05
1.18588e-05
1.1862e-05
1.18576e-05
1.18619e-05
1.18762e-05
1.18736e-05
1.18572e-05
1.18666e-05
1.18573e-05
1.18626e-05
1.18577e-05
1.18589e-05
1.18575e-05
1.1894e-05
1.18627e-05
1.18613e-05
1.18666e-05
1.18589e-05
1.18569e-05
1.18928e-05
1.18585e-05
1.1857e-05
1.18575e-05
1.18571e-05
1.18585e-05
1.18596e-05
1.18599e-05
1.18655e-05
1.18822e-05
1.18638e-05
1.18626e-05
1.18632e-05
1.18602e-05
1.18713e-05
1.18577e-05
1.18574e-05
1.18571e-05
1.18697e-05
1.18642e-05
1.18582e-05
1.18654e-05
1.18695e-05
1.18679e-05
1.18611e-05
1.18674e-05
1.18736e-05
1.18642e-05
1.18592e-05
1.25764e-05
1.18615e-05
1.18629e-05
1.18671e-05
1.18712e-05
1.18652e-05
1.25993e-05
1.18648e-05
1.18568e-05
1.18708e-05
1.1868e-05
1.18606e-05
1.23963e-05
1.1864e-05
1.18714e-05
1.18727e-05
1.18585e-05
1.24397e-05
1.18596e-05
1.18587e-05
1.18595e-05
1.18569e-05
1.18648e-05
1.18607e-05
1.18635e-05
1.1861e-05
1.18567e-05
1.18583e-05
1.18593e-05
1.18572e-05
1.18594e-05
1.18629e-05
1.18653e-05
1.18628e-05
1.18624e-05
1.18592e-05
1.18612e-05
1.18717e-05
1.18582e-05
1.18665e-05
1.18575e-05
1.18597e-05
1.18569e-05
1.18568e-05
1.18594e-05
1.18673e-05
1.18571e-05
1.18643e-05
1.18653e-05
1.18625e-05
1.18603e-05
1.18569e-05
1.18592e-05
1.18591e-05
1.18594e-05
1.18595e-05
1.18571e-05
1.186e-05
1.18569e-05
1.1856e-05
1.18691e-05
1.18576e-05
1.19631e-05
1.18682e-05
1.1884e-05
1.18585e-05
1.18603e-05
1.18584e-05
1.18608e-05
1.18634e-05
1.18616e-05
1.18575e-05
1.18573e-05
1.1859e-05
1.18611e-05
1.18671e-05
1.18593e-05
1.18865e-05
1.18578e-05
1.1857e-05
1.18567e-05
1.1857e-05
1.18806e-05
1.18605e-05
1.18754e-05
1.18574e-05
1.18565e-05
1.18632e-05
1.18643e-05
1.18626e-05
1.18659e-05
1.18579e-05
1.18769e-05
1.18616e-05
1.1857e-05
1.18577e-05
1.18577e-05
1.18566e-05
1.18613e-05
1.1857e-05
1.18625e-05
1.18579e-05
1.18617e-05
1.18694e-05
1.18567e-05
1.19492e-05
1.18603e-05
1.18571e-05
1.1857e-05
1.18605e-05
1.18575e-05
1.18591e-05
1.18569e-05
1.18576e-05
1.18575e-05
1.18573e-05
1.18573e-05
1.18568e-05
1.18687e-05
1.18582e-05
1.18658e-05
1.18582e-05
1.18625e-05
1.18572e-05
1.18659e-05
1.18609e-05
1.18572e-05
1.18589e-05
1.1857e-05
1.18616e-05
1.18594e-05
1.18587e-05
1.18585e-05
1.18576e-05
1.83564e-05
1.1857e-05
1.18569e-05
1.18571e-05
1.18649e-05
1.74187e-05
1.54911e-05
1.50575e-05
1.18571e-05
1.18567e-05
1.74093e-05
1.90498e-05
1.18627e-05
1.18643e-05
1.18589e-05
1.1859e-05
1.57323e-05
1.69917e-05
1.18566e-05
1.18562e-05
1.18571e-05
1.18587e-05
1.18567e-05
1.35388e-05
1.18595e-05
1.18604e-05
1.18563e-05
1.18642e-05
3.01287e-05
1.18591e-05
1.18586e-05
1.32606e-05
1.18565e-05
1.18566e-05
3.56515e-05
2.72975e-05
3.67834e-05
1.18616e-05
1.77516e-05
3.60425e-05
1.18733e-05
1.1958e-05
3.29955e-05
3.0656e-05
1.62668e-05
1.41091e-05
1.19009e-05
3.27398e-05
1.44898e-05
1.75419e-05
1.18575e-05
1.18634e-05
1.18729e-05
3.49009e-05
1.28699e-05
1.18601e-05
1.18622e-05
1.19114e-05
3.2764e-05
1.20255e-05
1.18577e-05
1.18576e-05
1.18564e-05
1.18603e-05
1.18581e-05
1.18627e-05
3.13985e-05
3.87824e-05
1.18708e-05
1.18639e-05
1.26888e-05
1.57555e-05
1.72729e-05
1.69103e-05
1.1857e-05
1.94858e-05
2.20011e-05
1.18601e-05
1.18613e-05
1.18687e-05
1.5285e-05
1.186e-05
1.18613e-05
1.18624e-05
1.1859e-05
1.66313e-05
1.18614e-05
1.1924e-05
1.18648e-05
1.18577e-05
1.18599e-05
1.18576e-05
1.18578e-05
1.18584e-05
1.19467e-05
1.1863e-05
1.22946e-05
1.18625e-05
1.34895e-05
1.38359e-05
1.18623e-05
1.18679e-05
1.18587e-05
1.1857e-05
1.18579e-05
1.62339e-05
1.18581e-05
1.54721e-05
1.18595e-05
1.1857e-05
1.18577e-05
1.4595e-05
1.18573e-05
1.18721e-05
1.93135e-05
1.68717e-05
1.18583e-05
1.18576e-05
1.18573e-05
1.18569e-05
1.18572e-05
1.57555e-05
1.59042e-05
1.1857e-05
1.18569e-05
1.18608e-05
1.18719e-05
1.1876e-05
1.18571e-05
1.18569e-05
1.18594e-05
1.18569e-05
1.1857e-05
1.18579e-05
1.18586e-05
1.1857e-05
1.18592e-05
1.18573e-05
1.18573e-05
1.18626e-05
1.18584e-05
1.18593e-05
1.18647e-05
1.18607e-05
1.18609e-05
1.18571e-05
1.18597e-05
1.1857e-05
1.18617e-05
1.18569e-05
1.18601e-05
1.18587e-05
1.1857e-05
1.18567e-05
1.18604e-05
1.18582e-05
1.18625e-05
1.18569e-05
1.18568e-05
1.18567e-05
1.18576e-05
1.18566e-05
1.18573e-05
1.18612e-05
1.18583e-05
1.18566e-05
1.18564e-05
1.18581e-05
1.18583e-05
1.18572e-05
1.18573e-05
1.18569e-05
1.18582e-05
1.18567e-05
1.18574e-05
1.1859e-05
1.18598e-05
1.18575e-05
1.18611e-05
1.18595e-05
1.18568e-05
1.18656e-05
1.18568e-05
1.18567e-05
1.18584e-05
1.18578e-05
1.1857e-05
1.18568e-05
1.18583e-05
1.18573e-05
1.18581e-05
1.18568e-05
1.18589e-05
1.18599e-05
1.18569e-05
1.186e-05
1.18603e-05
1.18625e-05
1.1861e-05
1.18589e-05
1.18569e-05
1.18618e-05
1.18571e-05
1.18595e-05
1.1869e-05
1.18569e-05
1.18573e-05
1.186e-05
1.1858e-05
1.1859e-05
1.18586e-05
1.1857e-05
1.28403e-05
1.18613e-05
1.30973e-05
1.1862e-05
1.18586e-05
1.18632e-05
1.18615e-05
1.18603e-05
1.18587e-05
1.20096e-05
1.1857e-05
1.1859e-05
1.19877e-05
1.18577e-05
1.18595e-05
1.18566e-05
1.18584e-05
1.18614e-05
1.18619e-05
1.18589e-05
1.38947e-05
1.18603e-05
1.28248e-05
1.18578e-05
1.18587e-05
1.18589e-05
1.18608e-05
1.18594e-05
1.18569e-05
1.18587e-05
1.85834e-05
1.34807e-05
1.18569e-05
1.18568e-05
1.63195e-05
1.71593e-05
1.18569e-05
1.18575e-05
1.18577e-05
1.18578e-05
1.18578e-05
2.33209e-05
2.16973e-05
1.18597e-05
1.18608e-05
1.25663e-05
1.18607e-05
1.87072e-05
1.72477e-05
1.18573e-05
1.18581e-05
1.18586e-05
1.1972e-05
1.18579e-05
1.19062e-05
1.18855e-05
1.18607e-05
1.18581e-05
1.1966e-05
1.18597e-05
1.18959e-05
1.18577e-05
1.1863e-05
1.1864e-05
1.24487e-05
1.1859e-05
1.19055e-05
1.19024e-05
1.18567e-05
1.18571e-05
1.18584e-05
1.23043e-05
1.18567e-05
1.1862e-05
1.19661e-05
1.1994e-05
1.18568e-05
1.18616e-05
1.18598e-05
1.18616e-05
1.18649e-05
1.18645e-05
1.20092e-05
1.1859e-05
1.18595e-05
1.18619e-05
1.18605e-05
1.18637e-05
1.18608e-05
1.18569e-05
1.18594e-05
1.18621e-05
1.18664e-05
1.18588e-05
1.18596e-05
1.18607e-05
1.18594e-05
1.18601e-05
1.18583e-05
1.18624e-05
1.18578e-05
1.18603e-05
1.18654e-05
1.1865e-05
1.18934e-05
1.19035e-05
1.18667e-05
1.18574e-05
1.18585e-05
1.18672e-05
1.18601e-05
1.18572e-05
1.18643e-05
1.19224e-05
1.18567e-05
1.18598e-05
1.18601e-05
1.19246e-05
1.1857e-05
1.18592e-05
1.19066e-05
1.19583e-05
1.20001e-05
1.20297e-05
1.1857e-05
1.18572e-05
1.18661e-05
1.18578e-05
1.18644e-05
1.18579e-05
1.1857e-05
1.18603e-05
1.18576e-05
1.18597e-05
1.18599e-05
1.18588e-05
1.18613e-05
1.18633e-05
1.18566e-05
1.18568e-05
1.18601e-05
1.18577e-05
1.18717e-05
1.18568e-05
1.18699e-05
1.18649e-05
1.18585e-05
1.18569e-05
1.18569e-05
1.18647e-05
1.18575e-05
1.18581e-05
1.18567e-05
1.18575e-05
1.18568e-05
1.18639e-05
1.18627e-05
1.18568e-05
1.18613e-05
1.18595e-05
1.18626e-05
1.18565e-05
1.18605e-05
1.18566e-05
1.18591e-05
1.18597e-05
1.18636e-05
1.18576e-05
1.18588e-05
1.18591e-05
1.18589e-05
1.18595e-05
1.18585e-05
1.69251e-05
1.18613e-05
1.70784e-05
1.18579e-05
1.18589e-05
1.18579e-05
1.18624e-05
3.73799e-05
3.97958e-05
1.18612e-05
1.18636e-05
1.18605e-05
3.20053e-05
3.38698e-05
1.18652e-05
1.18571e-05
1.18575e-05
1.18617e-05
1.18862e-05
1.18644e-05
1.18622e-05
1.18746e-05
1.18566e-05
1.18594e-05
1.18622e-05
1.18572e-05
1.18695e-05
1.18578e-05
1.18587e-05
1.18601e-05
1.18572e-05
1.18578e-05
1.18581e-05
1.1859e-05
1.18584e-05
1.18637e-05
1.18589e-05
1.18573e-05
1.18574e-05
1.18581e-05
1.18576e-05
1.18602e-05
1.1857e-05
1.1865e-05
1.18781e-05
1.18622e-05
1.18628e-05
1.18595e-05
1.18619e-05
1.18612e-05
1.18591e-05
1.1881e-05
1.18682e-05
1.18575e-05
1.18611e-05
1.18825e-05
1.18597e-05
1.18719e-05
1.18662e-05
1.18575e-05
1.18628e-05
1.18711e-05
1.1876e-05
1.18874e-05
1.18782e-05
1.18876e-05
1.18599e-05
1.18613e-05
1.18617e-05
1.18803e-05
1.18662e-05
1.18781e-05
1.18566e-05
1.18711e-05
1.18612e-05
1.1881e-05
1.19084e-05
1.18567e-05
1.18567e-05
1.18605e-05
1.186e-05
1.18588e-05
1.18906e-05
1.18585e-05
1.18623e-05
1.18587e-05
1.18571e-05
1.18572e-05
1.18582e-05
1.18576e-05
1.18581e-05
1.18571e-05
1.18592e-05
1.18568e-05
1.18606e-05
1.18577e-05
1.18579e-05
1.1857e-05
1.18588e-05
1.18602e-05
1.18566e-05
1.18568e-05
1.18609e-05
1.18607e-05
1.18574e-05
1.18572e-05
1.18569e-05
1.1859e-05
1.18591e-05
1.18578e-05
1.18583e-05
1.18568e-05
1.18577e-05
1.18573e-05
1.18586e-05
1.18578e-05
1.18568e-05
1.18612e-05
1.18613e-05
1.18625e-05
1.18613e-05
1.18567e-05
1.18567e-05
1.18582e-05
1.18577e-05
1.18568e-05
1.18581e-05
1.18583e-05
1.18599e-05
1.18568e-05
1.18595e-05
1.18595e-05
1.18567e-05
1.18575e-05
1.18571e-05
1.18574e-05
1.18582e-05
1.18573e-05
1.1857e-05
1.18574e-05
1.18571e-05
1.18578e-05
1.19057e-05
1.18578e-05
1.18569e-05
1.18585e-05
1.18597e-05
1.18586e-05
1.23632e-05
1.18592e-05
1.2382e-05
1.18576e-05
1.89025e-05
1.18573e-05
1.18572e-05
2.32851e-05
2.09579e-05
1.18578e-05
1.19337e-05
1.18582e-05
1.18568e-05
1.18583e-05
1.18629e-05
1.18618e-05
1.18568e-05
1.1862e-05
1.18638e-05
1.18575e-05
1.18571e-05
1.18982e-05
1.18575e-05
1.18576e-05
1.18587e-05
1.18593e-05
1.18581e-05
1.18579e-05
1.18573e-05
1.18596e-05
1.18568e-05
1.1858e-05
1.18615e-05
1.18593e-05
1.18567e-05
1.18575e-05
1.19032e-05
1.18583e-05
1.18636e-05
1.18599e-05
1.18624e-05
1.18621e-05
1.1857e-05
1.18569e-05
1.18568e-05
1.18571e-05
1.18583e-05
1.18577e-05
1.23102e-05
1.18569e-05
1.186e-05
1.18599e-05
1.18581e-05
1.18584e-05
1.20515e-05
1.18605e-05
1.24275e-05
1.21154e-05
1.1858e-05
1.19701e-05
1.18568e-05
1.18609e-05
1.18612e-05
1.18568e-05
1.18608e-05
1.21341e-05
1.1861e-05
1.22028e-05
1.18591e-05
1.18601e-05
1.1857e-05
1.18574e-05
1.2059e-05
1.18597e-05
1.18571e-05
1.18707e-05
1.18574e-05
1.1857e-05
1.18566e-05
1.1857e-05
1.1859e-05
1.23324e-05
1.1866e-05
1.18608e-05
1.18573e-05
1.18569e-05
1.20474e-05
1.18604e-05
1.18587e-05
1.18578e-05
1.18582e-05
1.18571e-05
1.18578e-05
1.18639e-05
1.18616e-05
1.1857e-05
1.18568e-05
1.18576e-05
1.18578e-05
1.18585e-05
1.18572e-05
1.18596e-05
1.18605e-05
3.78336e-05
4.03111e-05
3.2625e-05
1.18604e-05
3.47013e-05
1.18586e-05
1.18574e-05
1.6577e-05
1.52949e-05
1.18596e-05
1.18584e-05
1.43507e-05
1.18589e-05
1.38227e-05
1.41422e-05
1.18627e-05
1.18673e-05
3.97767e-05
3.86384e-05
3.29864e-05
1.18639e-05
1.18627e-05
3.13279e-05
3.21031e-05
1.18598e-05
3.41577e-05
1.18631e-05
2.8246e-05
1.1861e-05
1.18581e-05
2.58826e-05
1.18572e-05
2.4468e-05
1.18577e-05
2.22194e-05
1.18575e-05
1.18582e-05
1.18584e-05
1.18703e-05
1.18601e-05
1.19192e-05
1.18643e-05
1.18591e-05
1.18627e-05
1.63756e-05
1.32534e-05
1.18595e-05
1.18656e-05
1.18584e-05
1.18948e-05
1.18571e-05
1.1857e-05
1.18654e-05
1.23756e-05
1.61749e-05
1.18557e-05
1.18589e-05
1.1857e-05
1.18927e-05
1.18735e-05
1.18558e-05
1.18839e-05
1.57297e-05
1.29175e-05
1.18605e-05
1.18608e-05
1.18614e-05
1.18599e-05
1.18573e-05
1.18681e-05
1.18663e-05
1.18564e-05
1.18746e-05
1.18588e-05
1.56206e-05
1.22172e-05
1.18583e-05
1.18841e-05
1.18711e-05
1.18662e-05
1.18579e-05
1.1859e-05
1.18571e-05
1.18623e-05
1.2344e-05
1.65289e-05
1.18583e-05
1.1863e-05
1.18631e-05
1.18579e-05
1.18581e-05
1.18663e-05
1.18668e-05
1.1859e-05
1.18588e-05
1.18613e-05
1.18564e-05
1.18616e-05
1.187e-05
1.18562e-05
1.18563e-05
1.18694e-05
1.18812e-05
1.51414e-05
1.5762e-05
1.22832e-05
1.26579e-05
1.18595e-05
1.18597e-05
6.93616e-05
1.18575e-05
7.0495e-05
1.1857e-05
1.19152e-05
1.18583e-05
1.18604e-05
1.18573e-05
1.18569e-05
1.1866e-05
1.95517e-05
1.18586e-05
2.63282e-05
1.19543e-05
1.18966e-05
1.92785e-05
1.18595e-05
1.18635e-05
1.18592e-05
1.18784e-05
1.18577e-05
1.18595e-05
1.18652e-05
1.18736e-05
1.18584e-05
1.49316e-05
4.60918e-05
4.86061e-05
6.8992e-05
8.29028e-05
6.12694e-05
7.13707e-05
4.59067e-05
4.33722e-05
8.19727e-05
6.91113e-05
7.12949e-05
6.01513e-05
1.18628e-05
1.18637e-05
1.18623e-05
1.18577e-05
1.18643e-05
1.18604e-05
1.18639e-05
1.18619e-05
1.18628e-05
1.18577e-05
1.18651e-05
1.18603e-05
1.18569e-05
1.18577e-05
1.18595e-05
1.18697e-05
1.97585e-05
1.18571e-05
1.18572e-05
1.18615e-05
1.18616e-05
1.18575e-05
1.18607e-05
1.1856e-05
1.18567e-05
1.18603e-05
1.18587e-05
1.18565e-05
1.18587e-05
1.18597e-05
1.18582e-05
1.18585e-05
1.18571e-05
1.18571e-05
1.18569e-05
1.1858e-05
1.18613e-05
1.18581e-05
1.18578e-05
1.18567e-05
1.18662e-05
1.18569e-05
1.18568e-05
1.18577e-05
1.18583e-05
1.18761e-05
1.18573e-05
1.18565e-05
1.18594e-05
1.18687e-05
1.18579e-05
1.18575e-05
1.18593e-05
1.1859e-05
1.18603e-05
1.18579e-05
1.18614e-05
1.18609e-05
1.21449e-05
1.23244e-05
1.19929e-05
1.18569e-05
1.18568e-05
1.18593e-05
1.1866e-05
1.18576e-05
1.18571e-05
1.18586e-05
1.18593e-05
1.1858e-05
1.18578e-05
1.18585e-05
1.18587e-05
1.18725e-05
1.18866e-05
1.18761e-05
1.18811e-05
1.18888e-05
1.18569e-05
1.1857e-05
1.18577e-05
1.18576e-05
1.18577e-05
1.18569e-05
1.18566e-05
1.1858e-05
1.18594e-05
1.18646e-05
1.18564e-05
1.18572e-05
1.18571e-05
1.18568e-05
1.18574e-05
1.18575e-05
1.1857e-05
1.18572e-05
1.18569e-05
1.18574e-05
1.18579e-05
1.18571e-05
1.1858e-05
1.1858e-05
1.18569e-05
1.18584e-05
1.18569e-05
1.18576e-05
1.18603e-05
1.18585e-05
1.18576e-05
1.1858e-05
1.18579e-05
1.18586e-05
1.1859e-05
1.18599e-05
1.18575e-05
1.18593e-05
1.18569e-05
1.18572e-05
1.18667e-05
1.18696e-05
1.18762e-05
1.18755e-05
1.18745e-05
1.1859e-05
1.18571e-05
1.18579e-05
1.18576e-05
1.1857e-05
1.18573e-05
1.18569e-05
1.1857e-05
1.18571e-05
1.18571e-05
1.1857e-05
1.18571e-05
1.18569e-05
1.1858e-05
1.1858e-05
1.18569e-05
1.18568e-05
1.18619e-05
1.18649e-05
1.1857e-05
1.18571e-05
1.18584e-05
1.18577e-05
1.18581e-05
1.18571e-05
1.18587e-05
1.1857e-05
1.18569e-05
1.18565e-05
1.18655e-05
1.18723e-05
1.1857e-05
1.18571e-05
1.18575e-05
1.18571e-05
1.18573e-05
1.18573e-05
1.18571e-05
1.18571e-05
1.18576e-05
1.1858e-05
1.18578e-05
1.18583e-05
1.18578e-05
1.18583e-05
1.50691e-05
1.33403e-05
2.04745e-05
1.72149e-05
2.06125e-05
1.887e-05
1.18581e-05
1.18573e-05
1.18571e-05
1.18573e-05
1.18578e-05
1.1857e-05
1.42142e-05
1.75467e-05
1.21021e-05
1.311e-05
1.30667e-05
1.62829e-05
1.18573e-05
1.18578e-05
1.18571e-05
1.18575e-05
1.18571e-05
1.18571e-05
1.1858e-05
1.18568e-05
1.18583e-05
1.18568e-05
1.18587e-05
1.18582e-05
1.18574e-05
1.186e-05
1.18587e-05
1.186e-05
1.18582e-05
1.18582e-05
1.18598e-05
1.18578e-05
1.18594e-05
1.18584e-05
1.18581e-05
1.18573e-05
1.1857e-05
1.18578e-05
1.18576e-05
1.1858e-05
1.18573e-05
1.18597e-05
1.18569e-05
1.18569e-05
1.1861e-05
1.18568e-05
1.18568e-05
1.18589e-05
1.18568e-05
1.18589e-05
1.18579e-05
1.18583e-05
1.18571e-05
1.186e-05
1.1858e-05
1.1863e-05
1.18575e-05
1.18573e-05
1.18593e-05
1.18569e-05
1.18575e-05
1.18663e-05
1.18688e-05
1.18599e-05
1.18725e-05
1.18688e-05
1.18589e-05
1.18582e-05
1.18595e-05
1.18584e-05
1.18579e-05
1.18581e-05
1.186e-05
1.18594e-05
1.18605e-05
1.18595e-05
1.1858e-05
1.18582e-05
1.18585e-05
1.18579e-05
1.18577e-05
1.1857e-05
5.09881e-05
3.74537e-05
4.48405e-05
4.58494e-05
1.1868e-05
1.18658e-05
1.18641e-05
1.18613e-05
1.18593e-05
1.18663e-05
1.186e-05
1.18612e-05
1.18579e-05
1.18675e-05
1.18756e-05
1.18782e-05
1.18711e-05
1.18735e-05
1.18566e-05
1.18567e-05
1.18602e-05
1.18571e-05
1.18575e-05
1.1857e-05
1.18569e-05
1.18569e-05
1.18569e-05
1.18587e-05
1.18582e-05
1.1859e-05
1.18568e-05
1.1857e-05
1.18579e-05
1.18574e-05
1.18569e-05
1.18569e-05
1.18569e-05
1.18573e-05
1.18583e-05
1.18588e-05
1.1859e-05
1.18594e-05
1.1857e-05
1.18585e-05
1.18573e-05
1.1857e-05
1.18787e-05
1.18882e-05
1.1876e-05
1.18678e-05
1.18738e-05
1.18758e-05
1.18583e-05
1.18585e-05
1.18598e-05
1.18591e-05
1.18591e-05
1.18586e-05
1.18596e-05
1.18618e-05
1.18656e-05
1.18625e-05
1.18573e-05
1.18581e-05
1.18567e-05
1.18574e-05
1.1859e-05
1.18566e-05
1.18578e-05
1.18572e-05
1.18569e-05
1.18572e-05
1.18575e-05
1.1857e-05
1.1858e-05
1.1857e-05
1.1857e-05
1.1857e-05
1.18578e-05
1.18576e-05
1.18592e-05
1.18577e-05
1.18586e-05
1.18569e-05
1.18571e-05
1.1857e-05
1.41276e-05
1.24802e-05
1.29347e-05
1.18569e-05
1.18577e-05
1.1861e-05
1.18623e-05
1.18624e-05
1.18598e-05
1.18586e-05
1.18581e-05
1.18582e-05
1.18586e-05
1.18607e-05
1.18591e-05
1.18595e-05
1.19061e-05
1.18778e-05
1.18613e-05
1.18573e-05
1.18666e-05
1.18731e-05
1.18844e-05
1.18804e-05
1.18735e-05
1.1864e-05
1.18635e-05
1.18568e-05
1.18678e-05
1.18563e-05
1.19702e-05
1.21797e-05
1.19483e-05
1.20346e-05
1.1929e-05
1.18569e-05
1.18569e-05
1.18583e-05
1.1859e-05
1.1857e-05
1.1857e-05
1.18569e-05
1.18575e-05
1.18574e-05
1.18578e-05
1.18586e-05
1.18581e-05
1.18605e-05
1.18567e-05
1.18596e-05
1.1857e-05
1.18641e-05
1.18632e-05
1.18615e-05
1.18568e-05
1.18569e-05
1.18568e-05
1.18593e-05
1.18639e-05
1.18573e-05
1.18577e-05
1.1857e-05
1.1857e-05
1.18672e-05
1.18619e-05
1.18601e-05
1.1865e-05
1.18803e-05
1.18578e-05
1.18803e-05
1.18568e-05
1.18567e-05
1.18584e-05
1.18639e-05
1.18656e-05
1.18703e-05
1.18647e-05
1.18651e-05
1.18615e-05
1.18663e-05
1.18852e-05
1.19159e-05
1.18794e-05
1.18567e-05
1.18567e-05
1.18565e-05
1.18752e-05
1.18569e-05
1.18573e-05
1.18594e-05
1.18615e-05
1.18591e-05
1.18637e-05
1.18605e-05
1.1874e-05
1.1871e-05
1.18646e-05
1.18567e-05
1.18566e-05
1.18567e-05
1.18707e-05
1.29708e-05
1.22521e-05
1.36767e-05
1.24188e-05
1.42253e-05
1.23267e-05
1.31786e-05
1.22585e-05
1.18723e-05
1.18572e-05
1.18577e-05
1.18576e-05
1.18581e-05
1.18579e-05
1.1857e-05
1.18583e-05
1.18598e-05
1.1859e-05
1.18579e-05
1.18567e-05
1.18568e-05
1.18569e-05
1.18571e-05
1.18639e-05
1.18579e-05
1.1858e-05
1.18585e-05
1.20173e-05
1.22274e-05
1.1956e-05
1.2034e-05
1.19596e-05
1.19883e-05
1.18679e-05
1.1864e-05
1.18572e-05
1.18679e-05
1.18606e-05
1.18684e-05
1.18574e-05
1.18578e-05
1.18582e-05
1.186e-05
1.18568e-05
1.18577e-05
1.18603e-05
1.18591e-05
1.1858e-05
1.18587e-05
1.18588e-05
1.18573e-05
1.186e-05
1.18588e-05
1.34927e-05
1.24328e-05
1.70885e-05
1.51872e-05
1.93e-05
1.74632e-05
3.03482e-05
2.4839e-05
7.36093e-05
5.5818e-05
5.73183e-05
4.22573e-05
3.13868e-05
2.49164e-05
7.32506e-05
5.60389e-05
5.85165e-05
4.2411e-05
3.20809e-05
1.66996e-05
3.02239e-05
2.61839e-05
5.4849e-05
2.67567e-05
1.18571e-05
1.18569e-05
1.18575e-05
1.18572e-05
1.18576e-05
1.1857e-05
1.40275e-05
1.23696e-05
1.20885e-05
1.18715e-05
1.30097e-05
1.1988e-05
1.1858e-05
1.18569e-05
1.18582e-05
1.18573e-05
1.18571e-05
1.18591e-05
1.18603e-05
1.18657e-05
1.18572e-05
1.18604e-05
1.18603e-05
1.18574e-05
1.18582e-05
1.18569e-05
1.18578e-05
1.18569e-05
1.1858e-05
1.18575e-05
1.18569e-05
1.18584e-05
1.18571e-05
1.18586e-05
1.18569e-05
3.15106e-05
2.20763e-05
2.0903e-05
1.76372e-05
2.70315e-05
1.96436e-05
3.77351e-05
5.19009e-05
3.79456e-05
4.72422e-05
1.18657e-05
1.18656e-05
1.18575e-05
1.18621e-05
1.18607e-05
1.18641e-05
1.90076e-05
2.58703e-05
1.63351e-05
1.89547e-05
1.6421e-05
1.81261e-05
1.18594e-05
1.18643e-05
1.18657e-05
1.18636e-05
1.18623e-05
1.18666e-05
4.85416e-05
4.54832e-05
7.909e-05
6.8977e-05
8.12103e-05
7.21615e-05
1.23556e-05
1.3452e-05
1.19348e-05
1.23235e-05
1.18613e-05
1.18611e-05
1.18626e-05
1.18576e-05
1.18638e-05
1.18608e-05
1.18646e-05
4.24101e-05
3.78668e-05
8.30455e-05
6.65292e-05
6.82236e-05
5.8511e-05
2.79928e-05
5.5045e-05
3.7351e-05
6.73483e-05
2.701e-05
5.39502e-05
1.26568e-05
1.47561e-05
1.18719e-05
1.24604e-05
1.19361e-05
1.21236e-05
1.18573e-05
1.18568e-05
1.18587e-05
1.18652e-05
1.18591e-05
1.1858e-05
1.18606e-05
1.1858e-05
1.18569e-05
1.18606e-05
1.18578e-05
1.18569e-05
1.18578e-05
1.18577e-05
1.18575e-05
1.18571e-05
1.18573e-05
1.1857e-05
1.18585e-05
3.61577e-05
3.56505e-05
1.81437e-05
6.2077e-05
3.16841e-05
1.1857e-05
1.18568e-05
1.18597e-05
1.18562e-05
1.18564e-05
3.50474e-05
2.93063e-05
7.76291e-05
5.99086e-05
6.24486e-05
4.64476e-05
1.1857e-05
1.18574e-05
1.18573e-05
1.18571e-05
1.1857e-05
1.1858e-05
1.18572e-05
1.18571e-05
3.24966e-05
2.76545e-05
7.18841e-05
5.59639e-05
5.81328e-05
4.40851e-05
1.18571e-05
1.18609e-05
1.18573e-05
1.18582e-05
1.18571e-05
1.18621e-05
1.18569e-05
1.18568e-05
1.1858e-05
1.18576e-05
1.18652e-05
1.18635e-05
1.1877e-05
1.18573e-05
1.18565e-05
1.18596e-05
1.18682e-05
1.18654e-05
1.18575e-05
1.18684e-05
1.18583e-05
1.1859e-05
1.18645e-05
1.18565e-05
1.18654e-05
1.18575e-05
1.18629e-05
1.18581e-05
1.18617e-05
1.186e-05
1.18594e-05
1.18612e-05
1.18699e-05
1.18663e-05
1.18637e-05
1.18583e-05
1.18566e-05
1.18801e-05
1.18698e-05
1.18661e-05
1.18566e-05
1.18567e-05
1.18565e-05
1.18749e-05
1.18576e-05
1.18623e-05
1.18569e-05
1.18659e-05
1.18566e-05
1.18694e-05
1.18591e-05
1.18595e-05
1.18618e-05
1.1858e-05
1.18626e-05
1.1859e-05
1.18583e-05
1.18582e-05
1.18598e-05
1.18589e-05
1.18576e-05
1.1858e-05
1.1858e-05
1.18569e-05
1.18582e-05
1.1857e-05
1.18607e-05
1.18585e-05
1.18588e-05
1.18588e-05
1.18571e-05
1.18574e-05
1.18566e-05
1.18571e-05
1.1862e-05
1.18581e-05
1.18574e-05
1.18576e-05
1.18571e-05
1.18622e-05
1.18598e-05
1.18589e-05
1.18579e-05
1.18597e-05
1.18633e-05
1.18624e-05
1.18626e-05
1.1857e-05
1.18676e-05
1.1859e-05
1.18815e-05
1.18718e-05
1.30096e-05
1.1861e-05
1.18643e-05
1.1861e-05
1.1861e-05
1.1859e-05
1.18566e-05
1.18627e-05
1.18601e-05
1.18688e-05
1.18568e-05
1.18668e-05
1.18609e-05
1.1857e-05
1.1864e-05
1.18572e-05
1.18635e-05
1.18568e-05
1.18661e-05
1.18628e-05
1.18746e-05
1.18564e-05
1.18617e-05
1.18605e-05
1.18569e-05
1.18664e-05
1.18588e-05
1.18578e-05
1.1858e-05
1.18568e-05
1.18572e-05
1.18591e-05
1.18569e-05
1.18597e-05
1.18576e-05
1.18611e-05
1.18615e-05
1.18581e-05
1.18598e-05
1.18571e-05
1.18631e-05
1.18568e-05
1.18608e-05
1.18664e-05
1.18626e-05
1.18643e-05
1.1859e-05
1.186e-05
1.18581e-05
1.18589e-05
1.18579e-05
1.18608e-05
1.1859e-05
1.18574e-05
1.18589e-05
1.18598e-05
1.1861e-05
1.18599e-05
1.18598e-05
1.18638e-05
1.18632e-05
1.18623e-05
1.18569e-05
1.18652e-05
1.18666e-05
1.18575e-05
1.1857e-05
1.18591e-05
1.18581e-05
1.18591e-05
1.18603e-05
1.18577e-05
1.18594e-05
1.18584e-05
1.18575e-05
1.18604e-05
1.18579e-05
1.18587e-05
1.18579e-05
1.18589e-05
1.18586e-05
1.18573e-05
1.18606e-05
1.18685e-05
1.18583e-05
1.18572e-05
1.18568e-05
1.18586e-05
1.18622e-05
1.18599e-05
1.1858e-05
1.18568e-05
1.18565e-05
1.18578e-05
1.18718e-05
1.1859e-05
1.18581e-05
1.28995e-05
1.38839e-05
1.18595e-05
1.1859e-05
1.18605e-05
1.18641e-05
1.18664e-05
1.18608e-05
1.18592e-05
1.18726e-05
1.18569e-05
1.18627e-05
1.18659e-05
1.18576e-05
1.18587e-05
1.18692e-05
1.18569e-05
1.18569e-05
1.18572e-05
1.18578e-05
1.18573e-05
1.186e-05
1.18595e-05
1.18569e-05
1.18597e-05
1.18582e-05
1.18673e-05
1.18595e-05
1.18584e-05
1.18651e-05
1.18653e-05
1.1861e-05
1.18582e-05
1.18603e-05
1.18585e-05
1.18601e-05
1.18574e-05
1.18583e-05
1.18627e-05
1.18607e-05
1.18673e-05
1.18601e-05
1.18699e-05
1.18591e-05
1.1857e-05
1.1857e-05
1.1858e-05
1.18597e-05
1.18581e-05
1.1857e-05
1.18602e-05
1.18575e-05
1.18608e-05
1.18597e-05
1.18867e-05
1.18706e-05
1.18616e-05
1.18572e-05
1.18609e-05
1.1857e-05
1.18785e-05
1.18694e-05
1.18608e-05
1.1857e-05
1.18574e-05
1.18594e-05
1.18579e-05
1.18581e-05
1.1857e-05
1.18569e-05
1.18595e-05
1.18587e-05
1.18729e-05
1.18781e-05
1.18597e-05
1.18652e-05
1.18749e-05
1.18689e-05
1.18632e-05
1.18654e-05
1.18636e-05
1.18637e-05
1.18705e-05
1.18653e-05
1.18615e-05
1.18689e-05
1.18642e-05
1.18571e-05
1.18579e-05
1.18614e-05
1.18644e-05
1.18569e-05
1.18595e-05
1.18659e-05
1.18594e-05
1.18748e-05
1.18638e-05
1.18577e-05
1.18573e-05
1.18634e-05
1.18732e-05
1.18697e-05
1.18636e-05
1.188e-05
1.18794e-05
1.18568e-05
1.18565e-05
1.18593e-05
1.18589e-05
1.18596e-05
1.18599e-05
1.18597e-05
1.18593e-05
1.18571e-05
1.18587e-05
1.18568e-05
1.18726e-05
1.18649e-05
1.18569e-05
1.18567e-05
1.18594e-05
1.18654e-05
1.18567e-05
1.18568e-05
1.18731e-05
1.19047e-05
1.1861e-05
1.18632e-05
1.18597e-05
1.1863e-05
1.18602e-05
1.18588e-05
1.18576e-05
1.18573e-05
1.18575e-05
1.1857e-05
1.18759e-05
1.18977e-05
1.18716e-05
1.18823e-05
1.18713e-05
1.1883e-05
1.18801e-05
1.19201e-05
1.18565e-05
1.18568e-05
1.18633e-05
1.1858e-05
1.18696e-05
1.18771e-05
1.18628e-05
1.18652e-05
1.18726e-05
1.1857e-05
1.18568e-05
1.18728e-05
1.18577e-05
1.18722e-05
1.1867e-05
1.18589e-05
1.18666e-05
1.18678e-05
1.1867e-05
1.18597e-05
1.1857e-05
1.1857e-05
1.18575e-05
1.18613e-05
1.18586e-05
1.18608e-05
1.18673e-05
1.18597e-05
1.18614e-05
1.18572e-05
1.18699e-05
1.18931e-05
1.1873e-05
1.18713e-05
1.1889e-05
1.18891e-05
1.18605e-05
1.18695e-05
1.18566e-05
1.18576e-05
1.18671e-05
1.1866e-05
1.1857e-05
1.18568e-05
1.18576e-05
1.18576e-05
1.18624e-05
1.18626e-05
1.18591e-05
1.18584e-05
1.18585e-05
1.18619e-05
1.18571e-05
1.18737e-05
1.18964e-05
1.18735e-05
1.18731e-05
1.18579e-05
1.18589e-05
1.18594e-05
1.1857e-05
1.18582e-05
1.18569e-05
1.18616e-05
1.1857e-05
1.18567e-05
1.18661e-05
1.18704e-05
1.18697e-05
1.18642e-05
1.1858e-05
1.18575e-05
1.18603e-05
1.18596e-05
1.18609e-05
1.18597e-05
1.18573e-05
1.18623e-05
1.18572e-05
1.18605e-05
1.18571e-05
1.18572e-05
1.18589e-05
1.18576e-05
1.18569e-05
1.18614e-05
1.18568e-05
1.18566e-05
1.1862e-05
1.18668e-05
1.1857e-05
1.18571e-05
1.18598e-05
1.18641e-05
1.18655e-05
1.1865e-05
1.18641e-05
1.18631e-05
1.18598e-05
1.18627e-05
1.18617e-05
1.18569e-05
1.18618e-05
1.18599e-05
1.18636e-05
1.18614e-05
1.18609e-05
1.1859e-05
1.18644e-05
1.18658e-05
1.18569e-05
1.18704e-05
1.18621e-05
1.18632e-05
1.18666e-05
1.18625e-05
1.18602e-05
1.18612e-05
1.18577e-05
1.1867e-05
1.18589e-05
1.18716e-05
1.18612e-05
1.18591e-05
1.18675e-05
1.18613e-05
1.18581e-05
1.18624e-05
1.187e-05
1.18641e-05
1.18718e-05
1.18646e-05
1.18575e-05
1.18641e-05
1.18603e-05
1.18585e-05
1.18585e-05
1.18647e-05
1.18603e-05
1.18577e-05
1.18576e-05
1.18582e-05
1.18571e-05
1.18578e-05
1.18581e-05
1.18601e-05
1.18568e-05
1.18611e-05
1.18626e-05
1.18792e-05
1.18606e-05
1.18711e-05
1.18647e-05
1.18641e-05
1.18611e-05
1.18568e-05
1.18566e-05
1.18613e-05
1.18623e-05
1.18831e-05
1.18697e-05
1.18957e-05
1.18614e-05
1.18721e-05
1.18568e-05
1.1857e-05
1.18567e-05
1.18638e-05
1.18632e-05
1.18587e-05
1.18629e-05
1.18605e-05
1.1862e-05
1.18608e-05
1.18601e-05
1.1857e-05
1.18567e-05
1.18621e-05
1.18706e-05
1.18578e-05
1.1857e-05
1.18569e-05
1.18569e-05
1.18593e-05
1.18577e-05
1.18619e-05
1.18585e-05
1.18615e-05
1.18599e-05
1.18617e-05
1.18624e-05
1.18619e-05
1.18579e-05
1.18569e-05
1.18594e-05
1.18588e-05
1.18604e-05
1.18599e-05
1.18739e-05
1.18979e-05
1.18642e-05
1.18713e-05
1.18626e-05
1.18669e-05
1.18598e-05
1.1858e-05
1.18568e-05
1.18575e-05
1.18585e-05
1.18662e-05
1.18561e-05
1.18687e-05
1.18576e-05
1.18569e-05
1.1857e-05
1.18565e-05
1.18586e-05
1.18636e-05
1.18593e-05
1.18585e-05
1.1857e-05
1.18566e-05
1.18578e-05
1.18577e-05
1.18636e-05
1.18589e-05
1.18601e-05
1.18596e-05
1.18571e-05
1.186e-05
1.18599e-05
1.18663e-05
1.18608e-05
1.18594e-05
1.18576e-05
1.18656e-05
1.18569e-05
1.18603e-05
1.18598e-05
1.18569e-05
1.18565e-05
1.18619e-05
1.18675e-05
1.18573e-05
1.18572e-05
1.18578e-05
1.18587e-05
1.18572e-05
1.18585e-05
1.18571e-05
1.18572e-05
1.18571e-05
1.18575e-05
1.18585e-05
1.18582e-05
1.18591e-05
1.18587e-05
1.19011e-05
1.18786e-05
1.18723e-05
1.1866e-05
1.18591e-05
1.18581e-05
1.18596e-05
1.18585e-05
1.18599e-05
1.18615e-05
1.18568e-05
1.18568e-05
1.18612e-05
1.18619e-05
1.18633e-05
1.1866e-05
1.18903e-05
1.18709e-05
1.18784e-05
1.18747e-05
1.18607e-05
1.18574e-05
1.18626e-05
1.18608e-05
1.18567e-05
1.18567e-05
1.18613e-05
1.1861e-05
1.18613e-05
1.18736e-05
1.18592e-05
1.18602e-05
1.18576e-05
1.18581e-05
1.73063e-05
1.61625e-05
1.99331e-05
1.66209e-05
1.43349e-05
1.25657e-05
1.34175e-05
1.28769e-05
1.18613e-05
1.18588e-05
1.18809e-05
1.18635e-05
1.18584e-05
1.18596e-05
1.18654e-05
1.1857e-05
1.1866e-05
1.1857e-05
1.18603e-05
1.18583e-05
1.18571e-05
1.18597e-05
1.18582e-05
1.18608e-05
1.18572e-05
1.18599e-05
1.18598e-05
6.06117e-05
6.50952e-05
6.99752e-05
8.03475e-05
1.1858e-05
1.18597e-05
1.18588e-05
1.1857e-05
7.95221e-05
5.94868e-05
6.25575e-05
5.02583e-05
1.18583e-05
1.18586e-05
1.18578e-05
1.18585e-05
1.18568e-05
1.18638e-05
1.18616e-05
1.18629e-05
1.18608e-05
1.18632e-05
1.18658e-05
1.18605e-05
1.18668e-05
1.18626e-05
1.19382e-05
1.22306e-05
1.18787e-05
1.19655e-05
1.18573e-05
1.1858e-05
1.18576e-05
1.18568e-05
1.18594e-05
1.18594e-05
1.18589e-05
1.186e-05
1.18572e-05
1.18601e-05
1.18571e-05
1.18572e-05
1.18573e-05
1.18591e-05
1.18578e-05
1.18585e-05
1.18569e-05
1.18574e-05
1.18569e-05
1.18602e-05
1.1857e-05
1.1857e-05
1.1857e-05
1.18795e-05
1.18586e-05
1.1858e-05
1.18592e-05
1.186e-05
1.18576e-05
1.18589e-05
1.18572e-05
1.18579e-05
1.18579e-05
1.18573e-05
1.186e-05
1.1858e-05
1.18586e-05
1.18571e-05
1.18607e-05
1.18586e-05
1.18569e-05
1.18571e-05
1.18577e-05
1.18573e-05
1.18582e-05
1.18616e-05
1.18748e-05
1.1869e-05
1.18569e-05
1.1857e-05
1.18583e-05
1.18579e-05
1.18681e-05
1.18581e-05
1.18576e-05
1.18603e-05
1.18614e-05
1.1857e-05
1.1857e-05
1.18572e-05
1.18586e-05
1.91227e-05
2.3391e-05
2.02384e-05
2.85024e-05
1.34235e-05
1.41353e-05
1.44038e-05
1.5198e-05
1.18596e-05
1.18607e-05
1.18573e-05
1.1858e-05
1.18569e-05
2.16263e-05
1.26536e-05
1.18571e-05
1.18569e-05
1.18584e-05
1.18583e-05
1.18638e-05
1.18682e-05
1.1865e-05
1.18585e-05
1.18592e-05
1.18575e-05
1.18578e-05
1.18584e-05
1.18583e-05
1.18597e-05
1.18571e-05
1.55877e-05
1.61313e-05
1.6003e-05
1.18604e-05
1.18581e-05
1.18614e-05
1.18603e-05
1.18574e-05
1.18587e-05
1.18619e-05
1.18633e-05
2.46211e-05
2.93925e-05
2.73129e-05
1.18737e-05
1.18821e-05
1.18588e-05
1.18647e-05
1.18585e-05
1.1858e-05
1.1859e-05
1.18576e-05
1.18574e-05
1.18589e-05
1.18605e-05
1.18768e-05
1.18874e-05
1.1859e-05
1.18641e-05
1.18619e-05
1.18628e-05
1.18604e-05
1.18639e-05
1.2288e-05
1.23711e-05
1.48712e-05
1.51149e-05
1.18607e-05
1.18591e-05
1.18575e-05
1.18572e-05
1.18626e-05
1.1858e-05
1.18569e-05
1.18585e-05
1.18575e-05
1.18574e-05
1.57101e-05
1.71252e-05
2.20951e-05
2.50484e-05
2.51188e-05
2.75291e-05
1.20477e-05
1.25603e-05
1.2497e-05
1.35324e-05
1.1859e-05
1.18588e-05
1.18587e-05
1.18577e-05
1.1857e-05
1.18572e-05
1.18613e-05
1.18677e-05
1.18582e-05
1.18602e-05
1.18614e-05
1.18607e-05
1.18726e-05
1.18607e-05
1.18566e-05
1.1857e-05
1.18683e-05
1.18691e-05
1.18569e-05
1.18575e-05
1.18569e-05
1.18575e-05
1.18588e-05
1.18569e-05
1.1858e-05
1.18571e-05
1.18655e-05
1.18641e-05
1.58594e-05
1.49149e-05
1.36449e-05
1.32166e-05
1.24015e-05
1.37318e-05
1.1968e-05
1.23781e-05
1.20456e-05
1.21785e-05
1.18824e-05
1.18738e-05
1.18585e-05
1.18617e-05
1.18706e-05
1.18695e-05
1.18573e-05
1.18573e-05
1.18573e-05
1.18595e-05
1.18693e-05
1.18775e-05
1.18648e-05
1.18568e-05
1.18649e-05
1.18646e-05
1.18627e-05
1.18618e-05
1.18619e-05
1.18567e-05
1.18663e-05
1.18731e-05
1.18766e-05
1.1866e-05
1.18896e-05
1.18837e-05
1.18598e-05
1.18575e-05
1.18569e-05
1.1857e-05
1.18575e-05
1.18574e-05
1.1857e-05
1.18568e-05
1.18569e-05
1.1857e-05
1.18667e-05
1.18572e-05
1.18572e-05
1.18572e-05
1.18568e-05
1.18579e-05
1.18571e-05
1.1871e-05
1.18575e-05
1.18573e-05
1.18836e-05
1.18833e-05
1.18738e-05
1.1861e-05
1.18935e-05
1.1891e-05
1.18615e-05
1.18615e-05
1.18583e-05
1.18706e-05
1.18854e-05
1.18686e-05
1.18663e-05
1.18698e-05
1.18708e-05
1.18572e-05
1.18575e-05
1.18579e-05
1.18576e-05
1.18583e-05
1.18571e-05
1.1859e-05
1.18583e-05
1.18581e-05
1.18567e-05
1.18568e-05
1.18605e-05
1.18578e-05
1.18665e-05
1.1858e-05
1.1865e-05
1.18605e-05
1.18643e-05
1.18568e-05
1.18616e-05
1.18572e-05
1.48527e-05
1.55385e-05
1.50563e-05
1.76369e-05
1.21931e-05
1.27417e-05
1.2086e-05
1.21844e-05
1.2395e-05
1.3272e-05
1.22915e-05
1.30489e-05
1.18739e-05
1.18605e-05
1.1859e-05
1.18625e-05
1.18578e-05
1.18573e-05
1.18575e-05
1.18576e-05
1.18606e-05
1.18618e-05
1.1861e-05
1.18578e-05
1.1863e-05
1.18597e-05
1.18584e-05
1.186e-05
1.18597e-05
1.18608e-05
1.18577e-05
1.1857e-05
1.1857e-05
1.1857e-05
1.18678e-05
1.18627e-05
1.18623e-05
1.18648e-05
1.18681e-05
1.18606e-05
1.18575e-05
1.18618e-05
1.18598e-05
1.18657e-05
1.1865e-05
1.18617e-05
1.18642e-05
1.18621e-05
1.18597e-05
1.18641e-05
1.1858e-05
1.18614e-05
1.1857e-05
1.18585e-05
1.18566e-05
1.18605e-05
1.19208e-05
1.18979e-05
1.19434e-05
1.1908e-05
1.19747e-05
1.23968e-05
1.21411e-05
1.21108e-05
1.2258e-05
1.24415e-05
1.31901e-05
1.32122e-05
1.46699e-05
1.47136e-05
1.18647e-05
1.18706e-05
1.18674e-05
1.18618e-05
1.1862e-05
1.18597e-05
1.18616e-05
1.18657e-05
1.18733e-05
1.18579e-05
1.18667e-05
1.18566e-05
1.18608e-05
1.18619e-05
1.18606e-05
1.18601e-05
1.18598e-05
1.18679e-05
1.18669e-05
1.18566e-05
1.18605e-05
1.18567e-05
1.18678e-05
1.18565e-05
1.18676e-05
1.18613e-05
1.18575e-05
1.18558e-05
1.18563e-05
1.1858e-05
1.18568e-05
1.18608e-05
1.18678e-05
1.18587e-05
1.18585e-05
1.18571e-05
1.18576e-05
1.18637e-05
1.18615e-05
1.1858e-05
1.18572e-05
1.18574e-05
1.18573e-05
1.18569e-05
1.18594e-05
1.18575e-05
1.1857e-05
1.18569e-05
1.1859e-05
1.1859e-05
1.18606e-05
1.18604e-05
1.18591e-05
1.18599e-05
1.18574e-05
1.18572e-05
1.18572e-05
1.1859e-05
1.18564e-05
1.18578e-05
1.18644e-05
1.18614e-05
1.18609e-05
1.1864e-05
1.18654e-05
1.18569e-05
1.18588e-05
1.18571e-05
1.18587e-05
1.18572e-05
1.1857e-05
1.18607e-05
1.18648e-05
1.18577e-05
1.1857e-05
5.14597e-05
4.43226e-05
1.18601e-05
1.18612e-05
1.18605e-05
1.18594e-05
1.18605e-05
1.18592e-05
1.18582e-05
1.18572e-05
1.1857e-05
1.18571e-05
1.18572e-05
1.18576e-05
1.18574e-05
1.1857e-05
1.18575e-05
1.1857e-05
1.1857e-05
1.18571e-05
1.1857e-05
1.1857e-05
1.18598e-05
1.1857e-05
1.18584e-05
1.18585e-05
1.18577e-05
1.18576e-05
1.18577e-05
1.18574e-05
1.1857e-05
1.18571e-05
1.18576e-05
1.18579e-05
1.19247e-05
1.39361e-05
7.14954e-05
6.44522e-05
6.36472e-05
7.14294e-05
6.23274e-05
7.15397e-05
5.87654e-05
5.67181e-05
5.18897e-05
4.82667e-05
4.72759e-05
4.31658e-05
4.00621e-05
4.29686e-05
4.16809e-05
4.22404e-05
4.54245e-05
1.29973e-05
1.1871e-05
1.18575e-05
1.1857e-05
1.18574e-05
1.18572e-05
1.18573e-05
1.1857e-05
1.18572e-05
1.1857e-05
1.1858e-05
1.18577e-05
1.1859e-05
1.1861e-05
1.1857e-05
1.18584e-05
1.18595e-05
1.28987e-05
1.1867e-05
1.1858e-05
1.18572e-05
1.18581e-05
1.18575e-05
1.18571e-05
1.18571e-05
1.18573e-05
1.18569e-05
1.18605e-05
1.18599e-05
1.18597e-05
1.18595e-05
1.18594e-05
1.1863e-05
1.18575e-05
1.26486e-05
1.18691e-05
1.18583e-05
1.1857e-05
1.18586e-05
1.18574e-05
1.18578e-05
1.1857e-05
1.1858e-05
1.18582e-05
1.18592e-05
1.18579e-05
1.18588e-05
1.18632e-05
1.18603e-05
1.18642e-05
1.18809e-05
1.22763e-05
1.18628e-05
1.18611e-05
1.18573e-05
1.18597e-05
1.18585e-05
1.18569e-05
1.18573e-05
1.18573e-05
1.18569e-05
1.18615e-05
1.18597e-05
1.18616e-05
1.18602e-05
1.18604e-05
1.18625e-05
1.18579e-05
1.24229e-05
1.18627e-05
1.18596e-05
1.18588e-05
1.1857e-05
1.18633e-05
1.18588e-05
1.18578e-05
1.18578e-05
1.18569e-05
1.18631e-05
1.1858e-05
1.18581e-05
1.1857e-05
1.18624e-05
1.18586e-05
1.18581e-05
1.21291e-05
1.18633e-05
1.18607e-05
1.18594e-05
1.18574e-05
1.186e-05
1.18584e-05
1.18595e-05
1.18571e-05
1.18573e-05
1.18578e-05
1.18621e-05
1.1857e-05
1.1859e-05
1.1859e-05
1.1861e-05
1.1858e-05
1.22602e-05
1.18707e-05
1.18679e-05
1.18569e-05
1.18635e-05
1.1857e-05
1.18571e-05
1.18586e-05
1.18572e-05
1.18582e-05
1.18569e-05
1.18571e-05
1.18576e-05
1.1859e-05
1.18596e-05
1.18586e-05
1.18595e-05
1.29977e-05
1.18734e-05
1.18601e-05
1.1857e-05
1.18583e-05
1.18577e-05
1.1857e-05
1.18586e-05
1.18569e-05
1.18579e-05
1.18573e-05
1.18579e-05
1.18575e-05
1.18581e-05
1.18577e-05
1.18575e-05
1.18585e-05
1.3072e-05
1.18878e-05
1.18585e-05
1.18589e-05
1.18593e-05
1.18582e-05
1.18574e-05
1.18579e-05
1.1857e-05
1.18577e-05
1.18574e-05
1.18577e-05
1.1857e-05
1.1857e-05
1.18572e-05
1.1857e-05
1.18578e-05
1.38478e-05
1.19349e-05
1.18598e-05
1.18577e-05
1.1859e-05
1.18591e-05
1.18591e-05
1.18576e-05
1.18571e-05
1.18573e-05
1.1857e-05
1.18572e-05
1.1857e-05
1.18574e-05
1.18573e-05
1.18573e-05
1.18572e-05
1.50461e-05
1.20227e-05
1.18708e-05
1.18615e-05
1.1857e-05
1.18596e-05
1.18593e-05
1.18574e-05
1.18575e-05
1.18576e-05
1.1857e-05
1.18579e-05
1.18574e-05
1.1858e-05
1.1857e-05
1.18573e-05
1.18571e-05
1.89831e-05
1.24741e-05
1.18862e-05
1.18629e-05
1.18585e-05
1.1859e-05
1.18574e-05
1.18602e-05
1.18582e-05
1.1857e-05
1.18572e-05
1.1859e-05
1.18571e-05
1.18577e-05
1.18581e-05
1.18579e-05
1.1857e-05
2.04276e-05
1.28021e-05
1.19097e-05
1.18616e-05
1.18697e-05
1.18627e-05
1.1865e-05
1.18589e-05
1.18587e-05
1.18576e-05
1.18586e-05
1.18609e-05
1.18586e-05
1.1859e-05
1.18593e-05
1.18582e-05
1.18584e-05
2.1835e-05
1.29338e-05
1.19613e-05
1.18643e-05
1.18608e-05
1.18609e-05
1.18613e-05
1.18611e-05
1.18576e-05
1.18581e-05
1.18623e-05
1.1862e-05
1.18602e-05
1.18594e-05
1.18594e-05
1.18593e-05
1.18569e-05
2.12159e-05
1.3318e-05
1.20156e-05
1.18716e-05
1.18623e-05
1.18582e-05
1.18616e-05
1.18589e-05
1.18599e-05
1.18574e-05
1.18571e-05
1.18596e-05
1.18623e-05
1.18601e-05
1.18609e-05
1.18569e-05
1.18593e-05
2.13742e-05
1.28707e-05
1.19888e-05
1.18625e-05
1.1857e-05
1.18596e-05
1.18604e-05
1.18597e-05
1.18589e-05
1.18597e-05
1.18577e-05
1.18624e-05
1.1857e-05
1.18663e-05
1.18569e-05
1.18591e-05
1.1857e-05
1.94765e-05
1.26809e-05
1.19024e-05
1.18582e-05
1.18605e-05
1.18574e-05
1.18577e-05
1.18598e-05
1.18594e-05
1.18598e-05
1.18577e-05
1.18641e-05
1.1857e-05
1.18656e-05
1.18576e-05
1.18624e-05
1.18569e-05
1.74257e-05
1.2247e-05
1.187e-05
1.18576e-05
1.18574e-05
1.18583e-05
1.18584e-05
1.18582e-05
1.18579e-05
1.18575e-05
1.18617e-05
1.18593e-05
1.18577e-05
1.186e-05
1.1857e-05
1.18587e-05
1.18584e-05
1.18574e-05
3.99616e-05
1.27555e-05
1.18755e-05
1.18582e-05
1.1857e-05
1.18573e-05
1.18572e-05
1.1857e-05
1.18571e-05
1.1857e-05
1.18571e-05
1.18571e-05
1.1857e-05
1.1857e-05
1.18569e-05
1.18586e-05
1.18581e-05
1.18577e-05
1.18571e-05
1.18575e-05
1.18572e-05
1.18574e-05
1.18577e-05
1.18576e-05
1.18578e-05
1.18574e-05
1.18572e-05
1.18571e-05
1.18571e-05
1.18572e-05
1.18578e-05
1.18569e-05
1.18569e-05
1.18569e-05
1.18569e-05
1.18578e-05
1.18576e-05
1.1857e-05
3.71266e-05
1.18572e-05
1.18582e-05
1.18588e-05
1.18583e-05
1.18588e-05
1.18578e-05
1.18572e-05
1.18572e-05
1.18571e-05
1.18573e-05
1.18571e-05
1.18571e-05
1.18572e-05
1.18574e-05
1.18573e-05
1.18782e-05
1.24801e-05
9.06451e-05
8.891e-05
9.5936e-05
9.55793e-05
9.62551e-05
9.62562e-05
9.61374e-05
9.54793e-05
9.47254e-05
9.37063e-05
9.25213e-05
9.14788e-05
9.05676e-05
9.03039e-05
8.96417e-05
8.96207e-05
9.00288e-05
9.05516e-05
9.08787e-05
4.73878e-05
1.18576e-05
1.1857e-05
4.89799e-05
1.30679e-05
1.18717e-05
1.18579e-05
1.1857e-05
1.18577e-05
1.1857e-05
1.1857e-05
1.1857e-05
1.1857e-05
1.18572e-05
1.18573e-05
1.18579e-05
1.18585e-05
1.18601e-05
1.1857e-05
1.18572e-05
1.18584e-05
1.18606e-05
1.18662e-05
1.18624e-05
1.18592e-05
1.18606e-05
1.18613e-05
1.18583e-05
1.18575e-05
1.18572e-05
1.18572e-05
1.18577e-05
1.18579e-05
1.18572e-05
1.18577e-05
1.1857e-05
1.18575e-05
1.1857e-05
1.18572e-05
1.1857e-05
1.18583e-05
1.18585e-05
1.1857e-05
1.18629e-05
1.18578e-05
1.18577e-05
1.18574e-05
1.18579e-05
1.18572e-05
1.1857e-05
1.18576e-05
1.18574e-05
1.18584e-05
1.19229e-05
1.36637e-05
6.45147e-05
6.23803e-05
6.34997e-05
6.63285e-05
6.55914e-05
6.53213e-05
6.2852e-05
5.6648e-05
5.17245e-05
4.5168e-05
5.25755e-05
3.87856e-05
3.90796e-05
4.7894e-05
3.88216e-05
4.22814e-05
5.16345e-05
1.18739e-05
1.1863e-05
1.18643e-05
1.18592e-05
1.18621e-05
1.18569e-05
1.18589e-05
1.18587e-05
1.18572e-05
1.1857e-05
1.18575e-05
1.18572e-05
1.18571e-05
1.18581e-05
1.1857e-05
1.18721e-05
1.27586e-05
1.18763e-05
1.1857e-05
1.18628e-05
1.18571e-05
1.18616e-05
1.18613e-05
1.18579e-05
1.1857e-05
1.18569e-05
1.18577e-05
1.18571e-05
1.18588e-05
1.18574e-05
1.18584e-05
1.1857e-05
1.18571e-05
1.29438e-05
1.18617e-05
1.18585e-05
1.18636e-05
1.1857e-05
1.18575e-05
1.18602e-05
1.18592e-05
1.18571e-05
1.1857e-05
1.18577e-05
1.18586e-05
1.18584e-05
1.18569e-05
1.18615e-05
1.1857e-05
1.18634e-05
1.22967e-05
1.18579e-05
1.18619e-05
1.18571e-05
1.18598e-05
1.18592e-05
1.18574e-05
1.18602e-05
1.18571e-05
1.18583e-05
1.18575e-05
1.1857e-05
1.18577e-05
1.1859e-05
1.18621e-05
1.18583e-05
1.18592e-05
1.24255e-05
1.18573e-05
1.18587e-05
1.18602e-05
1.18641e-05
1.18574e-05
1.1857e-05
1.1859e-05
1.18569e-05
1.18571e-05
1.18569e-05
1.18596e-05
1.18585e-05
1.18585e-05
1.18654e-05
1.18585e-05
1.18691e-05
1.23271e-05
1.18592e-05
1.18571e-05
1.1857e-05
1.18593e-05
1.18593e-05
1.18569e-05
1.18588e-05
1.18569e-05
1.18573e-05
1.18569e-05
1.1857e-05
1.18614e-05
1.1857e-05
1.1857e-05
1.18702e-05
1.18747e-05
1.23606e-05
1.18586e-05
1.1857e-05
1.18578e-05
1.18581e-05
1.18579e-05
1.18569e-05
1.18577e-05
1.1857e-05
1.18579e-05
1.1857e-05
1.18596e-05
1.1857e-05
1.18571e-05
1.18636e-05
1.18617e-05
1.18768e-05
1.29655e-05
1.18575e-05
1.18577e-05
1.18573e-05
1.1857e-05
1.18577e-05
1.1857e-05
1.18576e-05
1.1857e-05
1.1857e-05
1.1857e-05
1.18582e-05
1.1857e-05
1.18587e-05
1.18581e-05
1.18619e-05
1.18906e-05
1.30178e-05
1.18571e-05
1.18572e-05
1.1857e-05
1.18576e-05
1.18578e-05
1.1857e-05
1.1857e-05
1.1857e-05
1.18573e-05
1.18577e-05
1.18579e-05
1.1859e-05
1.18583e-05
1.18579e-05
1.18612e-05
1.19468e-05
1.39811e-05
1.18571e-05
1.18574e-05
1.1857e-05
1.1858e-05
1.1857e-05
1.18584e-05
1.18574e-05
1.18573e-05
1.18577e-05
1.18579e-05
1.18575e-05
1.18588e-05
1.1859e-05
1.18633e-05
1.18752e-05
1.20498e-05
1.52923e-05
1.18577e-05
1.18585e-05
1.1857e-05
1.1857e-05
1.18585e-05
1.18571e-05
1.18577e-05
1.1858e-05
1.18601e-05
1.18624e-05
1.18571e-05
1.18588e-05
1.18572e-05
1.1865e-05
1.18942e-05
1.2484e-05
1.76835e-05
1.18575e-05
1.1857e-05
1.18574e-05
1.18584e-05
1.1857e-05
1.18627e-05
1.18607e-05
1.18592e-05
1.18583e-05
1.1864e-05
1.18757e-05
1.18749e-05
1.18646e-05
1.1857e-05
1.19175e-05
1.27779e-05
2.0641e-05
1.18589e-05
1.18595e-05
1.18624e-05
1.18611e-05
1.1857e-05
1.18627e-05
1.18624e-05
1.18577e-05
1.18587e-05
1.18592e-05
1.18572e-05
1.18613e-05
1.18595e-05
1.1871e-05
1.19591e-05
1.31491e-05
2.15693e-05
1.18569e-05
1.18569e-05
1.1861e-05
1.1857e-05
1.18605e-05
1.18596e-05
1.18578e-05
1.18585e-05
1.18583e-05
1.18634e-05
1.18603e-05
1.18604e-05
1.18583e-05
1.18654e-05
1.20722e-05
1.30694e-05
2.12486e-05
1.18576e-05
1.18623e-05
1.18649e-05
1.18678e-05
1.18641e-05
1.18571e-05
1.18616e-05
1.1858e-05
1.18591e-05
1.18592e-05
1.18601e-05
1.1857e-05
1.18588e-05
1.18649e-05
1.19696e-05
1.30104e-05
2.20611e-05
1.18569e-05
1.1857e-05
1.18696e-05
1.1857e-05
1.18579e-05
1.18621e-05
1.18606e-05
1.18597e-05
1.1859e-05
1.18626e-05
1.18576e-05
1.18577e-05
1.18605e-05
1.18576e-05
1.1921e-05
1.27698e-05
1.92732e-05
1.18579e-05
1.18595e-05
1.18609e-05
1.18582e-05
1.1857e-05
1.18584e-05
1.18646e-05
1.18613e-05
1.18589e-05
1.1859e-05
1.18574e-05
1.18571e-05
1.1857e-05
1.18573e-05
1.18668e-05
1.21932e-05
1.76783e-05
)
;

boundaryField
{
    sides
    {
        type            calculated;
        value           uniform 1.1857e-05;
    }
    top
    {
        type            calculated;
        value           uniform 1.1857e-05;
    }
    outlet
    {
        type            calculated;
        value           uniform 1.1857e-05;
    }
    bottom
    {
        type            calculated;
        value           uniform 1.1857e-05;
    }
    inlet
    {
        type            calculated;
        value           uniform 0.00011857;
    }
}


// ************************************************************************* //
