/*--------------------------------*- C++ -*----------------------------------*\
  =========                 |
  \\      /  F ield         | OpenFOAM: The Open Source CFD Toolbox
   \\    /   O peration     | Website:  https://openfoam.org
    \\  /    A nd           | Version:  6
     \\/     M anipulation  |
\*---------------------------------------------------------------------------*/
FoamFile
{
    version     2.0;
    format      ascii;
    class       volScalarField;
    location    "2.49";
    object      p;
}
// * * * * * * * * * * * * * * * * * * * * * * * * * * * * * * * * * * * * * //

dimensions      [1 -1 -2 0 0 0 0];

internalField   nonuniform List<scalar> 
10000
(
1
1
1
1
1
1
1
1
1
1
1
1
1
1
1
1
1
1
1
1
1
1
1
1
1
1
1
1
1
1
1
1
1
1
1
1
1
1
1
1
1
1
1
1
1
1
0.999999
0.999999
0.999999
0.999999
0.999998
0.999998
0.999998
0.999998
0.999998
0.999998
0.999999
0.999999
1
1
1
1
1
1
1
1
1
1
1
1
0.999999
0.999999
0.999999
0.999999
0.999999
0.999999
1
1
1
1
1
1
1
1
1
1
1
1
1
1
1
1
1
1
1
1
1
1
1
1
1
1
1
1
1
1
1
1
1
1
1
1
1
1
1
1
1
1
1
1
1
1
1
1
1
1
1
1
1
1
1
1
1
1
1
1
1
1
1
1
1
1
1
1
1
0.999999
0.999999
0.999999
0.999998
0.999998
0.999997
0.999997
0.999997
0.999997
0.999997
0.999998
0.999998
1
1
1
1
1
1
1
1
1
1
1
1
0.999999
0.999999
0.999999
0.999999
0.999999
0.999999
0.999999
0.999999
0.999999
0.999999
1
1
1
1
1
1
1
1
1
1
1
1
1
1
1
1
1
1
1
1
1
1
1
1
1
1
1
1
1
1
1
1
1
1
1
1
1
1
1
1
1
1
1
1
1
1
1
1
1
1
1
1
1
1
1
1
1
1
1
1
1
1
1
1
1
1
0.999999
0.999999
0.999998
0.999998
0.999997
0.999996
0.999995
0.999994
0.999995
0.999995
0.999996
0.999998
0.999999
1
1
1
1.00001
1.00001
1.00001
1
1
1
1
0.999999
0.999999
0.999998
0.999998
0.999998
0.999998
0.999998
0.999999
0.999999
0.999999
1
1
1
1
1
1
1
1
1
1
1
1
1
1
1
1
1
1
1
1
1
1
1
1
1
1
1
1
1
1
1
1
1
1
1
1
1
1
1
1
1
1
1
1
1
1
1
1
1
1
1
1
1
1
1
1
1
1
1
1
1
1
1
1
1
1
1
0.999999
0.999999
0.999998
0.999996
0.999995
0.999994
0.999992
0.999992
0.999992
0.999992
0.999994
0.999997
1
1
1.00001
1.00001
1.00001
1.00001
1.00001
1.00001
1
1
1
0.999999
0.999998
0.999997
0.999997
0.999997
0.999998
0.999998
0.999998
0.999999
0.999999
0.999999
1
1
1
1
1
1
1
1
1
1
1
1
1
1
1
1
1
1
1
1
1
1
1
1
1
1
1
1
1
1
1
1
1
1
1
1
1
1
1
1
1
1
1
1
1
1
1
1
1
1
1
1
1
1
1
1
1
1
1
1
1
1
1
1
1
1
0.999999
0.999998
0.999997
0.999995
0.999993
0.99999
0.999988
0.999987
0.999987
0.999989
0.999992
0.999996
1
1.00001
1.00001
1.00001
1.00001
1.00001
1.00001
1.00001
1.00001
1
1
0.999998
0.999996
0.999996
0.999995
0.999996
0.999996
0.999997
0.999998
0.999999
0.999999
0.999999
1
1
1
1
1
1
1
1
1
1
1
1
1
1
1
1
1
1
1
1
1
1
1
1
1
1
1
1
1
1
1
1
1
1
1
1
1
1
1
1
1
1
1
1
1
1
1
1
1
1
1
1
1
1
1
1
1
1
1
1
1
1
1
1
1
1
0.999999
0.999998
0.999996
0.999993
0.999989
0.999985
0.999982
0.999981
0.999981
0.999984
0.999989
0.999996
1
1.00001
1.00002
1.00002
1.00002
1.00002
1.00002
1.00001
1.00001
1
0.999999
0.999996
0.999995
0.999994
0.999994
0.999995
0.999995
0.999997
0.999997
0.999998
0.999999
0.999999
0.999999
1
1
1
1
1
1
1
1
1
1
1
1
1
1
1
1
1
1
1
1
1
1
1
1
1
1
1
1
1
1
1
1
1
1
1
1
1
1
1
0.999999
1
0.999999
1
1
1
1
1
1
1
1
1
1
1
1
1
1
1
1
1
1
1
1
1
1
1
0.999999
0.999997
0.999994
0.99999
0.999984
0.999979
0.999974
0.999972
0.999972
0.999977
0.999985
0.999996
1.00001
1.00002
1.00003
1.00003
1.00004
1.00003
1.00003
1.00002
1.00001
1
0.999999
0.999995
0.999993
0.999992
0.999992
0.999993
0.999994
0.999995
0.999997
0.999998
0.999998
0.999999
0.999999
1
1
1
1
1
1
1
1
1
1
1
1
1
1
1
1
1
1
1
1
1
1
1
1
1
1
1
1
1
1
1
1
1
1
1
1
1
1
1
1
1
1
1
1
1
1
1
1
1
1
1
1
1
1
1
1
1
1
1
1
1
1
1
1
1
0.999999
0.999997
0.999992
0.999986
0.999978
0.99997
0.999963
0.999959
0.99996
0.999967
0.99998
0.999998
1.00002
1.00003
1.00005
1.00006
1.00006
1.00005
1.00004
1.00003
1.00002
1.00001
0.999997
0.999992
0.99999
0.99999
0.99999
0.999991
0.999993
0.999994
0.999996
0.999997
0.999998
0.999999
0.999999
1
1
1
1
1
1
1
1
1
1
1
1
1
1
1
1
1
1
1
1
1
1
1
1
1
1
1
1
1
1
1
1
1
1
1
1
1
1
1
1
0.999999
1
1
1
1
1
1
1
1
1
1
1
1
1
1
1
1
1
1
1
1
1
1
1
1
1
0.999996
0.99999
0.999981
0.99997
0.999958
0.999948
0.999943
0.999945
0.999956
0.999977
1
1.00003
1.00006
1.00008
1.00009
1.00009
1.00008
1.00006
1.00004
1.00002
1.00001
0.999997
0.999989
0.999986
0.999986
0.999988
0.99999
0.999991
0.999993
0.999995
0.999997
0.999998
0.999999
0.999999
1
1
1
1
1
1
1
1
1
1
1
1
1
1
1
1
1
1
1
1
1
1
1
1
1
1
1
1
1
1
1
1
1
1
1
1
1
1
0.999999
1
0.999999
1
1
1
1
1
1
1
1
1
1
1
1
1
1
1
1
1
1
1
1
1
1
1
1
1
0.999997
0.999988
0.999976
0.99996
0.999944
0.99993
0.999923
0.999927
0.999946
0.999977
1.00002
1.00006
1.0001
1.00012
1.00014
1.00013
1.00012
1.00009
1.00006
1.00004
1.00001
0.999997
0.999987
0.999981
0.999981
0.999985
0.999988
0.999991
0.999993
0.999995
0.999996
0.999998
0.999999
0.999999
1
1
1
1
1
1
1
1
1
1
1
1
1
1
1
1
1
1
1
1
1
1
1
1
1
1
1
1
1
1
1
1
1
1
1
1
1
1
1
1
1
0.999999
1
1
0.999999
1
1
1
1
1
1
1
1
1
1
1
1
1
1
1
1
1
1
1
1.00001
1
0.999998
0.999987
0.999969
0.999948
0.999927
0.99991
0.999904
0.999912
0.999942
0.999988
1.00005
1.00011
1.00016
1.0002
1.00021
1.0002
1.00018
1.00014
1.00009
1.00005
1.00002
0.999999
0.999983
0.999976
0.999976
0.99998
0.999985
0.999989
0.999992
0.999995
0.999996
0.999997
0.999998
0.999999
0.999999
1
1
1
1
1
1
1
1
1
1
1
1
1
1
1
1
1
1
1
1
1
1
1
1
1
1
1
1
1
1
1
1
1
1
1
1
0.999999
1
0.999998
1
1
0.999999
1
0.999999
1
1
1
1
1
1
1
1
1
1
1
1
1
1
1
1
1
1
1.00001
1.00001
1.00001
1
0.999986
0.999963
0.999936
0.999911
0.999893
0.999891
0.99991
0.999957
1.00003
1.00011
1.0002
1.00027
1.00032
1.00033
1.00031
1.00026
1.0002
1.00014
1.00008
1.00003
0.999999
0.99998
0.999973
0.999971
0.999974
0.99998
0.999987
0.999992
0.999995
0.999996
0.999998
0.999998
0.999999
0.999999
1
1
1
1
1
1
1
1
1
1
1
1
1
1
1
1
1
1
1
1
1
1
1
1
1
1
1
1
0.999999
1
1
1
1
0.999999
1
1
1
1
1
0.999999
1
1
0.999999
1
0.999999
1
1
0.999999
1
1
1
0.999999
1
1
1
1
1
1
1
1
1
1.00001
1.00001
1.00002
1.00002
1.00001
0.999987
0.999958
0.999926
0.9999
0.999889
0.9999
0.999941
1.00002
1.00012
1.00025
1.00036
1.00045
1.0005
1.0005
1.00046
1.00039
1.00029
1.0002
1.00011
1.00005
1
0.999978
0.999972
0.999967
0.999969
0.999975
0.999983
0.999989
0.999993
0.999996
0.999998
0.999998
0.999999
0.999999
1
1
1
1
1
1
1
1
1
1
1
1
1
1
1
1
1
1
1
1
1
1
1
1
1
1
0.999999
1
0.999999
1
0.999999
1
1
0.999999
1
0.999998
1
0.999997
1
1
0.999999
1
0.999998
1
1
0.999999
1
1
0.999999
1
1
0.999999
1
1
1
0.999999
1
1
1
1
1.00001
1.00001
1.00002
1.00002
1.00003
1.00002
0.999992
0.999957
0.999925
0.999908
0.999917
0.999958
1.00004
1.00017
1.00032
1.00049
1.00064
1.00075
1.00079
1.00077
1.00069
1.00057
1.00042
1.00028
1.00016
1.00007
1.00001
0.999975
0.999964
0.999962
0.999968
0.999974
0.99998
0.999985
0.999991
0.999996
0.999997
0.999998
0.999999
1
0.999999
1
1
1
1
1
1
1
1
1
1
1
1
1
1
1
1
1
1
1
1
1
1
1
1
0.999999
1
0.999999
1
1
0.999999
1
0.999998
1
0.999999
1
1
1
0.999999
1
0.999998
1
1
0.999999
1
1
1
1
0.999999
1
1
0.999999
1
1
1
0.999999
1
1
1
1
1.00001
1.00002
1.00003
1.00004
1.00004
1.00003
1
0.999966
0.999942
0.999952
1.00001
1.00012
1.00028
1.00048
1.00071
1.00094
1.00112
1.00123
1.00124
1.00116
1.00101
1.00082
1.0006
1.0004
1.00023
1.0001
1.00002
0.999973
0.999951
0.999956
0.999966
0.999971
0.999978
0.999984
0.99999
0.999994
0.999995
0.999999
0.999998
1
0.999999
1
1
1
1
1
1
1
1
1
1
1
1
1
1
1
1
1
1
1
1
1
1
0.999999
1
0.999998
1
0.999997
1
0.999997
1
1
0.999997
1
0.999995
1
0.999997
1
1
0.999998
1
0.999997
1
0.999998
1
1
0.999998
1
1
0.999999
1
1
0.999999
1
1
0.999999
1
1
1
1.00001
1.00001
1.00002
1.00004
1.00006
1.00007
1.00005
1.00002
0.99999
0.999995
1.00007
1.00022
1.00045
1.00074
1.00107
1.00141
1.0017
1.00191
1.00199
1.00193
1.00175
1.00148
1.00116
1.00085
1.00056
1.00032
1.00015
1.00004
0.999977
0.999947
0.999948
0.999954
0.999966
0.999977
0.999985
0.999991
0.999991
0.999996
0.999998
0.999999
0.999999
1
1
1
0.999999
1
1
1
1
1
1
1
1
1
1
1
1
1
1
1
1
1
1
1
1
0.999999
1
0.999999
1
0.999999
1
1
0.999998
1
0.999997
1
0.999999
1
0.999998
1
0.999996
1
1
0.999998
1
0.999999
1
0.999998
1
1
0.999999
0.999999
1
0.999999
1
0.999999
1
1
1
1
1.00001
1.00001
1.00003
1.00006
1.00008
1.0001
1.00008
1.00005
1.00004
1.00011
1.0003
1.00063
1.00107
1.00157
1.00209
1.00258
1.00297
1.00318
1.00318
1.00297
1.0026
1.00214
1.00164
1.00118
1.00077
1.00045
1.00021
1.00005
0.99998
0.999949
0.999939
0.999944
0.999961
0.999973
0.999984
0.999987
0.999992
0.999996
0.999996
1
0.999997
1
1
0.999999
1
1
1
1
1
1
1
1
1
1
1
1
1
1
1
1
1
1
1
0.999998
1
0.999996
1.00001
0.999994
1.00001
0.999995
1
0.999998
0.999998
1.00001
0.999991
1.00001
0.999995
1
1
0.999997
1
0.999998
1
0.999994
1
1
0.999997
1
1
1
1
1
1
1
0.999999
0.999999
1
1
1
1
1.00001
1.00002
1.00004
1.00008
1.00012
1.00014
1.00013
1.00011
1.00014
1.00033
1.00073
1.00135
1.00211
1.00294
1.00375
1.00446
1.00496
1.00515
1.00501
1.00454
1.00386
1.00308
1.00232
1.00163
1.00105
1.00061
1.0003
1.00009
0.999982
0.999943
0.99993
0.999944
0.999957
0.999968
0.999978
0.999987
0.999994
0.999993
0.999997
0.999996
0.999999
1
0.999999
0.999999
1
0.999998
1
0.999999
1
1
1
1
1
1
1
1
1
1
1
1
1
1
1
1
1
1
1
1
0.999998
1
0.999994
1
1
0.999998
1
1
1
0.999995
1.00001
0.999993
1
1
0.999998
1
0.999998
1
0.999995
1
1
0.999998
1
1
0.999998
1
1
0.999998
1
1
1
1
1.00001
1.00003
1.00006
1.00011
1.00016
1.00019
1.00018
1.00019
1.00032
1.00071
1.00146
1.00252
1.00378
1.00509
1.0063
1.0073
1.00794
1.0081
1.00772
1.00685
1.00568
1.00442
1.00324
1.00223
1.00143
1.00082
1.00041
1.00015
0.999998
0.999932
0.999921
0.999935
0.999949
0.999966
0.999976
0.999988
0.999991
0.999994
0.999996
0.999997
1
0.999998
0.999998
1
0.999998
1
1
1
1
1
1
1
1
1
1
1
1
1
1
1
0.999999
1
0.999998
1
0.999994
1.00001
0.99999
1.00001
0.999992
1.00001
0.999993
1.00001
1
0.99999
1.00001
0.999991
1
0.999997
1
1
0.999995
1.00001
0.999993
1.00001
0.999997
1
1
0.999999
1
0.999999
1
1
0.999999
1
0.999999
1
1
1
1
1
1.00002
1.00004
1.00008
1.00014
1.00021
1.00025
1.00026
1.00032
1.00061
1.00133
1.0026
1.00431
1.00627
1.00821
1.00996
1.01135
1.0122
1.01232
1.01161
1.01017
1.00829
1.00632
1.00453
1.00306
1.00192
1.0011
1.00054
1.00021
1.00002
0.999934
0.999913
0.999913
0.99994
0.999963
0.999975
0.999983
0.99999
0.999994
0.999997
0.999999
0.999998
0.999997
1
1
0.999996
1
0.999998
1
0.999999
1
1
1
1
1
1
1
1
1
1
1
1
1
1
1
1
1
0.999999
1
1
0.999993
1.00001
0.999996
0.999999
1
1
0.999999
0.999993
1.00001
0.999995
1
0.999994
1.00001
1
0.999996
1.00001
0.999995
1.00001
0.999995
1
1
0.999997
1
1
0.999997
0.999998
1
1
1
1
1.00001
1.00002
1.00005
1.00011
1.00019
1.00027
1.00032
1.00036
1.00051
1.00106
1.00229
1.0043
1.00691
1.00977
1.01251
1.01491
1.01679
1.01792
1.01803
1.01696
1.01481
1.01198
1.009
1.00632
1.00419
1.0026
1.00148
1.00073
1.00028
1.00004
0.999936
0.999902
0.999904
0.99993
0.999951
0.999967
0.99998
0.999988
0.999993
0.999999
0.999994
1
0.999996
1.00001
0.999993
1
0.999999
1
1
1
1
1
1
1
1
1
1
1
1
1
1
1
0.999998
1
0.999994
1.00001
0.999988
1.00001
0.999989
1.00001
0.999993
1.00001
0.999989
1
1.00001
0.999989
1.00001
0.999993
1.00001
0.999993
0.999994
1.00001
0.999995
1
0.99999
1.00001
0.999997
0.999998
1
1
1
0.999999
1
1
0.999997
1
1
0.999999
0.999999
1
1.00001
1.00003
1.00007
1.00014
1.00024
1.00034
1.00041
1.00049
1.0008
1.00174
1.00369
1.00671
1.01047
1.0144
1.01804
1.02114
1.02356
1.02505
1.02527
1.02391
1.02102
1.01704
1.01275
1.00885
1.00576
1.00353
1.00199
1.001
1.00038
1.00007
0.999924
0.999891
0.999904
0.999909
0.999931
0.999965
0.999976
0.999981
0.999993
0.999989
1
0.999996
1
0.999997
0.999998
1.00001
0.999995
1
0.999999
1
0.999999
1
1
1
1
1
1
1
1
1
1
1
1
0.999999
1
0.999997
1
1
0.999997
1
1
0.999993
1
1
1
0.99999
1
1.00001
0.999993
0.999996
1
1.00001
0.999988
0.999999
1.00001
0.999999
1
0.999991
1.00001
0.999998
0.999996
1
1
0.999997
1
1
1
1
0.999999
1
1.00001
1.00003
1.00008
1.00017
1.0003
1.00042
1.00051
1.00066
1.00121
1.00272
1.00565
1.00997
1.01508
1.02014
1.02461
1.02832
1.03123
1.03313
1.03362
1.03223
1.0288
1.02372
1.01788
1.01239
1.00798
1.00482
1.00271
1.00136
1.00055
1.00012
0.999919
0.999873
0.999884
0.999895
0.999927
0.999958
0.999969
0.999982
0.999986
0.999989
1
0.999989
1.00001
0.999988
1.00001
0.999991
1
0.999999
1
0.999999
1
1
1
1
1
1
1
1
1
1
1
0.999998
1
0.999996
1.00001
0.999991
1.00001
0.999986
1.00001
0.999998
1
0.999986
1.00002
0.99999
0.999997
1
1
1.00001
0.999981
1.00001
1.00001
0.999989
0.999998
1
1.00001
0.999983
1
1
1
0.999999
0.999997
1
1
0.999997
1
1
1
1
1
1
1.00001
1.00004
1.0001
1.00021
1.00036
1.0005
1.00062
1.00089
1.0018
1.00409
1.00828
1.01415
1.02068
1.02673
1.03173
1.0357
1.03883
1.04107
1.042
1.04104
1.03768
1.03194
1.02466
1.01728
1.01111
1.00666
1.00373
1.00188
1.00079
1.00021
0.999943
0.999844
0.999844
0.99989
0.999919
0.999936
0.999968
0.999981
0.999979
1
0.999981
1.00001
0.999989
1.00001
0.999996
0.999997
1.00001
0.999996
1
0.999999
1
0.999999
1
1
1
1
1
1
1
1
1
1
1
1
0.999995
1.00001
0.999992
1
1
0.999996
0.999999
1
1
0.999993
0.999994
1.00002
0.999983
0.999999
1
1.00001
0.999997
0.999984
1.00001
1
0.999994
0.999993
1.00001
1.00001
0.999985
1.00001
1
0.999999
1
0.999999
0.999999
1
1
0.999999
0.999999
1
1.00002
1.00005
1.00013
1.00026
1.00043
1.00059
1.00076
1.0012
1.00262
1.00594
1.01168
1.01924
1.02702
1.03359
1.03848
1.04207
1.04486
1.04708
1.04853
1.04859
1.04632
1.04103
1.033
1.02382
1.0155
1.00927
1.00518
1.00265
1.00114
1.00035
0.999981
0.999829
0.999812
0.999857
0.999889
0.999923
0.999954
0.999971
0.999986
0.999987
0.999989
1
0.999985
1.00001
0.999983
1.00001
0.999989
1
0.999999
1
0.999999
1
1
1
1
1
1
1
1
1
1
1
0.999998
1
0.999996
1.00001
0.99999
1.00001
0.999995
0.999995
1.00001
1.00001
0.999975
1.00002
0.999991
1.00001
0.999987
1
1.00002
0.999979
0.999999
1.00001
1.00001
0.999995
0.999985
1.00002
0.999996
0.999999
0.999995
1
1.00001
0.999992
0.999999
1
1
1
0.999998
1
1
1
1.00002
1.00006
1.00016
1.00031
1.0005
1.00068
1.00091
1.00162
1.00372
1.00835
1.01587
1.02505
1.03359
1.03982
1.04363
1.04584
1.04737
1.04888
1.05066
1.05229
1.05245
1.04937
1.04218
1.03202
1.02151
1.013
1.00726
1.00378
1.00171
1.00057
1.00004
0.999835
0.999789
0.999807
0.999869
0.999914
0.999927
0.999957
0.999984
0.999974
1.00001
0.999976
1.00001
0.999982
1.00001
0.999993
0.999996
1.00001
0.999997
1
1
1
1
1
1
1
1
1
1
1
0.999999
1
1
0.999997
1.00001
0.999988
1.00001
0.99999
1
1.00001
0.999996
0.999999
0.999998
1.00001
1
0.999968
1.00004
0.999977
1.00001
0.999982
1.00001
1.00001
0.999979
1
1.00001
1.00001
0.999989
0.999991
1.00002
0.99999
1
0.999999
0.999993
1
1
0.999997
0.999997
1
1.00001
1.00001
1.00002
1.00008
1.00018
1.00036
1.00057
1.00077
1.00111
1.00218
1.00519
1.0114
1.02079
1.03122
1.03961
1.04432
1.04579
1.04539
1.04443
1.0442
1.04576
1.04924
1.05315
1.05447
1.05055
1.04124
1.02927
1.01825
1.01029
1.0054
1.00257
1.00096
1.00016
0.999859
0.999771
0.999776
0.999838
0.999882
0.999917
0.999949
0.999962
0.999987
0.999983
0.999988
0.999999
0.999993
1.00001
0.999979
1.00001
0.999993
1
1
1
0.999999
1
1
1
1
1
1
1
1
1
1
1
0.999999
1
0.999996
1.00001
0.999994
1
1.00001
0.999984
1
1.00002
0.999967
1.00002
0.999985
1.00002
0.999984
0.999987
1.00004
0.999975
1.00001
0.999987
1.00002
1.00001
0.999979
1.00001
0.999999
1.00001
0.999993
0.999989
1.00002
0.999998
0.999995
1
0.999999
1
1
1
1.00001
1.00003
1.00009
1.00021
1.0004
1.00063
1.00087
1.00136
1.00293
1.00708
1.01509
1.02625
1.03717
1.04415
1.04593
1.04373
1.03938
1.03459
1.03141
1.03197
1.03723
1.04576
1.05346
1.05559
1.04993
1.03833
1.02525
1.01464
1.00777
1.00382
1.0016
1.00042
0.999912
0.999762
0.999759
0.999782
0.99984
0.999905
0.999938
0.999951
0.99998
0.999965
1
0.999981
1.00001
0.999973
1.00001
0.999999
0.999993
1
0.999999
1
1
1
1
1
1
1
1
1
1
1
1
0.999999
1
0.999994
1.00001
0.999985
1.00001
0.999993
0.999997
1.00001
0.999996
1.00001
0.999987
1.00001
1.00002
0.999947
1.00005
0.99997
1.00003
0.999968
1.00001
1.00002
0.99998
1
0.99999
1.00002
1
0.999981
1.00002
0.999991
1
1.00001
0.999991
0.999998
1.00001
1
0.999996
0.999997
1.00001
1.00004
1.0001
1.00024
1.00045
1.00069
1.00098
1.0017
1.00392
1.00946
1.0194
1.0319
1.0422
1.04628
1.04374
1.03664
1.02711
1.01723
1.01004
1.00889
1.01563
1.02902
1.04417
1.05462
1.05573
1.04735
1.03378
1.02062
1.01122
1.00565
1.00256
1.00088
1.00006
0.999773
0.999724
0.999747
0.999809
0.999871
0.999909
0.999948
0.999953
0.999982
0.999984
0.999997
0.999982
0.999995
1.00001
0.999982
1.00001
0.999998
0.999999
0.999999
1
1
1
1
1
1
1
1
1
1
0.999999
1
1
1
0.999999
0.999999
1
1
0.99999
1.00002
0.999983
0.999994
1.00003
0.999969
1.00002
0.999979
1.00002
0.999998
0.999964
1.00005
0.999971
1.00002
0.999972
1.00001
1.00002
0.99998
1.00001
0.999992
1.00001
1.00001
0.999976
1.00001
1.00001
0.999997
1
0.999999
0.999997
1
1.00001
1.00004
1.00012
1.00026
1.00048
1.00074
1.00112
1.00214
1.0052
1.01235
1.02419
1.03729
1.04557
1.0453
1.03729
1.02431
1.00855
0.992561
0.980658
0.977466
0.985517
1.00357
1.02623
1.04598
1.05623
1.05429
1.04286
1.02825
1.01608
1.00831
1.00397
1.0016
1.00038
0.999857
0.999704
0.999718
0.999778
0.999833
0.999881
0.999922
0.999946
0.999977
0.999975
0.999989
0.999977
1.00002
0.999979
1
1
0.999997
1
0.999999
1
1
1
1
1
1
1
1
1
1
0.999999
1
0.999997
1
0.999992
1.00001
0.999984
1.00001
0.999996
0.999996
1.00001
0.99999
1.00002
0.99998
0.999997
1.00004
0.999945
1.00004
0.999966
1.00004
0.999973
0.999991
1.00003
0.999977
1.00001
0.999982
1.00001
1.00002
0.999976
1.00001
1
0.999993
1.00001
0.999995
0.999993
1.00001
1.00001
1
1.00001
1.00005
1.00013
1.00028
1.00051
1.0008
1.00131
1.00273
1.00682
1.01577
1.02923
1.04188
1.04672
1.04091
1.02664
1.00702
0.984122
0.961228
0.944267
0.939117
0.948624
0.971197
1.00092
1.02973
1.05006
1.05703
1.05083
1.0369
1.02253
1.01213
1.00601
1.00267
1.0009
1.00005
0.99975
0.999697
0.999731
0.999791
0.999856
0.999896
0.999939
0.999953
0.999976
0.999967
1.00001
0.999988
0.999986
1.00001
0.999994
0.999999
0.999998
1
0.999999
1
1
1
1
1
1
1
1
1
1
0.999999
1
0.999999
1
0.999999
0.999999
1
1.00001
0.999984
1.00002
0.999991
0.999988
1.00002
0.999977
1.00002
0.999978
1.00001
1.00002
0.999957
1.00004
0.999969
1.00003
0.999975
0.999997
1.00003
0.999981
1.00001
0.999993
0.999995
1.00002
0.999993
0.999991
1
1
0.999998
0.999999
1
1.00002
1.00005
1.00014
1.00029
1.00053
1.00088
1.00156
1.0035
1.00881
1.01964
1.03421
1.04522
1.04536
1.03326
1.01227
0.985381
0.954435
0.92387
0.901515
0.894519
0.905835
0.933172
0.969762
1.00714
1.03735
1.05432
1.05587
1.04536
1.03029
1.01734
1.00894
1.00425
1.00171
1.00042
0.999869
0.999707
0.999698
0.999752
0.999814
0.999874
0.999913
0.999942
0.999955
0.999978
0.999993
0.999974
1
0.999993
0.999997
0.999997
0.999999
0.999999
0.999999
1
1
1
1
1
1
1
1
0.999999
1
0.999999
1
0.999996
1.00001
0.999989
1.00001
0.999986
1.00001
0.999999
0.999996
1.00001
0.999984
1.00002
0.999984
0.99999
1.00004
0.999956
1.00004
0.99997
1.00003
0.999992
0.999979
1.00003
0.999975
1.00002
0.999993
0.999986
1.00003
0.999991
0.999987
1.00001
1
1.00001
1.00001
0.999992
0.999993
1.00001
1.00002
1.00005
1.00014
1.00029
1.00055
1.00098
1.00191
1.00449
1.0112
1.02383
1.03877
1.04698
1.04158
1.02289
0.994956
0.960108
0.920065
0.880802
0.852323
0.843225
0.856657
0.889361
0.933255
0.979164
1.01886
1.04589
1.05669
1.05221
1.03861
1.02393
1.01304
1.0065
1.00291
1.00102
1.00011
0.999764
0.99969
0.999718
0.999777
0.999836
0.999886
0.999924
0.999943
0.99998
0.999966
0.999988
0.999993
0.999992
0.999996
0.999996
0.999999
0.999998
0.999999
0.999999
1
1
1
1
1
1
1
1
0.999999
1
0.999999
1
0.999999
1
1
0.999998
1
1.00001
0.999985
1.00001
0.999997
0.999989
1.00002
0.999984
1.00001
0.999986
1
1.00002
0.999967
1.00003
0.999974
1.00002
0.999993
0.999983
1.00003
0.999989
0.999995
1.00001
0.99999
1
1.00001
0.999996
0.999993
1
1.00001
1
1
1.00005
1.00014
1.00029
1.00058
1.00114
1.00238
1.00574
1.01396
1.02813
1.0426
1.04709
1.03577
1.01056
0.975543
0.931964
0.88155
0.832147
0.796273
0.784429
0.800201
0.839008
0.890937
0.945806
0.994922
1.03179
1.05255
1.05611
1.04643
1.03155
1.01843
1.00968
1.00466
1.00194
1.00054
0.999919
0.99972
0.999693
0.999742
0.999802
0.999858
0.999893
0.999943
0.999952
0.999966
0.999986
0.999984
0.999992
0.999993
0.999997
0.999997
0.999998
0.999999
0.999999
0.999999
1
1
1
1
1
1
1
1
1
0.999998
1
0.999995
1.00001
0.99999
1.00001
0.999993
1
1
0.999995
1.00001
0.999986
1.00002
0.999989
0.999993
1.00002
0.999973
1.00002
0.999982
1.00001
1
0.99998
1.00003
0.999983
1
1.00001
0.999982
1.00001
1.00001
0.999998
0.999992
0.999996
1
1
1
0.999999
1
1.00005
1.00013
1.00028
1.00063
1.00137
1.003
1.00725
1.01703
1.03232
1.0455
1.04572
1.02854
0.997114
0.954926
0.901802
0.839611
0.778395
0.73363
0.718243
0.736383
0.781798
0.84239
0.90677
0.965438
1.01188
1.04277
1.05583
1.05251
1.03953
1.02502
1.01398
1.00715
1.00329
1.00123
1.00023
0.999819
0.999704
0.999711
0.999771
0.999822
0.999877
0.999918
0.999935
0.999964
0.999974
0.999983
0.999988
0.999993
0.999995
0.999996
0.999998
0.999998
0.999999
0.999999
1
1
1
1
1
1
1
1
1
1
1
1
0.999999
1
1
0.999999
0.999998
1.00001
0.999989
1.00001
0.999999
0.999994
1.00001
0.999993
1.00001
0.99999
1
1.00001
0.999982
1.00002
0.999985
1.00001
1
0.999984
1.00001
1.00001
0.99999
0.999997
1.00001
1
0.999999
1.00001
0.999992
0.99999
1
1
1.00004
1.00012
1.00027
1.00072
1.00169
1.00378
1.00902
1.02027
1.03615
1.0474
1.04321
1.02056
0.98338
0.934039
0.870727
0.795573
0.721138
0.666209
0.646283
0.666017
0.717714
0.787384
0.862031
0.93059
0.986272
1.02688
1.05013
1.05534
1.04681
1.03248
1.01948
1.01058
1.00525
1.00229
1.00075
1.00003
0.999766
0.999714
0.999734
0.999791
0.999856
0.999887
0.999924
0.999951
0.999966
0.999978
0.999985
0.999991
0.999993
0.999996
0.999997
0.999998
0.999999
0.999999
0.999999
1
1
1
1
1
1
1
1
1
0.999999
1
0.999995
1.00001
0.999993
1.00001
0.999998
0.999998
1
0.999998
1
0.999994
1.00001
0.999991
1
1.00001
0.999988
1.00001
0.999989
1.00001
1
0.999988
1.00001
1
0.999995
1
1
0.999995
0.999997
1.00001
0.999998
1
0.999993
0.999993
1
0.999982
1.00003
1.00011
1.00027
1.00085
1.00212
1.00473
1.01102
1.02353
1.03944
1.04837
1.04001
1.01249
0.970119
0.913897
0.840266
0.751685
0.66342
0.597479
0.571402
0.590342
0.646481
0.725183
0.81125
0.890669
0.95563
1.00521
1.03833
1.05335
1.05185
1.04005
1.0261
1.0151
1.008
1.00385
1.00158
1.00043
0.999924
0.999752
0.999726
0.999769
0.999818
0.999864
0.999907
0.999938
0.999958
0.999971
0.999982
0.999987
0.999992
0.999995
0.999996
0.999998
0.999998
0.999999
0.999999
1
1
1
1
1
1
1
1
1
1
0.999999
1
0.999998
1
0.999999
1
0.999999
1
0.999996
1
1
0.999998
1
0.999998
1
0.999994
1
1
0.999992
1.00001
0.999995
1
1
0.999997
0.999997
1.00001
1
0.999996
0.999999
0.999993
1.00001
0.999996
0.999986
0.999996
0.999963
1.00001
1.00012
1.00029
1.00103
1.00266
1.00585
1.01317
1.02665
1.04207
1.04858
1.03656
1.00491
0.958007
0.895592
0.812386
0.711072
0.609458
0.532144
0.497731
0.512018
0.569019
0.655382
0.753524
0.845252
0.920451
0.978694
1.02079
1.04563
1.05294
1.04636
1.03335
1.02076
1.01169
1.00607
1.00282
1.00107
1.00023
0.999862
0.999758
0.999759
0.999793
0.999843
0.999889
0.999923
0.999947
0.999964
0.999976
0.999984
0.99999
0.999993
0.999996
0.999997
0.999998
0.999999
0.999999
0.999999
1
1
1
1
1
1
1
1
1
0.999999
1
0.999996
1
0.999996
1
1
0.999998
1
1
0.999999
1
1
0.999995
1
1
0.999997
1
0.999996
1
0.999999
0.999998
1
1
0.999998
0.999998
0.999998
1
1.00001
0.999989
1
0.99999
0.999973
1
0.99995
0.999989
1.00013
1.00033
1.00126
1.00333
1.00712
1.01537
1.02948
1.04401
1.0482
1.03326
0.998291
0.947613
0.880195
0.789243
0.677263
0.563979
0.475744
0.431353
0.437217
0.490387
0.580658
0.689263
0.793861
0.880645
0.947989
0.998402
1.03231
1.04898
1.04978
1.04013
1.02732
1.01647
1.0091
1.00462
1.00208
1.00073
1.0001
0.999846
0.999774
0.999785
0.999827
0.999872
0.999908
0.999935
0.999956
0.999971
0.999981
0.999987
0.999992
0.999995
0.999997
0.999998
0.999999
0.999999
0.999999
1
1
1
1
1
1
1
1
1
1
0.999999
1
0.999998
1
0.999998
1
1
0.999999
1
0.999999
1
0.999998
1
0.999999
1
1
1
0.999998
1
1
0.999996
1
1
0.999995
1
1
0.999998
1.00001
0.999986
1
0.999992
0.999957
1
0.999934
0.999962
1.00017
1.0004
1.00154
1.00411
1.00851
1.01752
1.03192
1.04529
1.04741
1.03038
0.993015
0.939394
0.868546
0.772683
0.653429
0.531328
0.433826
0.379575
0.375061
0.419898
0.507974
0.62211
0.737808
0.836612
0.913572
0.971977
1.01412
1.03979
1.04909
1.04506
1.034
1.02223
1.01311
1.00713
1.00355
1.00155
1.00051
1.00003
0.999846
0.999803
0.999822
0.999858
0.999893
0.999924
0.999948
0.999965
0.999977
0.999985
0.999991
0.999994
0.999996
0.999998
0.999998
0.999999
0.999999
1
1
1
1
1
1
1
1
1
1
0.999999
1
0.999999
1
0.999999
1
1
1
1
1
1
1
1
0.999999
1
0.999997
1
0.999999
0.999997
1.00001
0.999997
0.999997
1
0.999999
1
1
0.999992
1.00001
0.999986
1
1
0.999933
0.999999
0.999933
0.999931
1.00023
1.00053
1.00185
1.00498
1.01001
1.01952
1.03391
1.04602
1.04633
1.02807
0.989385
0.933711
0.861059
0.76368
0.641529
0.514363
0.41017
0.347706
0.333005
0.366607
0.445891
0.5582
0.680497
0.790021
0.876598
0.942625
0.992052
1.02585
1.04376
1.04691
1.03971
1.02847
1.01807
1.01049
1.00563
1.00276
1.00117
1.00037
0.999999
0.999865
0.999839
0.999855
0.999885
0.999916
0.999942
0.999961
0.999974
0.999983
0.999989
0.999993
0.999996
0.999997
0.999998
0.999999
0.999999
1
1
1
1
1
1
1
1
1
1
1
1
1
0.999998
1
0.999998
1
1
0.999999
1
0.999999
1
1
1
1
1
0.999999
1
0.999998
1
1
0.999997
1
0.999999
0.999999
1
0.999994
1.00001
0.999985
0.99999
1
0.99992
0.999993
0.999945
0.999898
1.00029
1.0007
1.00218
1.00589
1.01157
1.02132
1.0354
1.04632
1.0451
1.02634
0.98758
0.930896
0.857747
0.76201
0.641666
0.513636
0.405431
0.3365
0.312789
0.334433
0.400427
0.503649
0.62615
0.743269
0.838753
0.911938
0.967628
1.00827
1.03405
1.04494
1.04331
1.03437
1.02369
1.01471
1.00842
1.00447
1.00216
1.0009
1.00027
0.999994
0.999891
0.999872
0.999888
0.999913
0.999938
0.999958
0.999972
0.999982
0.999988
0.999993
0.999996
0.999997
0.999998
0.999999
0.999999
1
1
1
1
1
1
1
1
1
1
1
1
1
1
1
1
1
1
1
1
0.999999
1
0.999999
1
0.999998
1
1
1
1
1
1
0.999999
1
0.999999
1
1
0.999993
1.00001
0.999986
0.999979
1
0.999913
0.99997
0.999966
0.999885
1.00033
1.00094
1.00257
1.00678
1.01316
1.02292
1.0364
1.04632
1.04391
1.02513
0.98756
0.931274
0.858558
0.766495
0.65205
0.527473
0.41789
0.343625
0.311784
0.322132
0.373384
0.462542
0.578684
0.69892
0.801713
0.881477
0.942547
0.988696
1.021
1.03919
1.04402
1.03901
1.0294
1.01965
1.01199
1.00678
1.00356
1.00171
1.00071
1.00022
0.999999
0.99992
0.999908
0.99992
0.999939
0.999957
0.999971
0.999981
0.999988
0.999993
0.999996
0.999997
0.999998
0.999999
1
1
1
1
1
1
1
1
1
1
1
1
1
1
1
1
1
0.999999
1
0.999999
1
1
1
1
1
1
1
1
0.999999
1
0.999999
1
1
1
1
0.999999
1
0.999993
1
0.99999
0.999975
0.999993
0.999919
0.999942
0.999984
0.999906
1.00036
1.00121
1.00304
1.0076
1.01467
1.02439
1.03697
1.04607
1.04297
1.02444
0.989015
0.93496
0.863774
0.775998
0.669802
0.552607
0.444828
0.366639
0.327316
0.327325
0.364262
0.436913
0.541232
0.659466
0.767047
0.852503
0.918219
0.968745
1.00614
1.03048
1.04171
1.04165
1.03448
1.02492
1.01624
1.00975
1.00546
1.00285
1.00136
1.00057
1.00018
1.00001
0.999951
0.99994
0.999948
0.999961
0.999973
0.999982
0.999989
0.999993
0.999996
0.999998
0.999999
0.999999
1
1
1
1
1
1
1
1
1
1
1
1
1
1
1
1
0.999999
1
0.999999
1
1
0.999999
1
1
0.999999
1
1
1
1
0.999999
1
1
1
0.999998
0.999999
1
1
0.999996
0.999998
0.999988
0.999972
0.99998
0.99993
0.999923
0.999981
0.999962
1.00039
1.00146
1.00357
1.00835
1.01599
1.02575
1.03726
1.04558
1.04241
1.02445
0.991534
0.941499
0.873798
0.790524
0.692694
0.585196
0.482755
0.403302
0.357961
0.348951
0.37292
0.428432
0.516692
0.627363
0.736283
0.826074
0.895633
0.949639
0.990924
1.02012
1.03694
1.04206
1.03832
1.02999
1.02092
1.01333
1.0079
1.00439
1.00228
1.00109
1.00047
1.00016
1.00003
0.999979
0.999967
0.999971
0.999978
0.999985
0.999991
0.999995
0.999997
0.999998
0.999999
1
1
1
1
1
1
1
1
1
1
1
1
1
1
1
1
1
1
1
1
1
1
1
0.999999
1
1
1
1
1
0.999999
1
1
0.999999
0.999999
1
0.999999
0.999999
1
0.999995
0.999994
0.999985
0.999975
0.999965
0.999935
0.99992
0.999964
1.00003
1.00045
1.00167
1.00414
1.00908
1.01703
1.02696
1.0375
1.04489
1.04218
1.02541
0.994997
0.949916
0.888143
0.810814
0.720809
0.623017
0.528231
0.450899
0.402236
0.386239
0.399474
0.439087
0.508695
0.605835
0.711206
0.803237
0.875598
0.932145
0.976371
1.00929
1.03067
1.04056
1.04065
1.03438
1.02565
1.01735
1.01084
1.00634
1.00349
1.00181
1.00087
1.00039
1.00015
1.00004
1
0.99999
0.999989
0.999992
0.999995
0.999997
0.999999
0.999999
1
1
1
1
1
1
1
1
1
1
1
1
1
1
1
1
1
1
1
0.999999
1
1
1
1
1
1
1
1
0.999999
1
1
1
1
1
1
1
1
0.999998
0.999999
0.999996
0.999994
0.999981
0.999972
0.999957
0.999933
0.999927
0.999945
1.00009
1.00055
1.00184
1.00465
1.00979
1.01778
1.02788
1.03782
1.0442
1.0421
1.02733
0.999659
0.959493
0.905189
0.836256
0.755101
0.666715
0.580207
0.507497
0.458454
0.437692
0.442596
0.469234
0.520555
0.59942
0.69471
0.785261
0.85897
0.916943
0.963075
0.998786
1.02381
1.03779
1.0416
1.03784
1.03007
1.02152
1.01415
1.00868
1.00502
1.00274
1.00142
1.0007
1.00032
1.00014
1.00005
1.00002
1.00001
1
1
1
1
1
1
1
1
1
1
1
1
1
1
1
1
1
1
1
1
1
1
1
1
1
0.999999
1
0.999999
1
1
1
1
1
1
1
0.999999
1
1
1
1
0.999998
1
0.999998
0.999998
0.999994
0.999991
0.999979
0.999972
0.999952
0.999929
0.999932
0.99994
1.00012
1.00068
1.002
1.00505
1.01039
1.01831
1.02843
1.03812
1.04381
1.04215
1.02984
1.00561
0.970212
0.923451
0.864505
0.794269
0.716478
0.639142
0.572729
0.525404
0.50138
0.499407
0.515944
0.55209
0.611787
0.691115
0.774391
0.84673
0.904796
0.951618
0.989083
1.01691
1.03433
1.04152
1.04035
1.03394
1.02557
1.01763
1.01129
1.00681
1.00389
1.00212
1.0011
1.00055
1.00027
1.00013
1.00006
1.00003
1.00002
1.00001
1.00001
1
1
1
1
1
1
1
1
1
1
1
1
1
1
1
1
1
1
1
1
1
1
1
0.999999
1
1
1
1
1
1
1
1
1
1
0.999999
0.999999
1
0.999998
1
0.999998
0.999995
0.999995
0.999989
0.999978
0.999968
0.999952
0.999926
0.999929
0.999946
1.00015
1.00077
1.00217
1.00533
1.01079
1.01865
1.02863
1.03823
1.04376
1.04258
1.0326
1.01236
0.982068
0.942423
0.89342
0.83514
0.769518
0.703121
0.644832
0.600865
0.574747
0.566761
0.574773
0.598905
0.642058
0.703531
0.773992
0.840524
0.896544
0.942691
0.980694
1.01037
1.03054
1.04071
1.04204
1.03717
1.0293
1.02106
1.01403
1.00877
1.00519
1.00293
1.00159
1.00084
1.00043
1.00022
1.00011
1.00006
1.00003
1.00002
1.00001
1.00001
1.00001
1
1
1
1
1
1
1
1
1
1
1
1
1
1
1
1
1
1
1
1
1
1
1
1
1
1
1
1
1
1
1
0.999999
1
0.999998
1
0.999999
0.999999
0.999998
0.999995
0.999994
0.999988
0.999978
0.999967
0.999949
0.999925
0.999921
0.999951
1.00018
1.00083
1.0023
1.0055
1.01093
1.01873
1.02852
1.03803
1.04386
1.04353
1.03564
1.01926
0.994347
0.96168
0.921911
0.875069
0.822044
0.767885
0.719148
0.679858
0.653089
0.640573
0.641559
0.655841
0.685442
0.730665
0.786101
0.842599
0.893423
0.937081
0.974267
1.00464
1.02671
1.03937
1.04301
1.03975
1.03258
1.02427
1.01672
1.01079
1.00658
1.00383
1.00214
1.00116
1.00062
1.00033
1.00018
1.0001
1.00006
1.00003
1.00002
1.00001
1.00001
1
1
1
1
1
1
1
1
1
1
1
1
1
1
1
1
1
1
1
1
1
1
1
1
1
1
1
1
1
1
1
1
1
1
0.999999
1
0.999998
0.999999
0.999994
0.999994
0.999987
0.999978
0.999967
0.999946
0.999923
0.999915
0.999953
1.0002
1.00087
1.00238
1.00553
1.01082
1.01848
1.02806
1.03751
1.04384
1.04478
1.03906
1.02613
1.0062
0.980154
0.948803
0.912262
0.871157
0.829113
0.790043
0.756208
0.730498
0.715522
0.711479
0.718116
0.736785
0.768208
0.809286
0.853893
0.896754
0.935744
0.970549
1.00035
1.02331
1.03773
1.04334
1.04163
1.0353
1.02713
1.01923
1.01274
1.00797
1.00474
1.00271
1.00151
1.00082
1.00045
1.00025
1.00014
1.00008
1.00005
1.00003
1.00002
1.00001
1.00001
1
1
1
1
1
1
1
1
1
1
1
1
1
1
1
1
1
1
1
1
1
1
1
1
1
1
1
1
1
1
0.999999
1
0.999998
1
0.999999
0.999999
0.999998
0.999994
0.999994
0.999987
0.999979
0.999967
0.999944
0.99992
0.999908
0.999952
1.00021
1.00088
1.00239
1.0054
1.01046
1.01784
1.02716
1.03659
1.04353
1.04591
1.04255
1.03291
1.01738
0.997001
0.972784
0.945066
0.91442
0.882973
0.852553
0.824534
0.80161
0.786408
0.779495
0.780746
0.791134
0.811456
0.840039
0.872994
0.906702
0.939374
0.97028
0.998177
1.02088
1.03621
1.04323
1.04286
1.03738
1.02949
1.02142
1.01451
1.00926
1.00562
1.00327
1.00185
1.00102
1.00056
1.00031
1.00018
1.00011
1.00006
1.00004
1.00002
1.00001
1.00001
1
1
1
1
1
1
1
1
1
1
1
1
1
1
1
1
1
1
1
1
1
1
1
1
1
1
1
1
1
0.999999
1
0.999999
1
0.999999
0.999999
0.999999
0.999997
0.999996
0.999992
0.99999
0.99998
0.999967
0.999944
0.999918
0.999901
0.999953
1.00021
1.00087
1.00233
1.00513
1.00984
1.01681
1.02577
1.03515
1.0427
1.04655
1.04556
1.03917
1.02768
1.01207
0.993539
0.972728
0.950162
0.926906
0.903748
0.881658
0.862782
0.849158
0.84131
0.839265
0.843861
0.855867
0.874414
0.89718
0.921994
0.947753
0.973775
0.998652
1.01998
1.03523
1.04298
1.04355
1.03881
1.03126
1.02316
1.01597
1.01036
1.00638
1.00376
1.00214
1.0012
1.00067
1.00038
1.00022
1.00013
1.00008
1.00005
1.00003
1.00002
1.00001
1.00001
1
1
1
1
1
1
1
1
1
1
1
1
1
1
1
1
1
1
1
1
1
0.999999
1
1
1
1
1
0.999999
1
0.999999
1
0.999998
1
0.999998
0.999999
0.999997
0.999994
0.999996
0.999989
0.999984
0.999968
0.999947
0.999913
0.999901
0.999953
1.00019
1.00084
1.0022
1.00476
1.00899
1.01537
1.02382
1.03306
1.04115
1.04642
1.04765
1.04429
1.03653
1.02517
1.01129
0.995575
0.978681
0.961394
0.944136
0.927526
0.912988
0.901805
0.894287
0.890601
0.891529
0.897743
0.908817
0.923464
0.940613
0.959845
0.980726
1.0019
1.02095
1.03519
1.04286
1.04387
1.03964
1.03241
1.02437
1.01705
1.01119
1.00696
1.00414
1.00237
1.00133
1.00075
1.00042
1.00024
1.00014
1.00009
1.00005
1.00003
1.00002
1.00001
1.00001
1
1
1
1
1
1
1
1
1
1
1
1
1
1
1
1
1
1
1
1
1
1
1
1
0.999999
1
1
1
1
0.999999
1
1
0.999998
0.999997
0.999998
0.999998
0.999996
0.999996
0.999992
0.999987
0.999973
0.999948
0.999916
0.999902
0.999953
1.00018
1.00078
1.00201
1.00429
1.00799
1.01362
1.02129
1.03016
1.03864
1.04517
1.04846
1.04783
1.04342
1.03586
1.02589
1.01419
1.00163
0.988898
0.976221
0.964018
0.953175
0.944349
0.937672
0.933412
0.932268
0.934754
0.940652
0.949344
0.960511
0.974238
0.990337
1.00761
1.02378
1.03623
1.04308
1.04395
1.03991
1.03292
1.025
1.01765
1.01168
1.00731
1.00436
1.00251
1.00141
1.00079
1.00045
1.00026
1.00015
1.00009
1.00006
1.00003
1.00002
1.00001
1.00001
1
1
1
1
1
1
1
1
1
1
1
1
1
1
1
1
1
1
1
1
1
0.999999
1
1
1
1
1
1
1
0.999998
1
1
0.999999
1
0.999992
0.999999
0.999995
0.999997
0.999998
0.999992
0.999975
0.999955
0.999921
0.999906
0.999959
1.00017
1.0007
1.0018
1.00376
1.00692
1.01169
1.01833
1.02645
1.03494
1.04244
1.04755
1.04944
1.04806
1.04382
1.03727
1.02917
1.02028
1.01107
1.00176
0.992797
0.984707
0.977759
0.972022
0.967809
0.965679
0.96596
0.968532
0.973196
0.980091
0.989575
1.0016
1.01513
1.02814
1.03824
1.04365
1.04385
1.03966
1.03277
1.02499
1.01773
1.01179
1.00739
1.00441
1.00253
1.00142
1.00079
1.00045
1.00026
1.00016
1.0001
1.00006
1.00004
1.00002
1.00001
1.00001
1
1
1
1
1
1
1
1
1
1
1
1
1
1
1
1
1
1
1
1
1
1
1
1
1
0.999999
1
1
1
1
0.999996
0.999998
1
1
0.999994
0.999995
0.999996
0.999996
1
0.999993
0.999984
0.99996
0.999931
0.99992
0.999962
1.00016
1.00063
1.00157
1.00321
1.00583
1.00975
1.01521
1.02219
1.03012
1.03798
1.04445
1.04856
1.04995
1.04876
1.04545
1.04062
1.0348
1.02834
1.02163
1.0151
1.00904
1.00356
0.998743
0.994917
0.992462
0.99155
0.992144
0.9943
0.998365
1.00477
1.01348
1.02361
1.03341
1.04083
1.04434
1.04346
1.03886
1.03196
1.02434
1.01727
1.01148
1.00718
1.00426
1.00243
1.00135
1.00074
1.00042
1.00025
1.00015
1.0001
1.00006
1.00004
1.00002
1.00001
1.00001
1
1
1
1
1
1
1
1
1
1
1
1
1
1
1
1
1
1
1
1
1
1
1
1
1
1
1
0.999997
1
1
0.999996
0.999996
0.999997
1
1
0.999989
0.999993
0.999994
0.999995
0.999996
0.999989
0.999966
0.999943
0.999926
0.999976
1.00014
1.00055
1.00133
1.00267
1.00478
1.0079
1.01221
1.01784
1.02466
1.03205
1.03906
1.04472
1.04842
1.05004
1.04975
1.04788
1.04477
1.04082
1.03646
1.03198
1.02757
1.02333
1.01943
1.01616
1.01373
1.01224
1.01175
1.01246
1.01474
1.01894
1.02498
1.03206
1.03872
1.04336
1.04476
1.04258
1.03742
1.03046
1.02306
1.01629
1.01077
1.0067
1.00394
1.00221
1.00121
1.00066
1.00037
1.00022
1.00014
1.00009
1.00006
1.00004
1.00002
1.00001
1.00001
1
1
1
1
1
1
1
1
1
1
1
1
1
1
1
1
1
1
1
1
0.999999
1
1
1
1
1
1
1
0.999998
1
1
0.999992
0.999993
0.999993
1.00001
0.999993
0.999995
0.99999
0.999996
0.999987
0.999989
0.99997
0.99995
0.999938
0.999981
1.00012
1.00046
1.0011
1.00216
1.00382
1.00622
1.00952
1.01385
1.01925
1.0255
1.03206
1.03823
1.04335
1.04707
1.04928
1.05003
1.04954
1.04813
1.04605
1.04352
1.04067
1.03771
1.03484
1.03225
1.03009
1.02845
1.02747
1.0274
1.02857
1.03116
1.03498
1.03933
1.04308
1.04505
1.04438
1.04092
1.03522
1.02828
1.02119
1.01484
1.00972
1.00598
1.00346
1.00191
1.00102
1.00055
1.00031
1.00019
1.00012
1.00008
1.00005
1.00003
1.00002
1.00001
1.00001
1
1
1
1
1
1
1
1
1
1
1
1
1
1
1
1
1
1
1
1
1
1
0.999999
1
1
0.999999
1
1
0.999995
1
1
0.999998
0.99999
0.999992
0.999989
0.999999
0.999995
0.99999
0.999994
0.999987
0.999972
0.999972
0.999956
0.999949
0.999971
1.00011
1.00037
1.00087
1.00169
1.00296
1.00477
1.00722
1.01042
1.01445
1.01928
1.02471
1.03034
1.03571
1.04042
1.0442
1.04693
1.04866
1.04948
1.0495
1.04887
1.04772
1.04623
1.04457
1.04287
1.04125
1.03983
1.03882
1.03844
1.03889
1.04023
1.04219
1.0442
1.04544
1.0451
1.04269
1.03823
1.03221
1.02545
1.01884
1.01304
1.00844
1.0051
1.00289
1.00155
1.00081
1.00043
1.00024
1.00015
1.0001
1.00007
1.00005
1.00003
1.00002
1.00001
1.00001
1
1
1
1
1
1
1
1
1
1
1
1
1
1
1
1
1
1
1
1
1
1
1
1
1
1
0.999999
1
0.999998
0.999995
1
1
0.999994
0.999991
0.999992
0.999984
0.999991
0.999991
0.999986
0.999993
0.999962
0.999959
0.999953
0.999948
0.999973
1.00007
1.00028
1.00066
1.00129
1.00223
1.00355
1.00532
1.00762
1.01051
1.01401
1.01809
1.02259
1.02728
1.03187
1.03609
1.03977
1.0428
1.04514
1.0468
1.04782
1.0483
1.0483
1.04793
1.04728
1.04646
1.04561
1.04492
1.04455
1.04458
1.04497
1.04547
1.04565
1.04496
1.04295
1.03939
1.03439
1.02842
1.02211
1.01615
1.01103
1.00703
1.00416
1.0023
1.00119
1.0006
1.00031
1.00018
1.00012
1.00009
1.00007
1.00005
1.00003
1.00002
1.00001
1.00001
1
1
1
1
1
1
1
1
1
1
1
1
1
1
1
1
1
1
1
1
1
1
1
1
1
1
1
0.999998
0.999999
0.999996
0.999995
1.00001
1
0.999981
1
0.999987
0.999978
0.999982
0.999986
0.999985
0.999981
0.999947
0.999929
0.999948
0.999959
1.00003
1.0002
1.00048
1.00094
1.00162
1.00256
1.00382
1.00543
1.00743
1.00986
1.01274
1.01603
1.01963
1.02339
1.02716
1.03078
1.03414
1.03712
1.03966
1.04173
1.04334
1.0445
1.04524
1.04559
1.04564
1.04553
1.04533
1.04517
1.04503
1.04483
1.04435
1.04334
1.04148
1.03857
1.03455
1.02957
1.02404
1.01845
1.0133
1.00896
1.00561
1.00325
1.00174
1.00086
1.00041
1.0002
1.00012
1.00009
1.00007
1.00006
1.00004
1.00003
1.00002
1.00001
1.00001
1
1
1
1
1
1
1
1
1
1
1
1
1
1
1
1
1
1
1
1
1
1
1
1
1
0.999999
1
1
0.999998
0.999994
0.999994
0.999996
1
0.999993
0.999984
0.999999
0.999978
0.999982
0.999969
0.999979
0.999977
0.999956
0.999934
0.999925
0.999949
0.999995
1.00011
1.00033
1.00064
1.00113
1.00179
1.00266
1.00376
1.00512
1.00676
1.0087
1.01096
1.0135
1.01627
1.01919
1.02217
1.02514
1.02798
1.03063
1.03303
1.03511
1.03686
1.03827
1.03933
1.04009
1.04059
1.04089
1.04098
1.04083
1.04036
1.03943
1.03788
1.0356
1.0325
1.02864
1.02419
1.01943
1.01475
1.01052
1.00699
1.0043
1.00243
1.00125
1.00059
1.00027
1.00013
1.00008
1.00007
1.00006
1.00005
1.00004
1.00002
1.00002
1.00001
1
1
1
1
1
1
1
1
1
1
1
1
1
1
1
1
1
1
1
1
1
1
0.999999
1
0.999999
1
1
0.999991
1.00001
1.00001
0.999999
0.999992
0.999978
1.00001
1.00001
0.999967
0.999987
1.00001
0.999983
0.999962
0.999963
0.999959
0.999961
0.999949
0.999909
0.999935
0.999963
1.00004
1.00019
1.00041
1.00074
1.00119
1.00178
1.00252
1.00342
1.00451
1.00579
1.00727
1.00897
1.01087
1.01293
1.01513
1.0174
1.01969
1.02194
1.02411
1.02613
1.02797
1.02957
1.03092
1.03203
1.03288
1.03346
1.03375
1.03367
1.03316
1.03216
1.03059
1.02845
1.02572
1.02243
1.01877
1.01497
1.01128
1.00797
1.00524
1.00317
1.00175
1.00087
1.00039
1.00017
1.00009
1.00007
1.00006
1.00005
1.00004
1.00003
1.00002
1.00001
1.00001
1
1
1
1
1
1
1
1
1
1
1
1
1
1
1
1
1
1
1
1
1
1
1
1
0.999998
1
1.00001
1
0.999981
1.00001
1.00001
1
0.999998
0.999972
1
1
0.999981
0.999985
0.999985
0.999994
0.999947
0.99996
0.99993
0.999949
0.999929
0.99991
0.99994
0.999983
1.00008
1.00023
1.00045
1.00075
1.00113
1.00162
1.00221
1.00291
1.00374
1.0047
1.0058
1.00703
1.0084
1.00989
1.01148
1.01314
1.01484
1.01653
1.01819
1.01976
1.02121
1.02251
1.02363
1.02454
1.02519
1.02554
1.02555
1.02515
1.0243
1.02302
1.02129
1.01915
1.01664
1.01386
1.01101
1.00827
1.00581
1.00378
1.00226
1.00122
1.00059
1.00026
1.00011
1.00007
1.00006
1.00006
1.00005
1.00004
1.00003
1.00002
1.00001
1.00001
1
1
1
1
1
1
1
1
1
1
1
1
1
1
1
1
1
1
1
1
1
1
1
1
1
0.999996
0.999998
1.00002
0.999991
0.999981
1
1.00001
1.00002
0.999968
0.999983
1.00002
0.999976
0.999971
0.999993
0.999994
0.999969
0.999961
0.99994
0.999924
0.999933
0.999913
0.999924
0.99995
1
1.0001
1.00024
1.00043
1.00068
1.00099
1.00136
1.00181
1.00234
1.00294
1.00363
1.00441
1.00529
1.00625
1.0073
1.00842
1.00959
1.01079
1.012
1.01319
1.01431
1.01537
1.01632
1.0171
1.01769
1.01803
1.01806
1.01779
1.01719
1.01627
1.01505
1.0135
1.01173
1.0098
1.00777
1.00582
1.00407
1.00263
1.00155
1.00083
1.0004
1.00018
1.00008
1.00006
1.00006
1.00005
1.00005
1.00004
1.00003
1.00002
1.00001
1.00001
1
1
1
1
1
1
1
1
1
1
1
1
1
1
1
1
1
0.999999
1
0.999999
1
0.999999
1
0.999997
1
1
0.99999
1
1.00002
0.999991
0.99998
0.999991
1
1.00004
0.999972
0.999977
1
0.999994
0.999979
0.999977
0.999999
0.999961
0.999968
0.999917
0.999934
0.999921
0.999903
0.999932
0.999951
1.00001
1.00009
1.00021
1.00036
1.00055
1.00078
1.00106
1.00138
1.00176
1.00219
1.00267
1.00321
1.00382
1.00448
1.00519
1.00595
1.00676
1.00757
1.00839
1.00921
1.00997
1.01067
1.01127
1.0117
1.012
1.01206
1.01188
1.01152
1.01091
1.01011
1.00911
1.00793
1.00665
1.0053
1.00396
1.00276
1.00178
1.00105
1.00056
1.00028
1.00014
1.00008
1.00006
1.00005
1.00005
1.00004
1.00003
1.00002
1.00001
1.00001
1
1
1
1
1
1
1
1
1
1
1
1
1
1
1
1
1
1
1
1
1
1
1
1
1
0.999998
1.00001
1
0.999982
1.00001
1.00001
0.999996
0.999991
0.999977
1.00003
0.999998
0.999981
1.00001
0.99999
0.999972
0.999986
0.999988
0.999971
0.999965
0.999948
0.999921
0.999925
0.999913
0.999909
0.999926
0.999947
1
1.00006
1.00015
1.00026
1.0004
1.00057
1.00076
1.00099
1.00124
1.00154
1.00187
1.00224
1.00264
1.00308
1.00357
1.00407
1.0046
1.00513
1.00567
1.00619
1.00665
1.00708
1.0074
1.00758
1.00767
1.00759
1.00737
1.00703
1.00652
1.00592
1.00522
1.00438
1.00349
1.00263
1.00184
1.0012
1.00071
1.00038
1.00019
1.00011
1.00007
1.00006
1.00005
1.00004
1.00003
1.00002
1.00002
1.00001
1.00001
1
1
1
1
1
1
1
1
1
1
1
1
1
1
1
1
1
1
1
0.999999
1
0.999999
1
0.999998
1
0.999996
0.999999
1.00001
0.999996
0.999988
1.00001
1.00001
1
0.999982
0.999971
1.00003
1.00001
0.999984
0.999985
1.00001
0.999983
0.999965
0.999989
0.999967
0.999975
0.99993
0.999933
0.999923
0.999908
0.999918
0.999925
0.999935
0.999977
1.00002
1.00008
1.00016
1.00025
1.00037
1.0005
1.00065
1.00082
1.00102
1.00124
1.00147
1.00175
1.00203
1.00234
1.00267
1.00302
1.00335
1.00368
1.004
1.00426
1.0045
1.00462
1.00466
1.00468
1.00455
1.00436
1.00411
1.00376
1.00335
1.00284
1.00226
1.00172
1.00123
1.0008
1.00048
1.00027
1.00014
1.00008
1.00006
1.00005
1.00004
1.00004
1.00003
1.00002
1.00001
1.00001
1
1
1
1
1
1
1
1
1
1
1
1
1
1
1
1
1
1
1
1
1
1
1
1
1
1
1
0.999995
1
1.00001
0.999992
0.999999
0.999991
1.00001
1.00002
0.999972
0.999998
0.999994
0.999999
1.00001
0.999997
0.999979
0.999985
0.99999
0.999973
0.999979
0.99996
0.999941
0.999923
0.999929
0.999911
0.999912
0.999922
0.999928
0.99995
0.999981
1.00002
1.00007
1.00013
1.0002
1.00029
1.00038
1.0005
1.00062
1.00076
1.00092
1.00109
1.00127
1.00148
1.00168
1.00189
1.00209
1.00231
1.00248
1.00259
1.00274
1.00277
1.00277
1.00276
1.00264
1.00255
1.00237
1.00208
1.0018
1.00148
1.00113
1.00081
1.00053
1.00032
1.0002
1.00012
1.00006
1.00004
1.00004
1.00004
1.00003
1.00002
1.00002
1.00001
1.00001
1
1
1
1
1
1
1
1
1
1
1
1
1
1
1
1
1
1
1
1
1
0.999999
1
0.999999
1
0.999997
1
0.999999
0.999997
1
0.999998
1
0.999998
0.999984
1.00002
1.00001
0.999979
1
1
1
0.999986
1.00001
1.00001
0.999973
0.99998
0.999973
0.999975
0.999959
0.999941
0.999931
0.999922
0.999915
0.999908
0.999916
0.999918
0.999927
0.999946
0.999967
1
1.00004
1.00008
1.00013
1.00019
1.00026
1.00035
1.00043
1.00052
1.00064
1.00076
1.00088
1.001
1.00115
1.00126
1.00139
1.00146
1.00154
1.00163
1.0016
1.00162
1.00163
1.00155
1.00148
1.00133
1.00114
1.00098
1.00075
1.00051
1.00035
1.00023
1.00013
1.00008
1.00005
1.00004
1.00003
1.00003
1.00002
1.00002
1.00001
1.00001
1
1
1
1
1
1
1
1
1
1
1
1
1
1
1
1
1
1
1
1
1
1
1
1
1
1
1
0.999999
1
0.999997
1
1
0.999995
1.00002
0.999984
0.999975
1.00003
1
1.00001
0.999979
0.999992
1.00002
1.00001
1
0.999988
1
0.999968
0.999979
0.99997
0.999968
0.999938
0.999942
0.999927
0.999918
0.999911
0.999911
0.999911
0.999915
0.999924
0.999932
0.99995
0.99997
0.999999
1.00002
1.00007
1.0001
1.00015
1.00021
1.00028
1.00034
1.00041
1.0005
1.00058
1.00065
1.00072
1.00083
1.00084
1.00089
1.00095
1.00093
1.00099
1.00096
1.00089
1.00089
1.00077
1.00062
1.0005
1.00036
1.00023
1.00016
1.00008
1.00004
1.00003
1.00003
1.00002
1.00001
1.00001
1.00001
1.00001
1
1
1
1
1
1
1
1
1
1
1
1
1
1
1
1
1
1
1
1
1
1
0.999999
1
0.999999
1
0.999998
1
0.999996
1
0.999997
1
1.00001
0.999985
1
1.00002
0.999973
0.999998
1.00001
1
1.00001
0.999995
1.00001
0.999997
0.99999
1.00002
0.999996
0.99999
0.999985
0.999966
0.999982
0.99996
0.999953
0.999944
0.999936
0.999928
0.999917
0.999913
0.999911
0.99991
0.999911
0.999917
0.999922
0.999929
0.999948
0.999961
0.999981
1.00001
1.00005
1.00007
1.00011
1.00016
1.00022
1.00026
1.00031
1.00036
1.00042
1.00047
1.00046
1.00056
1.00059
1.00057
1.00062
1.00058
1.00055
1.00053
1.00039
1.0003
1.00026
1.00016
1.00009
1.00006
1.00003
1.00002
1.00002
1.00002
1.00001
1.00001
1
1
1
1
1
1
1
1
1
1
1
1
1
1
1
1
1
1
1
1
1
1
1
1
1
1
1
1
1
1
1
0.999999
1
0.999991
1.00001
1
0.999978
1.00002
1.00002
0.99997
1
0.999997
1.00002
0.999996
0.999979
1.00001
0.999999
1
0.999992
1.00001
0.999989
0.99999
0.999968
0.999977
0.99996
0.99996
0.99995
0.999939
0.999937
0.999927
0.999919
0.999915
0.999915
0.999909
0.999913
0.999916
0.99992
0.999921
0.999937
0.999944
0.99996
0.999978
1
1.00004
1.00006
1.00009
1.00013
1.00018
1.00018
1.00024
1.00028
1.00028
1.00037
1.00036
1.00038
1.00043
1.00034
1.00032
1.0003
1.0002
1.00015
1.00012
1.00006
1.00004
1.00004
1.00002
1
1.00001
1.00001
1.00001
1
1
1
1
1
1
1
1
1
1
1
1
1
1
1
1
1
1
1
1
1
1
1
0.999999
1
0.999999
1
0.999998
1
0.999997
1
0.999993
1.00001
0.999995
0.999995
1.00002
0.999996
0.999979
1.00002
1
0.999999
0.999991
0.999992
1.00001
0.999994
1
1.00001
0.999986
1
1
0.999996
1
0.999983
0.999987
0.999974
0.999969
0.999962
0.999958
0.999946
0.999942
0.999937
0.999932
0.999926
0.999922
0.999917
0.99992
0.999914
0.99992
0.999924
0.999929
0.999926
0.999951
0.999962
0.999962
0.99999
1.00001
1.00004
1.00007
1.00009
1.0001
1.00018
1.00016
1.00019
1.00027
1.00022
1.00027
1.00027
1.00019
1.0002
1.00016
1.00008
1.00007
1.00006
1.00002
1.00001
1.00001
1
0.999998
1
1.00001
1.00001
1
1
1
0.999999
1
1
1
1
1
1
1
1
1
1
1
1
1
1
1
1
1
1
1
1
1
1
1
1
0.999999
1
1
0.999997
1.00001
0.999992
0.999999
1.00001
0.999987
0.999994
1.00002
0.999998
1
0.999986
1.00001
1.00002
0.999987
1
1.00001
1
0.999992
1.00001
0.999996
1
0.999987
0.999993
0.999981
0.999976
0.999971
0.999968
0.999959
0.999954
0.999947
0.999944
0.99994
0.999938
0.999931
0.99993
0.99993
0.999926
0.999927
0.999938
0.999934
0.999947
0.999949
0.999967
0.999988
0.999986
1.00001
1.00005
1.00005
1.00008
1.00014
1.0001
1.00016
1.00018
1.00013
1.00019
1.00016
1.00009
1.00011
1.00007
1.00002
1.00003
1.00002
0.999996
0.999998
1.00001
1
0.999998
0.999997
0.999998
0.999998
0.999998
0.999999
1
1
1
1
1
1
1
1
1
1
1
1
1
1
1
1
1
1
1
1
0.999999
1
0.999999
1
0.999998
1
0.999996
1.00001
0.999994
1
1
0.999992
1
1.00001
0.99999
0.999998
1
1.00001
1.00001
0.999988
1.00001
0.999999
0.999998
1.00001
1
0.999997
1.00001
0.999989
1.00001
0.999994
0.999993
0.999991
0.999987
0.99998
0.999976
0.999973
0.999969
0.999964
0.99996
0.999955
0.999952
0.999944
0.999951
0.999941
0.999941
0.999941
0.999947
0.999945
0.99994
0.999966
0.999957
0.999971
0.999984
0.999985
1.00002
1.00004
1.00001
1.00008
1.00011
1.00006
1.00015
1.0001
1.00007
1.00013
1.00008
1.00004
1.00006
1.00003
0.999999
1.00001
1.00001
1
1
1.00001
1
1
0.999998
0.999997
0.999998
1
1
1
1
1
1
1
1
1
1
1
1
1
1
1
1
1
1
1
1
1
1
1
1
1
1
1
0.999999
1
1
0.999996
1
1
0.999994
1
1
0.999991
1
0.999999
1.00001
0.999993
0.999994
1.00001
1
0.999998
1
1.00001
0.999996
1.00001
0.999995
1
0.999994
0.999996
0.999991
0.999991
0.999986
0.999982
0.999979
0.999977
0.999972
0.999972
0.999965
0.999967
0.999959
0.999958
0.999957
0.999964
0.999949
0.999958
0.999962
0.999961
0.999969
0.99996
0.999996
0.999993
0.999985
1.00003
1.00003
1.00001
1.00009
1.00005
1.00005
1.00012
1.00004
1.00004
1.00008
1.00002
1.00001
1.00003
1.00001
0.999995
1.00001
1.00001
1
1
1
1
1
1
1
1
1
1
1
1
1
1
1
1
1
1
1
1
1
1
1
1
1
1
1
1
1
0.999999
1
0.999999
1
0.999998
1
0.999997
1
1
0.999998
1
1
0.99999
1
1.00001
0.999993
1
0.999993
1.00001
0.999995
1.00001
0.999999
1
0.999994
1.00001
0.999994
1.00001
0.999997
1
1
0.999999
0.999996
0.999994
0.999993
0.999992
0.999988
0.999985
0.999982
0.999979
0.999979
0.999978
0.999969
0.999976
0.999971
0.999964
0.999972
0.999966
0.999976
0.999966
0.999981
0.999981
0.999973
1.00001
0.999988
1
1.00004
1.00001
1.00003
1.00008
1.00001
1.00005
1.00008
1
1.00003
1.00004
1
1.00001
1.00002
1
0.999996
1
1
0.999998
0.999995
0.999996
0.999998
1
1
1
1
1
1
1
1
1
1
1
1
1
1
1
1
1
1
1
1
1
1
1
1
1
1
1
1
1
1
1
0.999999
1
1
0.999993
1
1
0.999993
1.00001
0.999999
1
0.999999
1.00001
0.999997
0.999998
1
1
1
0.999994
1.00001
0.999997
1.00001
0.999998
1
0.999997
1
0.999999
0.999997
0.999994
0.999994
0.999993
0.999992
0.999989
0.999989
0.999982
0.999988
0.999981
0.999983
0.999977
0.999984
0.999981
0.999973
0.999988
0.999976
0.999996
0.999978
0.999993
1.00002
0.999985
1.00002
1.00004
0.999993
1.00005
1.00005
0.999989
1.00005
1.00004
0.999995
1.00002
1.00002
0.999993
1
1.00001
1
0.999996
0.999999
1
1
1
1
1
0.999999
0.999999
1
1
1
1
1
1
1
1
1
1
1
1
1
1
1
1
1
1
1
1
1
1
1
1
0.999999
1
1
0.999999
1
0.999997
1
1
0.999995
1.00001
1
0.99999
1.00001
0.999997
1
0.999995
1.00001
0.999994
1
0.999996
1.00001
0.999995
1
0.999999
1
1
0.999999
1
1
0.999998
0.999999
0.999998
0.999997
0.999994
0.999994
0.999994
0.999991
0.999992
0.999993
0.999987
0.999986
0.999992
0.999981
0.999992
0.999985
0.999989
0.999989
0.999987
1.00001
0.999979
1.00001
1.00001
0.999988
1.00004
1.00001
0.999989
1.00004
1.00001
0.999995
1.00004
1.00001
0.999994
1.00001
1
0.999997
1
1
0.999998
0.999997
1
1
1
1
1
1
1
1
1
1
1
1
1
1
1
1
1
1
1
1
1
1
1
1
1
1
1
1
1
1
1
1
0.999999
1
1
0.999999
1
0.999996
1
1
0.999993
1.00001
0.999998
0.999998
1
1
0.999998
1
1
0.999996
1
0.999997
1.00001
1
1
0.999999
1
1
1
1
1
1
1
0.999999
1
0.999999
0.999996
0.999995
0.999998
0.99999
0.999998
0.999993
0.999992
0.999993
0.99999
0.999998
0.999985
1
0.999988
1
1
0.999984
1.00002
0.999999
0.999998
1.00003
0.999998
1.00001
1.00003
0.999999
1
1.00002
1
1
1.00001
0.999999
0.999998
1
1
1
1
0.999999
0.999999
0.999999
0.999999
1
1
1
1
1
1
1
1
1
1
1
1
1
1
1
1
1
1
1
1
1
1
1
1
1
1
1
1
0.999999
1
0.999999
1
1
0.999996
1
0.999999
0.999998
1.00001
0.999997
1
1
1
0.999996
1
0.999998
1
0.999997
1
1
1
1
0.999999
1
1
1
0.999999
1
0.999999
1
0.999998
0.999999
0.999998
0.999999
0.999997
0.999998
0.999996
0.999998
0.999992
0.999999
0.999993
0.999996
0.999997
0.999993
1
0.999987
1.00002
0.999993
0.999995
1.00002
0.999991
1.00001
1.00002
0.999994
1.00001
1.00001
0.999999
1
1
1
1
1
0.999998
1
1
1
1
1
0.999999
0.999999
1
1
1
1
1
1
1
1
1
1
1
1
1
1
1
1
1
1
1
1
1
1
1
1
1
1
1
1
1
1
0.999999
1
0.999999
1
1
0.999999
1
0.999997
1
1
0.999998
1
1
1
0.999997
1
1
1
0.999999
1
0.999999
1
1
1
1
1
1
1
1
1
1
0.999999
1
1
0.999998
1
0.999995
0.999999
1
0.999995
0.999999
0.999995
1
0.999991
1
1
0.999994
1.00002
0.999987
1.00001
1.00001
0.999997
1
1
1
1
1
1
0.999998
0.999995
1
1.00001
1
0.999999
0.999999
0.999999
0.999999
1
1
1
1
1
1
1
1
1
1
1
1
1
1
1
1
1
1
1
1
1
1
1
1
1
1
1
1
1
1
1
1
1
1
0.999999
1
0.999999
1
0.999999
1
1
0.999997
1
0.999999
1
0.999999
1
0.999999
1
1
1
0.999999
1
1
0.999999
1
0.999999
1
1
1
1
1
1
1
1
1
0.999999
1
0.999997
1
0.999997
1
0.999999
1
0.999998
0.999999
1
0.999992
1.00001
0.999991
1
1.00001
0.999989
1
1.00001
1.00001
0.999996
0.999999
1.00001
0.999998
1
1.00001
1
0.999995
0.999999
1
1
0.999999
0.999999
0.999999
0.999999
0.999999
1
1
1
1
1
1
1
1
1
1
1
1
1
1
1
1
1
1
1
1
1
1
1
1
1
1
1
1
1
1
1
1
1
1
1
1
1
0.999999
1
1
0.999999
1
1
1
0.999999
1
1
0.999999
1
1
1
1
1
1
1
0.999999
1
1
1
1
1
1
1
1
0.999999
0.999999
1
1
0.999999
0.999998
1
0.999999
1
0.999996
1.00001
0.999996
0.999997
1.00001
0.99999
1.00001
1
0.999995
0.999998
1.00001
1.00001
0.999989
1
1.00001
0.999995
1
1.00001
1
0.999998
0.999999
1
1
1
1
1
1
1
1
1
1
1
1
1
1
1
1
1
1
1
1
1
1
1
1
1
1
1
1
1
1
1
1
1
1
1
1
1
1
1
1
1
1
1
1
1
1
0.999999
1
0.999999
1
0.999999
0.999998
1
1
0.999999
1
0.999999
1
1
1
1
1
1
1
1
1
1
1
1
1
1
0.999999
1
0.999998
1
1
0.999999
1
1
0.999998
0.999996
1.00001
0.999993
1
1
0.999993
1
1
0.999997
0.999993
1.00001
1.00001
0.999993
1
1
0.999997
0.999999
1
1
1
1
1
1
1
1
1
1
1
1
1
1
1
1
1
1
1
1
1
1
1
1
1
1
1
1
1
1
1
1
1
1
1
1
1
1
1
1
1
1
1
1
1
1
1
0.999999
1
1
0.999999
1
1
1
1
0.999999
1
0.999999
1
1
1
0.999999
1
0.999999
1
1
1
1
1
1
1
0.999999
1
1
1
1
1
1
0.999999
1
0.999999
0.999999
1
0.999996
1
1
0.999993
1.00001
1
0.999995
1
1.00001
0.999997
0.999993
1.00001
1
0.999996
1
1
0.999999
0.999999
1
1
1
1
1
1
1
1
1
1
1
1
1
1
1
1
1
1
1
1
1
1
1
1
1
1
1
1
1
1
1
1
1
1
1
1
1
1
1
1
1
1
1
1
1
1
1
1
1
1
1
1
1
1
0.999999
1
1
1
1
1
1
1
1
1
1
1
1
1
1
0.999999
1
1
1
1
1
1
0.999999
1
1
1
0.999998
1
1
0.999994
1
1
0.999996
1
1
0.999996
1
1.00001
0.999999
0.999996
1
1
1
1
1
1
1
1
1
1
1
1
1
1
1
1
1
1
1
1
1
1
1
1
1
1
1
1
1
1
1
1
1
1
1
1
1
1
1
1
1
1
1
1
1
1
1
1
1
1
1
1
1
1
1
1
1
1
1
1
1
0.999999
1
1
1
0.999999
0.999999
1
0.999999
1
1
0.999999
1
1
1
1
0.999999
1
1
1
1
1
1
1
0.999999
1
1
0.999997
1
1
0.999996
1
1
0.999998
1
1
0.999997
0.999999
1
1
0.999999
0.999999
0.999999
1
1
1
1
1
1
1
1
1
1
1
1
1
1
1
1
1
1
1
1
1
1
1
1
1
1
1
1
1
1
1
1
1
1
1
1
1
1
1
1
1
1
1
1
1
1
1
1
1
1
1
1
1
1
0.999999
1
0.999999
1
1
1
1
1
1
1
1
1
1
1
1
0.999999
0.999999
1
1
1
1
1
1
1
0.999999
1
1
1
0.999999
1
1
0.999999
1
1
0.999999
1
0.999999
0.999999
1
1
0.999999
0.999999
1
1
1
1
1
1
1
1
1
1
1
1
1
1
1
1
1
1
1
1
1
1
1
1
1
1
1
1
1
1
1
1
1
1
1
1
1
1
1
1
1
1
1
1
1
1
1
1
1
1
1
1
1
1
1
1
1
1
1
1
1
1
1
1
1
1
1
1
1
1
1
1
1
1
1
1
1
1
1
1
1
1
1
0.999999
1
1
1
1
1
0.999999
1
1
1
1
1
0.999999
0.999999
1
1
1
1
0.999999
1
1
1
1
1
1
1
1
1
1
1
1
1
1
1
1
1
1
1
1
1
1
1
1
1
1
1
1
1
1
1
1
1
1
1
1
1
1
1
1
1
1
1
1
1
1
1
1
1
1
1
1
1
1
1
1
1
1
1
1
1
1
1
1
1
1
1
1
1
1
1
0.999999
1
1
1
1
1
1
1
1
1
1
1
1
1
1
1
1
0.999999
1
1
0.999999
1
1
1
0.999999
1
1
1
1
1
1
1
1
1
1
1
1
1
1
1
1
1
1
1
1
1
1
1
1
1
1
1
1
1
1
1
1
1
1
1
1
1
1
1
1
1
1
1
1
1
1
1
1
1
1
1
1
1
1
1
1
1
1
1
1
1
1
1
1
1
1
1
1
1
1
1
1
1
1
1
1
1
1
1
1
1
1
1
1
1
1
1
1
1
1
1
1
1
0.999999
1
1
0.999999
1
1
1
1
1
1
1
1
1
1
1
1
1
1
1
1
1
1
1
1
1
1
1
1
1
1
1
1
1
1
1
1
1
1
1
1
1
1
1
1
1
1
1
1
1
1
1
1
1
1
1
1
1
1
1
1
1
1
1
1
1
1
1
1
1
1
1
1
1
1
1
1
1
1
1
1
1
1
1
1
1
1
1
1
1
1
0.999999
1
1
1
1
1
1
0.999999
1
1
1
1
1
1
1
1
1
1
1
1
1
1
1
1
1
1
1
1
1
1
1
1
1
1
1
1
1
1
1
1
1
1
1
1
1
1
1
1
1
1
1
1
1
1
1
1
1
1
1
1
1
1
1
1
1
1
1
1
1
1
1
1
1
1
1
1
1
1
1
1
1
1
1
1
1
1
1
1
1
1
1
1
1
1
1
1
1
1
1
1
1
1
1
1
1
1
1
1
1
1
1
1
1
1
1
1
1
1
1
1
1
1
1
1
1
1
1
1
1
1
1
1
1
1
1
1
1
1
1
1
1
1
1
1
1
1
1
1
1
1
1
1
1
1
1
1
1
1
1
1
1
1
1
1
1
1
1
1
1
1
1
1
1
1
1
1
1
1
1
1
1
1
1
1
1
1
1
1
1
1
1
1
1
1
1
1
1
1
1
1
1
1
1
1
1
1
1
1
1
1
1
1
1
1
1
1
1
1
1
1
1
1
1
1
1
1
1
1
1
1
1
1
1
1
1
1
1
1
1
1
1
1
1
1
1
1
1
1
1
1
1
1
1
1
1
1
1
1
1
1
1
1
1
1
1
1
1
1
1
1
1
1
1
1
1
1
1
1
1
1
1
1
1
1
1
1
1
1
1
1
1
1
1
1
1
1
1
1
0.999999
0.999999
0.999999
1
0.999999
1
1
1
1
1
1
1
1
1
1
1
1
1
1
1
1
1
1
1
1
1
1
1
1
1
1
1
1
1
1
1
1
1
1
1
1
1
1
1
1
1
1
1
1
1
1
1
1
1
1
1
1
1
1
1
1
1
1
1
1
1
1
1
1
1
1
1
1
1
1
1
1
1
1
1
1
1
1
1
1
1
1
1
1
1
1
1
1
1
1
1
1
1
0.999999
0.999999
0.999999
0.999999
0.999999
0.999999
0.999999
0.999999
1
1
1
1
1
1
1
1
1
1
1
1
1
1
1
1
1
1
1
1
1
1
1
1
1
1
1
1
1
1
1
1
1
1
1
1
1
1
1
1
1
1
1
1
1
1
1
1
1
1
1
1
1
1
1
1
1
1
1
1
1
1
1
1
1
1
1
1
1
1
1
1
1
1
1
1
1
1
1
1
1
1
1
1
1
1
1
1
1
1
0.999999
0.999999
0.999999
0.999999
0.999999
0.999999
0.999999
0.999999
0.999999
0.999999
1
1
1
1
1
1
1
1
1
1
1
1
1
1
0.999999
0.999999
1
1
1
0.999999
1
1
1
1
1
1
1
1
1
1
1
1
1
1
1
1
1
1
1
1
1
1
1
)
;

boundaryField
{
    emptyPatches_empt
    {
        type            empty;
    }
    top_cyc
    {
        type            cyclic;
    }
    bottom_cyc
    {
        type            cyclic;
    }
    inlet_cyc
    {
        type            cyclic;
    }
    outlet_cyc
    {
        type            cyclic;
    }
}


// ************************************************************************* //
