/*--------------------------------*- C++ -*----------------------------------*\
  =========                 |
  \\      /  F ield         | OpenFOAM: The Open Source CFD Toolbox
   \\    /   O peration     | Website:  https://openfoam.org
    \\  /    A nd           | Version:  6
     \\/     M anipulation  |
\*---------------------------------------------------------------------------*/
FoamFile
{
    version     2.0;
    format      ascii;
    class       volScalarField;
    location    "1.34";
    object      p;
}
// * * * * * * * * * * * * * * * * * * * * * * * * * * * * * * * * * * * * * //

dimensions      [0 2 -2 0 0 0 0];

internalField   nonuniform List<scalar> 
4214
(
-0.976507
-0.832349
-0.524809
-0.302896
-0.224234
-0.179801
-0.141982
-0.11322
-0.0887667
-0.0686388
-0.052363
-0.0376981
-0.0252393
-0.0112879
-0.00373418
0.0014903
-0.001901
0.0207385
0.0283617
0.208183
0.504971
0.614588
0.53439
0.451463
0.370051
0.270776
0.160034
0.061655
-0.031867
-0.117236
-0.196117
-0.269297
-0.338569
-0.40436
-0.465637
-0.529149
-0.597904
-0.706043
-0.896851
-1.04236
-1.11535
-0.57279
-0.782717
-0.695512
-0.485687
-0.382307
-0.317345
-0.261862
-0.215842
-0.17324
-0.132443
-0.0924427
-0.0499696
-0.00338352
0.0566607
0.113935
0.176881
0.19368
0.202649
0.088869
0.146707
0.537894
0.920263
0.892795
0.675315
0.528727
0.36214
0.155106
-0.0422004
-0.228029
-0.39544
-0.545627
-0.676423
-0.788453
-0.8822
-0.961878
-1.03222
-1.11067
-1.22989
-1.39634
-1.36021
-1.25077
-1.11435
-1.11954
-1.02826
-0.806778
-0.658679
-0.549732
-0.455806
-0.377365
-0.306519
-0.239289
-0.172838
-0.100359
-0.0236744
0.0741303
0.164292
0.267345
0.318732
0.342027
0.242934
0.484853
1.08531
1.48894
1.40067
1.13417
0.864904
0.533268
0.184585
-0.146554
-0.462245
-0.74709
-1.00084
-1.22089
-1.4104
-1.57236
-1.71339
-1.84097
-1.96163
-2.11405
-2.29564
-2.31794
-2.2789
-1.53638
-1.44146
-1.30436
-1.06872
-0.891975
-0.751573
-0.630397
-0.526915
-0.43258
-0.341425
-0.249088
-0.14406
-0.0368899
0.101284
0.23367
0.384443
0.437896
0.474433
0.424729
0.789875
1.55758
2.0026
1.82031
1.47653
1.05886
0.580096
0.107398
-0.349228
-0.784301
-1.17325
-1.51666
-1.80946
-2.05858
-2.26825
-2.44802
-2.60647
-2.74956
-2.89651
-3.06834
-3.13309
-3.17317
-1.91022
-1.77288
-1.58179
-1.33009
-1.12811
-0.95931
-0.812916
-0.685327
-0.567591
-0.452294
-0.333416
-0.197401
-0.0558155
0.125287
0.306309
0.482102
0.553944
0.627073
0.580845
1.17515
2.09825
2.52138
2.23961
1.77507
1.18238
0.584574
-0.0389231
-0.637542
-1.20025
-1.69342
-2.12433
-2.48322
-2.78449
-3.0338
-3.2442
-3.42575
-3.5861
-3.73416
-3.90113
-4.006
-4.06411
-2.25705
-2.0859
-1.84964
-1.58238
-1.35943
-1.1671
-0.998471
-0.848544
-0.708044
-0.568573
-0.422027
-0.25324
-0.0751128
0.155405
0.385993
0.57973
0.79961
0.914307
0.813474
1.76844
2.76391
3.03594
2.64719
1.98436
1.23571
0.488299
-0.292027
-1.04012
-1.73701
-2.32796
-2.83741
-3.2493
-3.58931
-3.86319
-4.08738
-4.27366
-4.43282
-4.57467
-4.72409
-4.84824
-4.91101
-2.59256
-2.39193
-2.11871
-1.83614
-1.59442
-1.38138
-1.19185
-1.02012
-0.856547
-0.691894
-0.515303
-0.312286
-0.098847
0.190976
0.466018
0.736889
1.15175
1.2441
1.3101
2.62777
3.49077
3.5523
3.03747
2.14502
1.24017
0.286941
-0.681841
-1.57978
-2.41564
-3.09329
-3.67049
-4.12381
-4.4905
-4.7729
-4.99465
-5.16801
-5.30807
-5.42734
-5.54553
-5.66594
-5.71216
-2.93015
-2.69737
-2.39374
-2.09583
-1.83645
-1.60438
-1.39452
-1.2009
-1.01334
-0.821466
-0.611881
-0.37364
-0.120465
0.233194
0.554726
0.985618
1.51463
1.60702
2.07497
3.40017
4.2194
4.08592
3.39746
2.2445
1.13832
-0.0313622
-1.22104
-2.28334
-3.26006
-4.0147
-4.65381
-5.13174
-5.50756
-5.77377
-5.97498
-6.11834
-6.22222
-6.29447
-6.3623
-6.45008
-6.44852
-3.27809
-3.00912
-2.68035
-2.36694
-2.08986
-1.83936
-1.60897
-1.39264
-1.17945
-0.957888
-0.713461
-0.436229
-0.131282
0.2935
0.674692
1.28728
1.84791
2.13614
2.96647
4.09528
5.0474
4.65878
3.73094
2.28844
0.918214
-0.4912
-1.94834
-3.18846
-4.30742
-5.14124
-5.84907
-6.31114
-6.6684
-6.889
-7.04643
-7.13141
-7.17998
-7.19003
-7.19949
-7.23778
-7.11267
-3.64405
-3.33634
-2.98555
-2.65601
-2.36015
-2.09079
-1.83885
-1.59839
-1.35761
-1.10483
-0.82447
-0.5008
-0.123064
0.401605
0.85226
1.61053
2.20711
2.8796
3.96223
4.99991
5.90564
5.27696
4.0146
2.26883
0.544842
-1.18611
-2.93404
-4.35459
-5.636
-6.53132
-7.26975
-7.68961
-8.00449
-8.14609
-8.22657
-8.21104
-8.17552
-8.12638
-8.06609
-8.00293
-7.81105
-4.04778
-3.69546
-3.32062
-2.97266
-2.65523
-2.36497
-2.08901
-1.82219
-1.55143
-1.26455
-0.940925
-0.565701
-0.117953
0.514135
1.07104
1.97029
2.7269
3.7945
5.11044
6.19072
6.7771
5.90726
4.21086
2.09457
-0.0517166
-2.18663
-4.26564
-5.86605
-7.33075
-8.22509
-8.94486
-9.28608
-9.51506
-9.50437
-9.44924
-9.33782
-9.21117
-9.0803
-8.9495
-8.80302
-8.604
-4.49565
-4.09602
-3.69295
-3.3229
-2.9793
-2.66434
-2.36016
-2.06318
-1.75754
-1.42679
-1.04399
-0.615734
-0.120689
0.551967
1.21539
2.36941
3.40796
4.82576
6.40651
7.52332
7.69406
6.47452
4.30345
1.68509
-0.96836
-3.55951
-6.03745
-7.816
-9.4151
-10.2465
-10.9121
-11.0664
-11.0981
-10.9318
-10.7252
-10.4877
-10.255
-10.0255
-9.80874
-9.59967
-9.41419
-4.97748
-4.52865
-4.0945
-3.69945
-3.3265
-2.98314
-2.64583
-2.31205
-1.96296
-1.57499
-1.12929
-0.625024
-0.0414335
0.701495
1.44004
2.83984
4.20131
5.89739
7.75662
8.86767
8.64723
6.93193
4.28525
0.994885
-2.2943
-5.36454
-8.31529
-10.2424
-11.9127
-12.5401
-13.1212
-12.9665
-12.7692
-12.4152
-12.0357
-11.66
-11.2837
-10.9307
-10.5937
-10.2864
-10.0103
-5.4822
-4.99039
-4.52168
-4.10008
-3.69784
-3.32297
-2.94811
-2.56958
-2.17351
-1.72835
-1.21962
-0.615171
0.181084
1.13836
2.05424
3.65813
5.16275
7.07129
9.25095
10.145
9.50475
7.15678
3.93608
-0.101933
-4.13501
-7.75793
-11.2635
-13.1673
-14.9385
-15.074
-15.4637
-14.9967
-14.5263
-13.9588
-13.392
-12.8341
-12.2913
-11.7994
-11.3297
-10.9105
-10.5311
-6.05822
-5.53619
-5.02879
-4.57024
-4.13556
-3.71866
-3.30514
-2.87863
-2.44895
-1.94261
-1.38057
-0.703339
0.162362
1.25064
2.489
4.68219
6.30785
8.63935
11.3115
11.429
10.2265
7.15965
3.1501
-1.90697
-6.94218
-11.142
-15.5938
-16.7609
-18.685
-18.082
-17.989
-17.1722
-16.3367
-15.5618
-14.7286
-13.9681
-13.2382
-12.6082
-12.0039
-11.4862
-11.0115
-6.79966
-6.2622
-5.69679
-5.17028
-4.69567
-4.20954
-3.77138
-3.29188
-2.852
-2.26847
-1.66756
-0.996693
-0.169206
0.917816
2.12944
4.75323
7.19797
10.6228
14.0491
13.0504
11.003
7.00959
1.84879
-4.60622
-11.167
-15.7382
-22.1311
-21.5503
-23.2755
-21.6845
-20.9086
-19.5985
-18.0924
-17.1357
-15.9463
-15.0381
-14.0876
-13.3396
-12.5706
-11.9874
-11.4188
-7.48902
-6.95565
-6.37965
-5.83567
-5.27995
-4.76063
-4.27684
-3.74544
-3.23548
-2.59766
-1.94467
-1.34472
-0.5407
0.559416
1.7927
4.63045
8.03014
12.3695
15.9694
14.3171
11.4979
5.96358
-0.691662
-8.74235
-16.376
-21.6967
-29.0761
-27.3828
-27.9945
-25.4823
-24.0906
-22.0024
-19.9107
-18.6578
-17.1968
-16.0688
-14.9919
-14.0569
-13.1507
-12.4606
-11.8272
-11.315
-10.9488
-10.602
-10.2408
-9.86232
-9.42771
-8.85015
-8.13426
-7.50243
-6.90847
-6.28263
-5.62759
-4.93369
-4.21229
-3.43364
-2.75188
-2.04245
-10.8493
-10.5735
-10.3276
-10.0362
-9.72374
-9.40703
-9.03208
-8.51586
-8.01603
-7.50515
-6.97464
-6.40424
-5.78911
-5.15655
-4.43862
-3.82541
-2.89922
-10.4568
-10.2447
-10.0617
-9.84396
-9.59855
-9.3663
-9.12878
-8.78082
-8.35468
-7.92802
-7.49234
-7.01958
-6.50532
-5.96658
-5.3471
-4.80039
-3.89785
-10.0792
-9.93158
-9.8252
-9.67661
-9.48273
-9.29778
-9.13092
-8.92584
-8.61983
-8.29392
-7.94027
-7.5555
-7.13421
-6.6894
-6.16405
-5.67742
-4.87817
-9.76689
-9.66073
-9.60331
-9.512
-9.37189
-9.23013
-9.10109
-8.97399
-8.79524
-8.55503
-8.28807
-7.99027
-7.6556
-7.30059
-6.87529
-6.47029
-5.78871
-9.46958
-9.40158
-9.3962
-9.3537
-9.26752
-9.16079
-9.05985
-8.96964
-8.87516
-8.73257
-8.54714
-8.33018
-8.07631
-7.80118
-7.47591
-7.15679
-6.5958
-9.20226
-9.16376
-9.19691
-9.19249
-9.15023
-9.08973
-9.01698
-8.94471
-8.88139
-8.81599
-8.71321
-8.57186
-8.39508
-8.19348
-7.95716
-7.71295
-7.27975
-8.94415
-8.92351
-9.00497
-9.02731
-9.02076
-8.99929
-8.96403
-8.91783
-8.86791
-8.82383
-8.78463
-8.71746
-8.60996
-8.47761
-8.3141
-8.13688
-7.83954
-8.6866
-8.68234
-8.79877
-8.8533
-8.87507
-8.88694
-8.88547
-8.8696
-8.84641
-8.81974
-8.79138
-8.76722
-8.72972
-8.65605
-8.55641
-8.44345
-8.26024
-8.43284
-8.43449
-8.57563
-8.65383
-8.70464
-8.74611
-8.77632
-8.79164
-8.79416
-8.79076
-8.78497
-8.77432
-8.75827
-8.74251
-8.70234
-8.63761
-8.5341
-8.15948
-8.17384
-8.32823
-8.42422
-8.50165
-8.56756
-8.62163
-8.66798
-8.70182
-8.72409
-8.74061
-8.75409
-8.76093
-8.75762
-8.7465
-8.73087
-8.6902
-7.88061
-7.89943
-8.0564
-8.16295
-8.25995
-8.34873
-8.42289
-8.48851
-8.55
-8.60021
-8.64105
-8.67717
-8.71084
-8.73759
-8.75835
-8.76071
-8.76058
-7.56104
-7.60438
-7.75592
-7.86863
-7.97744
-8.08097
-8.17482
-8.25682
-8.33245
-8.40662
-8.4716
-8.52901
-8.58374
-8.63248
-8.68532
-8.71196
-8.76304
-7.24705
-7.28705
-7.42838
-7.54052
-7.65264
-7.76147
-7.86663
-7.96482
-8.05349
-8.13807
-8.2212
-8.30075
-8.37479
-8.44349
-8.51932
-8.56879
-8.6628
-6.8897
-6.94831
-7.06857
-7.1712
-7.27779
-7.38409
-7.49007
-7.59523
-7.69744
-7.79144
-7.8847
-7.97761
-8.06537
-8.15122
-8.2442
-8.31554
-8.44059
-6.55017
-6.56621
-6.65931
-6.74844
-6.84306
-6.9396
-7.03801
-7.13872
-7.24104
-7.34319
-7.44261
-7.54175
-7.63758
-7.74907
-7.84535
-7.92649
-8.07021
-6.11941
-6.14779
-6.21391
-6.27863
-6.35021
-6.42678
-6.50814
-6.5936
-6.68178
-6.77446
-6.87199
-6.96503
-7.06225
-7.17573
-7.26403
-7.38068
-7.5468
-5.71963
-5.70895
-5.73228
-5.76369
-5.80528
-5.85403
-5.90821
-5.96648
-6.02941
-6.09973
-6.17338
-6.24573
-6.33249
-6.42142
-6.48491
-6.63406
-6.73697
-5.21481
-5.21259
-5.21253
-5.21335
-5.21658
-5.22512
-5.23936
-5.25869
-5.28375
-5.31376
-5.34511
-5.38558
-5.44649
-5.49302
-5.51334
-5.63876
-5.62165
-4.7347
-4.67014
-4.62319
-4.58221
-4.54528
-4.51217
-4.48349
-4.45931
-4.43941
-4.42349
-4.41146
-4.40459
-4.40219
-4.39357
-4.38797
-4.45486
-4.38815
-4.0734
-4.01787
-3.94592
-3.86806
-3.79048
-3.71642
-3.64302
-3.5716
-3.50344
-3.43955
-3.37813
-3.31731
-3.26128
-3.1988
-3.13046
-3.13353
-2.93469
-3.58469
-3.42567
-3.28874
-3.15901
-3.03152
-2.90566
-2.78174
-2.65961
-2.53776
-2.41393
-2.28161
-2.13885
-2.01204
-1.86389
-1.68572
-1.62927
-1.29699
-2.9011
-2.76903
-2.60679
-2.43423
-2.25859
-2.08398
-1.90967
-1.73015
-1.54083
-1.3507
-1.15043
-0.944674
-0.754997
-0.531463
-0.278472
-0.185241
0.260688
-2.43934
-2.17766
-1.94004
-1.71024
-1.48388
-1.2582
-1.02362
-0.780738
-0.532598
-0.281613
-0.0218028
0.241272
0.493215
0.777452
1.05768
1.17994
1.73501
-1.75638
-1.52508
-1.25619
-0.982353
-0.708194
-0.425856
-0.133093
0.16579
0.468821
0.774459
1.0884
1.40474
1.71043
2.04975
2.37573
2.57304
3.18455
-1.29077
-0.925335
-0.585329
-0.259535
0.064824
0.404722
0.748852
1.09834
1.45036
1.80402
2.16486
2.5242
2.87056
3.25605
3.61869
3.85337
4.47221
-0.611628
-0.279222
0.0933216
0.461813
0.835256
1.22389
1.61514
2.00897
2.40239
2.79496
3.19062
3.57849
3.95341
4.36145
4.72441
4.9598
5.57721
-0.134857
0.330694
0.765002
1.17912
1.59895
2.03086
2.46262
2.89265
3.31761
3.73675
4.15203
4.55315
4.93788
5.34291
5.69475
5.94094
6.51843
0.54441
0.97643
1.44236
1.89387
2.35577
2.82525
3.2896
3.74574
4.19011
4.62152
5.04121
5.44126
5.81791
6.20365
6.5379
6.77857
7.30226
1.05016
1.60926
2.12346
2.60916
3.10809
3.60787
4.09479
4.56468
5.01443
5.44305
5.85198
6.23569
6.59225
6.94855
7.25627
7.48198
7.94669
1.75475
2.27582
2.81477
3.32739
3.85908
4.37929
4.876
5.34519
5.78541
6.19698
6.58248
6.93919
7.26569
7.58636
7.86403
8.07196
8.47302
2.31744
2.95285
3.52128
4.05586
4.61239
5.13849
5.62937
6.08216
6.4983
6.88033
7.23237
7.55424
7.84536
8.1277
8.37223
8.55743
8.89788
3.08752
3.66776
4.24663
4.80174
5.36603
5.88193
6.34962
6.77039
7.14945
7.49208
7.80373
8.08611
8.34037
8.58329
8.79503
8.95788
9.23974
3.74413
4.41644
5.00087
5.56891
6.11872
6.60392
7.03014
7.40469
7.73644
8.03311
8.30087
8.54239
8.75967
8.96392
9.14358
9.28418
9.51223
4.62522
5.21051
5.78615
6.35382
6.86269
7.29491
7.66275
7.97972
8.25741
8.5049
8.7282
8.92992
9.11222
9.28127
9.42931
9.54537
9.72531
5.4115
6.05591
6.61674
7.14528
7.58446
7.94274
8.23879
8.49078
8.7114
8.90958
9.09004
9.2543
9.40362
9.54103
9.6609
9.75454
9.88974
6.43824
6.95429
7.47935
7.92641
8.26968
8.53713
8.75306
8.93732
9.10158
9.25301
9.39379
9.52357
9.64206
9.74937
9.84092
9.9158
10.0168
7.38321
7.9214
8.36273
8.68262
8.90819
9.07522
9.20899
9.32756
9.43926
9.54808
9.65262
9.75046
9.83985
9.91904
9.98293
10.0341
10.1105
8.57776
8.94129
9.22755
9.39762
9.49471
9.55993
9.61499
9.67283
9.73624
9.80584
9.87625
9.9433
10.0041
10.0564
10.0976
10.1336
10.1827
9.6936
9.96403
10.0523
10.0491
10.0162
9.98224
9.96193
9.96166
9.97721
10.0086
10.0465
10.085
10.1201
10.1491
10.1732
10.2021
10.2421
9.04058
9.36084
9.68924
9.95276
10.211
10.4249
10.6274
10.8036
10.9783
11.1344
11.2855
11.4311
11.5767
11.74
11.9087
12.1177
12.307
12.5603
12.7768
13.0768
13.3169
13.6676
13.9411
14.3607
14.657
15.1388
15.4369
15.9468
16.2252
16.7231
16.8909
17.224
17.1718
17.0145
16.638
16.0801
15.381
14.3687
13.3373
12.095
10.9591
8.82684
9.16299
9.46955
9.737
9.98103
10.2002
10.4013
10.587
10.7593
10.9184
11.0713
11.2213
11.3715
11.5255
11.6904
11.8666
12.058
12.2669
12.4957
12.7439
12.9996
13.2798
13.5733
13.8988
14.2227
14.5796
14.9257
15.289
15.595
15.9125
16.1342
16.3064
16.2538
16.0475
15.7072
15.2248
14.5797
13.7729
12.8667
11.9046
10.9045
8.59097
8.94542
9.24546
9.52307
9.76956
9.99659
10.2026
10.3918
10.5626
10.725
10.881
11.0335
11.185
11.338
11.4973
11.6634
11.8421
12.0328
12.243
12.4677
12.7125
12.9622
13.2354
13.5156
13.8135
14.1215
14.4325
14.7268
14.9886
15.2259
15.4161
15.4722
15.3797
15.1695
14.8588
14.4194
13.845
13.1713
12.4075
11.6229
10.7929
8.3881
8.74247
9.04507
9.32532
9.57794
9.80895
10.0177
10.2071
10.3837
10.551
10.7112
10.8665
11.0196
11.1732
11.3301
11.4923
11.6625
11.8428
12.0361
12.2433
12.4656
12.6997
12.9432
13.1925
13.4588
13.7275
13.9836
14.2215
14.434
14.622
14.7375
14.7163
14.5998
14.4052
14.1113
13.7073
13.2035
12.6228
11.9824
11.3197
10.6343
8.19105
8.5459
8.84959
9.13378
9.38934
9.6218
9.83429
10.0311
10.2148
10.3876
10.5519
10.71
10.8649
11.0189
11.1744
11.3334
11.498
11.6703
11.8519
12.0445
12.2486
12.4629
12.6827
12.91
13.1452
13.3664
13.5775
13.7691
13.9415
14.0752
14.1004
14.0481
13.9297
13.7391
13.457
13.0869
12.6413
12.1382
11.5861
11.0372
10.4709
7.99514
8.34427
8.64735
8.93311
9.19305
9.43339
9.65477
9.86007
10.0513
10.2306
10.4001
10.5625
10.72
10.8753
11.0306
11.1879
11.349
11.5154
11.6885
11.8694
12.0579
12.2529
12.4544
12.6613
12.8572
13.042
13.2135
13.3688
13.4979
13.5573
13.5435
13.4783
13.359
13.1652
12.8962
12.5591
12.1646
11.7247
11.2575
10.8021
10.3352
7.81356
8.1533
8.45108
8.73767
9.00175
9.24841
9.47753
9.69097
9.89029
10.0772
10.2534
10.4208
10.5822
10.7401
10.8967
11.0538
11.2128
11.3751
11.5416
11.7128
11.8884
12.0678
12.251
12.43
12.5961
12.7508
12.8915
13.0126
13.0872
13.0974
13.0699
13
12.8695
12.6766
12.4239
12.1193
11.7698
11.3866
10.9947
10.6184
10.2351
7.65197
7.97762
8.26647
8.54987
8.81482
9.06522
9.30056
9.52204
9.72971
9.92443
10.1077
10.2814
10.4482
10.6102
10.7695
10.9278
11.0864
11.2462
11.408
11.5717
11.7372
11.9035
12.0666
12.2199
12.3625
12.4923
12.6061
12.6893
12.7144
12.7125
12.6762
12.5909
12.4543
12.2667
12.0325
11.7566
11.4445
11.1209
10.7941
10.4846
10.1715
7.51401
7.81983
8.09534
8.37083
8.63247
8.88399
9.12372
9.35126
9.56629
9.76889
9.96001
10.1413
10.3149
10.4828
10.647
10.8089
10.9693
11.1291
11.2884
11.4467
11.6036
11.7564
11.8985
12.0343
12.1572
12.2653
12.3504
12.3937
12.4058
12.393
12.3401
12.2449
12.107
11.9285
11.7128
11.4634
11.1942
10.9205
10.6483
10.3939
10.1386
7.40003
7.68108
7.93891
8.2019
8.45693
8.70648
8.94802
9.18003
9.40144
9.61188
9.81176
10.0021
10.1845
10.3607
10.5326
10.7006
10.8652
11.0266
11.1847
11.3385
11.4871
11.626
11.7538
11.8734
11.9792
12.0657
12.1221
12.1458
12.1498
12.1208
12.0567
11.9566
11.8215
11.6538
11.4558
11.234
11.0038
10.7731
10.5467
10.3381
10.1308
7.31112
7.56262
7.79865
8.04506
8.29031
8.53463
8.77506
9.00916
9.23542
9.4532
9.66219
9.86267
10.0555
10.2419
10.4224
10.5973
10.7679
10.9332
11.092
11.2435
11.3857
11.5137
11.6311
11.7368
11.8265
11.8921
11.9266
11.9433
11.9322
11.8917
11.8207
11.7195
11.5896
11.4323
11.2507
11.0585
10.8618
10.667
10.4783
10.3072
10.1384
7.24742
7.4662
7.67664
7.90179
8.13185
8.36584
8.60083
8.83374
9.06229
9.2855
9.5026
9.71351
9.91808
10.1152
10.3055
10.4897
10.6693
10.842
11.0056
11.159
11.2987
11.4211
11.5298
11.6231
11.6977
11.745
11.7714
11.7737
11.7506
11.7015
11.6264
11.5259
11.4008
11.2529
11.0918
10.9243
10.7556
10.5908
10.4333
10.2924
10.1544
7.20525
7.39072
7.5741
7.77394
7.98432
8.20397
8.43006
8.65889
8.88722
9.11387
9.33835
9.56022
9.77789
9.98953
10.195
10.3934
10.5839
10.7655
10.9353
11.0906
11.2276
11.3465
11.4484
11.5315
11.5935
11.6316
11.6465
11.638
11.6055
11.5495
11.4706
11.3693
11.247
11.111
10.9678
10.8216
10.6765
10.5365
10.4047
10.2871
10.1724
7.17618
7.32894
7.48919
7.66589
7.85858
8.06452
8.27945
8.50197
8.7287
8.95835
9.19022
9.42269
9.65387
9.88379
10.1069
10.3199
10.5213
10.7105
10.884
11.0387
11.172
11.2885
11.3857
11.4617
11.5151
11.5449
11.5513
11.5347
11.4953
11.4337
11.3506
11.2471
11.1307
11.0068
10.8783
10.7492
10.6219
10.4996
10.386
10.2844
10.1884
7.16325
7.27776
7.41337
7.56719
7.74128
7.93039
8.13112
8.34457
8.56717
8.79789
9.03468
9.2749
9.51699
9.75899
9.99577
10.2245
10.442
10.6442
10.8283
10.9907
11.1299
11.2475
11.3422
11.4129
11.4588
11.4803
11.478
11.4525
11.4052
11.3376
11.2516
11.1522
11.0425
10.9269
10.8082
10.6905
10.5761
10.4671
10.3667
10.2771
10.202
7.179
7.24761
7.34257
7.46158
7.60507
7.77059
7.95829
8.15957
8.37372
8.60061
8.8379
9.08351
9.33571
9.5905
9.84598
10.098
10.3395
10.5644
10.7702
10.9507
11.1036
11.2257
11.3188
11.3838
11.4205
11.4308
11.4163
11.3775
11.3175
11.2398
11.1493
11.0509
10.9465
10.8382
10.7288
10.6198
10.5183
10.4263
10.3449
10.2743
10.2214
7.21725
7.24368
7.31173
7.40803
7.53039
7.677
7.84483
8.0328
8.23996
8.46346
8.70324
8.95807
9.22398
9.49614
9.77038
10.0409
10.3004
10.5417
10.7565
10.9413
11.0955
11.2198
11.3113
11.3704
11.3984
11.3973
11.3697
11.3199
11.2517
11.169
11.0757
10.9752
10.8715
10.767
10.6657
10.5701
10.4809
10.4016
10.3359
10.2891
10.2714
-1.39037
-1.59919
-1.84685
-2.22605
-2.55129
-2.88646
-3.21451
-3.55263
-3.90426
-4.26976
-4.68011
-5.14558
-5.63216
-6.16125
-6.81359
-7.52314
-8.19977
-1.73039
-2.26346
-2.52885
-2.91703
-3.2524
-3.60021
-3.94467
-4.29905
-4.67078
-5.06262
-5.47883
-5.9526
-6.46043
-6.97945
-7.65183
-8.43166
-9.07491
-2.40247
-3.0115
-3.30318
-3.68886
-4.02895
-4.37808
-4.7259
-5.08387
-5.4567
-5.85104
-6.2744
-6.73714
-7.22235
-7.71263
-8.34262
-9.05676
-9.47328
-3.26809
-3.8672
-4.17941
-4.56521
-4.9101
-5.2602
-5.6098
-5.96919
-6.34301
-6.73647
-7.15712
-7.60927
-8.08283
-8.59149
-9.22942
-9.85383
-10.1732
-4.30119
-4.86509
-5.18042
-5.55695
-5.89499
-6.23637
-6.57879
-6.93124
-7.29976
-7.68814
-8.09898
-8.5335
-9.00938
-9.48814
-10.0459
-10.7603
-11.1835
-5.4611
-5.974
-6.27775
-6.62622
-6.94389
-7.26593
-7.59114
-7.92695
-8.27809
-8.64332
-9.02145
-9.4338
-9.85871
-10.3012
-10.7801
-11.3053
-11.6593
-6.69567
-7.14425
-7.42576
-7.73311
-8.02214
-8.32099
-8.62496
-8.94162
-9.25853
-9.59353
-9.95641
-10.3286
-10.7136
-11.1073
-11.5672
-11.995
-12.2812
-7.97063
-8.34811
-8.60021
-8.87033
-9.13619
-9.4097
-9.68193
-9.96687
-10.2664
-10.576
-10.8919
-11.2259
-11.5793
-11.9236
-12.312
-12.8392
-13.2309
-9.26592
-9.57482
-9.78959
-10.02
-10.2509
-10.4849
-10.7327
-10.9821
-11.2354
-11.4999
-11.7745
-12.0616
-12.3706
-12.6981
-13.0371
-13.52
-14.0007
-10.5044
-10.7388
-10.9162
-11.1035
-11.2912
-11.4862
-11.6826
-11.8763
-12.083
-12.298
-12.5241
-12.7621
-13.018
-13.3093
-13.6106
-13.9122
-14.3156
-11.6287
-11.7852
-11.9181
-12.0573
-12.2007
-12.3466
-12.4932
-12.6506
-12.8172
-12.9928
-13.1805
-13.3827
-13.6025
-13.8498
-14.1184
-14.3855
-14.693
-12.5995
-12.6933
-12.7849
-12.8789
-12.978
-13.0787
-13.1882
-13.3072
-13.4379
-13.583
-13.7443
-13.9249
-14.1275
-14.3409
-14.5666
-14.8208
-15.0939
-13.3518
-13.3943
-13.448
-13.5024
-13.5622
-13.6332
-13.7146
-13.8086
-13.9138
-14.025
-14.141
-14.2594
-14.3777
-14.4981
-14.6191
-14.7446
-14.8937
-13.8233
-13.8265
-13.8491
-13.876
-13.9046
-13.9418
-13.9859
-14.0367
-14.0933
-14.1547
-14.2208
-14.2923
-14.371
-14.4566
-14.5454
-14.6259
-14.7174
-13.9963
-13.9864
-13.9839
-13.9846
-13.9834
-13.988
-13.9989
-14.0159
-14.0399
-14.0724
-14.1151
-14.1684
-14.2324
-14.3068
-14.3933
-14.4951
-14.6379
-13.8984
-13.8782
-13.847
-13.8462
-13.8401
-13.8377
-13.8382
-13.8431
-13.8543
-13.8727
-13.897
-13.929
-13.9693
-14.0183
-14.0767
-14.1468
-14.241
-13.531
-13.5343
-13.4927
-13.4924
-13.4888
-13.4855
-13.4877
-13.4952
-13.5079
-13.5264
-13.55
-13.5781
-13.6108
-13.6483
-13.6905
-13.7318
-13.7711
-12.9173
-12.9353
-12.8958
-12.902
-12.9091
-12.9141
-12.9258
-12.9443
-12.9668
-12.9937
-13.0268
-13.0672
-13.1159
-13.1738
-13.2433
-13.325
-13.4384
-12.0565
-12.0862
-12.048
-12.0636
-12.084
-12.1016
-12.1222
-12.1481
-12.1784
-12.2133
-12.253
-12.2977
-12.3476
-12.4026
-12.4642
-12.5328
-12.617
-10.9949
-11.0497
-11.0201
-11.0372
-11.0649
-11.0924
-11.1256
-11.1652
-11.2099
-11.2596
-11.3139
-11.372
-11.4326
-11.4932
-11.551
-11.5966
-11.6175
-9.68538
-9.77863
-9.77257
-9.79647
-9.83618
-9.87889
-9.93095
-9.99215
-10.0612
-10.139
-10.2263
-10.3241
-10.4339
-10.5572
-10.698
-10.8542
-11.049
-8.16647
-8.29742
-8.31217
-8.37393
-8.43731
-8.50151
-8.57723
-8.66169
-8.75333
-8.8531
-8.96119
-9.07754
-9.20317
-9.33946
-9.49184
-9.66491
-9.89302
-6.58687
-6.75189
-6.773
-6.86667
-6.95902
-7.0489
-7.15038
-7.26042
-7.37893
-7.50786
-7.64685
-7.79447
-7.94905
-8.10572
-8.25913
-8.39253
-8.48741
-5.02279
-5.22083
-5.23284
-5.33478
-5.4448
-5.54804
-5.66985
-5.80153
-5.944
-6.09958
-6.27042
-6.45934
-6.67101
-6.9086
-7.17785
-7.46853
-7.79781
-3.45279
-3.67073
-3.70043
-3.81275
-3.93762
-4.05275
-4.18686
-4.33123
-4.48436
-4.65015
-4.82781
-5.01681
-5.21988
-5.44101
-5.702
-6.01482
-6.46708
-1.94975
-2.18182
-2.22222
-2.34759
-2.48289
-2.60414
-2.7448
-2.89685
-3.05935
-3.23841
-3.4349
-3.64828
-3.87749
-4.11246
-4.33815
-4.51054
-4.64946
-0.570067
-0.817276
-0.854058
-0.979063
-1.11661
-1.23672
-1.37497
-1.5242
-1.68271
-1.85738
-2.0513
-2.2685
-2.51882
-2.81026
-3.15988
-3.55968
-3.98117
0.702235
0.450194
0.405207
0.281363
0.145762
0.0297521
-0.102033
-0.244019
-0.393981
-0.558363
-0.738915
-0.935951
-1.15312
-1.3914
-1.68136
-2.03481
-2.63261
1.84388
1.59007
1.54241
1.42208
1.29164
1.18322
1.06264
0.933414
0.797473
0.647505
0.479416
0.290307
0.0766619
-0.156167
-0.398725
-0.577148
-0.771882
2.85514
2.60121
2.55053
2.43683
2.3148
2.21608
2.10992
1.998
1.88201
1.75545
1.61375
1.45229
1.26131
1.02805
0.732322
0.350262
-0.0753813
3.73801
3.48773
3.43439
3.3264
3.21461
3.12708
3.03676
2.94455
2.8512
2.75059
2.63829
2.51142
2.36469
2.19772
1.98435
1.70029
1.17687
4.49863
4.25352
4.19785
4.09723
3.99574
3.91924
3.84514
3.7739
3.70528
3.63328
3.55303
3.45941
3.34471
3.20859
3.04575
2.94417
2.77417
5.14655
4.91404
4.85241
4.75886
4.66729
4.60118
4.54216
4.48946
4.44352
4.40033
4.35592
4.30543
4.23902
4.14232
3.99814
3.76145
3.44614
5.69022
5.47462
5.40766
5.32135
5.24045
5.18474
5.13794
5.10024
5.07473
5.05946
5.04648
5.0342
5.01913
4.99131
4.93566
4.81696
4.53331
6.13765
5.94495
5.87344
5.7948
5.72487
5.67764
5.64307
5.62671
5.62211
5.62798
5.64243
5.66132
5.68053
5.69715
5.70419
5.74028
5.7257
6.49504
6.33128
6.25773
6.18711
6.12611
6.08694
6.07134
6.07028
6.08529
6.11496
6.15612
6.20505
6.25764
6.30812
6.35065
6.35922
6.2786
6.76647
6.63504
6.56629
6.50626
6.45442
6.42954
6.42749
6.44299
6.47799
6.53033
6.59733
6.67563
6.76145
6.85266
6.94604
7.02313
7.06798
6.9578
6.86366
6.80976
6.76494
6.72791
6.72025
6.72852
6.75853
6.81055
6.88321
6.97401
7.07881
7.19353
7.31707
7.44377
7.61261
7.75822
7.08886
7.03233
6.99606
6.9703
6.95613
6.95799
6.97789
7.0201
7.0863
7.17637
7.28892
7.41867
7.56026
7.70949
7.86485
8.01653
8.13506
7.18161
7.14045
7.11244
7.10807
7.11197
7.12882
7.16444
7.22318
7.30718
7.41568
7.55178
7.70906
7.87926
8.05635
8.24218
8.43415
8.64482
-7.71975
-6.50927
-5.30494
-4.09965
-2.65813
-0.895101
2.04498
7.76962
14.1794
13.2
1.6937
-16.3669
-30.6067
-32.3248
-28.1008
-23.2888
-19.6477
-16.6845
-14.4476
-12.7408
-8.15079
-6.96725
-5.73221
-4.45231
-2.88941
-0.872849
2.71569
8.48171
14.8208
12.879
-2.08517
-24.2126
-39.1614
-38.5634
-32.1744
-25.5731
-21.1697
-17.7072
-15.1529
-13.2518
-8.68113
-7.52412
-6.26634
-4.92986
-3.28147
-1.04547
3.02323
8.79462
14.5386
11.2228
-7.64768
-34.0382
-48.3396
-45.8369
-37.0262
-28.0233
-22.7993
-18.8214
-15.9122
-13.8111
-9.35332
-8.22552
-6.96614
-5.61152
-3.95335
-1.67534
2.68742
8.00226
12.8733
7.94178
-14.9675
-45.3544
-58.6903
-53.6808
-42.7708
-30.9567
-24.5437
-20.0554
-16.7551
-14.4501
-10.2124
-9.12003
-7.90077
-6.57726
-4.95578
-2.84061
1.49051
6.00415
9.34443
2.23179
-24.471
-57.057
-70.0891
-62.0066
-47.8803
-34.3786
-26.3277
-21.3896
-17.7319
-15.1934
-11.2976
-10.2745
-9.17339
-7.94053
-6.42442
-4.46213
-1.00124
1.82894
3.36037
-5.65243
-35.577
-68.7424
-80.7967
-70.1694
-52.0495
-38.0729
-28.2079
-22.8495
-18.8521
-16.0376
-12.6911
-11.8495
-10.9937
-9.90784
-8.69931
-7.25251
-5.88998
-5.44055
-5.58007
-15.9453
-47.3961
-79.1756
-89.3552
-77.0162
-56.787
-41.468
-30.3631
-24.4458
-20.1307
-16.9981
-14.5954
-14.1168
-13.6035
-12.955
-12.5386
-12.2337
-14.0006
-16.3488
-17.5656
-28.5755
-58.8552
-87.1985
-94.8731
-81.4549
-61.7203
-44.4311
-32.9334
-26.1876
-21.5154
-18.0476
-17.2744
-17.2093
-17.2832
-17.4713
-18.7879
-20.8229
-25.8286
-30.2646
-31.8154
-42.5836
-68.6552
-91.9837
-97.0539
-83.3204
-65.8047
-47.6138
-35.4302
-27.8601
-22.9576
-19.2213
-20.6775
-21.2528
-22.3694
-23.9994
-27.5314
-32.9388
-40.1353
-45.3739
-46.6923
-56.0585
-75.3209
-92.1273
-96.005
-82.9333
-68.4169
-51.326
-37.3946
-29.6245
-24.6085
-20.6253
-24.9792
-26.3943
-29.1064
-32.4963
-38.0197
-46.669
-54.7916
-58.7972
-59.7084
-66.2648
-78.3382
-90.2501
-92.2823
-80.4367
-67.6028
-54.4307
-40.6769
-31.7409
-26.2024
-22.0559
-30.2589
-32.6427
-36.9313
-42.0652
-49.9647
-59.0605
-66.165
-68.5614
-68.9636
-71.8947
-78.1248
-86.109
-86.5106
-76.2039
-65.0026
-54.4516
-42.9272
-32.9009
-27.3665
-23.3745
-36.2459
-39.6748
-45.0891
-52.103
-60.3845
-67.933
-72.6898
-73.8878
-73.6713
-73.7525
-76.4072
-80.1998
-78.9891
-70.6123
-60.5857
-52.3121
-43.7948
-35.3754
-29.0873
-24.9374
-42.3969
-47.1916
-53.7011
-60.8878
-67.4125
-72.2726
-74.6316
-75.2077
-74.1586
-72.0015
-72.2117
-72.9187
-70.2057
-63.8595
-55.3848
-48.7562
-42.8175
-36.175
-30.4682
-26.5179
-49.0074
-54.6051
-60.6222
-65.7628
-69.6269
-72.2091
-73.5771
-73.831
-71.6337
-67.8242
-66.0228
-64.42
-61.1123
-56.4211
-49.9426
-43.7283
-39.7003
-35.3842
-31.1391
-27.2955
-54.7045
-58.978
-62.4492
-65.5427
-68.2163
-69.9945
-70.8934
-70.5406
-67.2555
-62.3142
-58.6572
-55.6749
-52.8095
-49.3695
-44.6501
-39.0078
-35.3608
-32.8627
-30.2022
-28.0839
-57.3915
-58.9194
-60.4997
-62.7874
-64.8551
-66.167
-66.6204
-65.2786
-61.217
-55.8459
-51.267
-48.0616
-45.882
-43.4976
-40.1392
-35.7013
-31.6264
-29.5936
-28.5829
-27.2661
-55.7647
-56.4374
-57.4242
-59.1093
-60.5233
-61.1959
-60.9583
-58.5442
-54.1356
-49.1134
-44.9734
-42.3304
-40.7234
-39.1202
-36.8499
-33.6666
-29.9512
-27.2607
-26.603
-25.9852
-51.7692
-52.6887
-54.0701
-55.4609
-56.1471
-56.0011
-54.3373
-51.1054
-46.8927
-42.7713
-39.7418
-38.0198
-37.0346
-36.07
-34.7099
-32.5565
-29.812
-27.0406
-25.6669
-25.688
-47.8621
-47.9334
-48.2899
-48.478
-48.1778
-47.0902
-44.9746
-42.2552
-39.211
-36.5595
-34.7948
-33.9487
-33.6372
-33.2978
-32.7588
-31.7321
-30.2984
-28.8396
-27.8418
-28.4615
-28.4386
-21.4219
-19.9045
-24.3181
-25.7952
-24.1318
-23.2648
-21.931
-20.4594
-19.1815
-17.9445
-16.7667
-15.7511
-14.8524
-14.0418
-13.3477
-12.7601
-12.2612
-11.8362
-11.457
-29.7584
-23.314
-20.9436
-23.629
-23.7435
-22.0808
-21.0308
-19.7133
-18.2871
-17.0496
-15.9104
-14.8598
-13.9539
-13.1698
-12.4985
-11.9356
-11.4711
-11.0817
-10.7598
-10.4802
-30.8104
-24.8628
-21.3813
-22.6429
-22.1244
-20.3468
-19.144
-17.8135
-16.4701
-15.2958
-14.2474
-13.3154
-12.5173
-11.8426
-11.2783
-10.8129
-10.4407
-10.1362
-9.90811
-9.72342
-31.6763
-27.218
-22.1109
-21.8922
-20.8074
-18.8083
-17.5503
-16.2153
-14.9506
-13.8501
-12.8858
-12.0488
-11.3392
-10.7502
-10.2692
-9.88267
-9.58641
-9.35395
-9.22006
-9.09169
-32.2414
-29.2838
-22.5106
-20.8298
-19.6579
-17.4525
-16.1679
-14.837
-13.6504
-12.6254
-11.7387
-10.9812
-10.3453
-9.82556
-9.40857
-9.08657
-8.85624
-8.67847
-8.60539
-8.50059
-32.4117
-30.9301
-22.7768
-19.8595
-18.5907
-16.2326
-14.9407
-13.636
-12.5244
-11.5714
-10.7546
-10.0637
-9.49028
-9.03109
-8.66216
-8.37911
-8.17531
-8.03951
-8.00647
-7.88491
-32.2784
-32.0475
-23.2821
-18.987
-17.5781
-15.1326
-13.8321
-12.5802
-11.5377
-10.6533
-9.90148
-9.26825
-8.74389
-8.31969
-7.9792
-7.71478
-7.52372
-7.41297
-7.37114
-7.20164
-31.9592
-31.8835
-23.6191
-18.2477
-16.6271
-14.146
-12.8258
-11.6306
-10.6519
-9.83287
-9.13994
-8.55543
-8.0669
-7.66388
-7.3337
-7.06971
-6.8769
-6.76418
-6.66892
-6.45033
-31.3843
-30.5356
-23.4606
-17.4679
-15.7198
-13.2615
-11.9039
-10.7585
-9.83796
-9.07908
-8.43848
-7.89348
-7.42886
-7.03351
-6.69721
-6.41659
-6.20129
-6.05145
-5.88825
-5.64953
-30.3253
-27.9139
-22.9368
-16.6324
-14.8153
-12.4566
-11.0487
-9.94129
-9.07083
-8.36408
-7.76722
-7.25222
-6.80125
-6.40286
-6.04891
-5.73833
-5.47821
-5.2632
-5.04325
-4.80527
-29.0236
-24.8403
-22.0394
-15.7302
-13.8687
-11.6383
-10.2209
-9.15107
-8.32221
-7.65739
-7.09422
-6.60008
-6.1549
-5.74698
-5.36952
-5.02079
-4.70301
-4.41737
-4.15555
-3.89196
-28.0907
-21.9815
-20.8905
-14.7332
-12.8409
-10.7527
-9.36798
-8.34184
-7.55211
-6.92095
-6.38271
-5.90238
-5.45851
-5.03925
-4.63792
-4.25041
-3.87719
-3.53249
-3.2347
-2.92563
-27.8975
-19.5601
-19.4956
-13.591
-11.6865
-9.73895
-8.41755
-7.45217
-6.70616
-6.10543
-5.5875
-5.11786
-4.67522
-4.24774
-3.82794
-3.40962
-2.99471
-2.60939
-2.2841
-1.92931
-28.3148
-17.464
-17.8838
-12.2727
-10.3524
-8.56328
-7.31289
-6.41564
-5.71727
-5.14803
-4.65119
-4.19467
-3.75854
-3.33101
-2.90376
-2.47013
-2.0352
-1.63261
-1.2936
-0.902006
-28.8189
-15.5245
-16.1715
-10.8358
-8.8461
-7.1929
-6.00133
-5.16503
-4.51381
-3.97841
-3.50713
-3.07053
-2.65036
-2.23472
-1.81497
-1.38632
-0.95843
-0.567018
-0.233948
0.179057
-29.5185
-13.7894
-14.8127
-9.4731
-7.18843
-5.60187
-4.44471
-3.64511
-3.03013
-2.52571
-2.08251
-1.67242
-1.27837
-0.887956
-0.492524
-0.0918081
0.297997
0.64448
0.946541
1.36248
-33.3105
-12.7884
-13.7477
-8.19517
-5.35737
-3.73198
-2.56536
-1.76834
-1.17189
-0.691973
-0.278127
0.0982841
0.454157
0.802793
1.15321
1.49996
1.81821
2.08317
2.32642
2.72557
-46.2059
-12.86
-11.6518
-6.39104
-2.99468
-1.26745
-0.0949465
0.692367
1.25825
1.69774
2.06327
2.38402
2.67683
2.95524
3.22936
3.49129
3.70895
3.86382
4.02164
4.37489
-68.5897
-13.9669
-6.64832
-2.42658
0.728545
2.3331
3.37006
4.0515
4.51542
4.85531
5.12238
5.34374
5.53331
5.70103
5.85721
6.00132
6.10597
6.14228
6.18071
6.42884
-76.2852
-13.0803
0.045998
3.62807
5.93124
7.20726
7.94083
8.42095
8.71753
8.89996
9.02052
9.10065
9.14735
9.16396
9.16129
9.15725
9.15457
9.04614
8.84964
8.92035
-3.56422
20.9426
37.2929
47.1774
53.5903
57.2724
59.3204
60.2015
60.045
59.5837
58.61
57.0132
54.8234
51.7824
47.631
42.0041
34.2163
23.1987
5.44918
-22.6916
15.4158
24.3112
32.3259
39.1213
44.5434
48.7085
51.7736
54.0003
55.0938
55.1969
54.9846
54.3892
53.0991
50.6756
47.1147
42.046
34.8911
24.9524
12.0661
-4.26892
21.9209
26.3553
30.7535
34.8543
38.4812
41.6431
44.3881
46.7902
48.5377
49.4462
49.7549
49.6446
49.1044
47.8584
45.2708
41.0814
34.8864
26.3335
16.2437
5.79097
20.5871
24.0979
27.229
30.2078
32.9948
35.5886
37.9881
40.2739
42.2207
43.6369
44.508
44.9263
44.8396
44.2728
42.8506
39.7748
34.6476
27.3845
18.4645
9.7101
19.352
22.0055
24.362
26.6091
28.7538
30.8319
32.8538
34.9036
36.8108
38.448
39.703
40.5702
40.9482
40.782
39.9938
38.039
33.9455
27.6635
19.6118
11.71
17.9704
20.0839
21.9268
23.6815
25.3737
27.0581
28.7607
30.5774
32.3673
34.07
35.5502
36.7371
37.5196
37.7143
37.3505
36.1191
32.9548
27.4418
20.1938
12.823
16.7342
18.4551
19.9268
21.3206
22.6731
24.0453
25.4782
27.0537
28.6883
30.3875
32.0081
33.426
34.4982
35.0597
34.9642
34.1595
31.7954
26.9971
20.3976
13.4394
15.6297
17.0624
18.2655
19.3971
20.4989
21.6331
22.848
24.2034
25.6517
27.2321
28.9159
30.5384
31.8501
32.7086
32.8655
32.3434
30.562
26.4052
20.3588
13.7686
14.6639
15.8817
16.8874
17.8258
18.7412
19.6943
20.7351
21.9062
23.1887
24.635
26.2429
27.9508
29.5021
30.5992
31.0112
30.7018
29.3504
25.7191
20.1357
13.8918
13.823
14.8805
15.7403
16.5355
17.3117
18.1259
19.0278
20.0457
21.1839
22.5018
24.0084
25.6654
27.3764
28.6829
29.3447
29.1974
28.1366
24.967
19.7865
13.887
13.0931
14.0311
14.7832
15.4714
16.1417
16.8478
17.6375
18.5311
19.5456
20.744
22.1389
23.727
25.4315
26.9207
27.8167
27.8089
26.9487
24.1808
19.3678
13.8404
12.4594
13.3089
13.9815
14.5892
15.1783
15.7992
16.4983
17.2908
18.1979
19.2834
20.5676
22.0712
23.7107
25.3069
26.3778
26.52
25.7986
23.3939
18.9107
13.7304
11.9086
12.6925
13.3068
13.854
14.3804
14.9326
15.5586
16.2683
17.0832
18.0681
19.2514
20.6611
22.2231
23.826
25.0139
25.302
24.688
22.5801
18.423
13.5695
11.4283
12.1645
12.7359
13.2377
13.7161
14.2156
14.7797
15.4223
16.1582
17.0499
18.1291
19.4252
20.8921
22.4648
23.7258
24.1412
23.6144
21.7459
17.9055
13.3665
11.008
11.7097
12.2493
12.7168
13.1582
13.6159
14.1284
14.7134
15.377
16.1813
17.1609
18.3494
19.7344
21.2409
22.5224
23.0309
22.5748
20.8983
17.3616
13.1235
10.639
11.3146
11.8316
12.2739
12.6869
13.1108
13.5793
14.1192
14.7313
15.474
16.3781
17.4805
18.7806
20.1631
21.3964
21.964
21.5654
20.0438
16.8008
12.8671
10.3119
10.9677
11.4692
11.8945
12.2867
12.6844
13.1181
13.6267
14.1962
14.8729
15.6921
16.6892
17.8671
19.1395
20.3322
20.9391
20.5853
19.1907
16.2331
12.632
10.0094
10.6568
11.1474
11.562
11.9398
12.3114
12.705
13.1631
13.665
14.2566
14.9771
15.859
16.9308
18.1789
19.3403
19.9625
19.6406
18.3536
15.6539
12.3503
9.70936
10.3683
10.8543
11.258
11.6262
11.9874
12.3679
12.7927
13.2725
13.8315
14.4929
15.2973
16.2677
17.3827
18.434
19.0395
18.7374
17.5431
15.0506
11.9502
9.42844
10.1009
10.5916
10.9837
11.342
11.7318
12.1686
12.6386
13.1553
13.7259
14.3582
15.0794
15.8801
16.7046
17.6022
18.1589
17.8636
16.7472
14.4708
11.6657
-9.4457
-9.86913
-10.4217
-11.1165
-12.0041
-13.1403
-14.6215
-16.5877
-19.1766
-22.4701
-26.4773
-31.0647
-35.8526
-40.682
-44.961
-48.7517
-50.8008
-49.476
-48.0651
-47.4921
-11.6358
-12.1091
-12.7265
-13.4542
-14.3979
-15.6358
-17.2298
-19.2382
-21.6999
-24.5959
-27.8076
-31.1642
-34.8145
-38.5127
-41.9061
-44.7938
-46.3499
-46.0065
-47.0489
-48.3698
-13.8645
-14.3636
-15.0116
-15.844
-16.8871
-18.1444
-19.6366
-21.3715
-23.3217
-25.4679
-27.8212
-30.4406
-33.243
-36.0523
-38.7225
-41.0424
-42.7084
-43.9767
-46.6132
-49.4084
-15.2064
-15.7648
-16.3998
-17.1578
-18.0496
-19.082
-20.267
-21.6194
-23.166
-24.9145
-26.8568
-28.989
-31.2811
-33.643
-36.0942
-38.5075
-40.5776
-43.4238
-47.6527
-50.2157
-14.9784
-15.4978
-16.0656
-16.726
-17.4986
-18.392
-19.4165
-20.5822
-21.8998
-23.3798
-25.0314
-26.8586
-28.8735
-31.0481
-33.4711
-36.1389
-38.82
-43.3088
-49.1073
-50.8714
-13.7642
-14.1995
-14.7147
-15.3107
-15.99
-16.7595
-17.6343
-18.6312
-19.763
-21.043
-22.4909
-24.123
-25.9782
-28.0659
-30.4929
-33.3712
-36.5347
-42.1102
-48.2856
-50.8485
-11.52
-11.8266
-12.1975
-12.6878
-13.2827
-13.9596
-14.7214
-15.5885
-16.5786
-17.7066
-18.9976
-20.4811
-22.2124
-24.2275
-26.648
-29.6728
-33.1707
-39.0341
-44.6832
-49.7547
-8.42601
-8.60776
-8.76142
-9.03098
-9.40464
-9.88672
-10.4672
-11.1585
-11.9766
-12.9413
-14.0854
-15.4502
-17.1046
-19.0896
-21.5242
-24.6152
-28.0833
-33.7105
-38.7996
-47.6667
-4.59421
-4.64234
-4.53584
-4.58963
-4.71682
-4.8794
-5.11635
-5.48849
-6.00516
-6.68537
-7.57451
-8.7389
-10.2771
-12.2525
-14.816
-18.1502
-21.8307
-27.7948
-32.8253
-44.7652
-0.625306
-0.456628
-0.0272632
0.0897386
0.123835
0.231735
0.312073
0.348287
0.287108
0.0902927
-0.281179
-0.91237
-1.93775
-3.46437
-5.90765
-9.44714
-13.8442
-21.6564
-27.2982
-40.6107
3.04333
3.4206
3.88325
4.15777
4.3481
4.55588
4.81463
5.07952
5.31977
5.51951
5.66333
5.72898
5.54829
5.02344
3.72883
1.44354
-3.02788
-12.6994
-16.7057
-41.0957
6.10602
6.4553
6.88078
7.20277
7.47716
7.78819
8.15096
8.54303
8.95026
9.36912
9.79622
10.2213
10.6159
10.9362
11.0563
10.6816
7.86682
2.09265
-0.399515
-49.6037
8.27749
8.57843
8.91826
9.23204
9.54424
9.89458
10.2967
10.7467
11.2457
11.8003
12.4173
13.1018
13.8539
14.6651
15.5
16.3014
16.5842
16.9659
5.14012
-55.3979
)
;

boundaryField
{
    inlet
    {
        type            zeroGradient;
    }
    outlet
    {
        type            fixedValue;
        value           uniform 0;
    }
    dymWall
    {
        type            zeroGradient;
    }
    AMI1
    {
        type            cyclicAMI;
        value           nonuniform List<scalar> 
73
(
-7.53169
-6.31956
-5.13609
-3.9881
-2.66535
-1.11107
1.31119
6.27746
13.2509
13.5326
3.3813
-13.0446
-27.0195
-30.1822
-26.8014
-22.4617
-19.0241
-16.2845
-14.162
-12.5367
-11.3176
-10.3844
-9.65758
-9.05351
-8.49345
-7.91561
-7.2761
-6.57522
-5.7786
-4.85699
-3.77902
-2.68119
-1.58976
-0.498578
0.612679
1.79731
3.13596
4.72895
6.68119
9.03989
9.34093
9.99196
10.4839
10.8796
11.2339
11.588
11.9694
12.3978
12.8841
13.4352
14.0585
14.7767
15.5751
16.3985
17.2323
17.7403
17.4451
16.3669
14.2708
11.652
-9.26097
-11.4002
-13.5769
-14.9283
-14.7666
-13.6224
-11.3316
-8.11815
-4.27011
-0.340374
3.2421
6.18183
8.22414
)
;
    }
    AMI2
    {
        type            cyclicAMI;
        value           nonuniform List<scalar> 
162
(
-7.62601
-7.41054
-6.45746
-6.22439
-5.37012
-5.06483
-4.32625
-3.93743
-3.16703
-2.62954
-1.74606
-1.11331
0.131671
1.3089
3.42688
6.19061
9.44533
13.2608
14.8739
13.7684
10.0014
3.85721
-2.86744
-12.5455
-18.7914
-26.2186
-30.1267
-29.948
-29.6837
-26.878
-25.6644
-22.7084
-21.4024
-19.218
-18.3398
-16.4282
-15.84
-14.292
-13.8673
-12.6341
-12.3888
-11.4031
-11.2166
-10.4734
-10.3045
-9.77076
-9.60013
-9.19571
-9.01264
-8.66487
-8.46098
-8.11639
-7.8822
-7.4985
-7.23197
-6.80802
-6.52008
-6.0318
-5.69991
-5.14382
-4.75404
-4.06298
-3.67108
-2.94958
-2.58623
-1.85954
-1.50443
-0.776
-0.422968
0.318635
0.683055
1.47634
1.86945
2.77808
3.2183
4.32968
4.82987
6.24688
6.80813
8.60283
9.19862
9.28052
9.40222
9.92494
10.0405
10.4098
10.5202
10.7935
10.9028
11.1211
11.2444
11.4244
11.585
11.7332
11.9538
12.0929
12.374
12.5179
12.8523
13.0116
13.3973
13.5719
14.0129
14.2078
14.7264
14.9327
15.5241
15.7255
16.3504
16.5392
17.2043
17.3203
17.7511
17.7277
17.5081
17.3109
16.4803
16.0988
14.4319
13.9001
11.8212
11.2691
-8.88259
-9.28837
-9.45812
-10.7882
-11.4168
-11.6478
-12.8068
-13.5164
-13.9422
-14.5293
-14.8904
-15.1352
-14.949
-14.8023
-14.7445
-14.2477
-13.7692
-13.5287
-12.6227
-11.5917
-11.1757
-9.99264
-8.47026
-7.98108
-6.69594
-4.63166
-4.18977
-3.00516
-0.715615
-0.297758
0.665256
2.89613
3.25544
3.95567
5.92375
6.18548
6.59448
8.06018
8.2203
8.42171
)
;
    }
    walls
    {
        type            zeroGradient;
    }
    front
    {
        type            empty;
    }
    back
    {
        type            empty;
    }
}


// ************************************************************************* //
