/*--------------------------------*- C++ -*----------------------------------*\
  =========                 |
  \\      /  F ield         | OpenFOAM: The Open Source CFD Toolbox
   \\    /   O peration     | Website:  https://openfoam.org
    \\  /    A nd           | Version:  6
     \\/     M anipulation  |
\*---------------------------------------------------------------------------*/
FoamFile
{
    version     2.0;
    format      ascii;
    class       volScalarField;
    location    "2.75";
    object      e;
}
// * * * * * * * * * * * * * * * * * * * * * * * * * * * * * * * * * * * * * //

dimensions      [0 2 -2 0 0 0 0];

internalField   nonuniform List<scalar> 
10000
(
1006.29
1006.29
1006.29
1006.29
1006.29
1006.29
1006.29
1006.29
1006.29
1006.29
1006.29
1006.29
1006.29
1006.29
1006.29
1006.29
1006.29
1006.29
1006.29
1006.29
1006.29
1006.29
1006.29
1006.29
1006.29
1006.29
1006.29
1006.29
1006.29
1006.29
1006.29
1006.29
1006.29
1006.29
1006.29
1006.29
1006.29
1006.29
1006.29
1006.29
1006.29
1006.29
1006.29
1006.29
1006.29
1006.29
1006.29
1006.29
1006.29
1006.29
1006.29
1006.29
1006.29
1006.29
1006.29
1006.29
1006.29
1006.29
1006.29
1006.29
1006.29
1006.29
1006.29
1006.29
1006.29
1006.29
1006.29
1006.29
1006.29
1006.29
1006.29
1006.29
1006.29
1006.29
1006.29
1006.29
1006.29
1006.29
1006.29
1006.29
1006.29
1006.29
1006.29
1006.29
1006.29
1006.29
1006.29
1006.29
1006.29
1006.29
1006.29
1006.29
1006.29
1006.29
1006.29
1006.29
1006.29
1006.29
1006.29
1006.29
1006.29
1006.29
1006.29
1006.29
1006.29
1006.29
1006.29
1006.29
1006.29
1006.29
1006.29
1006.29
1006.29
1006.29
1006.29
1006.29
1006.29
1006.29
1006.29
1006.29
1006.29
1006.29
1006.29
1006.29
1006.29
1006.29
1006.29
1006.29
1006.29
1006.29
1006.29
1006.29
1006.29
1006.29
1006.29
1006.29
1006.29
1006.29
1006.29
1006.29
1006.29
1006.29
1006.29
1006.29
1006.29
1006.29
1006.29
1006.29
1006.29
1006.29
1006.29
1006.29
1006.29
1006.29
1006.29
1006.29
1006.29
1006.29
1006.29
1006.29
1006.29
1006.29
1006.29
1006.29
1006.29
1006.29
1006.29
1006.29
1006.29
1006.29
1006.29
1006.29
1006.29
1006.29
1006.29
1006.29
1006.29
1006.29
1006.29
1006.29
1006.29
1006.29
1006.29
1006.29
1006.29
1006.29
1006.29
1006.29
1006.29
1006.29
1006.29
1006.29
1006.29
1006.29
1006.29
1006.29
1006.29
1006.29
1006.29
1006.29
1006.29
1006.29
1006.29
1006.29
1006.29
1006.29
1006.29
1006.29
1006.29
1006.29
1006.29
1006.29
1006.29
1006.29
1006.29
1006.29
1006.29
1006.29
1006.29
1006.29
1006.29
1006.29
1006.29
1006.29
1006.29
1006.29
1006.29
1006.29
1006.29
1006.29
1006.29
1006.29
1006.29
1006.29
1006.29
1006.29
1006.29
1006.29
1006.29
1006.29
1006.29
1006.29
1006.29
1006.29
1006.29
1006.29
1006.29
1006.29
1006.29
1006.29
1006.29
1006.29
1006.29
1006.29
1006.29
1006.29
1006.29
1006.29
1006.29
1006.29
1006.29
1006.29
1006.29
1006.29
1006.29
1006.29
1006.29
1006.29
1006.29
1006.29
1006.29
1006.29
1006.29
1006.29
1006.29
1006.29
1006.29
1006.29
1006.29
1006.29
1006.29
1006.29
1006.29
1006.29
1006.29
1006.29
1006.29
1006.29
1006.29
1006.29
1006.29
1006.29
1006.29
1006.29
1006.29
1006.29
1006.29
1006.29
1006.29
1006.29
1006.29
1006.29
1006.29
1006.29
1006.29
1006.29
1006.29
1006.29
1006.29
1006.29
1006.29
1006.29
1006.29
1006.29
1006.29
1006.29
1006.29
1006.29
1006.29
1006.29
1006.29
1006.29
1006.29
1006.29
1006.29
1006.29
1006.29
1006.29
1006.29
1006.29
1006.29
1006.29
1006.29
1006.29
1006.29
1006.29
1006.29
1006.29
1006.29
1006.29
1006.29
1006.29
1006.29
1006.29
1006.29
1006.29
1006.29
1006.29
1006.29
1006.29
1006.29
1006.29
1006.29
1006.29
1006.29
1006.29
1006.29
1006.29
1006.29
1006.29
1006.29
1006.29
1006.29
1006.29
1006.29
1006.29
1006.29
1006.29
1006.29
1006.29
1006.29
1006.29
1006.29
1006.29
1006.29
1006.29
1006.29
1006.29
1006.29
1006.29
1006.29
1006.29
1006.29
1006.29
1006.29
1006.29
1006.29
1006.29
1006.29
1006.29
1006.29
1006.29
1006.29
1006.29
1006.29
1006.29
1006.29
1006.29
1006.29
1006.29
1006.29
1006.29
1006.29
1006.29
1006.29
1006.29
1006.29
1006.29
1006.29
1006.29
1006.29
1006.29
1006.29
1006.29
1006.29
1006.29
1006.29
1006.29
1006.29
1006.29
1006.29
1006.29
1006.29
1006.29
1006.29
1006.29
1006.29
1006.29
1006.29
1006.29
1006.29
1006.29
1006.29
1006.29
1006.29
1006.29
1006.29
1006.29
1006.29
1006.29
1006.29
1006.29
1006.29
1006.29
1006.29
1006.29
1006.29
1006.29
1006.29
1006.29
1006.29
1006.29
1006.29
1006.29
1006.29
1006.29
1006.29
1006.29
1006.29
1006.29
1006.29
1006.29
1006.29
1006.29
1006.29
1006.29
1006.29
1006.29
1006.29
1006.29
1006.29
1006.29
1006.29
1006.29
1006.29
1006.29
1006.29
1006.29
1006.29
1006.29
1006.29
1006.29
1006.29
1006.29
1006.29
1006.29
1006.29
1006.29
1006.29
1006.29
1006.29
1006.29
1006.29
1006.29
1006.29
1006.29
1006.29
1006.29
1006.29
1006.29
1006.29
1006.29
1006.29
1006.29
1006.29
1006.29
1006.29
1006.29
1006.29
1006.29
1006.29
1006.29
1006.29
1006.29
1006.29
1006.29
1006.29
1006.29
1006.29
1006.29
1006.29
1006.29
1006.29
1006.29
1006.29
1006.29
1006.29
1006.29
1006.29
1006.29
1006.29
1006.29
1006.29
1006.29
1006.29
1006.29
1006.29
1006.29
1006.29
1006.29
1006.29
1006.29
1006.29
1006.29
1006.29
1006.29
1006.29
1006.29
1006.29
1006.29
1006.29
1006.29
1006.29
1006.29
1006.29
1006.29
1006.29
1006.29
1006.29
1006.29
1006.29
1006.29
1006.29
1006.29
1006.29
1006.29
1006.29
1006.29
1006.29
1006.29
1006.29
1006.29
1006.29
1006.29
1006.29
1006.29
1006.29
1006.29
1006.29
1006.29
1006.29
1006.29
1006.29
1006.29
1006.29
1006.29
1006.29
1006.29
1006.29
1006.29
1006.29
1006.29
1006.29
1006.29
1006.29
1006.29
1006.29
1006.29
1006.29
1006.29
1006.29
1006.29
1006.29
1006.29
1006.29
1006.29
1006.29
1006.29
1006.29
1006.29
1006.29
1006.29
1006.29
1006.29
1006.29
1006.29
1006.29
1006.29
1006.29
1006.29
1006.29
1006.29
1006.29
1006.29
1006.29
1006.29
1006.29
1006.29
1006.29
1006.29
1006.29
1006.29
1006.29
1006.29
1006.29
1006.29
1006.29
1006.29
1006.29
1006.29
1006.29
1006.29
1006.29
1006.29
1006.29
1006.29
1006.29
1006.29
1006.29
1006.29
1006.29
1006.29
1006.29
1006.29
1006.29
1006.29
1006.29
1006.29
1006.29
1006.29
1006.29
1006.29
1006.29
1006.29
1006.29
1006.29
1006.29
1006.29
1006.29
1006.29
1006.29
1006.29
1006.29
1006.29
1006.29
1006.29
1006.29
1006.29
1006.29
1006.29
1006.29
1006.29
1006.29
1006.29
1006.29
1006.29
1006.29
1006.29
1006.29
1006.29
1006.29
1006.29
1006.29
1006.29
1006.29
1006.29
1006.29
1006.29
1006.29
1006.29
1006.29
1006.29
1006.29
1006.29
1006.29
1006.29
1006.29
1006.29
1006.29
1006.29
1006.29
1006.29
1006.29
1006.29
1006.29
1006.29
1006.29
1006.29
1006.29
1006.29
1006.29
1006.29
1006.29
1006.29
1006.29
1006.29
1006.29
1006.29
1006.29
1006.29
1006.29
1006.29
1006.29
1006.29
1006.29
1006.29
1006.29
1006.29
1006.29
1006.29
1006.29
1006.29
1006.29
1006.29
1006.29
1006.29
1006.29
1006.29
1006.29
1006.29
1006.29
1006.29
1006.29
1006.29
1006.29
1006.29
1006.29
1006.29
1006.29
1006.29
1006.29
1006.29
1006.29
1006.29
1006.29
1006.29
1006.29
1006.29
1006.29
1006.29
1006.29
1006.29
1006.29
1006.29
1006.29
1006.29
1006.29
1006.29
1006.29
1006.29
1006.29
1006.29
1006.29
1006.29
1006.29
1006.29
1006.29
1006.29
1006.29
1006.29
1006.29
1006.29
1006.29
1006.29
1006.29
1006.29
1006.29
1006.29
1006.29
1006.29
1006.29
1006.29
1006.29
1006.29
1006.29
1006.29
1006.29
1006.29
1006.29
1006.29
1006.29
1006.29
1006.29
1006.29
1006.29
1006.29
1006.29
1006.29
1006.29
1006.29
1006.29
1006.29
1006.29
1006.29
1006.29
1006.29
1006.29
1006.29
1006.29
1006.29
1006.29
1006.29
1006.29
1006.29
1006.29
1006.29
1006.29
1006.29
1006.29
1006.29
1006.29
1006.29
1006.29
1006.29
1006.29
1006.29
1006.29
1006.29
1006.29
1006.29
1006.29
1006.29
1006.29
1006.29
1006.29
1006.29
1006.29
1006.29
1006.29
1006.29
1006.29
1006.29
1006.29
1006.29
1006.29
1006.29
1006.29
1006.29
1006.29
1006.29
1006.29
1006.29
1006.29
1006.29
1006.29
1006.29
1006.29
1006.29
1006.29
1006.29
1006.29
1006.29
1006.29
1006.29
1006.29
1006.29
1006.29
1006.29
1006.29
1006.29
1006.29
1006.29
1006.29
1006.29
1006.29
1006.29
1006.29
1006.29
1006.29
1006.29
1006.29
1006.29
1006.29
1006.29
1006.29
1006.29
1006.29
1006.29
1006.29
1006.29
1006.29
1006.29
1006.29
1006.29
1006.29
1006.29
1006.29
1006.29
1006.29
1006.29
1006.29
1006.29
1006.29
1006.29
1006.29
1006.29
1006.29
1006.29
1006.29
1006.29
1006.29
1006.29
1006.29
1006.29
1006.29
1006.29
1006.29
1006.29
1006.29
1006.29
1006.29
1006.29
1006.29
1006.29
1006.29
1006.29
1006.29
1006.29
1006.29
1006.29
1006.29
1006.29
1006.29
1006.29
1006.29
1006.29
1006.29
1006.29
1006.29
1006.29
1006.29
1006.29
1006.29
1006.29
1006.29
1006.29
1006.29
1006.29
1006.29
1006.29
1006.29
1006.29
1006.29
1006.29
1006.29
1006.29
1006.29
1006.29
1006.29
1006.29
1006.29
1006.29
1006.29
1006.29
1006.29
1006.29
1006.29
1006.29
1006.29
1006.29
1006.29
1006.29
1006.29
1006.29
1006.29
1006.29
1006.29
1006.29
1006.29
1006.29
1006.29
1006.29
1006.29
1006.29
1006.29
1006.29
1006.29
1006.29
1006.29
1006.29
1006.29
1006.29
1006.29
1006.29
1006.29
1006.29
1006.29
1006.29
1006.29
1006.29
1006.29
1006.29
1006.29
1006.29
1006.29
1006.29
1006.29
1006.29
1006.29
1006.29
1006.29
1006.29
1006.29
1006.29
1006.29
1006.29
1006.29
1006.29
1006.29
1006.29
1006.29
1006.29
1006.29
1006.29
1006.29
1006.29
1006.29
1006.29
1006.29
1006.29
1006.29
1006.29
1006.29
1006.29
1006.29
1006.29
1006.29
1006.29
1006.29
1006.29
1006.29
1006.29
1006.29
1006.29
1006.29
1006.29
1006.29
1006.29
1006.29
1006.29
1006.29
1006.29
1006.29
1006.29
1006.29
1006.29
1006.29
1006.29
1006.29
1006.29
1006.29
1006.29
1006.29
1006.29
1006.29
1006.29
1006.29
1006.29
1006.29
1006.29
1006.29
1006.29
1006.29
1006.29
1006.29
1006.29
1006.29
1006.29
1006.29
1006.29
1006.29
1006.29
1006.29
1006.29
1006.29
1006.29
1006.29
1006.29
1006.29
1006.29
1006.29
1006.29
1006.29
1006.29
1006.29
1006.29
1006.29
1006.29
1006.29
1006.29
1006.29
1006.29
1006.29
1006.29
1006.29
1006.29
1006.29
1006.29
1006.29
1006.29
1006.29
1006.29
1006.29
1006.29
1006.29
1006.29
1006.29
1006.29
1006.29
1006.29
1006.29
1006.29
1006.29
1006.29
1006.29
1006.29
1006.29
1006.29
1006.29
1006.29
1006.29
1006.29
1006.29
1006.29
1006.29
1006.29
1006.29
1006.29
1006.29
1006.29
1006.29
1006.29
1006.29
1006.29
1006.29
1006.29
1006.29
1006.29
1006.29
1006.29
1006.29
1006.29
1006.29
1006.29
1006.29
1006.29
1006.29
1006.29
1006.29
1006.29
1006.29
1006.29
1006.29
1006.29
1006.29
1006.29
1006.29
1006.29
1006.29
1006.29
1006.29
1006.29
1006.29
1006.29
1006.29
1006.29
1006.29
1006.29
1006.29
1006.29
1006.29
1006.29
1006.29
1006.29
1006.29
1006.29
1006.29
1006.29
1006.29
1006.29
1006.29
1006.29
1006.29
1006.29
1006.29
1006.29
1006.29
1006.29
1006.29
1006.29
1006.29
1006.29
1006.29
1006.29
1006.29
1006.29
1006.29
1006.29
1006.29
1006.29
1006.29
1006.29
1006.29
1006.29
1006.29
1006.29
1006.29
1006.29
1006.29
1006.29
1006.29
1006.29
1006.29
1006.29
1006.29
1006.29
1006.29
1006.29
1006.29
1006.29
1006.29
1006.29
1006.29
1006.29
1006.29
1006.29
1006.29
1006.29
1006.29
1006.29
1006.29
1006.29
1006.29
1006.29
1006.29
1006.29
1006.29
1006.29
1006.29
1006.29
1006.29
1006.29
1006.29
1006.29
1006.29
1006.29
1006.29
1006.29
1006.29
1006.29
1006.29
1006.29
1006.29
1006.29
1006.29
1006.29
1006.29
1006.29
1006.29
1006.29
1006.29
1006.29
1006.29
1006.29
1006.29
1006.29
1006.29
1006.29
1006.29
1006.29
1006.29
1006.29
1006.29
1006.29
1006.29
1006.29
1006.29
1006.29
1006.29
1006.29
1006.29
1006.29
1006.29
1006.29
1006.29
1006.29
1006.29
1006.29
1006.29
1006.29
1006.29
1006.29
1006.29
1006.29
1006.29
1006.29
1006.29
1006.29
1006.29
1006.29
1006.29
1006.29
1006.29
1006.29
1006.29
1006.29
1006.29
1006.29
1006.29
1006.29
1006.29
1006.29
1006.29
1006.29
1006.29
1006.29
1006.29
1006.29
1006.29
1006.29
1006.29
1006.29
1006.29
1006.29
1006.29
1006.29
1006.29
1006.29
1006.29
1006.3
1006.3
1006.3
1006.3
1006.3
1006.3
1006.3
1006.29
1006.29
1006.29
1006.29
1006.29
1006.29
1006.29
1006.29
1006.29
1006.29
1006.29
1006.29
1006.29
1006.29
1006.29
1006.29
1006.29
1006.29
1006.29
1006.29
1006.29
1006.29
1006.29
1006.29
1006.29
1006.29
1006.29
1006.29
1006.29
1006.29
1006.29
1006.29
1006.29
1006.29
1006.29
1006.29
1006.29
1006.29
1006.29
1006.29
1006.29
1006.29
1006.29
1006.29
1006.29
1006.29
1006.29
1006.29
1006.29
1006.29
1006.29
1006.29
1006.29
1006.29
1006.29
1006.29
1006.29
1006.29
1006.29
1006.29
1006.29
1006.29
1006.29
1006.29
1006.29
1006.29
1006.29
1006.29
1006.29
1006.29
1006.29
1006.29
1006.29
1006.29
1006.29
1006.29
1006.29
1006.29
1006.29
1006.29
1006.29
1006.29
1006.29
1006.29
1006.29
1006.29
1006.29
1006.29
1006.29
1006.29
1006.29
1006.3
1006.3
1006.3
1006.3
1006.3
1006.3
1006.3
1006.3
1006.3
1006.3
1006.3
1006.29
1006.29
1006.29
1006.29
1006.29
1006.29
1006.29
1006.29
1006.29
1006.29
1006.29
1006.29
1006.29
1006.29
1006.29
1006.29
1006.29
1006.29
1006.29
1006.29
1006.29
1006.29
1006.29
1006.29
1006.29
1006.29
1006.29
1006.29
1006.29
1006.29
1006.29
1006.29
1006.29
1006.29
1006.29
1006.29
1006.29
1006.29
1006.29
1006.29
1006.29
1006.29
1006.29
1006.29
1006.29
1006.29
1006.29
1006.29
1006.29
1006.29
1006.29
1006.29
1006.29
1006.29
1006.29
1006.29
1006.29
1006.29
1006.29
1006.29
1006.29
1006.29
1006.29
1006.29
1006.29
1006.29
1006.29
1006.29
1006.29
1006.29
1006.29
1006.29
1006.29
1006.29
1006.29
1006.29
1006.29
1006.29
1006.29
1006.29
1006.29
1006.29
1006.29
1006.29
1006.29
1006.29
1006.29
1006.29
1006.3
1006.3
1006.29
1006.29
1006.3
1006.3
1006.3
1006.31
1006.31
1006.31
1006.3
1006.3
1006.3
1006.29
1006.29
1006.29
1006.29
1006.29
1006.29
1006.29
1006.29
1006.29
1006.29
1006.29
1006.29
1006.29
1006.29
1006.29
1006.29
1006.29
1006.29
1006.29
1006.29
1006.29
1006.29
1006.29
1006.29
1006.29
1006.29
1006.29
1006.29
1006.29
1006.29
1006.29
1006.29
1006.29
1006.29
1006.29
1006.29
1006.29
1006.29
1006.29
1006.29
1006.29
1006.29
1006.29
1006.29
1006.29
1006.29
1006.29
1006.29
1006.29
1006.29
1006.29
1006.29
1006.29
1006.29
1006.29
1006.29
1006.29
1006.29
1006.29
1006.29
1006.29
1006.29
1006.29
1006.29
1006.29
1006.29
1006.29
1006.29
1006.29
1006.29
1006.29
1006.29
1006.29
1006.29
1006.29
1006.29
1006.29
1006.29
1006.29
1006.29
1006.29
1006.29
1006.29
1006.29
1006.29
1006.3
1006.3
1006.29
1006.29
1006.28
1006.28
1006.28
1006.28
1006.29
1006.3
1006.31
1006.31
1006.31
1006.3
1006.3
1006.3
1006.29
1006.29
1006.29
1006.29
1006.29
1006.29
1006.29
1006.29
1006.29
1006.29
1006.29
1006.29
1006.29
1006.29
1006.29
1006.29
1006.29
1006.29
1006.29
1006.29
1006.29
1006.29
1006.29
1006.29
1006.29
1006.29
1006.29
1006.29
1006.29
1006.29
1006.29
1006.29
1006.29
1006.29
1006.29
1006.29
1006.29
1006.29
1006.29
1006.29
1006.29
1006.29
1006.29
1006.29
1006.29
1006.29
1006.29
1006.29
1006.29
1006.29
1006.29
1006.29
1006.29
1006.29
1006.29
1006.29
1006.29
1006.29
1006.29
1006.29
1006.29
1006.29
1006.29
1006.29
1006.29
1006.29
1006.29
1006.29
1006.29
1006.29
1006.29
1006.29
1006.29
1006.29
1006.29
1006.29
1006.29
1006.29
1006.29
1006.29
1006.29
1006.29
1006.29
1006.3
1006.3
1006.29
1006.28
1006.26
1006.24
1006.22
1006.22
1006.24
1006.26
1006.29
1006.3
1006.31
1006.31
1006.31
1006.3
1006.3
1006.29
1006.29
1006.29
1006.29
1006.29
1006.29
1006.29
1006.29
1006.29
1006.29
1006.29
1006.29
1006.29
1006.29
1006.29
1006.29
1006.29
1006.29
1006.29
1006.29
1006.29
1006.29
1006.29
1006.29
1006.29
1006.29
1006.29
1006.29
1006.29
1006.29
1006.29
1006.29
1006.29
1006.29
1006.29
1006.29
1006.29
1006.29
1006.29
1006.29
1006.29
1006.29
1006.29
1006.29
1006.29
1006.29
1006.29
1006.29
1006.29
1006.29
1006.29
1006.29
1006.29
1006.29
1006.29
1006.29
1006.29
1006.29
1006.29
1006.29
1006.29
1006.29
1006.29
1006.29
1006.29
1006.29
1006.29
1006.29
1006.29
1006.29
1006.29
1006.29
1006.29
1006.29
1006.29
1006.29
1006.29
1006.29
1006.29
1006.29
1006.29
1006.29
1006.3
1006.3
1006.3
1006.28
1006.25
1006.19
1006.13
1006.09
1006.08
1006.11
1006.17
1006.23
1006.28
1006.3
1006.31
1006.31
1006.31
1006.3
1006.3
1006.29
1006.29
1006.29
1006.29
1006.29
1006.29
1006.29
1006.29
1006.29
1006.29
1006.29
1006.29
1006.29
1006.29
1006.29
1006.29
1006.29
1006.29
1006.29
1006.29
1006.29
1006.29
1006.29
1006.29
1006.29
1006.29
1006.29
1006.29
1006.29
1006.29
1006.29
1006.29
1006.29
1006.29
1006.29
1006.29
1006.29
1006.29
1006.29
1006.29
1006.29
1006.29
1006.29
1006.29
1006.29
1006.29
1006.29
1006.29
1006.29
1006.29
1006.29
1006.29
1006.29
1006.29
1006.29
1006.29
1006.29
1006.29
1006.29
1006.29
1006.29
1006.29
1006.29
1006.29
1006.29
1006.29
1006.29
1006.29
1006.29
1006.29
1006.29
1006.29
1006.29
1006.29
1006.29
1006.29
1006.29
1006.29
1006.29
1006.29
1006.29
1006.3
1006.3
1006.29
1006.25
1006.16
1006.03
1005.89
1005.79
1005.77
1005.84
1005.97
1006.11
1006.21
1006.27
1006.3
1006.31
1006.31
1006.3
1006.3
1006.29
1006.29
1006.29
1006.29
1006.29
1006.29
1006.29
1006.29
1006.29
1006.29
1006.29
1006.29
1006.29
1006.29
1006.29
1006.29
1006.29
1006.29
1006.29
1006.29
1006.29
1006.29
1006.29
1006.29
1006.29
1006.29
1006.29
1006.29
1006.29
1006.29
1006.29
1006.29
1006.29
1006.29
1006.29
1006.29
1006.29
1006.29
1006.29
1006.29
1006.29
1006.29
1006.29
1006.29
1006.29
1006.29
1006.29
1006.29
1006.29
1006.29
1006.29
1006.29
1006.29
1006.29
1006.29
1006.29
1006.29
1006.29
1006.29
1006.29
1006.29
1006.29
1006.29
1006.29
1006.29
1006.29
1006.29
1006.29
1006.29
1006.29
1006.29
1006.29
1006.29
1006.29
1006.29
1006.29
1006.29
1006.29
1006.29
1006.29
1006.3
1006.3
1006.3
1006.26
1006.16
1005.97
1005.69
1005.4
1005.18
1005.13
1005.27
1005.54
1005.84
1006.07
1006.2
1006.27
1006.3
1006.31
1006.31
1006.3
1006.3
1006.29
1006.29
1006.29
1006.29
1006.29
1006.29
1006.29
1006.29
1006.29
1006.29
1006.29
1006.29
1006.29
1006.29
1006.29
1006.29
1006.29
1006.29
1006.29
1006.29
1006.29
1006.29
1006.29
1006.29
1006.29
1006.29
1006.29
1006.29
1006.29
1006.29
1006.29
1006.29
1006.29
1006.29
1006.29
1006.29
1006.29
1006.29
1006.29
1006.29
1006.29
1006.29
1006.29
1006.29
1006.29
1006.29
1006.29
1006.29
1006.29
1006.29
1006.29
1006.29
1006.29
1006.29
1006.29
1006.29
1006.29
1006.29
1006.29
1006.29
1006.29
1006.29
1006.29
1006.29
1006.29
1006.29
1006.29
1006.29
1006.29
1006.29
1006.29
1006.29
1006.29
1006.29
1006.29
1006.29
1006.29
1006.29
1006.29
1006.3
1006.31
1006.29
1006.2
1005.98
1005.58
1005.04
1004.46
1004.01
1003.9
1004.17
1004.71
1005.3
1005.77
1006.06
1006.21
1006.27
1006.3
1006.31
1006.3
1006.3
1006.29
1006.29
1006.29
1006.29
1006.29
1006.29
1006.29
1006.29
1006.29
1006.29
1006.29
1006.29
1006.29
1006.29
1006.29
1006.29
1006.29
1006.29
1006.29
1006.29
1006.29
1006.29
1006.29
1006.29
1006.29
1006.29
1006.29
1006.29
1006.29
1006.29
1006.29
1006.29
1006.29
1006.29
1006.29
1006.29
1006.29
1006.29
1006.29
1006.29
1006.29
1006.29
1006.29
1006.29
1006.29
1006.29
1006.29
1006.29
1006.29
1006.28
1006.29
1006.29
1006.29
1006.29
1006.29
1006.29
1006.29
1006.29
1006.29
1006.29
1006.29
1006.29
1006.29
1006.29
1006.29
1006.29
1006.29
1006.29
1006.29
1006.29
1006.29
1006.29
1006.29
1006.29
1006.29
1006.29
1006.29
1006.29
1006.3
1006.31
1006.31
1006.25
1006.06
1005.62
1004.86
1003.84
1002.75
1001.91
1001.69
1002.2
1003.19
1004.3
1005.22
1005.79
1006.08
1006.22
1006.28
1006.3
1006.3
1006.3
1006.29
1006.29
1006.29
1006.29
1006.29
1006.29
1006.29
1006.29
1006.29
1006.29
1006.29
1006.29
1006.29
1006.29
1006.29
1006.29
1006.29
1006.29
1006.29
1006.29
1006.29
1006.29
1006.29
1006.29
1006.29
1006.29
1006.29
1006.29
1006.29
1006.29
1006.29
1006.29
1006.29
1006.29
1006.29
1006.29
1006.29
1006.29
1006.29
1006.29
1006.29
1006.29
1006.29
1006.29
1006.29
1006.29
1006.29
1006.29
1006.28
1006.29
1006.29
1006.28
1006.29
1006.29
1006.29
1006.29
1006.29
1006.29
1006.29
1006.29
1006.29
1006.29
1006.29
1006.29
1006.29
1006.29
1006.29
1006.29
1006.29
1006.29
1006.29
1006.29
1006.29
1006.29
1006.29
1006.29
1006.29
1006.29
1006.3
1006.31
1006.3
1006.18
1005.81
1004.98
1003.61
1001.79
999.854
998.355
997.981
998.897
1000.64
1002.62
1004.26
1005.33
1005.88
1006.13
1006.24
1006.28
1006.3
1006.3
1006.29
1006.29
1006.29
1006.29
1006.29
1006.29
1006.29
1006.29
1006.29
1006.29
1006.29
1006.29
1006.29
1006.29
1006.29
1006.29
1006.29
1006.29
1006.29
1006.29
1006.29
1006.29
1006.29
1006.29
1006.29
1006.29
1006.29
1006.29
1006.29
1006.29
1006.29
1006.29
1006.29
1006.29
1006.29
1006.29
1006.29
1006.29
1006.29
1006.29
1006.29
1006.29
1006.29
1006.29
1006.29
1006.29
1006.29
1006.28
1006.29
1006.29
1006.28
1006.29
1006.29
1006.28
1006.29
1006.29
1006.28
1006.29
1006.29
1006.29
1006.29
1006.29
1006.29
1006.29
1006.29
1006.29
1006.29
1006.29
1006.29
1006.29
1006.29
1006.29
1006.29
1006.29
1006.29
1006.29
1006.29
1006.3
1006.31
1006.32
1006.28
1006.04
1005.34
1003.89
1001.54
998.474
995.198
992.683
992.161
993.788
996.716
999.988
1002.74
1004.57
1005.55
1005.99
1006.18
1006.26
1006.29
1006.3
1006.29
1006.29
1006.29
1006.29
1006.29
1006.29
1006.29
1006.29
1006.29
1006.29
1006.29
1006.29
1006.29
1006.29
1006.29
1006.29
1006.29
1006.29
1006.29
1006.29
1006.29
1006.29
1006.29
1006.29
1006.29
1006.29
1006.29
1006.29
1006.29
1006.29
1006.29
1006.29
1006.29
1006.29
1006.29
1006.29
1006.29
1006.29
1006.29
1006.29
1006.29
1006.29
1006.29
1006.29
1006.29
1006.29
1006.28
1006.29
1006.29
1006.28
1006.29
1006.29
1006.28
1006.29
1006.29
1006.28
1006.29
1006.29
1006.29
1006.29
1006.29
1006.29
1006.29
1006.29
1006.29
1006.29
1006.29
1006.29
1006.29
1006.29
1006.29
1006.29
1006.29
1006.29
1006.29
1006.29
1006.29
1006.3
1006.32
1006.32
1006.23
1005.78
1004.57
1002.13
998.318
993.398
988.113
984.159
983.626
986.449
991.124
996.237
1000.54
1003.45
1005.06
1005.79
1006.1
1006.23
1006.28
1006.29
1006.29
1006.29
1006.29
1006.29
1006.29
1006.29
1006.29
1006.29
1006.29
1006.29
1006.29
1006.29
1006.29
1006.29
1006.29
1006.29
1006.29
1006.29
1006.29
1006.29
1006.29
1006.29
1006.29
1006.29
1006.29
1006.29
1006.29
1006.29
1006.29
1006.29
1006.29
1006.29
1006.29
1006.29
1006.29
1006.29
1006.29
1006.29
1006.29
1006.29
1006.29
1006.29
1006.29
1006.29
1006.29
1006.29
1006.29
1006.29
1006.28
1006.29
1006.29
1006.28
1006.29
1006.29
1006.29
1006.29
1006.29
1006.28
1006.29
1006.29
1006.29
1006.29
1006.29
1006.29
1006.29
1006.29
1006.29
1006.29
1006.29
1006.29
1006.29
1006.29
1006.29
1006.29
1006.29
1006.29
1006.3
1006.31
1006.33
1006.32
1006.13
1005.35
1003.33
999.473
993.578
986.022
977.874
972.076
971.917
976.643
983.77
991.321
997.607
1001.91
1004.37
1005.52
1005.99
1006.19
1006.27
1006.29
1006.29
1006.29
1006.29
1006.29
1006.29
1006.29
1006.29
1006.29
1006.29
1006.29
1006.29
1006.29
1006.29
1006.29
1006.29
1006.29
1006.29
1006.29
1006.29
1006.29
1006.29
1006.29
1006.29
1006.29
1006.29
1006.29
1006.29
1006.29
1006.29
1006.29
1006.29
1006.29
1006.29
1006.29
1006.29
1006.29
1006.29
1006.29
1006.29
1006.29
1006.29
1006.29
1006.29
1006.29
1006.29
1006.29
1006.29
1006.28
1006.29
1006.29
1006.28
1006.29
1006.28
1006.29
1006.29
1006.29
1006.28
1006.29
1006.29
1006.29
1006.29
1006.29
1006.29
1006.29
1006.29
1006.29
1006.29
1006.29
1006.29
1006.29
1006.29
1006.29
1006.29
1006.29
1006.29
1006.29
1006.3
1006.31
1006.34
1006.31
1005.95
1004.65
1001.49
995.661
986.958
975.814
963.802
955.931
956.873
964.414
974.788
985.37
994.023
999.989
1003.48
1005.18
1005.87
1006.14
1006.25
1006.29
1006.29
1006.29
1006.29
1006.29
1006.29
1006.29
1006.29
1006.29
1006.29
1006.29
1006.29
1006.29
1006.29
1006.29
1006.29
1006.29
1006.29
1006.29
1006.29
1006.29
1006.29
1006.29
1006.29
1006.29
1006.29
1006.29
1006.29
1006.29
1006.29
1006.29
1006.29
1006.29
1006.29
1006.29
1006.29
1006.29
1006.29
1006.29
1006.29
1006.29
1006.29
1006.29
1006.29
1006.29
1006.29
1006.29
1006.29
1006.29
1006.29
1006.28
1006.29
1006.28
1006.28
1006.29
1006.28
1006.29
1006.28
1006.29
1006.28
1006.29
1006.29
1006.28
1006.29
1006.29
1006.28
1006.29
1006.29
1006.29
1006.29
1006.29
1006.29
1006.29
1006.29
1006.29
1006.29
1006.29
1006.3
1006.32
1006.35
1006.27
1005.65
1003.61
998.887
990.483
978.158
962.329
945.441
935.644
938.733
950.076
964.504
978.644
989.95
997.752
1002.42
1004.76
1005.73
1006.09
1006.23
1006.28
1006.29
1006.29
1006.29
1006.29
1006.29
1006.29
1006.29
1006.29
1006.29
1006.29
1006.29
1006.29
1006.29
1006.29
1006.29
1006.29
1006.29
1006.29
1006.29
1006.29
1006.29
1006.29
1006.29
1006.29
1006.29
1006.29
1006.29
1006.29
1006.29
1006.29
1006.29
1006.29
1006.29
1006.29
1006.29
1006.29
1006.29
1006.29
1006.29
1006.29
1006.29
1006.29
1006.29
1006.29
1006.29
1006.29
1006.29
1006.29
1006.29
1006.29
1006.29
1006.28
1006.29
1006.28
1006.29
1006.29
1006.29
1006.28
1006.29
1006.29
1006.29
1006.29
1006.29
1006.29
1006.29
1006.29
1006.29
1006.29
1006.29
1006.29
1006.29
1006.29
1006.29
1006.29
1006.29
1006.29
1006.3
1006.34
1006.37
1006.2
1005.19
1002.14
995.406
983.801
967.006
945.352
922.838
911.748
918.064
934.066
953.293
971.429
985.575
995.302
1001.21
1004.26
1005.56
1006.04
1006.21
1006.28
1006.29
1006.29
1006.29
1006.29
1006.29
1006.29
1006.29
1006.29
1006.29
1006.29
1006.29
1006.29
1006.29
1006.29
1006.29
1006.29
1006.29
1006.29
1006.29
1006.29
1006.29
1006.29
1006.29
1006.29
1006.29
1006.29
1006.29
1006.29
1006.29
1006.29
1006.29
1006.29
1006.29
1006.29
1006.29
1006.29
1006.29
1006.29
1006.29
1006.29
1006.29
1006.29
1006.29
1006.29
1006.29
1006.29
1006.29
1006.29
1006.29
1006.29
1006.29
1006.29
1006.29
1006.28
1006.29
1006.29
1006.29
1006.29
1006.29
1006.29
1006.28
1006.29
1006.29
1006.29
1006.29
1006.29
1006.29
1006.29
1006.29
1006.29
1006.29
1006.29
1006.29
1006.29
1006.29
1006.3
1006.31
1006.36
1006.39
1006.07
1004.53
1000.18
990.993
975.602
953.543
925.119
896.804
885.316
895.506
916.743
941.427
963.914
981.044
992.741
999.9
1003.68
1005.36
1005.98
1006.19
1006.27
1006.29
1006.3
1006.29
1006.29
1006.29
1006.29
1006.29
1006.29
1006.29
1006.29
1006.29
1006.29
1006.29
1006.29
1006.29
1006.29
1006.29
1006.29
1006.29
1006.29
1006.29
1006.29
1006.29
1006.29
1006.29
1006.29
1006.29
1006.29
1006.29
1006.29
1006.29
1006.29
1006.29
1006.29
1006.29
1006.29
1006.29
1006.29
1006.29
1006.29
1006.29
1006.29
1006.29
1006.29
1006.29
1006.29
1006.29
1006.29
1006.28
1006.29
1006.29
1006.28
1006.29
1006.29
1006.29
1006.29
1006.29
1006.29
1006.29
1006.28
1006.29
1006.29
1006.28
1006.29
1006.29
1006.29
1006.29
1006.29
1006.29
1006.29
1006.29
1006.29
1006.29
1006.29
1006.29
1006.3
1006.32
1006.39
1006.41
1005.87
1003.64
997.711
985.691
966.045
938.148
902.543
868.938
857.678
871.621
898.375
929.03
956.161
976.435
990.131
998.511
1003.04
1005.13
1005.91
1006.17
1006.26
1006.29
1006.3
1006.29
1006.29
1006.29
1006.29
1006.29
1006.29
1006.29
1006.29
1006.29
1006.29
1006.29
1006.29
1006.29
1006.29
1006.29
1006.29
1006.29
1006.29
1006.29
1006.29
1006.29
1006.29
1006.29
1006.29
1006.29
1006.29
1006.29
1006.29
1006.29
1006.29
1006.29
1006.29
1006.29
1006.29
1006.29
1006.29
1006.29
1006.29
1006.29
1006.29
1006.29
1006.29
1006.29
1006.29
1006.29
1006.29
1006.29
1006.29
1006.28
1006.29
1006.29
1006.28
1006.29
1006.29
1006.29
1006.29
1006.28
1006.29
1006.28
1006.29
1006.29
1006.29
1006.29
1006.29
1006.29
1006.29
1006.29
1006.29
1006.29
1006.29
1006.29
1006.29
1006.29
1006.29
1006.33
1006.44
1006.42
1005.58
1002.52
994.786
979.66
955.503
921.625
879.23
841.352
830.281
847.133
879.327
916.158
948.174
971.768
987.476
997.052
1002.34
1004.85
1005.82
1006.14
1006.25
1006.29
1006.3
1006.29
1006.29
1006.29
1006.29
1006.29
1006.29
1006.29
1006.29
1006.29
1006.29
1006.29
1006.29
1006.29
1006.29
1006.29
1006.29
1006.29
1006.29
1006.29
1006.29
1006.29
1006.29
1006.29
1006.29
1006.29
1006.29
1006.29
1006.29
1006.29
1006.29
1006.29
1006.29
1006.29
1006.29
1006.29
1006.29
1006.29
1006.29
1006.29
1006.29
1006.29
1006.29
1006.29
1006.29
1006.29
1006.28
1006.29
1006.29
1006.29
1006.29
1006.28
1006.29
1006.29
1006.29
1006.28
1006.29
1006.29
1006.29
1006.29
1006.28
1006.29
1006.29
1006.29
1006.29
1006.29
1006.29
1006.29
1006.29
1006.29
1006.29
1006.29
1006.29
1006.29
1006.29
1006.35
1006.51
1006.42
1005.21
1001.19
991.515
973.186
944.575
905.169
857.22
816.334
804.861
823.287
860.199
902.92
939.972
967.026
984.757
995.53
1001.56
1004.51
1005.71
1006.12
1006.24
1006.29
1006.3
1006.3
1006.29
1006.29
1006.29
1006.29
1006.29
1006.29
1006.29
1006.29
1006.29
1006.29
1006.29
1006.29
1006.29
1006.29
1006.29
1006.29
1006.29
1006.29
1006.29
1006.29
1006.29
1006.29
1006.29
1006.29
1006.29
1006.29
1006.29
1006.29
1006.29
1006.29
1006.29
1006.29
1006.29
1006.29
1006.29
1006.29
1006.29
1006.29
1006.29
1006.29
1006.29
1006.29
1006.29
1006.29
1006.29
1006.29
1006.29
1006.29
1006.28
1006.29
1006.29
1006.29
1006.29
1006.29
1006.29
1006.29
1006.28
1006.29
1006.29
1006.28
1006.29
1006.29
1006.29
1006.28
1006.29
1006.29
1006.29
1006.29
1006.29
1006.29
1006.29
1006.29
1006.28
1006.38
1006.59
1006.4
1004.76
999.723
988.085
966.67
934.03
890.154
838.517
796.042
783.473
801.836
841.871
889.597
931.602
962.166
981.962
993.948
1000.7
1004.11
1005.57
1006.07
1006.23
1006.28
1006.3
1006.3
1006.29
1006.29
1006.29
1006.29
1006.29
1006.29
1006.29
1006.29
1006.29
1006.29
1006.29
1006.29
1006.29
1006.29
1006.29
1006.29
1006.29
1006.29
1006.29
1006.29
1006.29
1006.29
1006.29
1006.29
1006.29
1006.29
1006.29
1006.29
1006.29
1006.29
1006.29
1006.29
1006.29
1006.29
1006.29
1006.29
1006.29
1006.29
1006.29
1006.29
1006.29
1006.29
1006.29
1006.29
1006.29
1006.28
1006.29
1006.28
1006.29
1006.29
1006.29
1006.29
1006.29
1006.29
1006.28
1006.29
1006.28
1006.29
1006.29
1006.28
1006.29
1006.29
1006.29
1006.29
1006.29
1006.29
1006.29
1006.29
1006.29
1006.29
1006.3
1006.29
1006.27
1006.42
1006.69
1006.38
1004.27
998.224
984.743
960.587
924.686
877.806
824.604
782.003
767.91
784.581
825.5
876.749
923.188
957.177
979.078
992.285
999.768
1003.63
1005.37
1006.01
1006.21
1006.28
1006.3
1006.3
1006.29
1006.29
1006.29
1006.29
1006.29
1006.29
1006.28
1006.29
1006.29
1006.29
1006.29
1006.29
1006.29
1006.29
1006.29
1006.29
1006.29
1006.29
1006.29
1006.29
1006.29
1006.29
1006.29
1006.29
1006.29
1006.29
1006.29
1006.29
1006.29
1006.29
1006.29
1006.29
1006.29
1006.29
1006.29
1006.29
1006.29
1006.29
1006.29
1006.29
1006.29
1006.29
1006.29
1006.29
1006.29
1006.29
1006.29
1006.29
1006.29
1006.28
1006.29
1006.29
1006.29
1006.29
1006.29
1006.29
1006.29
1006.28
1006.29
1006.29
1006.29
1006.28
1006.29
1006.29
1006.29
1006.29
1006.29
1006.29
1006.29
1006.29
1006.3
1006.28
1006.26
1006.47
1006.8
1006.35
1003.79
996.828
981.772
955.429
917.25
868.918
816.089
774.52
758.873
772.714
812.305
865.175
915.037
952.155
976.111
990.517
998.74
1003.09
1005.12
1005.92
1006.18
1006.27
1006.29
1006.3
1006.29
1006.29
1006.29
1006.29
1006.29
1006.29
1006.29
1006.29
1006.29
1006.29
1006.29
1006.29
1006.29
1006.29
1006.29
1006.29
1006.29
1006.29
1006.29
1006.29
1006.29
1006.29
1006.29
1006.29
1006.29
1006.29
1006.29
1006.29
1006.29
1006.29
1006.29
1006.29
1006.29
1006.29
1006.29
1006.29
1006.29
1006.29
1006.29
1006.29
1006.29
1006.29
1006.29
1006.29
1006.29
1006.29
1006.29
1006.29
1006.29
1006.29
1006.29
1006.29
1006.29
1006.29
1006.29
1006.28
1006.29
1006.29
1006.28
1006.29
1006.29
1006.29
1006.29
1006.29
1006.29
1006.29
1006.29
1006.29
1006.29
1006.29
1006.31
1006.26
1006.24
1006.53
1006.93
1006.35
1003.38
995.683
979.459
951.632
912.217
863.781
812.685
772.735
755.87
766.534
803.191
855.679
907.581
947.289
973.125
988.661
997.612
1002.45
1004.8
1005.79
1006.14
1006.25
1006.29
1006.3
1006.3
1006.29
1006.29
1006.29
1006.29
1006.29
1006.29
1006.29
1006.29
1006.29
1006.29
1006.29
1006.29
1006.29
1006.29
1006.29
1006.29
1006.29
1006.29
1006.29
1006.29
1006.29
1006.29
1006.29
1006.29
1006.29
1006.29
1006.29
1006.29
1006.29
1006.29
1006.29
1006.29
1006.29
1006.29
1006.29
1006.29
1006.29
1006.29
1006.29
1006.29
1006.29
1006.29
1006.29
1006.29
1006.29
1006.29
1006.29
1006.29
1006.29
1006.29
1006.29
1006.29
1006.28
1006.29
1006.29
1006.28
1006.29
1006.29
1006.29
1006.29
1006.29
1006.29
1006.29
1006.29
1006.29
1006.29
1006.29
1006.28
1006.3
1006.32
1006.24
1006.21
1006.59
1007.06
1006.39
1003.12
994.933
978.056
949.539
909.874
862.36
813.694
775.577
758.097
765.841
798.65
848.883
901.225
942.761
970.214
986.772
996.4
1001.73
1004.42
1005.62
1006.08
1006.23
1006.28
1006.3
1006.3
1006.29
1006.29
1006.29
1006.29
1006.29
1006.29
1006.29
1006.29
1006.29
1006.29
1006.29
1006.29
1006.29
1006.29
1006.29
1006.29
1006.29
1006.29
1006.29
1006.29
1006.29
1006.29
1006.29
1006.29
1006.29
1006.29
1006.29
1006.29
1006.29
1006.29
1006.29
1006.29
1006.29
1006.29
1006.29
1006.29
1006.29
1006.29
1006.29
1006.29
1006.29
1006.29
1006.29
1006.29
1006.29
1006.29
1006.29
1006.29
1006.28
1006.29
1006.29
1006.28
1006.29
1006.29
1006.29
1006.29
1006.29
1006.29
1006.28
1006.29
1006.29
1006.29
1006.29
1006.29
1006.29
1006.29
1006.29
1006.28
1006.31
1006.33
1006.22
1006.17
1006.63
1007.2
1006.51
1003.06
994.688
977.741
949.382
910.368
864.548
818.629
782.581
765.151
770.422
798.869
845.21
896.293
938.703
967.449
984.906
995.135
1000.93
1003.97
1005.4
1005.99
1006.2
1006.27
1006.3
1006.3
1006.29
1006.29
1006.29
1006.29
1006.29
1006.29
1006.29
1006.29
1006.29
1006.29
1006.29
1006.29
1006.29
1006.29
1006.29
1006.29
1006.29
1006.29
1006.29
1006.29
1006.29
1006.29
1006.29
1006.29
1006.29
1006.29
1006.29
1006.29
1006.29
1006.29
1006.29
1006.29
1006.29
1006.29
1006.29
1006.29
1006.29
1006.29
1006.29
1006.29
1006.29
1006.29
1006.29
1006.29
1006.29
1006.29
1006.29
1006.29
1006.29
1006.29
1006.29
1006.29
1006.29
1006.29
1006.29
1006.29
1006.29
1006.29
1006.29
1006.29
1006.29
1006.29
1006.29
1006.29
1006.29
1006.29
1006.29
1006.28
1006.32
1006.35
1006.21
1006.12
1006.64
1007.34
1006.71
1003.26
995.006
978.587
951.236
913.757
870.285
827.383
793.7
776.779
779.948
803.752
844.917
893.069
935.245
964.87
983.109
993.85
1000.06
1003.45
1005.13
1005.87
1006.16
1006.26
1006.29
1006.3
1006.3
1006.29
1006.29
1006.29
1006.29
1006.29
1006.29
1006.29
1006.29
1006.29
1006.29
1006.29
1006.29
1006.29
1006.29
1006.29
1006.29
1006.29
1006.29
1006.29
1006.29
1006.29
1006.29
1006.29
1006.29
1006.29
1006.29
1006.29
1006.29
1006.29
1006.29
1006.29
1006.29
1006.29
1006.29
1006.29
1006.29
1006.29
1006.29
1006.29
1006.29
1006.29
1006.29
1006.29
1006.29
1006.29
1006.29
1006.29
1006.29
1006.29
1006.29
1006.29
1006.28
1006.29
1006.29
1006.29
1006.29
1006.29
1006.29
1006.29
1006.29
1006.29
1006.29
1006.29
1006.28
1006.29
1006.29
1006.27
1006.32
1006.38
1006.21
1006.05
1006.58
1007.44
1007.01
1003.72
995.881
980.52
954.983
919.904
879.423
839.815
808.595
792.293
793.599
812.758
847.987
891.802
932.545
962.517
981.408
992.592
999.151
1002.87
1004.81
1005.72
1006.09
1006.24
1006.28
1006.3
1006.3
1006.29
1006.29
1006.29
1006.29
1006.29
1006.29
1006.29
1006.29
1006.29
1006.29
1006.29
1006.29
1006.29
1006.29
1006.29
1006.29
1006.29
1006.29
1006.29
1006.29
1006.29
1006.29
1006.29
1006.29
1006.29
1006.29
1006.29
1006.29
1006.29
1006.29
1006.29
1006.29
1006.29
1006.29
1006.29
1006.29
1006.29
1006.29
1006.29
1006.29
1006.29
1006.29
1006.29
1006.29
1006.29
1006.29
1006.29
1006.29
1006.29
1006.29
1006.29
1006.29
1006.29
1006.29
1006.29
1006.29
1006.29
1006.29
1006.29
1006.29
1006.29
1006.29
1006.28
1006.28
1006.3
1006.29
1006.26
1006.31
1006.41
1006.24
1005.98
1006.45
1007.48
1007.38
1004.46
997.256
983.343
960.264
928.356
891.453
855.301
826.349
810.499
810.074
824.874
854.022
892.595
930.792
960.453
979.801
991.392
998.243
1002.24
1004.43
1005.52
1006.01
1006.2
1006.27
1006.29
1006.3
1006.29
1006.29
1006.29
1006.29
1006.29
1006.29
1006.29
1006.29
1006.29
1006.29
1006.29
1006.29
1006.29
1006.29
1006.29
1006.29
1006.29
1006.29
1006.29
1006.29
1006.29
1006.29
1006.29
1006.29
1006.29
1006.29
1006.29
1006.29
1006.29
1006.29
1006.29
1006.29
1006.29
1006.29
1006.29
1006.29
1006.29
1006.29
1006.29
1006.29
1006.29
1006.29
1006.29
1006.29
1006.29
1006.29
1006.29
1006.29
1006.29
1006.29
1006.29
1006.29
1006.29
1006.29
1006.29
1006.29
1006.29
1006.29
1006.29
1006.29
1006.28
1006.29
1006.29
1006.28
1006.3
1006.3
1006.25
1006.28
1006.44
1006.31
1005.93
1006.25
1007.38
1007.74
1005.43
999.058
986.793
966.546
938.333
905.423
872.755
845.797
830.161
828.077
838.937
862.332
895.327
930.141
958.789
978.304
990.249
997.359
1001.58
1004
1005.28
1005.89
1006.15
1006.25
1006.29
1006.3
1006.29
1006.29
1006.29
1006.29
1006.29
1006.29
1006.29
1006.29
1006.29
1006.29
1006.29
1006.29
1006.29
1006.29
1006.29
1006.29
1006.29
1006.29
1006.29
1006.29
1006.29
1006.29
1006.29
1006.29
1006.29
1006.29
1006.29
1006.29
1006.29
1006.29
1006.29
1006.29
1006.29
1006.29
1006.29
1006.29
1006.29
1006.29
1006.29
1006.29
1006.29
1006.29
1006.29
1006.29
1006.29
1006.29
1006.29
1006.29
1006.29
1006.29
1006.29
1006.29
1006.29
1006.29
1006.29
1006.29
1006.29
1006.29
1006.29
1006.29
1006.28
1006.29
1006.29
1006.27
1006.29
1006.32
1006.26
1006.24
1006.44
1006.41
1005.95
1006
1007.11
1007.96
1006.5
1001.2
990.654
973.292
948.94
920.19
890.988
865.905
850.392
846.74
854.083
872.228
899.718
930.648
957.652
976.974
989.165
996.51
1000.93
1003.55
1005
1005.75
1006.09
1006.23
1006.28
1006.29
1006.3
1006.29
1006.29
1006.29
1006.29
1006.29
1006.29
1006.29
1006.29
1006.29
1006.29
1006.29
1006.29
1006.29
1006.29
1006.29
1006.29
1006.29
1006.29
1006.29
1006.29
1006.29
1006.29
1006.29
1006.29
1006.29
1006.29
1006.29
1006.29
1006.29
1006.29
1006.29
1006.29
1006.29
1006.29
1006.29
1006.29
1006.29
1006.29
1006.29
1006.29
1006.29
1006.29
1006.29
1006.29
1006.29
1006.29
1006.29
1006.29
1006.29
1006.29
1006.29
1006.29
1006.29
1006.29
1006.29
1006.29
1006.29
1006.29
1006.29
1006.28
1006.28
1006.29
1006.28
1006.27
1006.33
1006.29
1006.2
1006.39
1006.52
1006.08
1005.79
1006.65
1007.91
1007.47
1003.51
994.777
980.17
959.5
934.806
909.02
885.878
870.624
865.63
869.88
883.262
905.475
932.278
957.14
975.884
988.169
995.709
1000.3
1003.08
1004.7
1005.57
1006
1006.19
1006.26
1006.29
1006.29
1006.29
1006.29
1006.29
1006.29
1006.29
1006.29
1006.29
1006.29
1006.29
1006.29
1006.29
1006.29
1006.29
1006.29
1006.29
1006.29
1006.29
1006.29
1006.29
1006.29
1006.29
1006.29
1006.29
1006.29
1006.29
1006.29
1006.29
1006.29
1006.29
1006.29
1006.29
1006.29
1006.29
1006.29
1006.29
1006.29
1006.29
1006.29
1006.29
1006.29
1006.29
1006.29
1006.29
1006.29
1006.29
1006.29
1006.29
1006.29
1006.29
1006.29
1006.29
1006.29
1006.29
1006.29
1006.29
1006.29
1006.29
1006.29
1006.29
1006.29
1006.28
1006.29
1006.29
1006.26
1006.32
1006.33
1006.19
1006.28
1006.57
1006.31
1005.75
1006.14
1007.49
1008.04
1005.66
998.931
987
969.726
948.798
926.302
905.215
890.468
884.469
886.1
895.206
912.396
934.965
957.319
975.111
987.288
994.966
999.697
1002.61
1004.37
1005.37
1005.89
1006.14
1006.24
1006.28
1006.29
1006.29
1006.29
1006.29
1006.29
1006.29
1006.29
1006.29
1006.29
1006.29
1006.29
1006.29
1006.29
1006.29
1006.29
1006.29
1006.29
1006.29
1006.29
1006.29
1006.29
1006.29
1006.29
1006.29
1006.29
1006.29
1006.29
1006.29
1006.29
1006.29
1006.29
1006.29
1006.29
1006.29
1006.29
1006.29
1006.29
1006.29
1006.29
1006.29
1006.29
1006.29
1006.29
1006.29
1006.29
1006.29
1006.29
1006.29
1006.29
1006.29
1006.29
1006.29
1006.29
1006.29
1006.29
1006.29
1006.29
1006.29
1006.28
1006.29
1006.29
1006.28
1006.28
1006.3
1006.27
1006.28
1006.36
1006.25
1006.18
1006.49
1006.53
1005.93
1005.75
1006.79
1008.01
1007.22
1002.69
993.475
979.433
962.029
942.67
923.701
909.673
902.955
902.431
907.825
920.332
938.641
958.213
974.736
986.578
994.293
999.138
1002.17
1004.04
1005.15
1005.76
1006.07
1006.21
1006.27
1006.29
1006.29
1006.29
1006.29
1006.29
1006.29
1006.29
1006.29
1006.29
1006.29
1006.29
1006.29
1006.29
1006.29
1006.29
1006.29
1006.29
1006.29
1006.29
1006.29
1006.29
1006.29
1006.29
1006.29
1006.29
1006.29
1006.29
1006.29
1006.29
1006.29
1006.29
1006.29
1006.29
1006.29
1006.29
1006.29
1006.29
1006.29
1006.29
1006.29
1006.29
1006.29
1006.29
1006.29
1006.29
1006.29
1006.29
1006.29
1006.29
1006.29
1006.29
1006.29
1006.29
1006.29
1006.29
1006.29
1006.29
1006.29
1006.29
1006.29
1006.29
1006.29
1006.28
1006.29
1006.29
1006.26
1006.34
1006.33
1006.17
1006.34
1006.61
1006.25
1005.7
1006.11
1007.4
1007.84
1005.51
999.072
988.242
974.225
957.905
941.144
928.009
920.763
918.439
920.717
929.066
943.245
959.836
974.807
986.096
993.728
998.635
1001.75
1003.71
1004.92
1005.62
1005.99
1006.17
1006.25
1006.28
1006.29
1006.29
1006.29
1006.29
1006.29
1006.29
1006.29
1006.29
1006.29
1006.29
1006.29
1006.29
1006.29
1006.29
1006.29
1006.29
1006.29
1006.29
1006.29
1006.29
1006.29
1006.29
1006.29
1006.29
1006.29
1006.29
1006.29
1006.29
1006.29
1006.29
1006.29
1006.29
1006.29
1006.29
1006.29
1006.29
1006.29
1006.29
1006.29
1006.29
1006.29
1006.29
1006.29
1006.29
1006.29
1006.29
1006.29
1006.29
1006.29
1006.29
1006.29
1006.29
1006.29
1006.29
1006.29
1006.29
1006.29
1006.29
1006.29
1006.29
1006.29
1006.28
1006.29
1006.3
1006.27
1006.29
1006.35
1006.24
1006.22
1006.5
1006.5
1005.97
1005.79
1006.59
1007.55
1006.97
1003.17
995.564
984.885
971.552
957.091
945.075
937.559
933.746
933.43
938.242
948.639
962.197
975.375
985.89
993.303
998.206
1001.38
1003.41
1004.7
1005.47
1005.9
1006.13
1006.23
1006.28
1006.29
1006.29
1006.29
1006.29
1006.29
1006.29
1006.29
1006.29
1006.29
1006.29
1006.29
1006.29
1006.29
1006.29
1006.29
1006.29
1006.29
1006.29
1006.29
1006.29
1006.29
1006.29
1006.29
1006.29
1006.29
1006.29
1006.29
1006.29
1006.29
1006.29
1006.29
1006.29
1006.29
1006.29
1006.29
1006.29
1006.29
1006.29
1006.29
1006.29
1006.29
1006.29
1006.29
1006.29
1006.29
1006.29
1006.29
1006.29
1006.29
1006.29
1006.29
1006.29
1006.29
1006.29
1006.29
1006.29
1006.29
1006.29
1006.29
1006.29
1006.29
1006.29
1006.28
1006.29
1006.29
1006.28
1006.32
1006.32
1006.23
1006.34
1006.52
1006.3
1005.92
1006.07
1006.82
1007.13
1005.39
1000.78
993.32
982.963
970.949
960.309
952.835
947.96
945.608
947.494
954.584
965.246
976.483
986.017
993.061
997.877
1001.06
1003.14
1004.48
1005.32
1005.81
1006.07
1006.2
1006.26
1006.29
1006.29
1006.29
1006.29
1006.29
1006.29
1006.29
1006.29
1006.29
1006.29
1006.29
1006.29
1006.29
1006.29
1006.29
1006.29
1006.29
1006.29
1006.29
1006.29
1006.29
1006.29
1006.29
1006.29
1006.29
1006.29
1006.29
1006.29
1006.29
1006.29
1006.29
1006.29
1006.29
1006.29
1006.29
1006.29
1006.29
1006.29
1006.29
1006.29
1006.29
1006.29
1006.29
1006.29
1006.29
1006.29
1006.29
1006.29
1006.29
1006.29
1006.29
1006.29
1006.29
1006.29
1006.29
1006.29
1006.29
1006.29
1006.29
1006.29
1006.29
1006.29
1006.29
1006.28
1006.29
1006.29
1006.29
1006.33
1006.29
1006.27
1006.39
1006.44
1006.21
1006.03
1006.28
1006.64
1006.08
1003.75
999.05
991.505
982.054
973.103
966.078
960.615
956.855
956.509
960.823
968.842
978.127
986.524
993.046
997.679
1000.83
1002.92
1004.3
1005.18
1005.71
1006.02
1006.17
1006.25
1006.28
1006.29
1006.29
1006.29
1006.29
1006.29
1006.29
1006.29
1006.29
1006.29
1006.29
1006.29
1006.29
1006.29
1006.29
1006.29
1006.29
1006.29
1006.29
1006.29
1006.29
1006.29
1006.29
1006.29
1006.29
1006.29
1006.29
1006.29
1006.29
1006.29
1006.29
1006.29
1006.29
1006.29
1006.29
1006.29
1006.29
1006.29
1006.29
1006.29
1006.29
1006.29
1006.29
1006.29
1006.29
1006.29
1006.29
1006.29
1006.29
1006.29
1006.29
1006.29
1006.29
1006.29
1006.29
1006.29
1006.29
1006.29
1006.29
1006.29
1006.29
1006.29
1006.29
1006.29
1006.29
1006.29
1006.29
1006.3
1006.32
1006.29
1006.31
1006.4
1006.37
1006.21
1006.15
1006.24
1006.1
1005.08
1002.3
997.117
990.148
983.08
976.88
971.345
966.817
964.951
967.107
972.828
980.236
987.416
993.294
997.644
1000.69
1002.76
1004.15
1005.06
1005.63
1005.96
1006.14
1006.23
1006.27
1006.29
1006.29
1006.29
1006.29
1006.29
1006.29
1006.29
1006.29
1006.29
1006.29
1006.29
1006.29
1006.29
1006.29
1006.29
1006.29
1006.29
1006.29
1006.29
1006.29
1006.29
1006.29
1006.29
1006.29
1006.29
1006.29
1006.29
1006.29
1006.29
1006.29
1006.29
1006.29
1006.29
1006.29
1006.29
1006.29
1006.29
1006.29
1006.29
1006.29
1006.29
1006.29
1006.29
1006.29
1006.29
1006.29
1006.29
1006.29
1006.29
1006.29
1006.29
1006.29
1006.29
1006.29
1006.29
1006.29
1006.29
1006.29
1006.29
1006.29
1006.29
1006.29
1006.29
1006.29
1006.29
1006.29
1006.29
1006.31
1006.31
1006.31
1006.33
1006.37
1006.33
1006.23
1006.17
1006.11
1005.61
1003.91
1000.48
995.656
990.407
985.232
980.037
975.315
972.595
973.205
977.041
982.733
988.675
993.816
997.791
1000.67
1002.68
1004.05
1004.97
1005.55
1005.91
1006.11
1006.22
1006.27
1006.29
1006.29
1006.29
1006.29
1006.29
1006.29
1006.29
1006.29
1006.29
1006.29
1006.29
1006.29
1006.29
1006.29
1006.29
1006.29
1006.29
1006.29
1006.29
1006.29
1006.29
1006.29
1006.29
1006.29
1006.29
1006.29
1006.29
1006.29
1006.29
1006.29
1006.29
1006.29
1006.29
1006.29
1006.29
1006.29
1006.29
1006.29
1006.29
1006.29
1006.29
1006.29
1006.29
1006.29
1006.29
1006.29
1006.29
1006.29
1006.29
1006.29
1006.29
1006.29
1006.29
1006.29
1006.29
1006.29
1006.29
1006.29
1006.29
1006.29
1006.29
1006.29
1006.29
1006.29
1006.29
1006.29
1006.3
1006.3
1006.31
1006.32
1006.32
1006.34
1006.34
1006.3
1006.26
1006.2
1005.85
1004.74
1002.54
999.368
995.622
991.458
986.857
982.373
979.341
978.955
981.328
985.52
990.265
994.615
998.136
1000.78
1002.68
1004.01
1004.91
1005.5
1005.87
1006.09
1006.2
1006.26
1006.28
1006.29
1006.29
1006.29
1006.29
1006.29
1006.29
1006.29
1006.29
1006.29
1006.29
1006.29
1006.29
1006.29
1006.29
1006.29
1006.29
1006.29
1006.29
1006.29
1006.29
1006.29
1006.29
1006.29
1006.29
1006.29
1006.29
1006.29
1006.29
1006.29
1006.29
1006.29
1006.29
1006.29
1006.29
1006.29
1006.29
1006.29
1006.29
1006.29
1006.29
1006.29
1006.29
1006.29
1006.29
1006.29
1006.29
1006.29
1006.28
1006.29
1006.29
1006.29
1006.28
1006.29
1006.29
1006.29
1006.29
1006.29
1006.29
1006.29
1006.29
1006.29
1006.29
1006.29
1006.29
1006.29
1006.29
1006.3
1006.3
1006.31
1006.32
1006.33
1006.33
1006.33
1006.32
1006.26
1005.99
1005.29
1003.95
1001.93
999.287
996.003
992.113
988.15
985.199
984.258
985.55
988.482
992.118
995.664
998.679
1001.03
1002.78
1004.03
1004.9
1005.48
1005.85
1006.07
1006.19
1006.26
1006.28
1006.29
1006.29
1006.29
1006.29
1006.29
1006.29
1006.29
1006.29
1006.29
1006.29
1006.29
1006.29
1006.29
1006.29
1006.29
1006.29
1006.29
1006.29
1006.29
1006.29
1006.29
1006.29
1006.29
1006.29
1006.29
1006.29
1006.29
1006.29
1006.29
1006.29
1006.29
1006.29
1006.29
1006.29
1006.29
1006.29
1006.29
1006.29
1006.29
1006.29
1006.29
1006.29
1006.29
1006.29
1006.29
1006.29
1006.29
1006.29
1006.28
1006.29
1006.29
1006.28
1006.29
1006.29
1006.29
1006.28
1006.29
1006.29
1006.29
1006.29
1006.29
1006.29
1006.29
1006.29
1006.29
1006.29
1006.3
1006.3
1006.31
1006.32
1006.32
1006.33
1006.33
1006.32
1006.27
1006.11
1005.72
1004.94
1003.67
1001.81
999.275
996.141
992.849
990.222
989.044
989.582
991.5
994.151
996.919
999.401
1001.43
1002.98
1004.12
1004.93
1005.49
1005.85
1006.07
1006.19
1006.25
1006.28
1006.29
1006.29
1006.29
1006.29
1006.29
1006.29
1006.29
1006.29
1006.29
1006.29
1006.29
1006.29
1006.29
1006.29
1006.29
1006.29
1006.29
1006.29
1006.29
1006.29
1006.29
1006.29
1006.29
1006.29
1006.29
1006.29
1006.29
1006.29
1006.29
1006.29
1006.29
1006.29
1006.29
1006.29
1006.29
1006.29
1006.29
1006.29
1006.29
1006.29
1006.29
1006.29
1006.29
1006.29
1006.28
1006.29
1006.28
1006.29
1006.29
1006.28
1006.29
1006.29
1006.28
1006.28
1006.29
1006.29
1006.29
1006.28
1006.29
1006.29
1006.29
1006.29
1006.29
1006.29
1006.29
1006.29
1006.29
1006.3
1006.3
1006.31
1006.32
1006.33
1006.33
1006.32
1006.29
1006.21
1006.02
1005.58
1004.78
1003.48
1001.61
999.224
996.649
994.469
993.265
993.304
994.44
996.259
998.314
1000.27
1001.94
1003.27
1004.28
1005.01
1005.53
1005.86
1006.07
1006.19
1006.25
1006.28
1006.29
1006.29
1006.29
1006.29
1006.29
1006.29
1006.29
1006.29
1006.29
1006.29
1006.29
1006.29
1006.29
1006.29
1006.29
1006.29
1006.29
1006.29
1006.29
1006.29
1006.29
1006.29
1006.29
1006.29
1006.29
1006.29
1006.29
1006.29
1006.29
1006.29
1006.29
1006.29
1006.29
1006.29
1006.29
1006.29
1006.29
1006.29
1006.29
1006.29
1006.29
1006.29
1006.29
1006.29
1006.29
1006.28
1006.29
1006.29
1006.29
1006.29
1006.29
1006.29
1006.29
1006.29
1006.28
1006.29
1006.29
1006.29
1006.29
1006.29
1006.29
1006.29
1006.29
1006.29
1006.29
1006.29
1006.29
1006.29
1006.3
1006.31
1006.31
1006.32
1006.32
1006.32
1006.31
1006.28
1006.18
1005.93
1005.44
1004.58
1003.28
1001.58
999.677
997.968
996.867
996.611
997.174
998.323
999.758
1001.22
1002.54
1003.64
1004.5
1005.14
1005.59
1005.9
1006.09
1006.2
1006.26
1006.28
1006.29
1006.29
1006.29
1006.29
1006.29
1006.29
1006.29
1006.29
1006.29
1006.29
1006.29
1006.29
1006.29
1006.29
1006.29
1006.29
1006.29
1006.29
1006.29
1006.29
1006.29
1006.29
1006.29
1006.29
1006.29
1006.29
1006.29
1006.29
1006.29
1006.29
1006.29
1006.29
1006.29
1006.29
1006.29
1006.29
1006.29
1006.29
1006.29
1006.29
1006.29
1006.28
1006.29
1006.28
1006.29
1006.28
1006.29
1006.29
1006.29
1006.29
1006.29
1006.28
1006.29
1006.29
1006.29
1006.29
1006.29
1006.29
1006.29
1006.29
1006.29
1006.29
1006.29
1006.29
1006.29
1006.29
1006.29
1006.29
1006.3
1006.3
1006.31
1006.31
1006.32
1006.32
1006.32
1006.3
1006.25
1006.12
1005.83
1005.3
1004.47
1003.33
1002
1000.73
999.799
999.399
999.576
1000.22
1001.16
1002.2
1003.19
1004.06
1004.76
1005.3
1005.69
1005.95
1006.12
1006.22
1006.27
1006.29
1006.3
1006.29
1006.29
1006.29
1006.29
1006.29
1006.29
1006.29
1006.29
1006.29
1006.29
1006.29
1006.29
1006.29
1006.29
1006.29
1006.29
1006.29
1006.29
1006.29
1006.29
1006.29
1006.29
1006.29
1006.29
1006.29
1006.29
1006.29
1006.29
1006.29
1006.29
1006.29
1006.29
1006.29
1006.29
1006.29
1006.29
1006.29
1006.29
1006.29
1006.29
1006.28
1006.29
1006.29
1006.28
1006.29
1006.28
1006.28
1006.29
1006.29
1006.28
1006.29
1006.29
1006.28
1006.29
1006.29
1006.29
1006.29
1006.29
1006.28
1006.29
1006.29
1006.29
1006.29
1006.29
1006.29
1006.29
1006.29
1006.29
1006.3
1006.3
1006.31
1006.31
1006.32
1006.32
1006.31
1006.29
1006.22
1006.07
1005.77
1005.27
1004.56
1003.68
1002.78
1002.04
1001.62
1001.57
1001.87
1002.43
1003.13
1003.84
1004.49
1005.04
1005.48
1005.79
1006.01
1006.15
1006.24
1006.28
1006.3
1006.3
1006.3
1006.29
1006.29
1006.29
1006.29
1006.29
1006.29
1006.29
1006.29
1006.29
1006.29
1006.29
1006.29
1006.29
1006.29
1006.29
1006.29
1006.29
1006.29
1006.29
1006.29
1006.29
1006.29
1006.29
1006.29
1006.29
1006.29
1006.29
1006.29
1006.29
1006.29
1006.29
1006.29
1006.29
1006.29
1006.29
1006.29
1006.29
1006.28
1006.29
1006.29
1006.28
1006.29
1006.28
1006.29
1006.29
1006.28
1006.28
1006.29
1006.28
1006.29
1006.29
1006.29
1006.28
1006.29
1006.29
1006.29
1006.29
1006.29
1006.29
1006.29
1006.29
1006.29
1006.29
1006.29
1006.29
1006.29
1006.29
1006.29
1006.3
1006.3
1006.31
1006.31
1006.32
1006.32
1006.31
1006.28
1006.2
1006.05
1005.77
1005.35
1004.8
1004.2
1003.65
1003.27
1003.11
1003.21
1003.51
1003.95
1004.44
1004.91
1005.33
1005.66
1005.91
1006.08
1006.2
1006.26
1006.29
1006.3
1006.3
1006.3
1006.3
1006.29
1006.29
1006.29
1006.29
1006.29
1006.29
1006.29
1006.29
1006.29
1006.29
1006.29
1006.29
1006.29
1006.29
1006.29
1006.29
1006.29
1006.29
1006.29
1006.29
1006.29
1006.29
1006.29
1006.29
1006.29
1006.29
1006.29
1006.29
1006.29
1006.29
1006.29
1006.29
1006.29
1006.29
1006.29
1006.29
1006.29
1006.28
1006.29
1006.28
1006.29
1006.29
1006.27
1006.29
1006.29
1006.28
1006.29
1006.29
1006.28
1006.29
1006.29
1006.28
1006.28
1006.29
1006.29
1006.28
1006.29
1006.29
1006.29
1006.28
1006.29
1006.29
1006.29
1006.29
1006.29
1006.29
1006.29
1006.29
1006.3
1006.3
1006.31
1006.32
1006.32
1006.32
1006.31
1006.27
1006.2
1006.05
1005.82
1005.49
1005.11
1004.73
1004.42
1004.24
1004.23
1004.38
1004.64
1004.96
1005.29
1005.59
1005.83
1006.02
1006.15
1006.23
1006.28
1006.3
1006.31
1006.3
1006.3
1006.29
1006.29
1006.29
1006.29
1006.29
1006.29
1006.29
1006.29
1006.29
1006.29
1006.29
1006.29
1006.29
1006.29
1006.29
1006.29
1006.29
1006.29
1006.29
1006.29
1006.29
1006.29
1006.29
1006.29
1006.29
1006.29
1006.29
1006.29
1006.29
1006.29
1006.29
1006.29
1006.29
1006.29
1006.29
1006.29
1006.29
1006.29
1006.28
1006.29
1006.29
1006.27
1006.3
1006.28
1006.28
1006.3
1006.29
1006.28
1006.29
1006.29
1006.28
1006.29
1006.29
1006.29
1006.28
1006.29
1006.29
1006.29
1006.29
1006.29
1006.29
1006.28
1006.29
1006.29
1006.29
1006.29
1006.29
1006.29
1006.29
1006.29
1006.3
1006.3
1006.31
1006.31
1006.32
1006.32
1006.3
1006.27
1006.2
1006.07
1005.89
1005.66
1005.41
1005.18
1005.03
1004.98
1005.04
1005.19
1005.39
1005.61
1005.81
1005.99
1006.12
1006.21
1006.26
1006.29
1006.31
1006.31
1006.3
1006.3
1006.29
1006.29
1006.29
1006.29
1006.29
1006.29
1006.29
1006.29
1006.29
1006.29
1006.29
1006.29
1006.29
1006.29
1006.29
1006.29
1006.29
1006.29
1006.29
1006.29
1006.29
1006.29
1006.29
1006.29
1006.29
1006.29
1006.29
1006.29
1006.29
1006.29
1006.29
1006.29
1006.29
1006.29
1006.29
1006.29
1006.29
1006.28
1006.29
1006.28
1006.3
1006.28
1006.27
1006.31
1006.27
1006.28
1006.3
1006.28
1006.28
1006.29
1006.29
1006.28
1006.29
1006.29
1006.28
1006.28
1006.29
1006.29
1006.28
1006.29
1006.29
1006.29
1006.29
1006.29
1006.29
1006.29
1006.29
1006.29
1006.29
1006.29
1006.3
1006.3
1006.3
1006.31
1006.31
1006.32
1006.32
1006.3
1006.27
1006.21
1006.11
1005.97
1005.82
1005.67
1005.55
1005.5
1005.52
1005.6
1005.72
1005.86
1005.99
1006.11
1006.19
1006.26
1006.29
1006.31
1006.31
1006.31
1006.3
1006.3
1006.3
1006.29
1006.29
1006.29
1006.29
1006.29
1006.29
1006.29
1006.29
1006.29
1006.29
1006.29
1006.29
1006.29
1006.29
1006.29
1006.29
1006.29
1006.29
1006.29
1006.29
1006.29
1006.29
1006.29
1006.29
1006.29
1006.29
1006.29
1006.29
1006.29
1006.29
1006.29
1006.29
1006.29
1006.29
1006.29
1006.29
1006.28
1006.29
1006.29
1006.27
1006.31
1006.27
1006.29
1006.3
1006.27
1006.28
1006.3
1006.28
1006.28
1006.29
1006.29
1006.28
1006.29
1006.29
1006.29
1006.28
1006.29
1006.29
1006.28
1006.29
1006.29
1006.29
1006.28
1006.29
1006.29
1006.29
1006.29
1006.29
1006.29
1006.29
1006.3
1006.3
1006.3
1006.31
1006.31
1006.32
1006.31
1006.3
1006.27
1006.22
1006.14
1006.05
1005.96
1005.89
1005.85
1005.85
1005.89
1005.96
1006.04
1006.13
1006.2
1006.25
1006.29
1006.31
1006.31
1006.31
1006.31
1006.31
1006.3
1006.29
1006.29
1006.29
1006.29
1006.29
1006.29
1006.29
1006.29
1006.29
1006.29
1006.29
1006.29
1006.29
1006.29
1006.29
1006.29
1006.29
1006.29
1006.29
1006.29
1006.29
1006.29
1006.29
1006.29
1006.29
1006.29
1006.29
1006.29
1006.29
1006.29
1006.29
1006.29
1006.29
1006.29
1006.29
1006.29
1006.29
1006.29
1006.28
1006.3
1006.28
1006.28
1006.3
1006.26
1006.3
1006.29
1006.27
1006.29
1006.29
1006.28
1006.28
1006.29
1006.29
1006.28
1006.29
1006.29
1006.28
1006.28
1006.29
1006.29
1006.28
1006.28
1006.29
1006.29
1006.29
1006.29
1006.29
1006.29
1006.29
1006.29
1006.29
1006.29
1006.3
1006.3
1006.3
1006.31
1006.31
1006.31
1006.31
1006.3
1006.28
1006.24
1006.19
1006.13
1006.09
1006.06
1006.06
1006.08
1006.12
1006.17
1006.22
1006.26
1006.29
1006.3
1006.31
1006.32
1006.32
1006.31
1006.3
1006.29
1006.29
1006.29
1006.29
1006.29
1006.29
1006.29
1006.29
1006.29
1006.29
1006.29
1006.29
1006.29
1006.29
1006.29
1006.29
1006.29
1006.29
1006.29
1006.29
1006.29
1006.29
1006.29
1006.29
1006.29
1006.29
1006.29
1006.29
1006.29
1006.29
1006.29
1006.29
1006.29
1006.29
1006.29
1006.29
1006.29
1006.28
1006.29
1006.29
1006.28
1006.3
1006.26
1006.3
1006.29
1006.27
1006.29
1006.29
1006.28
1006.29
1006.29
1006.28
1006.28
1006.29
1006.29
1006.28
1006.29
1006.29
1006.29
1006.28
1006.29
1006.29
1006.29
1006.28
1006.29
1006.29
1006.29
1006.29
1006.29
1006.29
1006.29
1006.29
1006.29
1006.29
1006.3
1006.3
1006.3
1006.31
1006.31
1006.31
1006.31
1006.3
1006.28
1006.26
1006.23
1006.2
1006.19
1006.18
1006.2
1006.22
1006.24
1006.27
1006.29
1006.31
1006.32
1006.32
1006.32
1006.31
1006.3
1006.3
1006.29
1006.29
1006.29
1006.29
1006.29
1006.29
1006.29
1006.29
1006.29
1006.29
1006.29
1006.29
1006.29
1006.29
1006.29
1006.29
1006.29
1006.29
1006.29
1006.29
1006.29
1006.29
1006.29
1006.29
1006.29
1006.29
1006.29
1006.29
1006.29
1006.29
1006.29
1006.29
1006.29
1006.29
1006.29
1006.29
1006.29
1006.29
1006.28
1006.29
1006.28
1006.29
1006.29
1006.27
1006.3
1006.28
1006.28
1006.29
1006.29
1006.28
1006.29
1006.29
1006.28
1006.28
1006.29
1006.29
1006.28
1006.29
1006.29
1006.28
1006.28
1006.29
1006.29
1006.28
1006.28
1006.29
1006.29
1006.29
1006.29
1006.29
1006.29
1006.29
1006.29
1006.29
1006.29
1006.3
1006.3
1006.3
1006.31
1006.31
1006.31
1006.31
1006.3
1006.29
1006.28
1006.27
1006.26
1006.25
1006.26
1006.27
1006.29
1006.3
1006.31
1006.32
1006.32
1006.32
1006.31
1006.31
1006.3
1006.3
1006.3
1006.29
1006.29
1006.29
1006.29
1006.29
1006.29
1006.29
1006.29
1006.29
1006.29
1006.29
1006.29
1006.29
1006.29
1006.29
1006.29
1006.29
1006.29
1006.29
1006.29
1006.29
1006.29
1006.29
1006.29
1006.29
1006.29
1006.29
1006.29
1006.29
1006.29
1006.29
1006.29
1006.29
1006.29
1006.29
1006.29
1006.29
1006.29
1006.28
1006.29
1006.27
1006.3
1006.28
1006.28
1006.29
1006.28
1006.28
1006.29
1006.29
1006.28
1006.29
1006.29
1006.28
1006.28
1006.29
1006.29
1006.28
1006.29
1006.29
1006.29
1006.28
1006.29
1006.29
1006.28
1006.28
1006.29
1006.29
1006.29
1006.29
1006.29
1006.29
1006.29
1006.29
1006.29
1006.29
1006.3
1006.3
1006.3
1006.31
1006.31
1006.31
1006.31
1006.31
1006.3
1006.3
1006.29
1006.29
1006.29
1006.3
1006.31
1006.31
1006.32
1006.32
1006.32
1006.32
1006.31
1006.31
1006.3
1006.3
1006.29
1006.29
1006.29
1006.29
1006.29
1006.29
1006.29
1006.29
1006.29
1006.29
1006.29
1006.29
1006.29
1006.29
1006.29
1006.29
1006.29
1006.29
1006.29
1006.29
1006.29
1006.29
1006.29
1006.29
1006.29
1006.29
1006.29
1006.29
1006.29
1006.29
1006.29
1006.29
1006.29
1006.29
1006.29
1006.29
1006.29
1006.29
1006.29
1006.28
1006.29
1006.29
1006.28
1006.3
1006.28
1006.29
1006.29
1006.29
1006.28
1006.29
1006.28
1006.29
1006.28
1006.29
1006.29
1006.28
1006.29
1006.29
1006.28
1006.29
1006.29
1006.29
1006.28
1006.29
1006.29
1006.29
1006.29
1006.29
1006.29
1006.29
1006.29
1006.29
1006.29
1006.29
1006.29
1006.29
1006.29
1006.3
1006.3
1006.3
1006.31
1006.31
1006.31
1006.31
1006.31
1006.31
1006.31
1006.31
1006.31
1006.31
1006.32
1006.32
1006.32
1006.32
1006.31
1006.31
1006.31
1006.3
1006.3
1006.29
1006.29
1006.29
1006.29
1006.29
1006.29
1006.29
1006.29
1006.29
1006.29
1006.29
1006.29
1006.29
1006.29
1006.29
1006.29
1006.29
1006.29
1006.29
1006.29
1006.29
1006.29
1006.29
1006.29
1006.29
1006.29
1006.29
1006.29
1006.29
1006.29
1006.29
1006.29
1006.29
1006.29
1006.29
1006.29
1006.29
1006.29
1006.29
1006.29
1006.29
1006.28
1006.29
1006.28
1006.29
1006.29
1006.28
1006.29
1006.29
1006.29
1006.28
1006.29
1006.29
1006.28
1006.29
1006.29
1006.29
1006.28
1006.29
1006.29
1006.28
1006.29
1006.29
1006.29
1006.29
1006.29
1006.29
1006.29
1006.29
1006.29
1006.29
1006.29
1006.29
1006.29
1006.29
1006.29
1006.29
1006.29
1006.29
1006.3
1006.3
1006.3
1006.31
1006.31
1006.31
1006.31
1006.31
1006.31
1006.31
1006.32
1006.32
1006.32
1006.32
1006.32
1006.32
1006.31
1006.31
1006.3
1006.3
1006.29
1006.29
1006.29
1006.29
1006.29
1006.29
1006.29
1006.29
1006.29
1006.29
1006.29
1006.29
1006.29
1006.29
1006.29
1006.29
1006.29
1006.29
1006.29
1006.29
1006.29
1006.29
1006.29
1006.29
1006.29
1006.29
1006.29
1006.29
1006.29
1006.29
1006.29
1006.29
1006.29
1006.29
1006.29
1006.29
1006.29
1006.29
1006.29
1006.29
1006.28
1006.29
1006.29
1006.28
1006.29
1006.28
1006.29
1006.29
1006.29
1006.28
1006.29
1006.28
1006.29
1006.29
1006.29
1006.28
1006.29
1006.29
1006.29
1006.28
1006.29
1006.29
1006.29
1006.29
1006.29
1006.29
1006.29
1006.29
1006.29
1006.29
1006.29
1006.29
1006.29
1006.29
1006.29
1006.29
1006.29
1006.29
1006.29
1006.29
1006.29
1006.3
1006.3
1006.3
1006.3
1006.31
1006.31
1006.31
1006.31
1006.31
1006.31
1006.32
1006.31
1006.31
1006.31
1006.31
1006.31
1006.3
1006.3
1006.3
1006.29
1006.29
1006.29
1006.29
1006.29
1006.29
1006.29
1006.29
1006.29
1006.29
1006.29
1006.29
1006.29
1006.29
1006.29
1006.29
1006.29
1006.29
1006.29
1006.29
1006.29
1006.29
1006.29
1006.29
1006.29
1006.29
1006.29
1006.29
1006.29
1006.29
1006.29
1006.29
1006.29
1006.29
1006.29
1006.29
1006.29
1006.29
1006.29
1006.29
1006.29
1006.28
1006.29
1006.28
1006.29
1006.29
1006.28
1006.29
1006.29
1006.29
1006.28
1006.29
1006.28
1006.28
1006.29
1006.29
1006.28
1006.28
1006.29
1006.29
1006.28
1006.29
1006.29
1006.29
1006.29
1006.29
1006.29
1006.29
1006.29
1006.29
1006.29
1006.29
1006.29
1006.29
1006.29
1006.29
1006.29
1006.29
1006.29
1006.29
1006.29
1006.29
1006.29
1006.3
1006.3
1006.3
1006.3
1006.3
1006.31
1006.31
1006.31
1006.31
1006.31
1006.31
1006.31
1006.31
1006.3
1006.3
1006.3
1006.29
1006.29
1006.29
1006.29
1006.29
1006.29
1006.29
1006.29
1006.29
1006.29
1006.29
1006.29
1006.29
1006.29
1006.29
1006.29
1006.29
1006.29
1006.29
1006.29
1006.29
1006.29
1006.29
1006.29
1006.29
1006.29
1006.29
1006.29
1006.29
1006.29
1006.29
1006.29
1006.29
1006.29
1006.29
1006.29
1006.29
1006.29
1006.29
1006.29
1006.29
1006.29
1006.29
1006.28
1006.29
1006.28
1006.29
1006.29
1006.29
1006.28
1006.29
1006.29
1006.28
1006.29
1006.29
1006.28
1006.29
1006.29
1006.29
1006.29
1006.29
1006.29
1006.29
1006.29
1006.29
1006.29
1006.29
1006.29
1006.29
1006.29
1006.29
1006.29
1006.29
1006.29
1006.29
1006.29
1006.29
1006.29
1006.29
1006.29
1006.29
1006.29
1006.29
1006.29
1006.29
1006.29
1006.3
1006.3
1006.3
1006.3
1006.3
1006.3
1006.3
1006.31
1006.31
1006.3
1006.3
1006.3
1006.3
1006.29
1006.29
1006.29
1006.29
1006.29
1006.29
1006.29
1006.29
1006.29
1006.29
1006.29
1006.29
1006.29
1006.29
1006.29
1006.29
1006.29
1006.29
1006.29
1006.29
1006.29
1006.29
1006.29
1006.29
1006.29
1006.29
1006.29
1006.29
1006.29
1006.29
1006.29
1006.29
1006.29
1006.29
1006.29
1006.29
1006.29
1006.29
1006.29
1006.29
1006.29
1006.29
1006.29
1006.29
1006.29
1006.29
1006.29
1006.28
1006.29
1006.29
1006.28
1006.29
1006.29
1006.29
1006.28
1006.29
1006.29
1006.28
1006.29
1006.29
1006.28
1006.29
1006.29
1006.28
1006.29
1006.29
1006.29
1006.29
1006.29
1006.29
1006.29
1006.29
1006.29
1006.29
1006.29
1006.29
1006.29
1006.29
1006.29
1006.29
1006.29
1006.29
1006.29
1006.29
1006.29
1006.29
1006.29
1006.29
1006.29
1006.3
1006.3
1006.3
1006.3
1006.3
1006.3
1006.3
1006.3
1006.3
1006.29
1006.29
1006.29
1006.29
1006.29
1006.29
1006.29
1006.29
1006.29
1006.29
1006.29
1006.29
1006.29
1006.29
1006.29
1006.29
1006.29
1006.29
1006.29
1006.29
1006.29
1006.29
1006.29
1006.29
1006.29
1006.29
1006.29
1006.29
1006.29
1006.29
1006.29
1006.29
1006.29
1006.29
1006.29
1006.29
1006.29
1006.29
1006.29
1006.29
1006.29
1006.29
1006.29
1006.29
1006.29
1006.29
1006.29
1006.29
1006.29
1006.29
1006.29
1006.28
1006.29
1006.28
1006.29
1006.29
1006.29
1006.29
1006.29
1006.29
1006.28
1006.29
1006.29
1006.29
1006.28
1006.29
1006.29
1006.29
1006.29
1006.29
1006.29
1006.29
1006.29
1006.29
1006.29
1006.29
1006.29
1006.29
1006.29
1006.29
1006.29
1006.29
1006.29
1006.29
1006.29
1006.29
1006.29
1006.29
1006.29
1006.29
1006.29
1006.29
1006.29
1006.29
1006.3
1006.3
1006.29
1006.3
1006.29
1006.29
1006.29
1006.29
1006.29
1006.29
1006.29
1006.29
1006.29
1006.29
1006.29
1006.29
1006.29
1006.29
1006.29
1006.29
1006.29
1006.29
1006.29
1006.29
1006.29
1006.29
1006.29
1006.29
1006.29
1006.29
1006.29
1006.29
1006.29
1006.29
1006.29
1006.29
1006.29
1006.29
1006.29
1006.29
1006.29
1006.29
1006.29
1006.29
1006.29
1006.29
1006.29
1006.29
1006.29
1006.29
1006.29
1006.29
1006.29
1006.29
1006.29
1006.29
1006.29
1006.29
1006.28
1006.29
1006.29
1006.29
1006.29
1006.29
1006.29
1006.29
1006.29
1006.29
1006.28
1006.29
1006.29
1006.29
1006.29
1006.29
1006.29
1006.29
1006.29
1006.29
1006.29
1006.29
1006.29
1006.29
1006.29
1006.29
1006.29
1006.29
1006.29
1006.29
1006.29
1006.29
1006.29
1006.29
1006.29
1006.29
1006.29
1006.29
1006.29
1006.29
1006.29
1006.29
1006.29
1006.29
1006.29
1006.29
1006.29
1006.29
1006.29
1006.29
1006.29
1006.29
1006.29
1006.29
1006.29
1006.29
1006.29
1006.29
1006.29
1006.29
1006.29
1006.29
1006.29
1006.29
1006.29
1006.29
1006.29
1006.29
1006.29
1006.29
1006.29
1006.29
1006.29
1006.29
1006.29
1006.29
1006.29
1006.29
1006.29
1006.29
1006.29
1006.29
1006.29
1006.29
1006.29
1006.29
1006.29
1006.29
1006.29
1006.29
1006.29
1006.29
1006.29
1006.29
1006.29
1006.29
1006.29
1006.29
1006.29
1006.29
1006.29
1006.29
1006.29
1006.29
1006.28
1006.29
1006.29
1006.29
1006.29
1006.29
1006.29
1006.29
1006.29
1006.29
1006.29
1006.29
1006.29
1006.29
1006.29
1006.29
1006.29
1006.29
1006.29
1006.29
1006.29
1006.29
1006.29
1006.29
1006.29
1006.29
1006.29
1006.29
1006.29
1006.29
1006.29
1006.29
1006.29
1006.29
1006.29
1006.29
1006.29
1006.29
1006.29
1006.29
1006.29
1006.29
1006.29
1006.29
1006.29
1006.29
1006.29
1006.29
1006.29
1006.29
1006.29
1006.29
1006.29
1006.29
1006.29
1006.29
1006.29
1006.29
1006.29
1006.29
1006.29
1006.29
1006.29
1006.29
1006.29
1006.29
1006.29
1006.29
1006.29
1006.29
1006.29
1006.29
1006.29
1006.29
1006.29
1006.29
1006.29
1006.29
1006.29
1006.29
1006.29
1006.29
1006.29
1006.29
1006.29
1006.29
1006.29
1006.29
1006.29
1006.29
1006.29
1006.29
1006.29
1006.29
1006.29
1006.29
1006.29
1006.29
1006.29
1006.29
1006.29
1006.28
1006.29
1006.29
1006.29
1006.29
1006.29
1006.29
1006.29
1006.29
1006.29
1006.29
1006.29
1006.29
1006.29
1006.29
1006.29
1006.29
1006.29
1006.29
1006.29
1006.29
1006.29
1006.29
1006.29
1006.29
1006.29
1006.29
1006.29
1006.29
1006.29
1006.29
1006.29
1006.29
1006.29
1006.29
1006.29
1006.29
1006.29
1006.29
1006.29
1006.29
1006.29
1006.29
1006.29
1006.29
1006.29
1006.29
1006.29
1006.29
1006.29
1006.29
1006.29
1006.29
1006.29
1006.29
1006.29
1006.29
1006.29
1006.29
1006.29
1006.29
1006.29
1006.29
1006.29
1006.29
1006.29
1006.29
1006.29
1006.29
1006.29
1006.29
1006.29
1006.29
1006.29
1006.29
1006.29
1006.29
1006.29
1006.29
1006.29
1006.29
1006.29
1006.29
1006.29
1006.29
1006.29
1006.29
1006.29
1006.29
1006.29
1006.29
1006.29
1006.29
1006.29
1006.29
1006.29
1006.29
1006.29
1006.29
1006.29
1006.29
1006.29
1006.29
1006.29
1006.29
1006.29
1006.29
1006.29
1006.29
1006.29
1006.29
1006.29
1006.29
1006.29
1006.29
1006.29
1006.29
1006.29
1006.29
1006.29
1006.29
1006.29
1006.29
1006.29
1006.29
1006.29
1006.29
1006.29
1006.29
1006.29
1006.29
1006.29
1006.29
1006.29
1006.29
1006.29
1006.29
1006.29
1006.29
1006.29
1006.29
1006.29
1006.29
1006.29
1006.29
1006.29
1006.29
1006.29
1006.29
1006.29
1006.29
1006.29
1006.29
1006.29
1006.29
1006.29
1006.29
1006.29
1006.29
1006.29
1006.29
1006.29
1006.29
1006.29
1006.29
1006.29
1006.29
1006.29
1006.29
1006.29
1006.29
1006.29
1006.29
1006.29
1006.29
1006.29
1006.29
1006.29
1006.29
1006.29
1006.29
1006.29
1006.29
1006.29
1006.29
1006.29
1006.29
1006.29
1006.29
1006.29
1006.29
1006.29
1006.29
1006.29
1006.29
1006.29
1006.29
1006.29
1006.29
1006.29
1006.29
1006.29
1006.29
1006.29
1006.29
1006.29
1006.29
1006.29
1006.29
1006.29
1006.29
1006.29
1006.29
1006.29
1006.29
1006.29
1006.29
1006.29
1006.29
1006.29
1006.29
1006.29
1006.29
1006.29
1006.29
1006.29
1006.29
1006.29
1006.29
1006.29
1006.29
1006.29
1006.29
1006.29
1006.29
1006.29
1006.29
1006.29
1006.29
1006.29
1006.29
1006.29
1006.29
1006.29
1006.29
1006.29
1006.29
1006.29
1006.29
1006.29
1006.29
1006.29
1006.29
1006.29
1006.29
1006.29
1006.29
1006.29
1006.29
1006.29
1006.29
1006.29
1006.29
1006.29
1006.29
1006.29
1006.29
1006.29
1006.29
1006.29
1006.29
1006.29
1006.29
1006.29
1006.29
1006.29
1006.29
1006.29
1006.29
1006.29
1006.29
1006.29
1006.29
1006.29
1006.29
1006.29
1006.29
1006.29
1006.29
1006.29
1006.29
1006.29
1006.29
1006.29
1006.29
1006.29
1006.29
1006.29
1006.29
1006.29
1006.29
1006.29
1006.29
1006.29
1006.29
1006.29
1006.29
1006.29
1006.29
1006.29
1006.29
1006.29
1006.29
1006.29
1006.29
1006.29
1006.29
1006.29
1006.29
1006.29
1006.29
1006.29
1006.29
1006.29
1006.29
1006.29
1006.29
1006.29
1006.29
1006.29
1006.29
1006.29
1006.29
1006.29
1006.29
1006.29
1006.29
1006.29
1006.29
1006.29
1006.29
1006.29
1006.29
1006.29
1006.29
1006.29
1006.29
1006.29
1006.29
1006.29
1006.29
1006.29
1006.29
1006.29
1006.29
1006.29
1006.29
1006.29
1006.29
1006.29
1006.29
1006.29
1006.29
1006.29
1006.29
1006.29
1006.29
1006.29
1006.29
1006.29
1006.29
1006.29
1006.29
1006.29
1006.29
1006.29
1006.29
1006.29
1006.29
1006.29
1006.29
1006.29
1006.29
1006.29
1006.29
1006.29
1006.29
1006.29
1006.29
1006.29
1006.29
1006.29
1006.29
1006.29
1006.29
1006.29
1006.29
1006.29
1006.29
1006.29
1006.29
1006.29
1006.29
1006.29
1006.29
1006.29
1006.29
1006.29
1006.29
1006.29
1006.29
1006.29
1006.29
1006.29
1006.29
1006.29
1006.29
1006.29
1006.29
1006.29
1006.29
1006.29
1006.29
1006.29
1006.29
1006.29
1006.29
1006.29
1006.29
1006.29
1006.29
1006.29
1006.29
1006.29
1006.29
1006.29
1006.29
1006.29
1006.29
1006.29
1006.29
1006.29
1006.29
1006.29
1006.29
1006.29
1006.29
1006.29
1006.29
1006.29
1006.29
1006.29
1006.29
1006.29
1006.29
1006.29
1006.29
1006.29
1006.29
1006.29
1006.29
1006.29
1006.29
1006.29
1006.29
1006.29
1006.29
1006.29
1006.29
1006.29
1006.29
1006.29
1006.29
1006.29
1006.29
1006.29
1006.29
1006.29
1006.29
1006.29
1006.29
1006.29
1006.29
1006.29
1006.29
1006.29
1006.29
1006.29
1006.29
1006.29
1006.29
1006.29
1006.29
1006.29
1006.29
1006.29
1006.29
1006.29
1006.29
1006.29
1006.29
1006.29
1006.29
1006.29
1006.29
1006.29
1006.29
1006.29
1006.29
1006.29
1006.29
1006.29
1006.29
1006.29
1006.29
1006.29
1006.29
1006.29
1006.29
1006.29
1006.29
1006.29
1006.29
1006.29
1006.29
1006.29
1006.29
1006.29
1006.29
1006.29
1006.29
1006.29
1006.29
1006.29
1006.29
1006.29
1006.29
1006.29
1006.29
1006.29
1006.29
1006.29
1006.29
1006.29
1006.29
1006.29
1006.29
1006.29
1006.29
1006.29
1006.29
1006.29
1006.29
1006.29
1006.29
1006.29
1006.29
1006.29
1006.29
1006.29
1006.29
1006.29
1006.29
1006.29
1006.29
1006.29
1006.29
1006.29
1006.29
1006.29
1006.29
1006.29
1006.29
1006.29
1006.29
1006.29
1006.29
1006.29
1006.29
1006.29
1006.29
1006.29
1006.29
1006.29
1006.29
1006.29
1006.29
1006.29
1006.29
1006.29
1006.29
1006.29
1006.29
1006.29
1006.29
1006.29
1006.29
1006.29
1006.29
1006.29
1006.29
1006.29
1006.29
1006.29
1006.29
1006.29
1006.29
1006.29
1006.29
1006.29
1006.29
1006.29
1006.29
1006.29
1006.29
1006.29
1006.29
1006.29
1006.29
1006.29
1006.29
1006.29
1006.29
1006.29
1006.29
1006.29
1006.29
1006.29
1006.29
1006.29
1006.29
1006.29
1006.29
1006.29
1006.29
1006.29
1006.29
1006.29
1006.29
1006.29
1006.29
1006.29
1006.29
1006.29
1006.29
1006.29
1006.29
1006.29
1006.29
1006.29
1006.29
1006.29
1006.29
1006.29
1006.29
1006.29
1006.29
1006.29
1006.29
1006.29
1006.29
1006.29
1006.29
1006.29
1006.29
1006.29
1006.29
1006.29
1006.29
1006.29
1006.29
1006.29
1006.29
1006.29
1006.29
1006.29
1006.29
1006.29
1006.29
1006.29
1006.29
1006.29
1006.29
1006.29
1006.29
1006.29
1006.29
1006.29
1006.29
1006.29
1006.29
1006.29
1006.29
1006.29
1006.29
1006.29
1006.29
1006.29
1006.29
1006.29
1006.29
1006.29
1006.29
1006.29
1006.29
1006.29
1006.29
1006.29
1006.29
1006.29
1006.29
1006.29
1006.29
1006.29
1006.29
1006.29
1006.29
1006.29
1006.29
1006.29
1006.29
1006.29
1006.29
1006.29
1006.29
1006.29
1006.29
1006.29
1006.29
1006.29
1006.29
1006.29
1006.29
1006.29
1006.29
1006.29
1006.29
1006.29
1006.29
1006.29
1006.29
1006.29
1006.29
1006.29
1006.29
1006.29
1006.29
1006.29
1006.29
1006.29
1006.29
1006.29
1006.29
1006.29
1006.29
1006.29
1006.29
1006.29
1006.29
1006.29
1006.29
1006.29
1006.29
1006.29
1006.29
1006.29
1006.29
1006.29
1006.29
1006.29
1006.29
1006.29
1006.29
1006.29
1006.29
1006.29
1006.29
1006.29
1006.29
1006.29
1006.29
1006.29
1006.29
1006.29
1006.29
1006.29
1006.29
1006.29
1006.29
1006.29
1006.29
1006.29
1006.29
1006.29
1006.29
1006.29
1006.29
1006.29
1006.29
1006.29
1006.29
1006.29
1006.29
1006.29
1006.29
1006.29
1006.29
1006.29
1006.29
1006.29
1006.29
1006.29
1006.29
1006.29
1006.29
1006.29
1006.29
1006.29
1006.29
1006.29
1006.29
1006.29
1006.29
1006.29
1006.29
1006.29
1006.29
1006.29
1006.29
1006.29
1006.29
1006.29
1006.29
1006.29
1006.29
1006.29
1006.29
1006.29
1006.29
1006.29
1006.29
1006.29
1006.29
1006.29
1006.29
1006.29
1006.29
1006.29
1006.29
1006.29
1006.29
1006.29
1006.29
1006.29
1006.29
1006.29
1006.29
1006.29
1006.29
1006.29
1006.29
1006.29
1006.29
1006.29
1006.29
1006.29
1006.29
1006.29
1006.29
1006.29
1006.29
1006.29
1006.29
1006.29
1006.29
1006.29
1006.29
1006.29
1006.29
1006.29
1006.29
1006.29
1006.29
1006.29
1006.29
1006.29
1006.29
1006.29
1006.29
1006.29
1006.29
1006.29
1006.29
1006.29
1006.29
1006.29
1006.29
1006.29
1006.29
1006.29
1006.29
1006.29
1006.29
1006.29
1006.29
1006.29
1006.29
1006.29
1006.29
1006.29
1006.29
1006.29
1006.29
1006.29
1006.29
1006.29
1006.29
1006.29
1006.29
1006.29
1006.29
1006.29
1006.29
1006.29
1006.29
1006.29
1006.29
1006.29
1006.29
1006.29
1006.29
1006.29
1006.29
1006.29
1006.29
1006.29
1006.29
1006.29
1006.29
1006.29
1006.29
1006.29
1006.29
1006.29
1006.29
1006.29
1006.29
1006.29
1006.29
1006.29
1006.29
1006.29
1006.29
1006.29
1006.29
1006.29
1006.29
1006.29
1006.29
1006.29
1006.29
1006.29
1006.29
1006.29
1006.29
1006.29
1006.29
1006.29
1006.29
1006.29
1006.29
1006.29
1006.29
1006.29
1006.29
1006.29
1006.29
1006.29
1006.29
1006.29
1006.29
1006.29
1006.29
1006.29
1006.29
1006.29
1006.29
1006.29
1006.29
1006.29
1006.29
1006.29
1006.29
1006.29
1006.29
1006.29
1006.29
1006.29
1006.29
1006.29
1006.29
1006.29
1006.29
1006.29
1006.29
1006.29
1006.29
1006.29
1006.29
1006.29
1006.29
1006.29
1006.29
1006.29
1006.29
1006.29
1006.29
1006.29
1006.29
1006.29
1006.29
1006.29
1006.29
1006.29
1006.29
1006.29
1006.29
1006.29
1006.29
1006.29
1006.29
1006.29
1006.29
1006.29
1006.29
1006.29
1006.29
1006.29
1006.29
1006.29
1006.29
1006.29
1006.29
1006.29
1006.29
1006.29
1006.29
1006.29
1006.29
1006.29
1006.29
1006.29
1006.29
1006.29
1006.29
1006.29
1006.29
1006.29
1006.29
1006.29
1006.29
1006.29
1006.29
1006.29
1006.29
1006.29
1006.29
1006.29
1006.29
1006.29
1006.29
1006.29
1006.29
1006.29
1006.29
1006.29
1006.29
1006.29
1006.29
1006.29
1006.29
1006.29
1006.29
1006.29
1006.29
1006.29
1006.29
1006.29
1006.29
1006.29
1006.29
1006.29
1006.29
1006.29
1006.29
1006.29
1006.29
1006.29
1006.29
1006.29
1006.29
1006.29
1006.29
1006.29
1006.29
1006.29
1006.29
1006.29
1006.29
1006.29
1006.29
1006.29
1006.29
1006.29
1006.29
1006.29
1006.29
1006.29
1006.29
1006.29
1006.29
1006.29
1006.29
1006.29
1006.29
1006.29
1006.29
1006.29
1006.29
1006.29
1006.29
1006.29
1006.29
1006.29
1006.29
1006.29
1006.29
1006.29
1006.29
1006.29
1006.29
1006.29
1006.29
1006.29
1006.29
1006.29
1006.29
1006.29
1006.29
1006.29
1006.29
1006.29
1006.29
1006.29
1006.29
1006.29
1006.29
1006.29
1006.29
1006.29
1006.29
1006.29
1006.29
1006.29
1006.29
1006.29
1006.29
1006.29
1006.29
1006.29
1006.29
1006.29
1006.29
1006.29
1006.29
1006.29
1006.29
1006.29
1006.29
1006.29
1006.29
1006.29
1006.29
1006.29
1006.29
1006.29
1006.29
1006.29
1006.29
1006.29
1006.29
1006.29
1006.29
1006.29
1006.29
1006.29
1006.29
1006.29
1006.29
1006.29
1006.29
1006.29
1006.29
1006.29
1006.29
1006.29
1006.29
1006.29
1006.29
1006.29
1006.29
1006.29
1006.29
1006.29
1006.29
1006.29
1006.29
1006.29
1006.29
1006.29
1006.29
1006.29
1006.29
1006.29
1006.29
1006.29
1006.29
1006.29
1006.29
1006.29
1006.29
1006.29
1006.29
1006.29
1006.29
1006.29
1006.29
1006.29
1006.29
1006.29
1006.29
1006.29
1006.29
1006.29
1006.29
1006.29
1006.29
1006.29
1006.29
1006.29
1006.29
1006.29
1006.29
1006.29
1006.29
1006.29
1006.29
1006.29
1006.29
1006.29
1006.29
1006.29
1006.29
1006.29
1006.29
1006.29
1006.29
1006.29
1006.29
1006.29
1006.29
1006.29
1006.29
1006.29
1006.29
1006.29
1006.29
1006.29
1006.29
1006.29
1006.29
1006.29
1006.29
1006.29
1006.29
1006.29
1006.29
1006.29
1006.29
1006.29
1006.29
1006.29
1006.29
1006.29
1006.29
1006.29
1006.29
1006.29
1006.29
1006.29
1006.29
1006.29
1006.29
1006.29
1006.29
1006.29
1006.29
1006.29
1006.29
1006.29
1006.29
1006.29
1006.29
1006.29
1006.29
1006.29
1006.29
1006.29
1006.29
1006.29
1006.29
1006.29
1006.29
1006.29
1006.29
1006.29
1006.29
1006.29
1006.29
1006.29
1006.29
1006.29
1006.29
1006.29
1006.29
1006.29
1006.29
1006.29
1006.29
1006.29
1006.29
1006.29
1006.29
1006.29
1006.29
1006.29
1006.29
1006.29
1006.29
1006.29
1006.29
1006.29
1006.29
1006.29
1006.29
1006.29
1006.29
1006.29
1006.29
1006.29
1006.29
1006.29
1006.29
1006.29
1006.29
1006.29
1006.29
1006.29
1006.29
1006.29
1006.29
1006.29
1006.29
1006.29
1006.29
1006.29
1006.29
1006.29
1006.29
1006.29
1006.29
1006.29
1006.29
1006.29
1006.29
1006.29
1006.29
1006.29
1006.29
1006.29
1006.29
1006.29
1006.29
1006.29
1006.29
1006.29
1006.29
1006.29
1006.29
1006.29
1006.29
1006.29
1006.29
1006.29
1006.29
1006.29
1006.29
1006.29
1006.29
1006.29
1006.29
1006.29
1006.29
1006.29
1006.29
1006.29
1006.29
1006.29
1006.29
1006.29
1006.29
1006.29
1006.29
1006.29
1006.29
1006.29
1006.29
1006.29
1006.29
1006.29
1006.29
1006.29
1006.29
1006.29
1006.29
1006.29
1006.29
1006.29
1006.29
1006.29
1006.29
1006.29
1006.29
1006.29
1006.29
1006.29
1006.29
1006.29
1006.29
1006.29
1006.29
1006.29
1006.29
1006.29
1006.29
1006.29
1006.29
1006.29
1006.29
1006.29
1006.29
1006.29
1006.29
1006.29
1006.29
1006.29
1006.29
1006.29
1006.29
1006.29
1006.29
1006.29
1006.29
1006.29
1006.29
1006.29
1006.29
1006.29
1006.29
1006.29
1006.29
1006.29
1006.29
1006.29
1006.29
1006.29
1006.29
1006.29
1006.29
1006.29
1006.29
1006.29
1006.29
1006.29
1006.29
1006.29
1006.29
1006.29
1006.29
1006.29
1006.29
1006.29
1006.29
1006.29
1006.29
1006.29
1006.29
1006.29
1006.29
1006.29
1006.29
1006.29
1006.29
1006.29
1006.29
1006.29
1006.29
1006.29
1006.29
1006.29
1006.29
1006.29
1006.29
1006.29
1006.29
1006.29
1006.29
1006.29
1006.29
1006.29
1006.29
1006.29
1006.29
1006.29
1006.29
1006.29
1006.29
1006.29
1006.29
1006.29
1006.29
1006.29
1006.29
1006.29
1006.29
1006.29
1006.29
1006.29
1006.29
1006.29
1006.29
1006.29
1006.29
1006.29
1006.29
1006.29
1006.29
1006.29
1006.29
1006.29
1006.29
1006.29
1006.29
1006.29
1006.29
1006.29
1006.29
1006.29
1006.29
1006.29
1006.29
1006.29
1006.29
1006.29
1006.29
1006.29
1006.29
1006.29
1006.29
1006.29
1006.29
1006.29
1006.29
1006.29
1006.29
1006.29
1006.29
1006.29
1006.29
1006.29
1006.29
1006.29
1006.29
1006.29
1006.29
1006.29
1006.29
1006.29
1006.29
1006.29
1006.29
1006.29
1006.29
1006.29
1006.29
1006.29
1006.29
1006.29
1006.29
1006.29
1006.29
1006.29
1006.29
1006.29
1006.29
1006.29
1006.29
1006.29
1006.29
1006.29
1006.29
1006.29
1006.29
1006.29
1006.29
1006.29
1006.29
1006.29
1006.29
1006.29
1006.29
1006.29
1006.29
1006.29
1006.29
1006.29
1006.29
1006.29
1006.29
1006.29
1006.29
1006.29
1006.29
1006.29
1006.29
1006.29
1006.29
1006.29
1006.29
1006.29
1006.29
1006.29
1006.29
1006.29
1006.29
1006.29
1006.29
1006.29
1006.29
1006.29
1006.29
1006.29
1006.29
1006.29
1006.29
1006.29
1006.29
1006.29
1006.29
1006.29
1006.29
1006.29
1006.29
1006.29
1006.29
1006.29
1006.29
1006.29
1006.29
1006.29
1006.29
1006.29
1006.29
1006.29
1006.29
1006.29
1006.29
1006.29
1006.29
1006.29
1006.29
1006.29
1006.29
1006.29
1006.29
1006.29
1006.29
1006.29
1006.29
1006.29
1006.29
1006.29
1006.29
1006.29
1006.29
1006.29
1006.29
1006.29
1006.29
1006.29
1006.29
1006.29
1006.29
1006.29
1006.29
1006.29
1006.29
1006.29
1006.29
1006.29
1006.29
1006.29
1006.29
1006.29
1006.29
1006.29
1006.29
1006.29
1006.29
1006.29
1006.29
1006.29
1006.29
1006.29
1006.29
1006.29
1006.29
1006.29
1006.29
1006.29
1006.29
1006.29
1006.29
1006.29
1006.29
1006.29
1006.29
1006.29
1006.29
1006.29
1006.29
1006.29
1006.29
1006.29
1006.29
1006.29
1006.29
1006.29
1006.29
1006.29
1006.29
1006.29
1006.29
1006.29
1006.29
1006.29
1006.29
1006.29
1006.29
1006.29
1006.29
1006.29
1006.29
1006.29
1006.29
1006.29
1006.29
1006.29
1006.29
1006.29
1006.29
1006.29
1006.29
1006.29
1006.29
1006.29
1006.29
1006.29
1006.29
1006.29
1006.29
1006.29
1006.29
1006.29
1006.29
1006.29
1006.29
1006.29
1006.29
1006.29
1006.29
1006.29
1006.29
1006.29
1006.29
1006.29
1006.29
1006.29
1006.29
1006.29
1006.29
1006.29
1006.29
1006.29
1006.29
1006.29
1006.29
1006.29
1006.29
1006.29
1006.29
1006.29
1006.29
1006.29
1006.29
1006.29
1006.29
1006.29
1006.29
1006.29
1006.29
1006.29
1006.29
1006.29
1006.29
1006.29
1006.29
1006.29
1006.29
1006.29
1006.29
1006.29
1006.29
1006.29
1006.29
1006.29
1006.29
1006.29
1006.29
1006.29
1006.29
1006.29
1006.29
1006.29
1006.29
1006.29
1006.29
1006.29
1006.29
1006.29
1006.29
1006.29
1006.29
1006.29
1006.29
1006.29
1006.29
1006.29
1006.29
1006.29
1006.29
1006.29
1006.29
1006.29
1006.29
1006.29
1006.29
1006.29
1006.29
1006.29
1006.29
1006.29
1006.29
1006.29
1006.29
1006.29
1006.29
1006.29
1006.29
1006.29
1006.29
1006.29
1006.29
1006.29
1006.29
1006.29
1006.29
1006.29
1006.29
1006.29
1006.29
1006.29
1006.29
1006.29
1006.29
1006.29
1006.29
1006.29
1006.29
1006.29
1006.29
1006.29
1006.29
1006.29
1006.29
1006.29
1006.29
1006.29
1006.29
1006.29
1006.29
1006.29
1006.29
1006.29
1006.29
1006.29
1006.29
1006.29
1006.29
1006.29
1006.29
1006.29
1006.29
1006.29
1006.29
1006.29
1006.29
1006.29
1006.29
1006.29
1006.29
1006.29
1006.29
1006.29
1006.29
1006.29
1006.29
1006.29
1006.29
1006.29
1006.29
1006.29
1006.29
1006.29
1006.29
1006.29
1006.29
1006.29
1006.29
1006.29
1006.29
1006.29
1006.29
1006.29
1006.29
1006.29
1006.29
1006.29
1006.29
1006.29
1006.29
1006.29
1006.29
1006.29
1006.29
1006.29
1006.29
1006.29
1006.29
1006.29
1006.29
1006.29
1006.29
1006.29
1006.29
1006.29
1006.29
1006.29
1006.29
1006.29
1006.29
1006.29
1006.29
1006.29
1006.29
1006.29
1006.29
1006.29
1006.29
1006.29
1006.29
1006.29
1006.29
1006.29
1006.29
1006.29
1006.29
1006.29
1006.29
1006.29
1006.29
1006.29
1006.29
1006.29
1006.29
1006.29
1006.29
1006.29
1006.29
1006.29
1006.29
1006.29
1006.29
1006.29
1006.29
1006.29
1006.29
1006.29
1006.29
1006.29
1006.29
1006.29
1006.29
1006.29
1006.29
1006.29
1006.29
1006.29
1006.29
1006.29
1006.29
1006.29
1006.29
1006.29
1006.29
1006.29
1006.29
1006.29
1006.29
1006.29
1006.29
1006.29
1006.29
1006.29
1006.29
1006.29
1006.29
1006.29
1006.29
1006.29
1006.29
1006.29
1006.29
1006.29
1006.29
1006.29
1006.29
1006.29
)
;

boundaryField
{
    emptyPatches_empt
    {
        type            empty;
    }
    top_cyc
    {
        type            cyclic;
    }
    bottom_cyc
    {
        type            cyclic;
    }
    inlet_cyc
    {
        type            cyclic;
    }
    outlet_cyc
    {
        type            cyclic;
    }
}


// ************************************************************************* //
