/*--------------------------------*- C++ -*----------------------------------*\
  =========                 |
  \\      /  F ield         | OpenFOAM: The Open Source CFD Toolbox
   \\    /   O peration     | Website:  https://openfoam.org
    \\  /    A nd           | Version:  6
     \\/     M anipulation  |
\*---------------------------------------------------------------------------*/
FoamFile
{
    version     2.0;
    format      ascii;
    class       volScalarField;
    location    "2.7";
    object      nut;
}
// * * * * * * * * * * * * * * * * * * * * * * * * * * * * * * * * * * * * * //

dimensions      [0 2 -1 0 0 0 0];

internalField   nonuniform List<scalar> 
4214
(
0.0047733
0.00254523
0.00189667
0.0018663
0.00198061
0.0020358
0.00204306
0.00212959
0.00258009
0.00394332
0.00720499
0.0139527
0.0260962
0.0449118
0.0699805
0.0988072
0.12725
0.150782
0.16518
0.168862
0.164023
0.143996
0.100082
0.0583594
0.0338385
0.0206686
0.0128784
0.00800441
0.00503149
0.00333814
0.00247087
0.00210582
0.00201592
0.00204021
0.00207706
0.0020762
0.00200972
0.00189462
0.00192636
0.00255796
0.00473104
0.00224057
0.00203449
0.00204702
0.00207736
0.00208015
0.00206032
0.0020529
0.00219252
0.00281815
0.00459957
0.00875689
0.0172106
0.0321557
0.0548492
0.0844556
0.11762
0.149225
0.172904
0.182693
0.177972
0.165782
0.143183
0.0984425
0.0588814
0.0356066
0.0225186
0.0143617
0.00904517
0.00568571
0.0037065
0.00265026
0.00217187
0.00202488
0.00203267
0.00207954
0.00211184
0.00211871
0.00210198
0.00206472
0.00206145
0.00231818
0.00217795
0.0021278
0.00210813
0.00209687
0.00207964
0.0020538
0.00206356
0.00228435
0.0031373
0.00544795
0.0107252
0.0212852
0.0396517
0.0670938
0.102187
0.140505
0.174684
0.195913
0.196137
0.18137
0.165873
0.140567
0.0967748
0.0599811
0.0379925
0.0248857
0.0162555
0.0103856
0.00654067
0.00419766
0.00289837
0.00227156
0.00204496
0.00202215
0.00206721
0.00210788
0.00212596
0.00212959
0.00213294
0.00215161
0.0022089
0.00211044
0.00209879
0.00209674
0.00209137
0.00207353
0.00204925
0.00208773
0.00241693
0.00355921
0.00653273
0.013198
0.0263434
0.0488668
0.0819861
0.123464
0.167134
0.202776
0.218876
0.207465
0.185782
0.167606
0.138775
0.0960768
0.0620858
0.0411656
0.0278866
0.018655
0.0121043
0.00765571
0.00485291
0.00324199
0.00242226
0.00208785
0.00201759
0.00205377
0.00210088
0.0021252
0.00212881
0.00212342
0.00212054
0.00213419
0.00208529
0.00209186
0.00209585
0.00208982
0.00206839
0.00204793
0.00212917
0.00260027
0.00410872
0.00790667
0.0162798
0.0325783
0.0601302
0.0999599
0.148685
0.197324
0.232142
0.23869
0.215023
0.188821
0.168641
0.137246
0.0965643
0.0653293
0.045277
0.0316862
0.0217078
0.0143225
0.00912084
0.00573239
0.00371766
0.00264432
0.00216401
0.00202253
0.00203841
0.00209013
0.00212366
0.00213215
0.0021252
0.00211239
0.0021015
0.0020877
0.00209686
0.00209946
0.00208911
0.00206332
0.00205173
0.00219462
0.00284781
0.004816
0.00962964
0.0200912
0.0402164
0.0737881
0.121436
0.177977
0.23043
0.261347
0.25414
0.220282
0.191211
0.169341
0.136646
0.0986764
0.0699696
0.0505625
0.0364933
0.0256001
0.0171971
0.0110573
0.00692055
0.00437861
0.0029691
0.00229168
0.00204661
0.00202447
0.00207518
0.00211943
0.00213665
0.00213325
0.00211938
0.00210264
0.00209716
0.00210454
0.00210318
0.00208716
0.00205813
0.00206337
0.00229212
0.00317464
0.0057156
0.0117675
0.0247641
0.049498
0.090137
0.146734
0.211034
0.265239
0.288261
0.265504
0.223921
0.193234
0.170123
0.137505
0.10268
0.0762491
0.0572673
0.0425516
0.0305611
0.0209286
0.0136253
0.0085329
0.00529964
0.00344082
0.00249631
0.00210362
0.00201754
0.00205586
0.00211005
0.00213893
0.00214227
0.00213095
0.00211353
0.00210787
0.0021119
0.00210545
0.00208339
0.00205392
0.00208692
0.0024316
0.00359762
0.00684661
0.0143897
0.0304343
0.0606214
0.109454
0.175858
0.246994
0.300198
0.311243
0.274196
0.226883
0.19517
0.171549
0.140264
0.108808
0.084426
0.0656733
0.0501575
0.0368742
0.0257687
0.0170331
0.0107252
0.00658591
0.00412317
0.00281494
0.00221432
0.00202822
0.00203464
0.0020942
0.00213689
0.00214995
0.00214369
0.00212836
0.00211776
0.00211784
0.00210561
0.00207778
0.00205274
0.00212748
0.00262486
0.00413464
0.00825259
0.0175641
0.0372287
0.0736923
0.131842
0.208263
0.284492
0.333721
0.330127
0.281278
0.22998
0.197618
0.174176
0.145264
0.117281
0.0947664
0.0761116
0.0596765
0.0448868
0.0320286
0.0215441
0.0137034
0.00838322
0.00510723
0.00330146
0.00240855
0.00207357
0.00201758
0.00207157
0.00212839
0.00215432
0.00215569
0.00214369
0.00212617
0.00212185
0.00210335
0.00207086
0.00205778
0.00219101
0.00288592
0.00480384
0.00998161
0.0213476
0.0452227
0.0887741
0.157029
0.242808
0.321797
0.364312
0.346256
0.288189
0.233479
0.201187
0.178435
0.152688
0.128255
0.107566
0.0890058
0.0715509
0.0550174
0.0400849
0.0274873
0.0177346
0.0108901
0.00652168
0.00403494
0.00272927
0.00217968
0.0020165
0.0020446
0.00211149
0.0021532
0.00216565
0.00215879
0.00213272
0.00212365
0.00209859
0.00206365
0.00207366
0.00228412
0.0032319
0.00562231
0.0120878
0.0257736
0.0544303
0.105804
0.184262
0.27787
0.357244
0.391506
0.361082
0.295757
0.237856
0.205636
0.184521
0.162523
0.141781
0.123123
0.104944
0.0863194
0.0677608
0.0504025
0.0352735
0.0231587
0.0143716
0.00854416
0.0051312
0.00323814
0.0023853
0.00205096
0.00202092
0.00208528
0.0021438
0.00217165
0.00217234
0.00213696
0.00212312
0.00209153
0.00205789
0.00210679
0.00241362
0.00368456
0.00660392
0.0146334
0.0308316
0.0648448
0.124225
0.212206
0.311611
0.389475
0.415612
0.375757
0.304122
0.243427
0.211322
0.192566
0.174565
0.157765
0.141555
0.124096
0.104624
0.0837328
0.063566
0.0454226
0.0304073
0.0191791
0.0114137
0.00675948
0.00402348
0.00274821
0.00215016
0.00201702
0.00205205
0.00212323
0.00217124
0.00218272
0.00213896
0.00212043
0.00208281
0.00205619
0.00216606
0.00258588
0.0042731
0.00775484
0.0176947
0.0364508
0.0763574
0.143189
0.239243
0.342185
0.417508
0.437286
0.391544
0.314599
0.250546
0.218285
0.202578
0.188471
0.175997
0.162864
0.14665
0.126512
0.103631
0.0803089
0.0585996
0.0400253
0.0257814
0.0154406
0.00916587
0.00520868
0.00335672
0.00235454
0.00206226
0.00202029
0.00209033
0.00216145
0.00218752
0.00213855
0.00211585
0.00207385
0.00206203
0.00226408
0.00280562
0.00503976
0.00906489
0.0213823
0.0424541
0.0887199
0.161503
0.263762
0.368011
0.440651
0.456806
0.408744
0.327519
0.259428
0.22612
0.21319
0.203762
0.196089
0.186858
0.172925
0.153031
0.128179
0.101448
0.0756244
0.0526666
0.0348085
0.021004
0.0127064
0.00695492
0.00434893
0.00271701
0.0022039
0.00200783
0.00204964
0.0021396
0.00218288
0.00213541
0.00210994
0.00206768
0.00207957
0.00241984
0.00307321
0.0060507
0.010496
0.0258692
0.0485068
0.101878
0.177845
0.284539
0.387812
0.458135
0.473212
0.426417
0.342886
0.270319
0.234716
0.224263
0.220189
0.217247
0.212638
0.202031
0.183688
0.1577
0.127684
0.0974593
0.0690294
0.0471317
0.0285243
0.0179102
0.00944964
0.00594653
0.00330147
0.00251611
0.00204234
0.00201883
0.00210538
0.00216304
0.00212864
0.0021038
0.00207112
0.00211233
0.00266426
0.00337766
0.00741738
0.0119452
0.0314944
0.0540875
0.116283
0.190572
0.301019
0.40015
0.468748
0.485117
0.441516
0.360218
0.28411
0.244408
0.235374
0.236823
0.23836
0.238853
0.23249
0.217436
0.191754
0.159119
0.125166
0.089604
0.0640066
0.0383579
0.0256089
0.0128569
0.00851604
0.00416935
0.00312002
0.00215568
0.00203903
0.00206506
0.00212268
0.00211667
0.00209954
0.00209981
0.002159
0.0030526
0.00367911
0.00933893
0.0131751
0.0389534
0.058115
0.133654
0.19674
0.314304
0.4024
0.469926
0.490558
0.44728
0.374859
0.2996
0.256678
0.246602
0.25126
0.258398
0.26401
0.262248
0.252479
0.228982
0.194436
0.159896
0.114032
0.0873987
0.0504653
0.0371946
0.017175
0.0126841
0.00533353
0.00422628
0.00236703
0.00218738
0.002034
0.00206571
0.00220233
0.00221147
0.0022131
0.00220694
0.00219523
0.0021804
0.00216394
0.00214649
0.00212863
0.00211153
0.00209549
0.00208853
0.00210031
0.00218598
0.0023518
0.00334789
0.0111445
0.00221203
0.00221919
0.00221542
0.00220495
0.00219108
0.00217574
0.00215968
0.00214299
0.00212587
0.0021093
0.00209392
0.0020884
0.00210353
0.00219646
0.00236845
0.00327037
0.0109617
0.00223754
0.00222768
0.00221497
0.00220071
0.00218578
0.00217055
0.00215496
0.00213895
0.00212259
0.00210663
0.00209216
0.0020879
0.00210759
0.00220844
0.00238652
0.00323378
0.0105978
0.00223349
0.00222164
0.00220837
0.00219448
0.00218033
0.00216587
0.00215092
0.00213556
0.00211993
0.00210459
0.00209109
0.00208817
0.00211282
0.00222192
0.0024067
0.00319288
0.0102064
0.002226
0.00221453
0.00220179
0.0021888
0.00217567
0.00216205
0.00214777
0.00213297
0.00211794
0.00210316
0.00209074
0.00208945
0.00211878
0.00223629
0.00242804
0.00314943
0.00978323
0.00222083
0.00220813
0.00219587
0.00218391
0.00217181
0.00215904
0.00214546
0.00213124
0.00211668
0.00210244
0.00209122
0.00209185
0.00212609
0.00225145
0.00245159
0.00310733
0.00936215
0.0022105
0.002201
0.00219058
0.00217991
0.00216875
0.00215676
0.0021439
0.0021303
0.00211621
0.00210254
0.0020926
0.00209557
0.00213506
0.00226737
0.00247741
0.00306955
0.00894772
0.00220702
0.00219683
0.00218687
0.00217695
0.00216647
0.00215513
0.00214296
0.00212998
0.00211644
0.00210349
0.00209499
0.00210078
0.00214598
0.00228615
0.00250633
0.00303878
0.00854765
0.00220001
0.00219236
0.00218376
0.0021747
0.00216488
0.00215413
0.00214255
0.00213013
0.00211721
0.00210521
0.00209849
0.00210759
0.00215902
0.0023086
0.00253811
0.00301875
0.008166
0.00219812
0.0021901
0.0021818
0.00217323
0.00216392
0.00215371
0.00214262
0.00213068
0.00211842
0.00210759
0.00210306
0.00211587
0.00217426
0.00233481
0.00257624
0.00301488
0.00781105
0.00219427
0.00218783
0.00218033
0.00217232
0.00216351
0.00215375
0.00214308
0.00213159
0.00212009
0.0021106
0.00210861
0.00212551
0.00219166
0.00236407
0.00262037
0.00302952
0.00748743
0.00219344
0.0021868
0.00217954
0.00217196
0.00216358
0.00215417
0.00214384
0.00213283
0.00212222
0.00211429
0.0021151
0.00213651
0.00221132
0.00239634
0.00267024
0.0030592
0.00719437
0.00219175
0.00218603
0.00217928
0.00217209
0.00216403
0.00215488
0.00214485
0.00213441
0.00212484
0.00211864
0.00212249
0.00214883
0.00223292
0.00243108
0.0027261
0.00310052
0.006933
0.00219158
0.00218589
0.00217952
0.00217266
0.0021648
0.00215583
0.00214614
0.00213638
0.00212796
0.00212364
0.00213068
0.00216224
0.00225595
0.00246747
0.00278715
0.00314413
0.00669871
0.00219133
0.00218641
0.00218042
0.00217366
0.00216586
0.00215707
0.0021478
0.00213879
0.00213159
0.00212926
0.00213953
0.00217655
0.00227999
0.00250463
0.00284587
0.00319853
0.00649199
0.00219178
0.00218735
0.00218164
0.00217495
0.0021672
0.00215866
0.00214989
0.00214169
0.00213575
0.00213544
0.00214893
0.00219154
0.00230437
0.00254174
0.00290416
0.00326624
0.00631465
0.00219288
0.00218927
0.00218351
0.00217664
0.00216894
0.00216074
0.00215251
0.00214515
0.00214045
0.0021421
0.00215878
0.00220684
0.00232838
0.00257797
0.00296167
0.00334492
0.00616865
0.00219433
0.00219139
0.0021855
0.00217868
0.00217115
0.00216339
0.00215572
0.00214918
0.00214568
0.00214915
0.00216891
0.00222205
0.00235162
0.00261242
0.00301614
0.00343411
0.00605079
0.00219688
0.00219441
0.00218804
0.00218128
0.00217399
0.00216668
0.00215956
0.0021538
0.00215138
0.00215657
0.00217906
0.00223681
0.00237361
0.00264413
0.00306646
0.00353256
0.00596355
0.00219949
0.0021973
0.00219078
0.00218444
0.00217746
0.00217062
0.00216403
0.002159
0.00215749
0.00216427
0.00218901
0.00225068
0.0023936
0.00267199
0.00311093
0.00363422
0.00590415
0.00220316
0.00220104
0.0021943
0.00218831
0.00218166
0.00217527
0.00216919
0.00216474
0.00216408
0.00217208
0.00219853
0.00226326
0.00241048
0.00269473
0.00314716
0.003721
0.00586918
0.0022075
0.00220467
0.00219839
0.00219286
0.00218659
0.00218061
0.00217501
0.00217109
0.0021711
0.00218
0.00220761
0.00227445
0.00242415
0.00271215
0.00317449
0.00378919
0.00586209
0.00221177
0.00220913
0.00220339
0.00219812
0.00219229
0.0021867
0.00218156
0.00217809
0.0021786
0.00218805
0.00221622
0.00228405
0.00243387
0.002724
0.0031931
0.00383752
0.00588217
0.00221709
0.00221396
0.0022089
0.00220405
0.00219871
0.0021935
0.00218875
0.00218562
0.00218637
0.00219587
0.00222385
0.00229111
0.00243901
0.00272977
0.00321017
0.00389533
0.00593932
0.0022225
0.00221993
0.00221529
0.00221076
0.00220587
0.00220105
0.00219665
0.00219372
0.00219441
0.00220339
0.00223013
0.00229497
0.00243882
0.00272905
0.00322919
0.00397178
0.00603462
0.00222887
0.00222614
0.0022222
0.00221819
0.00221381
0.00220941
0.00220535
0.00220255
0.00220297
0.00221091
0.0022355
0.00229622
0.00243366
0.00272089
0.00324478
0.00406004
0.00616774
0.00223541
0.00223336
0.0022299
0.00222637
0.00222253
0.00221862
0.00221493
0.00221225
0.00221229
0.00221889
0.0022406
0.00229575
0.00242425
0.00270476
0.0032512
0.00415368
0.00633816
0.00224278
0.00224081
0.00223813
0.00223526
0.00223208
0.00222874
0.0022255
0.00222299
0.00222267
0.00222784
0.00224615
0.00229468
0.00241194
0.00268108
0.00324452
0.00424629
0.0065452
0.00225035
0.00224912
0.00224706
0.00224488
0.00224242
0.00223978
0.00223712
0.00223492
0.00223437
0.00223821
0.00225299
0.00229429
0.00239835
0.00265049
0.00322119
0.00432942
0.00678788
0.00225838
0.00225764
0.0022565
0.00225517
0.00225357
0.00225176
0.00224985
0.00224817
0.00224763
0.00225042
0.00226193
0.00229574
0.00238524
0.00261474
0.00317895
0.0043939
0.00706503
0.00226675
0.00226687
0.00226653
0.00226612
0.0022655
0.00226469
0.00226373
0.00226283
0.00226263
0.0022648
0.00227358
0.00230024
0.00237463
0.00257673
0.00311756
0.0044273
0.00737538
0.00227541
0.00227632
0.00227705
0.0022777
0.00227821
0.00227857
0.00227877
0.00227894
0.00227949
0.00228158
0.00228843
0.00230891
0.00236844
0.00254001
0.00304011
0.00441773
0.00771761
0.00228444
0.00228636
0.0022881
0.0022899
0.00229168
0.00229339
0.00229499
0.00229654
0.00229826
0.00230093
0.00230681
0.00232255
0.00236848
0.00250858
0.00295257
0.00435434
0.00809029
0.00229375
0.00229664
0.00229961
0.00230271
0.00230591
0.00230915
0.00231239
0.00231564
0.00231901
0.00232295
0.00232893
0.00234165
0.00237639
0.00248609
0.00286265
0.00423082
0.00849194
0.00230338
0.00230743
0.00231162
0.00231613
0.00232089
0.00232586
0.002331
0.0023363
0.00234179
0.00234772
0.00235496
0.00236657
0.00239333
0.0024759
0.00277978
0.00404917
0.00892099
0.0023133
0.00231851
0.00232412
0.00233017
0.00233665
0.00234356
0.00235087
0.00235857
0.00236669
0.00237535
0.00238503
0.00239756
0.00241991
0.00248087
0.00271324
0.0038219
0.00937581
0.00232356
0.00233008
0.00233714
0.00234486
0.00235325
0.00236231
0.00237208
0.00238258
0.00239386
0.00240603
0.00241936
0.00243486
0.00245664
0.00250321
0.00267141
0.00357229
0.00985468
0.00233417
0.00234203
0.00235071
0.00236026
0.00237073
0.00238221
0.00239476
0.0024085
0.00242355
0.00244007
0.00245832
0.00247891
0.00250406
0.00254432
0.00266192
0.00333269
0.0103557
0.00234516
0.00235451
0.00236489
0.00237642
0.0023892
0.00240337
0.00241909
0.00243659
0.0024561
0.00247794
0.00250251
0.00253041
0.00256297
0.00260544
0.00269124
0.00313638
0.0108769
0.00235659
0.00236749
0.00237973
0.00239343
0.00240876
0.00242595
0.00244531
0.00246717
0.00249199
0.00252033
0.0025529
0.00259065
0.00263493
0.00268856
0.00276494
0.00301768
0.0114155
0.00236854
0.00238011
0.00239158
0.00240289
0.00241399
0.00242481
0.00243531
0.0024454
0.00245504
0.00246417
0.00247275
0.0024807
0.00248799
0.00249458
0.00250042
0.00250547
0.00250971
0.00251311
0.00251565
0.00251732
0.00251805
0.00251728
0.00251557
0.00251299
0.00250955
0.00250527
0.00250019
0.00249432
0.00248771
0.0024804
0.00247243
0.00246385
0.00245472
0.00244508
0.00243501
0.00242455
0.00241376
0.0024027
0.00239144
0.00238002
0.00236851
0.00238126
0.00239346
0.00240553
0.00241736
0.00242896
0.00244021
0.00245112
0.00246157
0.00247156
0.00248098
0.00248983
0.00249802
0.00250553
0.00251228
0.00251828
0.00252345
0.00252779
0.00253126
0.00253384
0.00253553
0.00253626
0.00253549
0.00253376
0.00253113
0.00252762
0.00252324
0.00251803
0.00251201
0.00250522
0.00249769
0.00248948
0.00248062
0.00247119
0.0024612
0.00245076
0.00243987
0.00242863
0.00241707
0.00240528
0.00239326
0.00238112
0.00239556
0.00240839
0.002421
0.00243335
0.0024454
0.0024571
0.00246839
0.00247921
0.0024895
0.00249923
0.00250832
0.00251674
0.00252444
0.00253137
0.0025375
0.0025428
0.00254722
0.00255076
0.00255339
0.00255509
0.00255582
0.00255505
0.0025533
0.00255063
0.00254705
0.00254258
0.00253725
0.00253109
0.00252412
0.0025164
0.00250795
0.00249884
0.0024891
0.0024788
0.00246798
0.0024567
0.00244502
0.00243299
0.00242067
0.00240811
0.00239533
0.0024117
0.00242509
0.00243822
0.00245105
0.00246356
0.00247566
0.00248732
0.00249848
0.00250908
0.00251908
0.00252841
0.00253705
0.00254493
0.00255202
0.00255828
0.00256368
0.00256819
0.00257179
0.00257445
0.00257617
0.00257689
0.00257613
0.00257437
0.00257166
0.00256802
0.00256347
0.00255803
0.00255173
0.00254461
0.00253669
0.00252803
0.00251867
0.00250866
0.00249805
0.00248689
0.00247523
0.00246313
0.00245065
0.00243783
0.00242474
0.00241138
0.00242992
0.00244385
0.00245746
0.00247075
0.00248367
0.00249616
0.00250817
0.00251964
0.00253053
0.00254077
0.00255034
0.00255916
0.00256722
0.00257445
0.00258083
0.00258633
0.00259091
0.00259456
0.00259726
0.00259898
0.00259969
0.00259895
0.00259718
0.00259444
0.00259075
0.00258612
0.00258058
0.00257417
0.0025669
0.00255881
0.00254996
0.00254037
0.0025301
0.0025192
0.00250772
0.00249571
0.00248323
0.00247032
0.00245704
0.00244345
0.00242954
0.00245056
0.00246499
0.00247905
0.00249276
0.00250606
0.00251891
0.00253124
0.002543
0.00255414
0.00256461
0.00257437
0.00258337
0.00259157
0.00259893
0.00260541
0.00261099
0.00261564
0.00261933
0.00262205
0.00262378
0.00262448
0.00262375
0.00262197
0.00261921
0.00261548
0.0026108
0.00260518
0.00259866
0.00259126
0.00258303
0.002574
0.00256422
0.00255373
0.00254257
0.0025308
0.00251847
0.00250563
0.00249233
0.00247862
0.00246457
0.00245015
0.00247409
0.00248897
0.00250344
0.00251752
0.00253116
0.00254431
0.00255691
0.00256892
0.00258028
0.00259095
0.00260087
0.00261002
0.00261833
0.00262579
0.00263236
0.002638
0.00264269
0.00264641
0.00264915
0.00265088
0.00265157
0.00265085
0.00264908
0.00264631
0.00264255
0.00263782
0.00263214
0.00262554
0.00261805
0.0026097
0.00260053
0.00259058
0.0025799
0.00256852
0.0025565
0.00254389
0.00253074
0.0025171
0.00250301
0.00248855
0.00247367
0.00250107
0.00251634
0.00253115
0.00254554
0.00255946
0.00257286
0.00258568
0.00259789
0.00260942
0.00262023
0.00263028
0.00263952
0.00264793
0.00265545
0.00266207
0.00266775
0.00267246
0.0026762
0.00267894
0.00268066
0.00268134
0.00268064
0.00267887
0.0026761
0.00267233
0.00266758
0.00266187
0.00265522
0.00264767
0.00263924
0.00262997
0.0026199
0.00260907
0.00259753
0.00258531
0.00257248
0.00255907
0.00254515
0.00253075
0.00251594
0.00250067
0.00253222
0.0025478
0.00256287
0.00257749
0.00259162
0.00260519
0.00261816
0.00263049
0.00264213
0.00265302
0.00266314
0.00267243
0.00268087
0.00268842
0.00269505
0.00270073
0.00270545
0.00270917
0.0027119
0.00271361
0.00271427
0.00271359
0.00271185
0.00270909
0.00270534
0.00270059
0.00269488
0.00268822
0.00268065
0.00267218
0.00266287
0.00265274
0.00264182
0.00263018
0.00261784
0.00260485
0.00259127
0.00257714
0.00256251
0.00254743
0.00253186
0.00256851
0.00258426
0.00259948
0.00261423
0.00262845
0.0026421
0.00265513
0.00266749
0.00267914
0.00269004
0.00270014
0.00270942
0.00271783
0.00272534
0.00273194
0.00273758
0.00274226
0.00274595
0.00274864
0.00275032
0.00275096
0.0027503
0.0027486
0.00274588
0.00274216
0.00273746
0.00273179
0.00272518
0.00271764
0.00270921
0.00269992
0.0026898
0.00267889
0.00266722
0.00265485
0.00264182
0.00262816
0.00261393
0.00259917
0.00258394
0.00256819
0.00261117
0.0026269
0.00264214
0.00265687
0.00267105
0.00268464
0.00269758
0.00270985
0.0027214
0.00273219
0.00274219
0.00275135
0.00275965
0.00276705
0.00277354
0.00277909
0.00278368
0.0027873
0.00278993
0.00279157
0.00279218
0.00279156
0.0027899
0.00278725
0.00278361
0.00277899
0.00277342
0.00276692
0.00275949
0.00275118
0.00274201
0.002732
0.0027212
0.00270964
0.00269736
0.00268441
0.00267081
0.00265662
0.00264189
0.00262665
0.00261091
0.00266186
0.00267732
0.00269235
0.00270686
0.00272082
0.00273416
0.00274685
0.00275886
0.00277015
0.00278069
0.00279043
0.00279935
0.00280743
0.00281462
0.00282092
0.0028263
0.00283074
0.00283424
0.00283678
0.00283835
0.00283892
0.00283834
0.00283675
0.0028342
0.00283069
0.00282622
0.00282083
0.00281452
0.00280731
0.00279923
0.0027903
0.00278055
0.00277
0.0027587
0.00274668
0.00273398
0.00272064
0.00270668
0.00269216
0.00267713
0.00266167
0.00272284
0.00273764
0.00275219
0.00276621
0.00277966
0.00279251
0.0028047
0.00281623
0.00282704
0.00283712
0.00284642
0.00285494
0.00286263
0.00286948
0.00287546
0.00288057
0.00288478
0.00288809
0.00289049
0.00289196
0.00289249
0.00289195
0.00289047
0.00288806
0.00288474
0.00288051
0.0028754
0.0028694
0.00286255
0.00285485
0.00284633
0.00283702
0.00282694
0.00281612
0.00280459
0.00279238
0.00277954
0.00276608
0.00275206
0.00273751
0.0027227
0.00279723
0.00281084
0.0028245
0.00283763
0.00285021
0.00286219
0.00287356
0.00288427
0.00289431
0.00290364
0.00291226
0.00292012
0.00292722
0.00293353
0.00293904
0.00294373
0.0029476
0.00295063
0.00295282
0.00295416
0.00295464
0.00295416
0.00295281
0.00295061
0.00294757
0.0029437
0.002939
0.00293348
0.00292717
0.00292007
0.0029122
0.00290358
0.00289424
0.0028842
0.00287348
0.00286212
0.00285013
0.00283755
0.00282442
0.00281076
0.00279716
0.00288952
0.00290115
0.00291331
0.00292498
0.00293614
0.00294675
0.00295679
0.00296624
0.00297507
0.00298327
0.00299082
0.00299771
0.00300391
0.00300942
0.00301422
0.00301831
0.00302167
0.0030243
0.0030262
0.00302735
0.00302776
0.00302735
0.00302619
0.00302429
0.00302165
0.00301829
0.0030142
0.00300939
0.00300388
0.00299768
0.00299079
0.00298324
0.00297504
0.0029662
0.00295675
0.00294671
0.0029361
0.00292495
0.00291327
0.00290111
0.00288948
0.00300625
0.00301474
0.00302451
0.00303388
0.0030428
0.00305127
0.00305927
0.00306678
0.00307378
0.00308027
0.00308623
0.00309166
0.00309654
0.00310086
0.00310463
0.00310783
0.00311046
0.00311251
0.00311399
0.00311489
0.0031152
0.00311488
0.00311399
0.00311251
0.00311045
0.00310782
0.00310462
0.00310085
0.00309653
0.00309165
0.00308622
0.00308025
0.00307376
0.00306676
0.00305926
0.00305126
0.00304279
0.00303387
0.0030245
0.00301472
0.00300624
0.0031573
0.00316098
0.003167
0.00317273
0.00317819
0.00318335
0.00318821
0.00319275
0.00319699
0.0032009
0.00320449
0.00320775
0.00321067
0.00321326
0.00321551
0.00321742
0.00321898
0.0032202
0.00322107
0.0032216
0.00322178
0.0032216
0.00322107
0.0032202
0.00321898
0.00321741
0.00321551
0.00321326
0.00321067
0.00320774
0.00320449
0.0032009
0.00319699
0.00319275
0.0031882
0.00318334
0.00317819
0.00317273
0.00316699
0.00316098
0.0031573
0.0112839
0.0031179
0.00230039
0.00215047
0.00208351
0.00207708
0.0020861
0.00209912
0.0021119
0.00212353
0.00213375
0.00214198
0.00214842
0.00215315
0.00215671
0.00216028
0.00216546
0.0110077
0.00301394
0.00230978
0.0021602
0.00208671
0.00207779
0.00208585
0.00209877
0.00211123
0.00212279
0.00213318
0.00214248
0.00215057
0.00215722
0.00216218
0.00216561
0.00216856
0.010563
0.00295842
0.00232474
0.00217214
0.00209123
0.00207876
0.00208568
0.00209799
0.00211016
0.00212143
0.00213182
0.0021415
0.00215062
0.00215911
0.00216647
0.00217193
0.0021745
0.0101042
0.00291453
0.00234344
0.00218506
0.00209733
0.00208067
0.00208614
0.00209776
0.00210961
0.00212052
0.00213049
0.00213988
0.00214907
0.00215835
0.00216774
0.00217694
0.00218537
0.00963755
0.00288318
0.00236642
0.00220054
0.00210501
0.0020835
0.00208707
0.00209787
0.00210939
0.00211995
0.00212947
0.0021383
0.00214688
0.00215564
0.00216488
0.00217463
0.00218457
0.00919422
0.00286509
0.00239391
0.00221887
0.0021143
0.00208732
0.00208849
0.00209832
0.00210952
0.00211984
0.00212899
0.00213729
0.00214519
0.00215312
0.00216149
0.00217065
0.00218108
0.00877372
0.0028617
0.00242649
0.00224052
0.00212538
0.0020922
0.00209044
0.00209907
0.00210991
0.0021201
0.00212903
0.00213691
0.00214421
0.00215135
0.00215863
0.00216609
0.00217352
0.00838146
0.00287205
0.00246431
0.00226548
0.00213837
0.00209818
0.00209301
0.00210013
0.00211051
0.00212063
0.00212952
0.00213716
0.00214398
0.0021505
0.00215717
0.00216425
0.0021716
0.00801769
0.00289499
0.00250734
0.0022937
0.00215342
0.00210539
0.00209629
0.00210155
0.00211129
0.00212137
0.00213035
0.00213793
0.00214441
0.00215029
0.00215615
0.0021625
0.00216978
0.0076808
0.00292911
0.00255537
0.00232507
0.00217061
0.00211392
0.00210041
0.00210343
0.0021123
0.00212225
0.0021314
0.00213912
0.00214548
0.00215089
0.0021559
0.00216092
0.00216612
0.00737223
0.00297248
0.00260818
0.00235943
0.00219006
0.00212385
0.00210551
0.00210588
0.00211362
0.00212326
0.00213258
0.00214058
0.00214704
0.00215225
0.00215678
0.00216117
0.00216568
0.00709232
0.00302393
0.00266565
0.0023965
0.0022117
0.00213523
0.00211165
0.00210906
0.00211536
0.00212446
0.00213383
0.00214217
0.00214896
0.00215418
0.00215833
0.0021621
0.00216599
0.00684041
0.00308172
0.00272698
0.00243562
0.0022352
0.00214806
0.00211884
0.00211303
0.00211764
0.00212596
0.00213518
0.00214381
0.00215106
0.00215658
0.00216059
0.00216369
0.00216651
0.00661851
0.00314473
0.00279094
0.00247614
0.00226037
0.00216231
0.00212708
0.00211788
0.00212058
0.00212789
0.00213673
0.00214547
0.00215316
0.00215919
0.00216339
0.00216608
0.00216806
0.00642591
0.00321309
0.00285577
0.00251725
0.00228671
0.00217773
0.00213628
0.00212362
0.00212423
0.00213039
0.00213865
0.00214727
0.00215526
0.00216189
0.00216661
0.0021692
0.00217009
0.00625998
0.00328622
0.00291808
0.00255781
0.00231348
0.00219401
0.00214632
0.00213014
0.00212865
0.00213354
0.00214107
0.00214937
0.00215744
0.0021646
0.00217008
0.00217316
0.00217347
0.00612323
0.00336338
0.00297726
0.00259673
0.00233989
0.00221067
0.00215705
0.00213735
0.00213381
0.00213741
0.00214412
0.00215192
0.0021598
0.00216721
0.00217336
0.00217722
0.00217731
0.0060136
0.00344342
0.00303196
0.00263305
0.00236515
0.00222725
0.00216819
0.00214514
0.00213966
0.00214201
0.00214787
0.00215512
0.00216263
0.00217001
0.00217656
0.00218146
0.0021813
0.00593322
0.0035251
0.00308073
0.00266582
0.00238853
0.00224328
0.0021794
0.00215342
0.00214609
0.00214728
0.00215232
0.00215901
0.00216608
0.00217325
0.00217987
0.00218593
0.00218669
0.00587927
0.00360385
0.00312239
0.00269399
0.00240922
0.00225826
0.00219032
0.00216195
0.00215298
0.00215319
0.00215748
0.00216362
0.00217021
0.00217701
0.00218326
0.00218988
0.00219202
0.00584818
0.00367398
0.00315506
0.00271613
0.00242613
0.00227152
0.0022007
0.00217057
0.00216036
0.0021597
0.00216337
0.00216898
0.0021751
0.00218151
0.00218733
0.00219394
0.00219701
0.00584335
0.00373408
0.00317969
0.00273272
0.00243964
0.00228312
0.00221048
0.00217922
0.00216814
0.00216679
0.00216992
0.00217504
0.00218073
0.00218674
0.00219226
0.00219856
0.00220176
0.00586889
0.00379164
0.00319632
0.00274344
0.00244931
0.00229288
0.0022196
0.00218789
0.00217629
0.00217444
0.00217713
0.00218177
0.00218704
0.00219262
0.00219775
0.00220323
0.00220662
0.00593148
0.00386971
0.0032174
0.00274794
0.002453
0.00229902
0.00222698
0.00219588
0.00218445
0.00218251
0.00218492
0.00218919
0.0021941
0.00219921
0.00220389
0.00220882
0.00221236
0.00603109
0.00395844
0.00323905
0.00274573
0.00245108
0.00230176
0.00223283
0.00220342
0.00219278
0.00219106
0.00219334
0.00219732
0.00220184
0.0022065
0.00221083
0.00221539
0.00221839
0.00616748
0.00405721
0.0032561
0.00273567
0.00244393
0.00230177
0.00223766
0.00221087
0.00220154
0.00220026
0.00220251
0.0022062
0.0022103
0.00221445
0.00221832
0.00222215
0.00222472
0.00634026
0.00415672
0.00326268
0.00271699
0.00243239
0.00230001
0.00224217
0.00221873
0.00221103
0.0022103
0.00221253
0.0022159
0.00221955
0.00222317
0.00222644
0.00222958
0.00223204
0.00654888
0.00425217
0.00325475
0.0026904
0.00241793
0.00229772
0.00224718
0.00222757
0.00222157
0.00222135
0.00222349
0.00222645
0.00222955
0.00223254
0.00223521
0.00223788
0.00223972
0.00679249
0.00433614
0.00322911
0.00265704
0.0024024
0.00229626
0.00225356
0.00223786
0.00223343
0.00223358
0.00223548
0.0022379
0.00224032
0.00224256
0.00224452
0.00224635
0.0022474
0.00707002
0.00439903
0.00318392
0.00261864
0.00238764
0.00229688
0.00226217
0.00225007
0.00224688
0.00224712
0.00224855
0.00225025
0.00225186
0.00225326
0.00225439
0.00225529
0.00225591
0.0073803
0.00442963
0.0031195
0.00257841
0.00237578
0.00230081
0.00227366
0.00226451
0.00226208
0.00226205
0.00226274
0.00226351
0.00226414
0.00226456
0.00226475
0.00226492
0.00226482
0.00772211
0.00441613
0.00303912
0.00254004
0.00236877
0.00230914
0.00228846
0.00228141
0.00227914
0.00227841
0.00227807
0.00227769
0.00227716
0.00227646
0.00227562
0.00227475
0.00227357
0.00809413
0.0043486
0.00294915
0.00250755
0.00236837
0.00232267
0.00230689
0.00230091
0.00229811
0.00229623
0.00229454
0.00229278
0.0022909
0.00228895
0.00228694
0.0022849
0.00228289
0.008495
0.00422173
0.00285807
0.00248469
0.00237618
0.00234179
0.00232912
0.00232307
0.00231903
0.00231554
0.00231216
0.00230877
0.00230537
0.00230201
0.00229871
0.0022956
0.00229268
0.00892325
0.00403797
0.00277504
0.00247459
0.00239322
0.00236681
0.00235526
0.00234797
0.00234196
0.00233637
0.00233096
0.00232568
0.00232056
0.00231564
0.00231095
0.00230657
0.0023023
0.00937733
0.00381052
0.00270921
0.00247995
0.00241997
0.0023979
0.00238542
0.00237571
0.00236699
0.00235878
0.00235098
0.00234355
0.00233651
0.00232988
0.00232366
0.00231782
0.00231244
0.00985559
0.00356287
0.00266861
0.00250276
0.00245688
0.00243528
0.00241981
0.00240646
0.00239425
0.0023829
0.00237231
0.00236244
0.00235326
0.00234474
0.00233685
0.00232961
0.00232308
0.0103562
0.00332624
0.00266039
0.00254427
0.00250439
0.00247935
0.00245878
0.00244053
0.00242399
0.00240889
0.00239509
0.00238245
0.00237088
0.00236028
0.00235059
0.00234178
0.00233366
0.0108771
0.00313294
0.00269068
0.0026056
0.00256331
0.00253082
0.00250295
0.00247839
0.00245655
0.00243702
0.00241948
0.0024037
0.00238945
0.00237657
0.00236491
0.00235433
0.00234482
0.0114155
0.00301652
0.0027649
0.00268874
0.00263519
0.00259097
0.00255327
0.00252073
0.00249241
0.0024676
0.00244572
0.00242634
0.00240909
0.00239367
0.00237987
0.00236751
0.00235659
0.00210053
0.00220098
0.00386524
0.01364
0.0584906
0.191833
0.390465
0.488717
0.383449
0.275005
0.263768
0.287694
0.286974
0.230001
0.139823
0.0634161
0.0218531
0.00662362
0.00263935
0.00202856
0.00209562
0.00228588
0.00430416
0.0152971
0.0634872
0.20006
0.395594
0.493032
0.396309
0.287141
0.273665
0.309233
0.324664
0.273509
0.174321
0.081445
0.0285493
0.00849679
0.00306286
0.00204907
0.00209712
0.00241249
0.00486127
0.0172756
0.0690712
0.208268
0.398682
0.493076
0.410096
0.301613
0.284711
0.326101
0.357542
0.317409
0.214017
0.104286
0.0373094
0.0110031
0.00367266
0.00212342
0.0021122
0.00259714
0.00557571
0.0196726
0.0753409
0.216191
0.39948
0.490446
0.42209
0.317557
0.29709
0.340101
0.382882
0.359337
0.257675
0.132446
0.0486383
0.0143368
0.00452655
0.00227723
0.00215187
0.00286215
0.00650266
0.0226407
0.0825584
0.224054
0.398289
0.48518
0.43133
0.333755
0.310234
0.351977
0.400522
0.396343
0.3029
0.166046
0.0632767
0.0187705
0.00570119
0.00254221
0.00223211
0.00323832
0.00771896
0.0263896
0.090998
0.232393
0.395833
0.477493
0.437195
0.349282
0.323349
0.361394
0.412564
0.425285
0.347129
0.204277
0.0821741
0.0246331
0.0072968
0.00295813
0.00237527
0.00376855
0.00933298
0.0312075
0.101337
0.241788
0.392856
0.468018
0.439588
0.363355
0.336184
0.369734
0.42091
0.444558
0.388187
0.245376
0.105437
0.0323841
0.00945159
0.0035776
0.00261232
0.00451326
0.0114996
0.0374884
0.114175
0.252559
0.389904
0.457556
0.43877
0.375338
0.348191
0.377349
0.426682
0.456128
0.422344
0.287319
0.133374
0.0426293
0.0123715
0.0044719
0.00298675
0.00555901
0.0144386
0.0457925
0.129971
0.264742
0.387322
0.446891
0.435397
0.384863
0.359864
0.384518
0.430596
0.462904
0.446371
0.327538
0.165274
0.0562085
0.0163159
0.00573993
0.00356117
0.00703246
0.0184631
0.0567653
0.148752
0.277162
0.385288
0.436694
0.430369
0.391969
0.371473
0.392213
0.433618
0.465766
0.458932
0.364518
0.199472
0.0731997
0.0216729
0.00752607
0.00442831
0.00912072
0.0240523
0.0711307
0.170091
0.289993
0.384239
0.427438
0.424497
0.396925
0.382551
0.400101
0.435583
0.465244
0.463561
0.393688
0.234138
0.0941155
0.0290398
0.0100503
0.00573053
0.0120943
0.0319994
0.0893493
0.192731
0.303294
0.384083
0.418785
0.418341
0.400129
0.391656
0.406865
0.436455
0.461998
0.462463
0.409525
0.267245
0.118352
0.0390533
0.0136281
0.00768766
0.0164045
0.042958
0.110765
0.214195
0.315601
0.383355
0.410932
0.412357
0.402077
0.398847
0.412101
0.435723
0.455991
0.456364
0.416041
0.295319
0.144821
0.0521121
0.0188097
0.0106445
0.0228519
0.0575779
0.134619
0.236748
0.326907
0.381488
0.403103
0.406669
0.402938
0.403853
0.415116
0.43277
0.447093
0.44531
0.411996
0.31609
0.17185
0.0683831
0.0263707
0.0152619
0.0320657
0.0754028
0.158978
0.259529
0.33602
0.376066
0.394001
0.40073
0.402189
0.405894
0.414871
0.426646
0.434726
0.429435
0.401346
0.327558
0.197431
0.087219
0.0367471
0.0223608
0.0442486
0.0965603
0.187859
0.27822
0.334764
0.366087
0.38317
0.391975
0.397795
0.403011
0.409348
0.415421
0.417147
0.407472
0.383158
0.327086
0.22238
0.108972
0.0498176
0.0323304
0.0588159
0.122899
0.214228
0.280053
0.321684
0.347843
0.365065
0.376498
0.384479
0.390157
0.393629
0.394546
0.388951
0.377572
0.354545
0.31108
0.237173
0.134083
0.0649132
0.0430757
0.0769978
0.150074
0.210466
0.255214
0.286404
0.309503
0.327036
0.33987
0.348706
0.353974
0.354404
0.350274
0.341698
0.327107
0.305012
0.272565
0.222064
0.155378
0.0851843
0.0541496
0.0895636
0.126628
0.160623
0.18842
0.207069
0.22288
0.23581
0.245872
0.253087
0.257687
0.255916
0.250881
0.242081
0.229344
0.212775
0.191997
0.163621
0.128366
0.0929549
0.0211666
0.023809
0.0275549
0.0310941
0.0344207
0.0376183
0.0403846
0.0425954
0.0441856
0.0451264
0.0454136
0.0449077
0.0436577
0.0417474
0.0391995
0.036094
0.0325965
0.0290068
0.0254214
0.0231052
0.0209191
0.0620338
0.0566404
0.0436343
0.0289861
0.0183092
0.0118268
0.00809659
0.0057972
0.00433609
0.00339692
0.0027994
0.00243443
0.00222929
0.00213244
0.00210459
0.00211505
0.00214134
0.00216878
0.00219048
0.018996
0.0481116
0.0453604
0.0299658
0.0175186
0.0106181
0.00696618
0.0048852
0.00365331
0.0029246
0.00251012
0.00229636
0.00220818
0.00219105
0.00220563
0.00222711
0.00224324
0.0022506
0.00224967
0.00224325
0.0200168
0.044586
0.0364376
0.0203974
0.0112706
0.00693557
0.0047037
0.00348492
0.00282207
0.00248287
0.00233417
0.00228822
0.00228591
0.00229309
0.00229553
0.00229055
0.00227979
0.00226583
0.00225016
0.00223459
0.0216013
0.04516
0.0277033
0.0139705
0.00777783
0.0050139
0.00362403
0.00291334
0.00256954
0.00242505
0.00237467
0.00235633
0.0023425
0.00232602
0.00230723
0.00228775
0.00226864
0.00225063
0.00223351
0.00221802
0.0215971
0.0401345
0.0203049
0.00991211
0.00585144
0.00403429
0.00314906
0.00272159
0.00253088
0.00244792
0.00240317
0.00236956
0.00234031
0.00231438
0.00229138
0.00227085
0.0022523
0.00223558
0.00222003
0.00220615
0.0203102
0.0310962
0.0147904
0.00749732
0.00480476
0.00356823
0.00295717
0.00266166
0.00251992
0.00244196
0.00239001
0.0023514
0.00232119
0.00229657
0.00227563
0.00225721
0.00224061
0.00222565
0.00221185
0.00219931
0.0187509
0.0236921
0.0111844
0.0061795
0.00427634
0.00333971
0.00285332
0.0026113
0.00248634
0.00241302
0.00236493
0.00233077
0.0023047
0.00228341
0.002265
0.00224856
0.00223364
0.00222014
0.00220798
0.00219613
0.0169474
0.0185929
0.00891513
0.00545877
0.00398769
0.00317888
0.00275688
0.00255128
0.00244539
0.00238398
0.00234428
0.00231594
0.00229381
0.00227521
0.00225873
0.00224385
0.0022303
0.00221804
0.00220752
0.00219554
0.0146005
0.0149341
0.00749756
0.00504461
0.00376321
0.00302235
0.00266257
0.00249594
0.0024117
0.00236276
0.00233046
0.0023066
0.00228735
0.00227073
0.00225575
0.00224219
0.00222978
0.00221873
0.00220976
0.00219692
0.0104845
0.0122174
0.00671805
0.00473484
0.00353812
0.00287464
0.00258408
0.00245395
0.00238822
0.00234889
0.00232187
0.00230119
0.00228406
0.00226903
0.00225536
0.00224299
0.00223162
0.00222188
0.00221407
0.00220035
0.00920358
0.0102892
0.00620013
0.00444111
0.00332277
0.00275225
0.00252633
0.00242493
0.00237285
0.00234018
0.00231687
0.00229857
0.00228319
0.00226958
0.00225714
0.00224588
0.00223561
0.00222713
0.00221987
0.00220691
0.00927189
0.00883773
0.00575478
0.00415946
0.00313394
0.00265931
0.00248621
0.00240548
0.00236294
0.00233492
0.00231439
0.00229809
0.0022843
0.00227205
0.00226081
0.00225067
0.00224156
0.00223411
0.00222703
0.00221702
0.00930424
0.00764294
0.00535248
0.00390174
0.00297892
0.00259212
0.00245882
0.00239248
0.00235662
0.00233209
0.00231385
0.00229937
0.00228709
0.00227621
0.00226636
0.00225735
0.00224938
0.00224275
0.00223634
0.00222868
0.0091898
0.00677521
0.00502979
0.00367135
0.00285685
0.00254437
0.00243996
0.00238376
0.00235272
0.0023311
0.00231523
0.00230239
0.00229156
0.00228204
0.00227343
0.00226561
0.00225874
0.00225297
0.00224751
0.0022417
0.00895327
0.00635011
0.00476688
0.00346298
0.00276345
0.00251041
0.00242657
0.00237818
0.00235119
0.00233187
0.00231782
0.00230663
0.00229731
0.0022892
0.00228191
0.00227532
0.00226957
0.00226474
0.00226037
0.00225617
0.00861829
0.0061002
0.00453411
0.00327632
0.00269337
0.00248611
0.00241758
0.00237514
0.00235067
0.00233363
0.00232143
0.00231194
0.00230419
0.00229756
0.00229167
0.0022864
0.00228182
0.00227801
0.00227475
0.00227202
0.00820061
0.00590628
0.00429917
0.00311212
0.00263987
0.00247011
0.00241095
0.00237292
0.002351
0.00233624
0.00232593
0.00231819
0.00231207
0.002307
0.0023026
0.00229873
0.00229542
0.0022927
0.00229051
0.00228897
0.00770814
0.00571876
0.00403937
0.00297064
0.00259737
0.00245975
0.002405
0.00237142
0.00235211
0.00233962
0.00233124
0.00232527
0.00232083
0.00231735
0.00231451
0.00231215
0.00231022
0.00230873
0.00230767
0.00230722
0.00714754
0.00549974
0.0037569
0.00285334
0.00256481
0.00245049
0.00240001
0.00237078
0.00235405
0.00234377
0.00233725
0.00233303
0.00233025
0.00232841
0.00232719
0.00232642
0.00232602
0.00232595
0.00232617
0.00232684
0.00687955
0.00524572
0.0034489
0.00276729
0.00254085
0.00244273
0.00239648
0.00237108
0.00235677
0.0023485
0.00234379
0.00234125
0.00234011
0.0023399
0.00234032
0.00234121
0.00234247
0.00234403
0.00234582
0.00234787
0.00697242
0.00698923
0.00731575
0.00759907
0.0078433
0.00804381
0.00820145
0.00831447
0.00838499
0.00840958
0.00839701
0.00836435
0.00828812
0.00816809
0.00800299
0.00779384
0.00753849
0.00724173
0.00688829
0.0068255
0.00483547
0.00484424
0.00477971
0.00470017
0.00462286
0.00455554
0.00451117
0.00448132
0.0044686
0.00446643
0.00446199
0.00445515
0.00445963
0.00447709
0.00450634
0.00455645
0.0046132
0.00467146
0.00468419
0.00463466
0.00326959
0.00334312
0.00338035
0.00338844
0.00337752
0.00336344
0.00335226
0.0033432
0.00333661
0.00333389
0.00333084
0.00332801
0.00332881
0.00333152
0.0033349
0.00333894
0.0033399
0.00332225
0.00327291
0.0031776
0.00274087
0.0027764
0.00280298
0.00281394
0.00281874
0.00282115
0.00282207
0.00282142
0.00282046
0.00281978
0.00281824
0.00281608
0.00281408
0.00281154
0.00280685
0.00279994
0.0027904
0.00277514
0.00274605
0.00270598
0.00253601
0.00255384
0.00256641
0.00257393
0.0025791
0.00258281
0.00258525
0.00258638
0.00258681
0.00258691
0.00258617
0.00258464
0.00258275
0.00258005
0.00257598
0.0025703
0.00256279
0.00255344
0.0025393
0.00252072
0.00244175
0.00245148
0.00245876
0.00246374
0.00246803
0.00247132
0.00247363
0.00247512
0.00247604
0.00247658
0.00247625
0.00247506
0.00247348
0.00247131
0.00246829
0.0024642
0.00245898
0.00245311
0.00244544
0.00243598
0.00239591
0.00240217
0.00240718
0.00241117
0.00241473
0.00241758
0.00241976
0.00242137
0.00242253
0.00242334
0.00242322
0.00242214
0.00242072
0.00241884
0.00241639
0.0024133
0.00240944
0.0024051
0.00239996
0.00239407
0.00237203
0.00237717
0.0023816
0.00238544
0.00238889
0.00239173
0.00239405
0.00239589
0.00239729
0.00239833
0.00239831
0.00239718
0.0023957
0.0023938
0.00239142
0.00238853
0.00238504
0.00238116
0.00237671
0.00237188
0.0023593
0.00236451
0.00236924
0.00237344
0.00237721
0.00238042
0.0023831
0.00238528
0.00238698
0.00238824
0.00238827
0.002387
0.00238531
0.00238315
0.00238049
0.00237732
0.00237362
0.00236948
0.00236483
0.00235986
0.00235272
0.0023586
0.00236403
0.00236895
0.00237335
0.00237716
0.00238037
0.00238299
0.00238503
0.00238652
0.00238656
0.0023851
0.0023831
0.00238053
0.00237738
0.00237365
0.00236933
0.00236453
0.0023592
0.00235352
0.00234968
0.00235657
0.00236299
0.00236884
0.00237409
0.00237865
0.00238251
0.00238565
0.00238806
0.00238977
0.00238982
0.00238814
0.00238577
0.0023827
0.00237891
0.00237442
0.00236927
0.00236354
0.00235724
0.00235055
0.00234881
0.00235692
0.00236451
0.00237145
0.00237769
0.00238313
0.00238772
0.00239143
0.00239426
0.0023962
0.00239624
0.00239432
0.00239154
0.00238789
0.00238336
0.002378
0.00237185
0.00236502
0.00235757
0.00234967
0.00234936
0.00235881
0.0023677
0.00237586
0.0023832
0.00238961
0.002395
0.00239934
0.00240259
0.00240477
0.00240481
0.00240264
0.00239942
0.00239513
0.00238979
0.00238345
0.00237619
0.00236814
0.0023594
0.00235014
0.00235084
0.00236175
0.00237204
0.00238153
0.00239007
0.00239752
0.00240378
0.00240879
0.00241251
0.00241493
0.00241496
0.00241253
0.00240883
0.00240385
0.00239763
0.00239024
0.00238178
0.0023724
0.00236225
0.00235154
0.00235299
0.00236545
0.00237724
0.00238814
0.00239796
0.00240654
0.00241374
0.00241947
0.00242368
0.00242635
0.00242637
0.00242368
0.00241947
0.00241376
0.00240659
0.00239806
0.0023883
0.0023775
0.00236586
0.00235359
0.00235565
0.00236974
0.00238311
0.00239551
0.0024067
0.00241649
0.0024247
0.00243121
0.00243594
0.00243886
0.00243888
0.00243592
0.00243117
0.00242466
0.00241647
0.00240672
0.00239558
0.00238328
0.00237004
0.00235614
0.00235872
0.00237451
0.00238955
0.00240354
0.0024162
0.00242728
0.00243656
0.00244391
0.00244921
0.0024524
0.0024524
0.00244916
0.00244383
0.00243647
0.00242719
0.00241614
0.00240353
0.00238963
0.00237471
0.0023591
0.00236214
0.00237972
0.00239652
0.00241219
0.0024264
0.00243886
0.00244932
0.00245756
0.00246347
0.00246693
0.00246693
0.0024634
0.00245745
0.00244918
0.00243871
0.00242627
0.00241209
0.0023965
0.00237982
0.00236241
0.00236587
0.00238532
0.00240398
0.00242143
0.00243731
0.00245126
0.00246297
0.00247219
0.00247874
0.00248251
0.00248249
0.00247865
0.00247204
0.00246278
0.00245105
0.00243711
0.00242126
0.00240387
0.00238532
0.00236603
0.00236992
0.00239133
0.00241194
0.0024313
0.00244895
0.0024645
0.00247756
0.00248784
0.0024951
0.00249918
0.00249915
0.002495
0.00248767
0.00247734
0.00246424
0.00244868
0.00243105
0.00241176
0.00239125
0.00236997
0.00217344
0.0021747
0.00217392
0.00217146
0.00216909
0.0021711
0.00218601
0.00222853
0.00232185
0.0025004
0.002815
0.00334369
0.00421522
0.00566152
0.00813084
0.0126654
0.021487
0.0347003
0.0409022
0.0174092
0.00219373
0.00220669
0.00222027
0.00223386
0.00224675
0.00225798
0.00226691
0.00227448
0.00228629
0.00231775
0.0024005
0.00258831
0.00296479
0.00366512
0.00493935
0.00732484
0.0123427
0.0231561
0.037672
0.0163406
0.00217855
0.00219131
0.00220587
0.00222227
0.00224065
0.00226101
0.00228334
0.00230745
0.00233309
0.00236142
0.00239976
0.00247262
0.00263655
0.00299148
0.00369851
0.00506585
0.00787948
0.0149673
0.0288439
0.0152661
0.00217042
0.00218099
0.00219311
0.00220719
0.00222336
0.00224179
0.00226302
0.00228789
0.00231759
0.00235387
0.00239979
0.00246352
0.00257142
0.00279299
0.00325885
0.00417005
0.00594256
0.010219
0.0206522
0.0138567
0.00217088
0.00217996
0.00218965
0.00220148
0.00221524
0.00223088
0.00224873
0.00226951
0.00229445
0.00232564
0.00236694
0.00242525
0.0025162
0.00268423
0.00304437
0.00378685
0.00513023
0.00781953
0.0153095
0.0106556
0.00217738
0.00218599
0.00219336
0.00220317
0.00221497
0.00222843
0.00224367
0.00226119
0.00228183
0.00230695
0.00233977
0.00238626
0.00245888
0.00258653
0.00285949
0.00349701
0.00469035
0.00675456
0.012016
0.00912867
0.00218889
0.00219718
0.0022027
0.0022105
0.00222049
0.00223205
0.00224512
0.0022601
0.00227766
0.0022985
0.00232497
0.00236145
0.00241809
0.00251522
0.00271156
0.00323094
0.00430954
0.00615529
0.00985795
0.00935876
0.00220687
0.00221171
0.00221652
0.00222255
0.00223067
0.00224037
0.00225142
0.0022641
0.0022791
0.0022967
0.00231875
0.00234828
0.00239333
0.00246951
0.00261153
0.00301471
0.00394408
0.00563276
0.00827305
0.00953628
0.00222743
0.00223021
0.00223386
0.0022386
0.00224496
0.00225278
0.00226187
0.00227236
0.00228463
0.00229938
0.0023179
0.00234247
0.00237946
0.00244094
0.00254828
0.00286203
0.00361245
0.00518484
0.00705739
0.00943952
0.002251
0.00225212
0.00225444
0.00225782
0.00226249
0.00226839
0.00227542
0.0022837
0.00229356
0.00230565
0.00232115
0.00234215
0.00237269
0.00242264
0.00250718
0.00276321
0.00332235
0.00483863
0.00650924
0.00909666
0.00227748
0.00227718
0.00227809
0.00227995
0.00228284
0.00228674
0.00229161
0.00229757
0.00230492
0.00231425
0.00232665
0.00234398
0.00237002
0.00241275
0.00248065
0.00269746
0.00307347
0.00452099
0.00630558
0.00853584
0.00230675
0.00230511
0.00230446
0.00230461
0.00230558
0.00230737
0.00230998
0.00231353
0.00231827
0.00232478
0.00233399
0.00234756
0.00236889
0.00240472
0.00246663
0.00263826
0.00289377
0.00415509
0.00623347
0.00777713
0.00233856
0.00233525
0.00233282
0.00233112
0.00233008
0.00232969
0.00232997
0.00233104
0.00233316
0.00233683
0.00234288
0.0023528
0.00236956
0.00239907
0.0024535
0.00258367
0.00279617
0.0036712
0.00602402
0.00685278
)
;

boundaryField
{
    inlet
    {
        type            calculated;
        value           uniform 0.0033541;
    }
    outlet
    {
        type            calculated;
        value           nonuniform List<scalar> 
41
(
0.0047733
0.00254523
0.00189667
0.0018663
0.00198061
0.0020358
0.00204306
0.00212959
0.00258009
0.00394332
0.00720499
0.0139527
0.0260962
0.0449118
0.0699805
0.0988072
0.12725
0.150782
0.16518
0.168862
0.164023
0.143996
0.100082
0.0583594
0.0338385
0.0206686
0.0128784
0.00800441
0.00503149
0.00333814
0.00247087
0.00210582
0.00201592
0.00204021
0.00207706
0.0020762
0.00200972
0.00189462
0.00192636
0.00255796
0.00473104
)
;
    }
    dymWall
    {
        type            nutkWallFunction;
        Cmu             0.09;
        kappa           0.41;
        E               9.8;
        value           nonuniform List<scalar> 
73
(
0.00160023
0.00146336
0.00153168
0.00164296
0.00164328
0.0015521
0.00144132
0.00131253
0.00114376
0.000844262
0.000747289
0.000752384
0.000754824
0.000746293
0.000728612
0.000703501
0.000672088
0.000634896
0.00059234
0.000571908
0.00160997
0.00179612
0.0020572
0.00230179
0.00253006
0.00274829
0.0029355
0.00308435
0.00319095
0.00325377
0.00327284
0.0032386
0.00315503
0.00302671
0.00285477
0.00264454
0.00240673
0.0021616
0.00191408
0.00175302
0.0013426
0.00126618
0.00119058
0.00108968
0.000855304
0.000741725
0.000758609
0.00077181
0.000764601
0.000739014
0.000697009
0.00063985
0.000569638
0.000578769
0.000580071
0.000604933
0.000626439
0.000644929
0.000660078
0.00067197
0.000680487
0.0006858
0.000687659
0.00068674
0.000684295
0.000678567
0.000669537
0.000657097
0.000641307
0.000621986
0.000599467
0.000572554
0.000567777
)
;
    }
    AMI1
    {
        type            cyclicAMI;
        value           nonuniform List<scalar> 
73
(
0.00210333
0.00219008
0.00384197
0.0138248
0.0590656
0.191334
0.387275
0.482256
0.381482
0.270278
0.257819
0.274906
0.267147
0.209913
0.12624
0.0572013
0.0198358
0.00610049
0.00253223
0.00203784
0.002197
0.00223993
0.00222932
0.00221324
0.00220216
0.00219599
0.00219322
0.0021928
0.00219455
0.00219877
0.00220576
0.00221517
0.00222662
0.00224
0.00225507
0.00227149
0.00228903
0.00230775
0.00232771
0.00234904
0.00237176
0.00239408
0.00241567
0.00243605
0.00245473
0.00247126
0.0024852
0.00249619
0.00250394
0.00250824
0.0025082
0.00250383
0.002496
0.00248496
0.00247098
0.00245444
0.00243577
0.00241545
0.00239396
0.00237177
0.00217202
0.00218883
0.00217461
0.00216774
0.00216965
0.00217871
0.00219292
0.00220918
0.00222893
0.00225266
0.00227946
0.00230888
0.00234093
)
;
    }
    AMI2
    {
        type            cyclicAMI;
        value           nonuniform List<scalar> 
162
(
0.00210662
0.00210015
0.00215811
0.00218405
0.00343415
0.00378675
0.0109632
0.0134356
0.0448257
0.058319
0.147062
0.194151
0.323072
0.39626
0.462045
0.48963
0.436388
0.379124
0.311543
0.265708
0.257819
0.257423
0.266369
0.27577
0.274821
0.26986
0.248366
0.212732
0.182368
0.127643
0.105288
0.0575006
0.0471072
0.0197961
0.0166169
0.0060796
0.00540461
0.00252954
0.00244326
0.00203065
0.00204259
0.00219501
0.00219908
0.00224085
0.00223897
0.00223062
0.00222796
0.00221422
0.00221222
0.00220276
0.00220154
0.00219629
0.00219567
0.00219331
0.00219311
0.00219267
0.00219292
0.00219405
0.00219505
0.00219782
0.00219972
0.00220417
0.00220734
0.00221324
0.00221707
0.00222438
0.00222881
0.00223754
0.0022424
0.00225256
0.00225749
0.00226899
0.00227389
0.00228658
0.00229139
0.00230537
0.00231003
0.0023254
0.00232992
0.00234679
0.00235121
0.0023694
0.00237384
0.00239083
0.00239599
0.00241162
0.00241737
0.00243141
0.0024375
0.00244976
0.0024559
0.00246627
0.00247215
0.00248053
0.00248582
0.0024922
0.00249659
0.00250096
0.00250417
0.0025066
0.00250838
0.00250875
0.00250835
0.00250653
0.00250405
0.00250081
0.0024964
0.00249198
0.00248558
0.00248028
0.00247187
0.00246598
0.00245561
0.00244947
0.00243722
0.00243115
0.00241715
0.00241142
0.00239587
0.00239072
0.00237384
0.00236942
0.00217038
0.00217149
0.00217388
0.00218924
0.00218951
0.00218765
0.00217712
0.00217488
0.00217373
0.00216873
0.00216758
0.00216768
0.00216803
0.00216901
0.00217034
0.0021739
0.00217733
0.0021802
0.00218584
0.00219118
0.00219483
0.00220051
0.00220669
0.00221077
0.00221728
0.00222559
0.00223049
0.0022379
0.00224877
0.00225394
0.0022615
0.00227533
0.00228034
0.00228733
0.00230461
0.00230937
0.00231521
0.00233651
0.00234106
0.00234547
)
;
    }
    walls
    {
        type            nutkWallFunction;
        Cmu             0.09;
        kappa           0.41;
        E               9.8;
        value           nonuniform List<scalar> 
80
(
0.000890526
0.000877093
0.000850286
0.000821389
0.000790056
0.000758777
0.000727889
0.000697965
0.000669307
0.000642536
0.000618052
0.000595794
0.000575896
0.000558018
0.000542198
0.000528591
0.000517366
0.000508289
0.000501561
0.000496977
0.000494274
0.000493723
0.000495272
0.000499683
0.000507032
0.000517282
0.000530381
0.00054626
0.000564823
0.000585964
0.000609563
0.0006355
0.000663649
0.000693877
0.000726052
0.000760034
0.000795681
0.000832845
0.000871358
0.000911019
0.000901446
0.000881257
0.000848488
0.000814529
0.000779839
0.000746739
0.000715232
0.000685733
0.000658284
0.000632783
0.000609361
0.000588058
0.000568831
0.000551853
0.00053708
0.000524327
0.000513799
0.000505347
0.000499143
0.000494977
0.000492576
0.000492204
0.000494176
0.000499011
0.000506697
0.000517205
0.000530492
0.000546498
0.000565139
0.000586315
0.000609914
0.000635824
0.000663926
0.000694099
0.000726215
0.000760144
0.000795747
0.000832879
0.000871371
0.000911022
)
;
    }
    front
    {
        type            empty;
    }
    back
    {
        type            empty;
    }
}


// ************************************************************************* //
