/*--------------------------------*- C++ -*----------------------------------*\
  =========                 |
  \\      /  F ield         | OpenFOAM: The Open Source CFD Toolbox
   \\    /   O peration     | Website:  https://openfoam.org
    \\  /    A nd           | Version:  6
     \\/     M anipulation  |
\*---------------------------------------------------------------------------*/
FoamFile
{
    version     2.0;
    format      ascii;
    class       volScalarField;
    location    "3.44";
    object      rho;
}
// * * * * * * * * * * * * * * * * * * * * * * * * * * * * * * * * * * * * * //

dimensions      [1 -3 0 0 0 0 0];

internalField   nonuniform List<scalar> 
10000
(
1.40001
1.40001
1.40001
1.40001
1.40001
1.40001
1.4
1.40001
1.4
1.40001
1.40001
1.40001
1.40001
1.40001
1.40001
1.40001
1.40001
1.40001
1.40001
1.40001
1.40001
1.40001
1.40001
1.40001
1.40001
1.4
1.40001
1.40001
1.4
1.40001
1.40001
1.4
1.40001
1.40001
1.4
1.40001
1.40001
1.40001
1.40001
1.40001
1.40001
1.40001
1.40001
1.40001
1.4
1.4
1.4
1.4
1.39999
1.39998
1.39997
1.39996
1.39994
1.39993
1.39991
1.3999
1.3999
1.3999
1.3999
1.39992
1.39994
1.39997
1.4
1.40004
1.40008
1.40011
1.40014
1.40017
1.40018
1.40019
1.4002
1.40019
1.40018
1.40017
1.40015
1.40013
1.40011
1.40009
1.40007
1.40005
1.40004
1.40003
1.40002
1.40001
1.40001
1.40001
1.40001
1.40001
1.40001
1.40001
1.4
1.4
1.4
1.4
1.4
1.40001
1.40001
1.40001
1.40001
1.40001
1.40001
1.40001
1.40001
1.40001
1.40001
1.40001
1.40001
1.40001
1.40001
1.40001
1.40001
1.40001
1.40001
1.40001
1.40001
1.40001
1.40001
1.4
1.40001
1.4
1.40001
1.4
1.40001
1.4
1.40001
1.40001
1.4
1.40001
1.40001
1.4
1.40001
1.40001
1.4
1.4
1.40001
1.4
1.40001
1.40001
1.40001
1.40001
1.40001
1.40001
1.40001
1.40001
1.4
1.4
1.4
1.39999
1.39998
1.39997
1.39996
1.39994
1.39992
1.3999
1.39989
1.39988
1.39987
1.39988
1.3999
1.39992
1.39996
1.4
1.40005
1.4001
1.40015
1.4002
1.40024
1.40027
1.40028
1.40029
1.40029
1.40028
1.40026
1.40024
1.40021
1.40018
1.40015
1.40012
1.40009
1.40007
1.40005
1.40004
1.40003
1.40002
1.40001
1.40001
1.40001
1.40001
1.40001
1.4
1.4
1.4
1.4
1.4
1.4
1.4
1.40001
1.40001
1.40001
1.40001
1.40001
1.40001
1.40001
1.40001
1.40001
1.40001
1.40001
1.40001
1.40001
1.40001
1.40001
1.4
1.40001
1.4
1.40001
1.4
1.40001
1.4
1.40001
1.40001
1.40001
1.40001
1.40001
1.40001
1.4
1.40001
1.40001
1.4
1.40001
1.40001
1.4
1.40001
1.4
1.40001
1.4
1.40001
1.40001
1.40001
1.40001
1.40001
1.40001
1.40001
1.40001
1.40001
1.40001
1.4
1.4
1.39999
1.39998
1.39996
1.39994
1.39992
1.3999
1.39988
1.39986
1.39986
1.39986
1.39988
1.39992
1.39996
1.40002
1.40009
1.40016
1.40023
1.4003
1.40035
1.4004
1.40043
1.40044
1.40045
1.40043
1.40041
1.40038
1.40034
1.40029
1.40025
1.4002
1.40016
1.40013
1.40009
1.40007
1.40005
1.40003
1.40002
1.40002
1.40001
1.40001
1.40001
1.4
1.4
1.4
1.4
1.4
1.4
1.4
1.4
1.4
1.40001
1.40001
1.40001
1.40001
1.40001
1.40001
1.40001
1.40001
1.40001
1.40001
1.40001
1.40001
1.4
1.40001
1.4
1.40001
1.40001
1.40001
1.40001
1.40001
1.40001
1.40001
1.40001
1.40001
1.4
1.40001
1.4
1.40001
1.4
1.40001
1.40001
1.4
1.40001
1.40001
1.40001
1.4
1.40001
1.4
1.40001
1.40001
1.40001
1.40001
1.40001
1.40001
1.40001
1.40001
1.40001
1.40001
1.4
1.4
1.39998
1.39997
1.39995
1.39993
1.3999
1.39988
1.39986
1.39985
1.39985
1.39988
1.39992
1.39998
1.40006
1.40016
1.40026
1.40036
1.40046
1.40055
1.40062
1.40067
1.40069
1.4007
1.40069
1.40065
1.40061
1.40055
1.40048
1.40041
1.40035
1.40028
1.40022
1.40017
1.40013
1.40009
1.40006
1.40004
1.40003
1.40002
1.40001
1.40001
1.40001
1.4
1.4
1.4
1.4
1.4
1.4
1.4
1.4
1.4
1.4
1.4
1.40001
1.40001
1.40001
1.40001
1.40001
1.40001
1.40001
1.40001
1.40001
1.40001
1.4
1.40001
1.40001
1.40001
1.40001
1.40001
1.4
1.40001
1.4
1.40001
1.4
1.40001
1.4
1.40001
1.4
1.40001
1.40001
1.40001
1.4
1.40001
1.4
1.40001
1.40001
1.40001
1.4
1.40001
1.40001
1.40001
1.40001
1.40001
1.40001
1.40001
1.40001
1.40001
1.40001
1.40001
1.4
1.39999
1.39998
1.39996
1.39994
1.39991
1.39988
1.39986
1.39985
1.39986
1.39989
1.39995
1.40003
1.40014
1.40028
1.40042
1.40058
1.40073
1.40086
1.40098
1.40106
1.40111
1.40113
1.40111
1.40106
1.40099
1.4009
1.4008
1.4007
1.40059
1.40049
1.40039
1.40031
1.40023
1.40017
1.40012
1.40008
1.40006
1.40003
1.40002
1.40001
1.40001
1.4
1.4
1.4
1.4
1.4
1.4
1.4
1.4
1.4
1.4
1.4
1.4
1.40001
1.4
1.40001
1.40001
1.40001
1.40001
1.40001
1.40001
1.4
1.40001
1.4
1.40001
1.40001
1.40001
1.40001
1.40001
1.40001
1.4
1.40001
1.4
1.40001
1.40001
1.4
1.40001
1.4
1.40001
1.4
1.40001
1.40001
1.4
1.40001
1.40001
1.40001
1.4
1.40001
1.40001
1.40001
1.40001
1.40001
1.40001
1.40001
1.40001
1.40001
1.40001
1.40001
1.40001
1.40001
1.39999
1.39998
1.39996
1.39993
1.3999
1.39988
1.39987
1.39988
1.39992
1.39999
1.40011
1.40026
1.40045
1.40067
1.4009
1.40114
1.40135
1.40154
1.40169
1.40178
1.40183
1.40182
1.40176
1.40166
1.40152
1.40136
1.40119
1.40102
1.40085
1.40069
1.40055
1.40043
1.40032
1.40023
1.40016
1.40011
1.40007
1.40004
1.40002
1.40001
1.40001
1.4
1.4
1.4
1.4
1.4
1.4
1.4
1.4
1.4
1.4
1.4
1.4
1.4
1.4
1.40001
1.40001
1.40001
1.40001
1.40001
1.40001
1.4
1.40001
1.40001
1.40001
1.40001
1.4
1.40001
1.40001
1.40001
1.40001
1.4
1.40001
1.4
1.40001
1.4
1.40001
1.4
1.40001
1.4
1.40001
1.4
1.40001
1.4
1.40001
1.40001
1.40001
1.4
1.40001
1.40001
1.40001
1.40001
1.40001
1.40001
1.40001
1.40002
1.40002
1.40002
1.40002
1.40001
1.4
1.39998
1.39995
1.39993
1.3999
1.39989
1.39991
1.39996
1.40006
1.40021
1.40043
1.4007
1.40101
1.40136
1.40172
1.40206
1.40237
1.40263
1.40282
1.40293
1.40296
1.4029
1.40277
1.40258
1.40233
1.40207
1.40178
1.4015
1.40124
1.401
1.40078
1.4006
1.40044
1.40032
1.40022
1.40014
1.40009
1.40005
1.40003
1.40001
1.4
1.4
1.4
1.4
1.4
1.4
1.4
1.4
1.4
1.4
1.4
1.4
1.4
1.4
1.4
1.40001
1.40001
1.40001
1.40001
1.4
1.40001
1.4
1.40001
1.40001
1.4
1.40001
1.4
1.40001
1.40001
1.40001
1.40001
1.40001
1.40001
1.4
1.40001
1.4
1.40001
1.40001
1.40001
1.40001
1.40001
1.4
1.40001
1.40001
1.4
1.40001
1.40001
1.4
1.40001
1.40001
1.40001
1.40001
1.40001
1.40001
1.40002
1.40002
1.40003
1.40003
1.40003
1.40002
1.40001
1.39998
1.39996
1.39994
1.39993
1.39995
1.40002
1.40014
1.40034
1.40063
1.40099
1.40144
1.40194
1.40248
1.40302
1.40353
1.40397
1.40433
1.40457
1.40469
1.40468
1.40455
1.40431
1.40398
1.40357
1.40313
1.40268
1.40224
1.40182
1.40145
1.40112
1.40085
1.40062
1.40044
1.4003
1.40019
1.40012
1.40006
1.40003
1.40001
1.4
1.4
1.39999
1.39999
1.4
1.4
1.4
1.4
1.4
1.4
1.4
1.4
1.4
1.4
1.4
1.4
1.40001
1.40001
1.40001
1.4
1.40001
1.40001
1.40001
1.40001
1.4
1.40001
1.4
1.40001
1.40001
1.40001
1.40001
1.40001
1.40001
1.4
1.40001
1.40001
1.40001
1.4
1.40001
1.4
1.40001
1.4
1.40001
1.4
1.4
1.40001
1.40001
1.40001
1.40001
1.40001
1.40001
1.40001
1.40001
1.40002
1.40002
1.40003
1.40004
1.40004
1.40004
1.40003
1.40002
1.4
1.39999
1.39998
1.4
1.40008
1.40023
1.40048
1.40084
1.40133
1.40194
1.40265
1.40342
1.40423
1.40502
1.40575
1.40637
1.40685
1.40717
1.4073
1.40724
1.407
1.4066
1.40606
1.40543
1.40473
1.40402
1.40334
1.4027
1.40212
1.40163
1.40121
1.40088
1.40061
1.40041
1.40026
1.40015
1.40008
1.40004
1.40001
1.39999
1.39999
1.39999
1.39999
1.39999
1.4
1.4
1.4
1.4
1.4
1.4
1.4
1.4
1.4
1.4
1.4
1.40001
1.4
1.40001
1.40001
1.40001
1.40001
1.40001
1.40001
1.4
1.40001
1.40001
1.4
1.40001
1.4
1.40001
1.40001
1.4
1.40001
1.4
1.40001
1.4
1.40001
1.4
1.40001
1.4
1.40001
1.40001
1.40001
1.4
1.40001
1.40001
1.40001
1.40001
1.40001
1.40001
1.40001
1.40002
1.40002
1.40003
1.40004
1.40005
1.40005
1.40006
1.40005
1.40004
1.40003
1.40003
1.40006
1.40015
1.40032
1.40062
1.40106
1.40168
1.40247
1.40343
1.4045
1.40566
1.40683
1.40795
1.40897
1.40982
1.41046
1.41086
1.411
1.41087
1.41049
1.40988
1.40907
1.40811
1.40707
1.406
1.40496
1.40399
1.40312
1.40238
1.40176
1.40126
1.40087
1.40058
1.40036
1.40021
1.40011
1.40004
1.40001
1.39999
1.39998
1.39998
1.39998
1.39999
1.39999
1.39999
1.4
1.4
1.4
1.4
1.4
1.4
1.4
1.4
1.4
1.4
1.4
1.40001
1.40001
1.40001
1.40001
1.4
1.40001
1.4
1.40001
1.40001
1.40001
1.40001
1.40001
1.4
1.40001
1.4
1.40001
1.4
1.40001
1.40001
1.4
1.40001
1.40001
1.4
1.4
1.40001
1.40001
1.4
1.40001
1.40001
1.40001
1.40001
1.40001
1.40001
1.40002
1.40002
1.40003
1.40004
1.40006
1.40007
1.40008
1.40008
1.40008
1.40008
1.40009
1.40013
1.40022
1.40041
1.40074
1.40126
1.40201
1.403
1.40423
1.40566
1.40724
1.40889
1.41053
1.41207
1.41343
1.41455
1.41538
1.41588
1.41602
1.41581
1.41526
1.41439
1.41325
1.41189
1.41039
1.40883
1.40731
1.40588
1.40459
1.40349
1.40257
1.40183
1.40126
1.40083
1.40051
1.4003
1.40015
1.40006
1.40001
1.39998
1.39997
1.39997
1.39997
1.39998
1.39998
1.39999
1.39999
1.4
1.4
1.4
1.4
1.4
1.4
1.4
1.4
1.4
1.4
1.40001
1.40001
1.40001
1.40001
1.40001
1.40001
1.40001
1.40001
1.40001
1.40001
1.40001
1.40001
1.4
1.40001
1.4
1.40001
1.4
1.40001
1.4
1.40001
1.4
1.40001
1.4
1.40001
1.4
1.40001
1.4
1.40001
1.40001
1.40001
1.40001
1.40001
1.40001
1.40002
1.40003
1.40004
1.40006
1.40008
1.40009
1.40011
1.40012
1.40013
1.40015
1.40019
1.40028
1.40048
1.40083
1.40142
1.40228
1.40346
1.40498
1.4068
1.40887
1.41108
1.41335
1.41554
1.41756
1.4193
1.42071
1.42172
1.42231
1.42246
1.42217
1.42144
1.4203
1.41879
1.41696
1.41492
1.41276
1.4106
1.40856
1.4067
1.40509
1.40375
1.40267
1.40183
1.4012
1.40075
1.40043
1.40022
1.40009
1.40001
1.39997
1.39995
1.39995
1.39996
1.39997
1.39998
1.39998
1.39999
1.4
1.4
1.4
1.4
1.4
1.4
1.4
1.4
1.4
1.4
1.4
1.40001
1.40001
1.40001
1.40001
1.40001
1.4
1.40001
1.4
1.40001
1.40001
1.40001
1.40001
1.40001
1.40001
1.4
1.40001
1.4
1.40001
1.40001
1.40001
1.4
1.40001
1.40001
1.4
1.40001
1.40001
1.40001
1.40001
1.40001
1.40001
1.40001
1.40002
1.40003
1.40004
1.40006
1.40008
1.4001
1.40013
1.40015
1.40017
1.4002
1.40025
1.40034
1.40054
1.4009
1.40151
1.40246
1.40382
1.40561
1.40783
1.41042
1.41327
1.41624
1.41919
1.42197
1.42446
1.42655
1.4282
1.42936
1.43001
1.43016
1.42979
1.42893
1.42757
1.42572
1.42344
1.42082
1.41797
1.41507
1.41225
1.40965
1.40737
1.40544
1.40388
1.40267
1.40176
1.40109
1.40063
1.40033
1.40013
1.40002
1.39996
1.39994
1.39994
1.39994
1.39995
1.39997
1.39998
1.39998
1.39999
1.4
1.4
1.4
1.4
1.4
1.4
1.4
1.4
1.4
1.4
1.40001
1.40001
1.40001
1.40001
1.40001
1.4
1.40001
1.4
1.40001
1.40001
1.40001
1.4
1.40001
1.4
1.40001
1.4
1.40001
1.4
1.40001
1.40001
1.4
1.40001
1.40001
1.4
1.40001
1.40001
1.40001
1.40001
1.40001
1.40001
1.40002
1.40002
1.40004
1.40005
1.40008
1.4001
1.40013
1.40017
1.4002
1.40024
1.4003
1.40039
1.40058
1.40093
1.40155
1.40254
1.40402
1.40605
1.40865
1.41177
1.41528
1.41902
1.4228
1.42641
1.42969
1.43253
1.43484
1.43658
1.43777
1.43842
1.43853
1.43814
1.43723
1.43578
1.43375
1.43116
1.42805
1.42455
1.42084
1.41714
1.41364
1.4105
1.40781
1.40561
1.40387
1.40256
1.40161
1.40094
1.4005
1.40022
1.40005
1.39996
1.39992
1.39992
1.39992
1.39994
1.39995
1.39997
1.39998
1.39999
1.39999
1.4
1.4
1.4
1.4
1.4
1.4
1.4
1.4
1.4
1.40001
1.4
1.40001
1.4
1.40001
1.4
1.40001
1.4
1.40001
1.40001
1.40001
1.40001
1.40001
1.40001
1.4
1.40001
1.4
1.40001
1.4
1.40001
1.4
1.40001
1.4
1.40001
1.4
1.40001
1.40001
1.40001
1.40001
1.40001
1.40002
1.40003
1.40005
1.40007
1.4001
1.40013
1.40018
1.40022
1.40027
1.40034
1.40043
1.40061
1.40093
1.40152
1.40251
1.40404
1.40624
1.40917
1.41278
1.41696
1.42149
1.42612
1.43059
1.43468
1.43822
1.44112
1.44335
1.44494
1.44595
1.44645
1.4465
1.44613
1.44533
1.44403
1.44213
1.43955
1.43624
1.43229
1.42789
1.4233
1.4188
1.41465
1.41101
1.40798
1.40556
1.40372
1.40236
1.40141
1.40077
1.40036
1.40011
1.39998
1.39991
1.3999
1.3999
1.39992
1.39994
1.39995
1.39997
1.39998
1.39999
1.39999
1.4
1.4
1.4
1.4
1.4
1.4
1.4
1.4
1.40001
1.4
1.40001
1.4
1.40001
1.4
1.40001
1.4
1.40001
1.4
1.40001
1.4
1.40001
1.4
1.4
1.40001
1.4
1.40001
1.4
1.40001
1.4
1.4
1.40001
1.4
1.40001
1.40001
1.40001
1.40001
1.40001
1.40002
1.40002
1.40004
1.40006
1.40009
1.40013
1.40017
1.40023
1.40029
1.40036
1.40046
1.40062
1.40092
1.40146
1.40239
1.4039
1.40617
1.40932
1.41335
1.41814
1.42345
1.42894
1.43427
1.43913
1.44329
1.44662
1.4491
1.4508
1.45185
1.45239
1.45257
1.45249
1.4522
1.4517
1.45089
1.44956
1.44751
1.44455
1.44064
1.43589
1.43061
1.42516
1.41992
1.41519
1.41115
1.40786
1.40531
1.40342
1.40208
1.40116
1.40057
1.40021
1.40001
1.39991
1.39988
1.39988
1.39989
1.39992
1.39994
1.39996
1.39997
1.39998
1.39999
1.4
1.4
1.4
1.4
1.4
1.4
1.4
1.4
1.4
1.4
1.40001
1.4
1.40001
1.4
1.40001
1.4
1.40001
1.40001
1.40001
1.4
1.40001
1.4
1.4
1.40001
1.4
1.4
1.40001
1.4
1.40001
1.4
1.40001
1.40001
1.40001
1.40001
1.40001
1.40001
1.40001
1.40002
1.40003
1.40005
1.40007
1.40011
1.40016
1.40022
1.40029
1.40037
1.40047
1.40062
1.40089
1.40136
1.4022
1.40362
1.40585
1.40909
1.41341
1.41872
1.42476
1.43109
1.43726
1.44283
1.44749
1.45106
1.4535
1.45494
1.45557
1.45563
1.45538
1.45503
1.45473
1.45457
1.45456
1.45457
1.45434
1.45349
1.45164
1.44853
1.44411
1.43862
1.43251
1.42628
1.4204
1.4152
1.41088
1.40746
1.40487
1.40301
1.40173
1.4009
1.40038
1.40008
1.39993
1.39987
1.39985
1.39987
1.39989
1.39992
1.39994
1.39996
1.39998
1.39999
1.39999
1.4
1.4
1.4
1.4
1.4
1.4
1.4
1.4
1.40001
1.40001
1.40001
1.40001
1.40001
1.40001
1.40001
1.4
1.4
1.40001
1.4
1.40001
1.4
1.40001
1.40001
1.40001
1.4
1.40001
1.4
1.40001
1.40001
1.40001
1.40001
1.40001
1.40001
1.40001
1.40001
1.40002
1.40002
1.40004
1.40006
1.40009
1.40014
1.4002
1.40027
1.40036
1.40047
1.40061
1.40084
1.40125
1.40197
1.40324
1.40532
1.40849
1.41293
1.41862
1.42528
1.43241
1.4394
1.44566
1.45073
1.45436
1.4565
1.4573
1.45703
1.45606
1.45474
1.45342
1.45236
1.45176
1.45175
1.45234
1.45343
1.45473
1.45574
1.45586
1.4545
1.45137
1.44651
1.44033
1.43346
1.42656
1.42019
1.41469
1.41024
1.4068
1.40429
1.40253
1.40136
1.40063
1.4002
1.39997
1.39987
1.39984
1.39985
1.39987
1.3999
1.39993
1.39995
1.39997
1.39998
1.39999
1.4
1.4
1.4
1.4
1.4
1.4
1.4
1.4
1.4
1.40001
1.4
1.40001
1.40001
1.4
1.40001
1.4
1.40001
1.40001
1.4
1.40001
1.4
1.40001
1.4
1.40001
1.4
1.40001
1.4
1.4
1.40001
1.40001
1.40001
1.40001
1.40001
1.40001
1.40001
1.40002
1.40003
1.40005
1.40008
1.40012
1.40017
1.40025
1.40033
1.40045
1.40059
1.40079
1.40113
1.40174
1.40281
1.40466
1.40761
1.41196
1.41781
1.42495
1.43281
1.44061
1.44755
1.45301
1.4566
1.45825
1.45813
1.45661
1.45415
1.45123
1.44831
1.44578
1.44394
1.44299
1.44308
1.44428
1.44653
1.44956
1.45285
1.45562
1.45699
1.45626
1.45312
1.4478
1.44095
1.43341
1.426
1.41931
1.41371
1.40928
1.40597
1.40361
1.40202
1.401
1.40039
1.40005
1.39988
1.39983
1.39982
1.39985
1.39988
1.39991
1.39994
1.39996
1.39998
1.39999
1.39999
1.4
1.4
1.4
1.4
1.4
1.4
1.4
1.4
1.4
1.40001
1.40001
1.40001
1.40001
1.40001
1.40001
1.4
1.40001
1.4
1.40001
1.40001
1.4
1.40001
1.40001
1.40001
1.4
1.40001
1.4
1.4
1.40001
1.40001
1.40001
1.40001
1.40001
1.40001
1.40002
1.40004
1.40006
1.40009
1.40014
1.40021
1.4003
1.40041
1.40054
1.40073
1.40102
1.40151
1.40239
1.40395
1.40655
1.4106
1.41635
1.42373
1.43219
1.44079
1.44849
1.4544
1.45799
1.4591
1.45793
1.45494
1.45072
1.44588
1.44098
1.4365
1.43283
1.43026
1.42897
1.42911
1.43079
1.43403
1.43868
1.44429
1.45001
1.45476
1.45739
1.45715
1.45385
1.44797
1.44046
1.43238
1.42464
1.41786
1.41233
1.40809
1.40501
1.40289
1.40151
1.40066
1.40018
1.39993
1.39983
1.39981
1.39983
1.39986
1.3999
1.39993
1.39995
1.39997
1.39998
1.39999
1.4
1.4
1.4
1.4
1.4
1.4
1.4
1.4
1.40001
1.4
1.40001
1.40001
1.4
1.40001
1.4
1.40001
1.40001
1.4
1.40001
1.40001
1.4
1.40001
1.40001
1.4
1.4
1.40001
1.4
1.4
1.40001
1.40001
1.40001
1.40001
1.40001
1.40002
1.40003
1.40004
1.40007
1.40011
1.40017
1.40025
1.40035
1.40049
1.40066
1.4009
1.4013
1.402
1.40325
1.40543
1.409
1.41436
1.42168
1.43052
1.43989
1.44844
1.45498
1.45873
1.45942
1.45725
1.45278
1.44673
1.43987
1.43287
1.42628
1.42055
1.41601
1.41287
1.4113
1.41143
1.41338
1.41729
1.42315
1.43067
1.43914
1.44736
1.45392
1.45749
1.45736
1.4536
1.44705
1.43892
1.43045
1.42261
1.41595
1.41068
1.40677
1.40402
1.40219
1.40104
1.40037
1.40001
1.39985
1.3998
1.39981
1.39984
1.39988
1.39991
1.39994
1.39996
1.39998
1.39999
1.4
1.4
1.4
1.4
1.4
1.4
1.4
1.4
1.4
1.4
1.40001
1.40001
1.40001
1.40001
1.4
1.40001
1.4
1.40001
1.4
1.40001
1.40001
1.4
1.40001
1.4
1.40001
1.40001
1.4
1.40001
1.40001
1.40001
1.40001
1.40001
1.40001
1.40002
1.40003
1.40005
1.40008
1.40013
1.4002
1.4003
1.40042
1.40058
1.40079
1.40111
1.40166
1.40263
1.40436
1.40734
1.41207
1.41896
1.42785
1.43782
1.44733
1.45475
1.45897
1.45953
1.45661
1.45083
1.44306
1.43424
1.4252
1.41658
1.40887
1.40239
1.39735
1.39391
1.39214
1.39217
1.39416
1.39832
1.40483
1.4136
1.42414
1.4354
1.44581
1.45363
1.45752
1.45696
1.4524
1.44506
1.4364
1.42777
1.42006
1.41373
1.4089
1.40543
1.40306
1.40155
1.40064
1.40014
1.3999
1.39981
1.39979
1.39982
1.39986
1.3999
1.39993
1.39996
1.39997
1.39999
1.39999
1.4
1.4
1.4
1.4
1.4
1.4
1.4
1.40001
1.4
1.40001
1.4
1.40001
1.40001
1.4
1.40001
1.40001
1.40001
1.4
1.40001
1.40001
1.4
1.40001
1.40001
1.4
1.40001
1.40001
1.40001
1.40001
1.40001
1.40001
1.40001
1.40001
1.40002
1.40004
1.40006
1.4001
1.40015
1.40024
1.40034
1.40049
1.40067
1.40094
1.40136
1.4021
1.40343
1.40577
1.40972
1.41583
1.42432
1.43458
1.44502
1.45361
1.45874
1.45964
1.45637
1.44963
1.4404
1.42982
1.41889
1.40841
1.39892
1.39074
1.38405
1.37893
1.37541
1.37352
1.37337
1.37515
1.37917
1.38575
1.39504
1.40681
1.42025
1.43389
1.44579
1.45404
1.45744
1.45586
1.45022
1.44208
1.43308
1.42451
1.41718
1.41139
1.40711
1.40414
1.4022
1.40101
1.40033
1.39998
1.39983
1.39979
1.39981
1.39984
1.39988
1.39992
1.39995
1.39997
1.39998
1.39999
1.4
1.4
1.4
1.4
1.4
1.4
1.4
1.4
1.40001
1.4
1.40001
1.4
1.40001
1.4
1.40001
1.4
1.40001
1.4
1.40001
1.40001
1.4
1.40001
1.40001
1.4
1.40001
1.4
1.40001
1.40001
1.40001
1.40001
1.40001
1.40002
1.40002
1.40004
1.40007
1.40011
1.40018
1.40027
1.40039
1.40056
1.40078
1.40111
1.40166
1.40264
1.40442
1.40752
1.41261
1.42024
1.43028
1.44141
1.45135
1.45788
1.45972
1.4567
1.44949
1.43921
1.42715
1.41454
1.40236
1.39128
1.38166
1.37363
1.36719
1.3623
1.35887
1.35688
1.35642
1.35776
1.36131
1.36752
1.3767
1.38889
1.40358
1.41953
1.43483
1.44724
1.45491
1.457
1.4539
1.44703
1.43822
1.42913
1.42092
1.41419
1.40907
1.40543
1.403
1.40147
1.40058
1.4001
1.39987
1.3998
1.3998
1.39983
1.39987
1.39991
1.39994
1.39996
1.39998
1.39999
1.39999
1.4
1.4
1.4
1.4
1.4
1.4
1.4
1.4
1.40001
1.40001
1.4
1.40001
1.4
1.40001
1.40001
1.40001
1.4
1.40001
1.4
1.40001
1.4
1.40001
1.4
1.40001
1.4
1.40001
1.40001
1.40001
1.40001
1.40001
1.40002
1.40003
1.40005
1.40008
1.40013
1.4002
1.40031
1.40044
1.40063
1.4009
1.40131
1.40202
1.40331
1.40563
1.40963
1.41603
1.42523
1.43652
1.44774
1.45609
1.45955
1.45751
1.45051
1.43969
1.42654
1.41249
1.39875
1.38618
1.37525
1.36609
1.35865
1.35274
1.3482
1.34488
1.34274
1.34187
1.34259
1.34543
1.35094
1.3596
1.37163
1.38678
1.40412
1.42193
1.43789
1.44968
1.45573
1.4558
1.45091
1.44289
1.43369
1.42482
1.41723
1.41127
1.40692
1.40395
1.40204
1.40089
1.40026
1.39995
1.39982
1.3998
1.39982
1.39986
1.3999
1.39993
1.39996
1.39997
1.39999
1.39999
1.4
1.4
1.4
1.4
1.4
1.4
1.4
1.4
1.40001
1.4
1.40001
1.4
1.40001
1.4
1.40001
1.40001
1.40001
1.4
1.40001
1.40001
1.4
1.40001
1.40001
1.40001
1.4
1.40001
1.40001
1.40001
1.40001
1.40001
1.40002
1.40003
1.40005
1.40009
1.40014
1.40022
1.40034
1.40049
1.4007
1.40103
1.40154
1.40244
1.4041
1.40708
1.41211
1.41992
1.43059
1.44259
1.45293
1.45869
1.45846
1.45248
1.44183
1.42808
1.41288
1.39772
1.3837
1.37146
1.36122
1.35287
1.34614
1.34075
1.33646
1.33313
1.33073
1.32939
1.32946
1.3315
1.33617
1.3441
1.35562
1.37071
1.38872
1.40819
1.42691
1.44233
1.4523
1.45586
1.4535
1.44684
1.43796
1.42872
1.42041
1.41365
1.40859
1.40504
1.40271
1.40128
1.40047
1.40005
1.39986
1.39981
1.39982
1.39985
1.39989
1.39993
1.39995
1.39997
1.39998
1.39999
1.4
1.4
1.4
1.4
1.4
1.4
1.4
1.4
1.4
1.40001
1.40001
1.4
1.40001
1.4
1.40001
1.40001
1.40001
1.4
1.40001
1.40001
1.40001
1.4
1.40001
1.4
1.40001
1.40001
1.40001
1.40001
1.40001
1.40001
1.40002
1.40004
1.40006
1.4001
1.40016
1.40024
1.40037
1.40054
1.40078
1.40116
1.4018
1.40294
1.40504
1.40877
1.41495
1.42419
1.43603
1.44801
1.45652
1.45898
1.45493
1.44531
1.43165
1.41572
1.39931
1.38384
1.37022
1.35879
1.34948
1.34191
1.33564
1.33036
1.32594
1.32233
1.31962
1.31794
1.31759
1.31906
1.32301
1.33016
1.34102
1.35574
1.37392
1.39438
1.41514
1.43356
1.44713
1.45424
1.45473
1.44989
1.44177
1.43248
1.42363
1.41615
1.41038
1.40625
1.40348
1.40174
1.40072
1.40018
1.39992
1.39983
1.39982
1.39985
1.39989
1.39992
1.39995
1.39997
1.39998
1.39999
1.4
1.4
1.4
1.4
1.4
1.4
1.40001
1.4
1.40001
1.4
1.40001
1.4
1.40001
1.4
1.40001
1.4
1.40001
1.4
1.40001
1.40001
1.40001
1.4
1.40001
1.40001
1.40001
1.40001
1.40001
1.40001
1.40001
1.40001
1.40002
1.40004
1.40006
1.40011
1.40017
1.40026
1.4004
1.40059
1.40085
1.4013
1.4021
1.4035
1.4061
1.41069
1.41809
1.42867
1.44122
1.45237
1.4583
1.45719
1.44953
1.43683
1.42086
1.40351
1.38662
1.37148
1.35871
1.3483
1.33975
1.33242
1.32582
1.31982
1.31452
1.31019
1.30713
1.30556
1.30556
1.30726
1.31109
1.31774
1.32791
1.34205
1.36004
1.381
1.40316
1.42398
1.4407
1.45119
1.45469
1.45198
1.44499
1.43595
1.42678
1.4187
1.41227
1.40756
1.40433
1.40226
1.40103
1.40034
1.40001
1.39987
1.39984
1.39985
1.39988
1.39992
1.39994
1.39997
1.39998
1.39999
1.4
1.4
1.4
1.4
1.4
1.4
1.4
1.4
1.4
1.40001
1.40001
1.40001
1.4
1.40001
1.4
1.4
1.40001
1.4
1.40001
1.4
1.40001
1.4
1.40001
1.40001
1.40001
1.40001
1.40001
1.40001
1.40001
1.40001
1.40002
1.40004
1.40006
1.40011
1.40019
1.40027
1.40042
1.40064
1.40093
1.40145
1.40243
1.40415
1.4073
1.41281
1.42145
1.43314
1.44581
1.45541
1.45837
1.45378
1.44295
1.42779
1.41017
1.39207
1.37528
1.36092
1.34921
1.33961
1.33114
1.3229
1.31454
1.30633
1.2989
1.29307
1.2896
1.28894
1.2908
1.2945
1.29967
1.30668
1.31647
1.32993
1.3474
1.36838
1.3914
1.41405
1.43344
1.44705
1.45352
1.45314
1.44756
1.43906
1.42977
1.42122
1.41421
1.40893
1.40525
1.40284
1.40137
1.40054
1.40011
1.39992
1.39986
1.39986
1.39988
1.39991
1.39994
1.39996
1.39998
1.39999
1.4
1.4
1.4
1.4
1.4
1.4
1.4
1.4
1.40001
1.40001
1.4
1.40001
1.4
1.4
1.40001
1.4
1.40001
1.40001
1.4
1.4
1.40001
1.4
1.4
1.40001
1.40001
1.40001
1.40001
1.40001
1.40001
1.40002
1.40002
1.40004
1.40007
1.40011
1.4002
1.40028
1.40043
1.40068
1.40101
1.4016
1.40278
1.40487
1.4086
1.41507
1.42492
1.43739
1.44957
1.45713
1.45705
1.44928
1.43579
1.41876
1.4001
1.38176
1.36551
1.35217
1.34143
1.332
1.3223
1.31123
1.29879
1.286
1.27439
1.26567
1.26151
1.26285
1.26896
1.2777
1.28701
1.29635
1.30672
1.31968
1.33637
1.35692
1.38025
1.40417
1.42574
1.44211
1.45143
1.45344
1.44947
1.44173
1.43253
1.42366
1.41613
1.41033
1.4062
1.40346
1.40175
1.40076
1.40023
1.39998
1.39989
1.39987
1.39989
1.39992
1.39994
1.39996
1.39998
1.39999
1.4
1.4
1.4
1.4
1.4
1.4
1.4
1.4
1.4
1.40001
1.40001
1.4
1.40001
1.4
1.40001
1.40001
1.4
1.40001
1.4
1.40001
1.4
1.40001
1.4
1.40001
1.4
1.40001
1.40001
1.40001
1.40001
1.40002
1.40002
1.40005
1.40007
1.40011
1.4002
1.4003
1.40043
1.40072
1.40109
1.40174
1.40316
1.40566
1.40998
1.4174
1.42836
1.44124
1.45239
1.45769
1.45476
1.44421
1.42852
1.41013
1.39094
1.37279
1.35732
1.34502
1.3348
1.32441
1.31145
1.29468
1.27475
1.25395
1.23522
1.22161
1.21612
1.2207
1.23419
1.25229
1.2701
1.28514
1.29809
1.31135
1.32727
1.34699
1.3701
1.39471
1.41794
1.43669
1.44863
1.45301
1.45075
1.44395
1.43501
1.42594
1.41799
1.41173
1.40718
1.4041
1.40215
1.401
1.40037
1.40006
1.39993
1.39989
1.3999
1.39992
1.39994
1.39996
1.39998
1.39999
1.4
1.4
1.4
1.4
1.4
1.4
1.4
1.40001
1.4
1.40001
1.4
1.40001
1.40001
1.4
1.40001
1.40001
1.4
1.40001
1.4
1.40001
1.4
1.40001
1.4
1.40001
1.4
1.40001
1.40001
1.40001
1.40001
1.40002
1.40002
1.40004
1.40008
1.4001
1.4002
1.40031
1.40041
1.40073
1.40118
1.40189
1.40353
1.40649
1.41141
1.41971
1.43163
1.44457
1.45433
1.45732
1.45188
1.43896
1.42146
1.40217
1.38288
1.36519
1.35055
1.33905
1.32862
1.31564
1.29664
1.27028
1.2384
1.20543
1.17634
1.1557
1.14812
1.15705
1.18118
1.21354
1.24525
1.27065
1.28932
1.3045
1.32013
1.33886
1.36127
1.38602
1.41038
1.43106
1.44535
1.45197
1.45146
1.44571
1.43717
1.42803
1.41976
1.41308
1.40814
1.40475
1.40257
1.40125
1.40052
1.40014
1.39997
1.39992
1.39991
1.39993
1.39995
1.39996
1.39998
1.39999
1.4
1.4
1.4
1.4
1.4
1.4
1.4
1.4
1.4
1.4
1.40001
1.40001
1.4
1.40001
1.40001
1.40001
1.4
1.40001
1.4
1.40001
1.40001
1.40001
1.4
1.40001
1.4
1.40001
1.40001
1.40001
1.40001
1.40002
1.40002
1.40004
1.40009
1.40009
1.40019
1.40032
1.4004
1.40073
1.40128
1.40205
1.40388
1.40735
1.41288
1.42191
1.43459
1.44736
1.45551
1.4563
1.44875
1.43385
1.41484
1.39499
1.37596
1.35888
1.34493
1.33377
1.32213
1.30456
1.27615
1.23562
1.18704
1.13819
1.09643
1.0674
1.05723
1.07122
1.10836
1.15905
1.2098
1.2506
1.27888
1.2983
1.31464
1.33251
1.35394
1.37836
1.40333
1.4255
1.4418
1.45049
1.45168
1.44704
1.439
1.42989
1.42138
1.41436
1.40907
1.40539
1.40298
1.40152
1.40068
1.40024
1.40003
1.39995
1.39993
1.39994
1.39995
1.39997
1.39998
1.39999
1.4
1.4
1.4
1.4
1.4
1.4
1.4
1.40001
1.4
1.40001
1.40001
1.40001
1.4
1.40001
1.4
1.40001
1.4
1.40001
1.4
1.4
1.40001
1.4
1.4
1.40001
1.40001
1.4
1.40001
1.40001
1.40001
1.40002
1.40002
1.40003
1.40009
1.40009
1.40016
1.40033
1.40039
1.40069
1.40137
1.40222
1.40418
1.40817
1.41433
1.42393
1.43716
1.44964
1.45615
1.45484
1.44558
1.42914
1.40884
1.38863
1.37015
1.35374
1.34013
1.32866
1.3147
1.29047
1.24921
1.19021
1.12136
1.05492
1.00017
0.962855
0.950092
0.969162
1.01981
1.09054
1.16358
1.22391
1.26562
1.29191
1.31032
1.32777
1.3481
1.37184
1.397
1.42023
1.43819
1.44872
1.45151
1.44798
1.4405
1.43151
1.42284
1.41553
1.40995
1.406
1.40339
1.40178
1.40084
1.40034
1.40009
1.39998
1.39995
1.39995
1.39996
1.39997
1.39998
1.39999
1.4
1.4
1.4
1.4
1.4
1.4
1.4
1.4
1.40001
1.4
1.4
1.40001
1.4
1.40001
1.4
1.4
1.40001
1.4
1.40001
1.4
1.40001
1.4
1.40001
1.4
1.40001
1.4
1.40001
1.40001
1.40001
1.40002
1.40003
1.40002
1.40008
1.4001
1.40012
1.40032
1.40039
1.40063
1.40142
1.40242
1.40445
1.40891
1.41574
1.42575
1.43927
1.45146
1.45644
1.45316
1.44255
1.42501
1.40359
1.38308
1.36533
1.34962
1.3359
1.32329
1.30599
1.2735
1.21686
1.13686
1.04674
0.96354
0.897402
0.853149
0.838325
0.861798
0.924378
1.01385
1.10937
1.19119
1.24914
1.28476
1.30672
1.32435
1.34366
1.3665
1.3915
1.41542
1.4347
1.44681
1.45105
1.44857
1.44169
1.43287
1.42411
1.41658
1.41074
1.40657
1.40378
1.40204
1.40101
1.40044
1.40015
1.40002
1.39997
1.39996
1.39997
1.39998
1.39999
1.39999
1.4
1.4
1.4
1.4
1.4
1.4
1.4
1.40001
1.4
1.40001
1.4
1.40001
1.4
1.40001
1.4
1.4
1.40001
1.4
1.4
1.40001
1.4
1.4
1.40001
1.40001
1.40001
1.4
1.40001
1.40001
1.40001
1.40001
1.40003
1.40001
1.40007
1.4001
1.40008
1.40029
1.40041
1.40056
1.40143
1.40263
1.4047
1.4095
1.41703
1.42737
1.44089
1.45286
1.45659
1.45145
1.43971
1.42156
1.39922
1.37828
1.36131
1.34639
1.33209
1.31745
1.29608
1.25481
1.18236
1.08168
0.971993
0.87455
0.799472
0.750328
0.734462
0.761416
0.833027
0.937496
1.05256
1.15491
1.23002
1.27663
1.3035
1.322
1.34045
1.36228
1.38687
1.41118
1.43148
1.4449
1.4504
1.44889
1.44257
1.43397
1.42517
1.41748
1.41144
1.40708
1.40414
1.40228
1.40117
1.40055
1.40022
1.40007
1.4
1.39998
1.39998
1.39998
1.39999
1.4
1.4
1.4
1.4
1.4
1.4
1.4
1.4
1.40001
1.4
1.40001
1.4
1.40001
1.4
1.40001
1.4
1.40001
1.4
1.40001
1.4
1.40001
1.4
1.4
1.40001
1.40001
1.40001
1.4
1.40001
1.40001
1.40001
1.40001
1.40003
1.40001
1.40004
1.4001
1.40006
1.40023
1.40042
1.40051
1.40136
1.40281
1.40495
1.40991
1.41811
1.42881
1.44209
1.4538
1.45674
1.44995
1.43712
1.41881
1.39588
1.37424
1.35783
1.34389
1.32879
1.31125
1.28539
1.23631
1.15039
1.03238
0.906696
0.797915
0.716256
0.664573
0.649162
0.678807
0.756109
0.870601
1.00007
1.11922
1.20999
1.26782
1.30041
1.32042
1.33828
1.35909
1.38312
1.40757
1.42861
1.4431
1.44967
1.449
1.4432
1.43481
1.42602
1.41822
1.41203
1.40752
1.40445
1.4025
1.40132
1.40065
1.40029
1.40011
1.40003
1.4
1.39999
1.39999
1.39999
1.4
1.4
1.4
1.4
1.4
1.4
1.4
1.40001
1.4
1.4
1.40001
1.40001
1.40001
1.40001
1.40001
1.40001
1.4
1.40001
1.40001
1.4
1.4
1.40001
1.4
1.40001
1.4
1.40001
1.40001
1.4
1.40001
1.40001
1.40001
1.40002
1.40001
1.40002
1.40009
1.40005
1.40015
1.40041
1.40049
1.40124
1.40292
1.40522
1.41016
1.41888
1.43005
1.44296
1.4543
1.45693
1.44889
1.43488
1.41663
1.39366
1.37107
1.35466
1.34188
1.32627
1.30526
1.27461
1.21974
1.12514
0.995645
0.85876
0.741474
0.655275
0.603426
0.590135
0.621758
0.701327
0.82054
0.958381
1.08892
1.19172
1.25926
1.29748
1.31935
1.3369
1.3568
1.38021
1.40464
1.42619
1.44149
1.44891
1.44894
1.44359
1.43541
1.42665
1.41878
1.41249
1.40787
1.40472
1.40269
1.40145
1.40074
1.40035
1.40015
1.40006
1.40002
1.4
1.4
1.4
1.4
1.4
1.4
1.4
1.4
1.4
1.4
1.40001
1.4
1.40001
1.40001
1.4
1.40001
1.4
1.40001
1.4
1.40001
1.4
1.4
1.40001
1.4
1.40001
1.4
1.40001
1.4
1.40001
1.40001
1.40001
1.40001
1.40001
1.40001
1.40001
1.40002
1.40001
1.40006
1.40005
1.40007
1.40035
1.4005
1.40112
1.40289
1.40547
1.41031
1.41927
1.43102
1.44366
1.45443
1.45705
1.44845
1.43317
1.41488
1.39248
1.36906
1.35175
1.33995
1.32475
1.30052
1.26474
1.20598
1.10833
0.97479
0.832677
0.71007
0.621119
0.570762
0.560688
0.593521
0.672149
0.791041
0.931367
1.06751
1.17776
1.25227
1.29505
1.31867
1.3361
1.35524
1.37806
1.40239
1.42427
1.44016
1.44821
1.44877
1.44377
1.43577
1.42706
1.41917
1.41282
1.40814
1.40492
1.40284
1.40157
1.40083
1.40041
1.4002
1.40009
1.40004
1.40001
1.40001
1.4
1.40001
1.40001
1.40001
1.4
1.4
1.40001
1.4
1.40001
1.40001
1.4
1.40001
1.4
1.40001
1.40001
1.4
1.4
1.40001
1.4
1.40001
1.40001
1.40001
1.4
1.40001
1.40001
1.4
1.4
1.40001
1.4
1.40001
1.4
1.40001
1.40001
1.40001
1.4
1.40003
1.40004
1.40003
1.40024
1.4005
1.40103
1.40275
1.40562
1.41043
1.41929
1.43155
1.44426
1.45435
1.457
1.44858
1.43232
1.4135
1.39204
1.36843
1.34943
1.3377
1.32402
1.29818
1.2574
1.1954
1.09882
0.968367
0.827683
0.703848
0.613871
0.565281
0.558227
0.591572
0.667117
0.781835
0.919724
1.0563
1.16945
1.24778
1.29349
1.31838
1.33574
1.35428
1.37662
1.40081
1.42289
1.43915
1.44762
1.44853
1.44377
1.43591
1.42726
1.41937
1.41301
1.40831
1.40507
1.40296
1.40167
1.4009
1.40047
1.40024
1.40012
1.40006
1.40003
1.40001
1.40001
1.40001
1.40001
1.40001
1.40001
1.40001
1.40001
1.40001
1.40001
1.40001
1.4
1.40001
1.4
1.40001
1.4
1.40001
1.4
1.40001
1.40001
1.4
1.40001
1.40001
1.4
1.40001
1.4
1.4
1.40001
1.4
1.4
1.40001
1.4
1.4
1.4
1.4
1.4
1.39999
1.40001
1.4
1.40013
1.40045
1.40099
1.40253
1.40558
1.41051
1.41906
1.43155
1.44467
1.45431
1.45677
1.44903
1.43251
1.41277
1.39194
1.3691
1.34839
1.33516
1.32324
1.29859
1.25475
1.18946
1.09493
0.971528
0.837726
0.717458
0.628988
0.581996
0.576691
0.6098
0.681539
0.790141
0.922245
1.05513
1.16713
1.24615
1.293
1.31846
1.3357
1.35384
1.37583
1.39991
1.42207
1.43851
1.44718
1.44824
1.4436
1.43583
1.42724
1.4194
1.41306
1.40838
1.40514
1.40304
1.40174
1.40096
1.40052
1.40027
1.40014
1.40007
1.40004
1.40002
1.40001
1.40001
1.40001
1.40001
1.40001
1.40001
1.40001
1.40001
1.4
1.40001
1.40001
1.4
1.40001
1.40001
1.4
1.4
1.40001
1.4
1.40001
1.4
1.40001
1.4
1.40001
1.40001
1.4
1.40001
1.4
1.40001
1.4
1.40001
1.4
1.4
1.4
1.39999
1.39999
1.39997
1.39997
1.39998
1.40005
1.40034
1.40094
1.40232
1.40533
1.41044
1.41871
1.43102
1.44469
1.45442
1.45656
1.44949
1.43364
1.41314
1.39213
1.37049
1.34911
1.33328
1.32172
1.30051
1.2579
1.19109
1.09789
0.981361
0.856622
0.744157
0.661119
0.616903
0.612263
0.644129
0.711723
0.813311
0.937418
1.0634
1.1708
1.24756
1.29369
1.31893
1.33596
1.35386
1.37569
1.3997
1.42184
1.43826
1.4469
1.44793
1.44328
1.43554
1.42701
1.41924
1.41298
1.40835
1.40516
1.40308
1.40178
1.40101
1.40056
1.40031
1.40017
1.40009
1.40005
1.40003
1.40002
1.40002
1.40001
1.40001
1.40001
1.40001
1.40001
1.40001
1.40001
1.40001
1.40001
1.40001
1.4
1.40001
1.4
1.4
1.40001
1.4
1.40001
1.4
1.40001
1.4
1.40001
1.40001
1.4
1.40001
1.4
1.40001
1.4
1.4
1.4
1.4
1.4
1.39998
1.39998
1.39996
1.39993
1.39994
1.4
1.4002
1.40084
1.40215
1.40494
1.41013
1.41825
1.43013
1.44413
1.45455
1.45669
1.44993
1.43521
1.41487
1.39311
1.37205
1.35125
1.33336
1.32013
1.30206
1.26506
1.2018
1.11155
1.00077
0.884902
0.782998
0.709213
0.669597
0.665098
0.69458
0.757143
0.850387
0.964214
1.08038
1.18014
1.25205
1.29567
1.31987
1.33655
1.35437
1.37621
1.4002
1.42222
1.43843
1.4468
1.4476
1.44282
1.43505
1.42657
1.41891
1.41276
1.40823
1.40511
1.40307
1.4018
1.40104
1.40059
1.40033
1.40019
1.40011
1.40006
1.40004
1.40002
1.40002
1.40001
1.40001
1.40001
1.40001
1.40001
1.40001
1.4
1.40001
1.4
1.40001
1.40001
1.40001
1.4
1.4
1.40001
1.4
1.40001
1.4
1.40001
1.40001
1.4
1.40001
1.4
1.40001
1.4
1.40001
1.4
1.4
1.4
1.4
1.4
1.39998
1.39996
1.39995
1.3999
1.39989
1.39995
1.40009
1.40067
1.40197
1.40452
1.40954
1.41759
1.42904
1.44299
1.45437
1.45724
1.45065
1.43682
1.41757
1.39554
1.37401
1.35384
1.33563
1.32038
1.30319
1.27282
1.21862
1.13674
1.03418
0.928641
0.839569
0.776441
0.741004
0.735441
0.761347
0.817699
0.900839
1.00175
1.1051
1.19445
1.25928
1.29892
1.32137
1.33758
1.35547
1.37748
1.40146
1.42324
1.439
1.44686
1.44724
1.4422
1.43435
1.42594
1.41841
1.41241
1.40801
1.40499
1.40302
1.40179
1.40105
1.40061
1.40035
1.40021
1.40012
1.40007
1.40004
1.40003
1.40002
1.40001
1.40001
1.40001
1.40001
1.40001
1.40001
1.40001
1.40001
1.40001
1.40001
1.4
1.40001
1.4
1.40001
1.40001
1.4
1.40001
1.4
1.4
1.40001
1.4
1.40001
1.4
1.4
1.40001
1.4
1.4
1.4
1.4
1.39999
1.39999
1.39998
1.39995
1.39993
1.39989
1.39984
1.39989
1.40001
1.40048
1.40172
1.40411
1.40876
1.41663
1.42778
1.44146
1.45364
1.45793
1.45198
1.43857
1.42056
1.39941
1.37727
1.35665
1.33895
1.32334
1.30602
1.28013
1.23646
1.16821
1.07992
0.990093
0.916414
0.862428
0.828483
0.82024
0.84165
0.890852
0.962499
1.04835
1.13628
1.21282
1.26873
1.30325
1.32348
1.33918
1.3573
1.37958
1.40353
1.42489
1.43996
1.44706
1.44682
1.44142
1.43345
1.42511
1.41775
1.41194
1.40771
1.40482
1.40294
1.40176
1.40105
1.40062
1.40037
1.40022
1.40013
1.40008
1.40005
1.40003
1.40002
1.40001
1.40001
1.40001
1.40001
1.40001
1.40001
1.40001
1.4
1.40001
1.4
1.4
1.40001
1.40001
1.4
1.40001
1.4
1.4
1.40001
1.40001
1.4
1.40001
1.4
1.40001
1.4
1.40001
1.4
1.4
1.4
1.4
1.39999
1.39999
1.39998
1.39995
1.39991
1.39987
1.39981
1.39982
1.39993
1.40031
1.40142
1.40365
1.40791
1.41537
1.42624
1.43964
1.45235
1.45835
1.45385
1.4409
1.42362
1.40392
1.38225
1.3607
1.34263
1.32777
1.31153
1.28868
1.25355
1.20011
1.13111
1.06232
1.00463
0.957295
0.923653
0.913045
0.930042
0.97149
1.03079
1.1005
1.17162
1.23392
1.27977
1.30849
1.32625
1.34152
1.36001
1.38262
1.40646
1.42717
1.44126
1.44735
1.44631
1.44044
1.43234
1.4241
1.41694
1.41136
1.40734
1.4046
1.40283
1.40171
1.40103
1.40062
1.40038
1.40023
1.40014
1.40009
1.40005
1.40003
1.40002
1.40002
1.40001
1.40001
1.40001
1.40001
1.40001
1.40001
1.4
1.40001
1.40001
1.4
1.40001
1.4
1.4
1.40001
1.4
1.40001
1.40001
1.4
1.40001
1.4
1.40001
1.40001
1.4
1.4
1.40001
1.4
1.4
1.4
1.4
1.39999
1.39997
1.39994
1.3999
1.39985
1.39979
1.39976
1.39985
1.40016
1.40111
1.40314
1.40701
1.41391
1.42435
1.43751
1.45062
1.45826
1.45583
1.44399
1.42714
1.4085
1.38817
1.36672
1.34766
1.33267
1.31802
1.29871
1.27123
1.23169
1.18256
1.13387
1.08916
1.04789
1.01696
1.00636
1.01965
1.05289
1.09937
1.15297
1.20751
1.25565
1.29143
1.31435
1.32977
1.34479
1.36378
1.38672
1.41025
1.43003
1.44283
1.44765
1.44566
1.43926
1.43102
1.4229
1.416
1.41069
1.4069
1.40434
1.40268
1.40164
1.401
1.40061
1.40038
1.40023
1.40014
1.40009
1.40006
1.40004
1.40002
1.40002
1.40001
1.40001
1.40001
1.40001
1.40001
1.40001
1.40001
1.4
1.40001
1.4
1.40001
1.40001
1.4
1.40001
1.4
1.40001
1.4
1.40001
1.4
1.4
1.40001
1.4
1.40001
1.4
1.40001
1.4
1.4
1.4
1.39999
1.39999
1.39997
1.39994
1.3999
1.39984
1.39977
1.39973
1.39976
1.40001
1.40081
1.4026
1.40605
1.41235
1.42218
1.43499
1.44844
1.45762
1.45753
1.44754
1.43151
1.41339
1.39421
1.37399
1.35479
1.33883
1.32446
1.30872
1.28949
1.26306
1.23008
1.19554
1.16089
1.1276
1.10251
1.09363
1.1035
1.12829
1.16216
1.20078
1.2404
1.2759
1.30267
1.32053
1.3341
1.34917
1.36877
1.39191
1.41487
1.43337
1.44455
1.44786
1.44478
1.43783
1.42949
1.42154
1.41494
1.40994
1.40641
1.40404
1.40251
1.40155
1.40096
1.4006
1.40037
1.40023
1.40015
1.40009
1.40006
1.40004
1.40002
1.40002
1.40001
1.40001
1.40001
1.40001
1.40001
1.40001
1.40001
1.40001
1.4
1.40001
1.40001
1.4
1.40001
1.4
1.4
1.40001
1.4
1.40001
1.40001
1.4
1.40001
1.40001
1.4
1.4
1.4
1.4
1.4
1.4
1.39999
1.39999
1.39997
1.39994
1.3999
1.39984
1.39975
1.3997
1.3997
1.39987
1.40053
1.40207
1.40507
1.41069
1.41981
1.4321
1.44573
1.45638
1.45873
1.45113
1.43661
1.41903
1.40045
1.38148
1.36316
1.34689
1.33226
1.3193
1.30686
1.2899
1.26741
1.24321
1.21889
1.19502
1.17625
1.16914
1.17578
1.19265
1.21517
1.24103
1.26838
1.29357
1.31303
1.32693
1.33936
1.35483
1.37507
1.39821
1.42022
1.43704
1.44627
1.44787
1.44363
1.43613
1.42774
1.42003
1.41378
1.40913
1.40588
1.40372
1.40233
1.40145
1.40091
1.40057
1.40036
1.40023
1.40015
1.40009
1.40006
1.40004
1.40002
1.40002
1.40001
1.40001
1.40001
1.40001
1.40001
1.40001
1.40001
1.40001
1.40001
1.4
1.40001
1.40001
1.4
1.40001
1.4
1.40001
1.4
1.40001
1.40001
1.4
1.40001
1.4
1.40001
1.4
1.4
1.4
1.4
1.4
1.39999
1.39999
1.39997
1.39994
1.3999
1.39983
1.39974
1.39967
1.39966
1.39976
1.40027
1.40158
1.40413
1.40899
1.41728
1.4289
1.44248
1.45438
1.45921
1.45444
1.44203
1.42544
1.40737
1.38903
1.3717
1.35625
1.34249
1.33157
1.32184
1.30882
1.29341
1.27908
1.26457
1.24831
1.23461
1.22934
1.23348
1.24362
1.25686
1.27287
1.29104
1.30852
1.32256
1.33378
1.34578
1.36194
1.38273
1.40552
1.42613
1.44082
1.44779
1.44753
1.44212
1.43415
1.42579
1.4184
1.41255
1.40827
1.40532
1.40338
1.40213
1.40134
1.40085
1.40054
1.40035
1.40022
1.40014
1.40009
1.40006
1.40004
1.40002
1.40002
1.40001
1.40001
1.40001
1.40001
1.40001
1.40001
1.40001
1.4
1.40001
1.4
1.40001
1.4
1.40001
1.4
1.40001
1.40001
1.4
1.4
1.40001
1.40001
1.4
1.40001
1.40001
1.4
1.4
1.4
1.4
1.4
1.39999
1.39999
1.39997
1.39994
1.3999
1.39984
1.39975
1.39966
1.39962
1.39968
1.40005
1.4011
1.40325
1.40737
1.41466
1.42541
1.43875
1.45158
1.45875
1.45715
1.44736
1.43238
1.41505
1.39707
1.38057
1.36625
1.35375
1.34348
1.33375
1.32334
1.31462
1.30764
1.29855
1.28705
1.2779
1.27469
1.27668
1.28128
1.28769
1.29696
1.30895
1.32115
1.33158
1.34134
1.35359
1.37058
1.39168
1.41365
1.43232
1.44444
1.44891
1.44672
1.44021
1.43187
1.42366
1.41666
1.41126
1.40739
1.40475
1.40303
1.40192
1.40123
1.40079
1.40051
1.40033
1.40021
1.40014
1.40009
1.40006
1.40004
1.40002
1.40001
1.40001
1.40001
1.40001
1.40001
1.40001
1.40001
1.40001
1.40001
1.40001
1.40001
1.40001
1.4
1.40001
1.40001
1.4
1.40001
1.4
1.4
1.40001
1.4
1.40001
1.40001
1.4
1.40001
1.4
1.4
1.4
1.4
1.4
1.39999
1.39997
1.39994
1.3999
1.39984
1.39975
1.39966
1.3996
1.39961
1.39988
1.40069
1.40243
1.40587
1.41209
1.42171
1.43455
1.44798
1.45726
1.45884
1.45217
1.43949
1.42329
1.40599
1.39024
1.37639
1.36402
1.3535
1.34479
1.33828
1.33393
1.32915
1.32214
1.31476
1.30963
1.30736
1.30694
1.30743
1.30965
1.31511
1.32342
1.33232
1.34065
1.34997
1.36295
1.38074
1.40173
1.42228
1.43843
1.4476
1.44939
1.44533
1.43785
1.42932
1.42138
1.41486
1.40996
1.40651
1.40419
1.40268
1.40172
1.40111
1.40072
1.40047
1.40031
1.4002
1.40013
1.40008
1.40005
1.40003
1.40002
1.40001
1.40001
1.40001
1.40001
1.40001
1.40001
1.40001
1.40001
1.40001
1.4
1.40001
1.40001
1.4
1.40001
1.4
1.40001
1.40001
1.4
1.40001
1.4
1.40001
1.4
1.40001
1.40001
1.4
1.4
1.4
1.4
1.4
1.4
1.39999
1.39997
1.39995
1.39991
1.39985
1.39976
1.39968
1.39959
1.39955
1.39975
1.40035
1.40169
1.40452
1.40968
1.418
1.42993
1.44356
1.45466
1.45924
1.456
1.4462
1.4318
1.41577
1.40056
1.38641
1.37366
1.36369
1.35691
1.35225
1.34795
1.34326
1.33887
1.33516
1.33182
1.32899
1.32669
1.32514
1.32568
1.32955
1.33592
1.34294
1.35034
1.35999
1.37393
1.39225
1.41254
1.43097
1.44404
1.44994
1.44904
1.44325
1.43504
1.42652
1.419
1.41304
1.40867
1.40565
1.40364
1.40235
1.40152
1.40099
1.40065
1.40043
1.40028
1.40019
1.40012
1.40008
1.40005
1.40003
1.40002
1.40001
1.40001
1.40001
1.40001
1.40001
1.40001
1.40001
1.40001
1.4
1.40001
1.4
1.40001
1.4
1.4
1.40001
1.4
1.40001
1.40001
1.4
1.40001
1.4
1.40001
1.4
1.4
1.40001
1.4
1.4
1.4
1.4
1.4
1.39999
1.39998
1.39995
1.39992
1.39986
1.39978
1.39969
1.3996
1.39953
1.39965
1.40008
1.40109
1.40334
1.40748
1.41446
1.42509
1.43839
1.45083
1.45821
1.4585
1.45192
1.4401
1.42587
1.41126
1.39699
1.38448
1.37519
1.36843
1.36256
1.35747
1.35422
1.35216
1.34943
1.34588
1.34265
1.34002
1.33829
1.33881
1.3423
1.3477
1.35379
1.36112
1.37159
1.38644
1.40478
1.4236
1.43918
1.44867
1.45115
1.44769
1.44046
1.43182
1.42354
1.41658
1.41124
1.40743
1.40483
1.40312
1.40203
1.40132
1.40087
1.40058
1.40039
1.40026
1.40017
1.40011
1.40007
1.40005
1.40003
1.40002
1.40001
1.40001
1.40001
1.40001
1.40001
1.40001
1.40001
1.40001
1.4
1.40001
1.4
1.40001
1.40001
1.4
1.40001
1.4
1.40001
1.40001
1.40001
1.40001
1.4
1.40001
1.40001
1.4
1.40001
1.4
1.4
1.4
1.4
1.4
1.39999
1.39998
1.39996
1.39993
1.39988
1.3998
1.39971
1.39961
1.39953
1.39959
1.39986
1.40062
1.40236
1.40557
1.41121
1.42032
1.43266
1.44573
1.45561
1.45938
1.45624
1.44749
1.43558
1.42217
1.40856
1.39656
1.38694
1.3788
1.37192
1.36746
1.36518
1.36276
1.35917
1.35572
1.35321
1.3512
1.35009
1.3512
1.35474
1.35966
1.36548
1.37331
1.38476
1.40017
1.41776
1.43424
1.44625
1.45183
1.45096
1.44526
1.437
1.42828
1.42046
1.41418
1.40951
1.40625
1.40407
1.40264
1.40173
1.40114
1.40076
1.40051
1.40034
1.40023
1.40015
1.4001
1.40006
1.40004
1.40003
1.40002
1.40001
1.40001
1.40001
1.40001
1.40001
1.40001
1.40001
1.40001
1.4
1.40001
1.4
1.40001
1.4
1.40001
1.40001
1.40001
1.4
1.40001
1.40001
1.4
1.40001
1.40001
1.4
1.4
1.40001
1.40001
1.4
1.4
1.4
1.4
1.39999
1.39998
1.39996
1.39994
1.39989
1.39982
1.39974
1.39963
1.39955
1.39956
1.39971
1.40026
1.40158
1.40401
1.40841
1.41584
1.42668
1.43958
1.45132
1.45832
1.45876
1.45346
1.44429
1.43274
1.42044
1.40906
1.39899
1.39012
1.38328
1.37893
1.37558
1.37174
1.36808
1.36564
1.36395
1.36246
1.36207
1.36386
1.36754
1.3723
1.37834
1.38699
1.39926
1.41455
1.43043
1.44364
1.45154
1.45312
1.44922
1.44177
1.43298
1.42453
1.41738
1.41187
1.40789
1.40517
1.40337
1.4022
1.40146
1.40098
1.40066
1.40045
1.4003
1.4002
1.40013
1.40009
1.40006
1.40004
1.40002
1.40001
1.40001
1.40001
1.40001
1.40001
1.40001
1.40001
1.40001
1.40001
1.4
1.40001
1.40001
1.4
1.40001
1.40001
1.4
1.40001
1.4
1.40001
1.4
1.40001
1.4
1.40001
1.4
1.40001
1.40001
1.4
1.4
1.4
1.4
1.4
1.4
1.39999
1.39997
1.39995
1.3999
1.39984
1.39977
1.39967
1.39958
1.39955
1.39962
1.39999
1.40095
1.40276
1.40612
1.41191
1.42086
1.43275
1.44537
1.45502
1.45912
1.45756
1.45148
1.44233
1.43191
1.42151
1.41156
1.40272
1.39589
1.39076
1.3861
1.38187
1.37893
1.37715
1.37562
1.37449
1.37488
1.37727
1.38107
1.38591
1.39249
1.40195
1.41449
1.42869
1.44178
1.45094
1.45444
1.45229
1.44592
1.43739
1.42857
1.42072
1.41441
1.40972
1.40642
1.4042
1.40275
1.40181
1.40121
1.40082
1.40056
1.40038
1.40026
1.40018
1.40012
1.40008
1.40005
1.40003
1.40002
1.40001
1.40001
1.40001
1.40001
1.40001
1.40001
1.40001
1.40001
1.40001
1.4
1.40001
1.40001
1.4
1.40001
1.4
1.4
1.4
1.40001
1.4
1.4
1.40001
1.4
1.40001
1.4
1.40001
1.40001
1.4
1.40001
1.4
1.4
1.4
1.4
1.39999
1.39998
1.39996
1.39992
1.39987
1.3998
1.39971
1.39962
1.39957
1.39958
1.39982
1.40047
1.4018
1.40432
1.40869
1.41566
1.42582
1.43811
1.44946
1.4569
1.45919
1.45663
1.45049
1.44231
1.43317
1.42395
1.41575
1.40906
1.4033
1.39815
1.3942
1.39167
1.38982
1.38824
1.38763
1.38878
1.39157
1.39547
1.40058
1.40776
1.4176
1.42948
1.44138
1.45068
1.4553
1.45457
1.44931
1.44128
1.43236
1.42401
1.41703
1.41165
1.40778
1.40511
1.40335
1.40221
1.40148
1.401
1.40069
1.40047
1.40033
1.40022
1.40015
1.4001
1.40007
1.40004
1.40003
1.40002
1.40001
1.40001
1.40001
1.40001
1.40001
1.40001
1.40001
1.4
1.40001
1.40001
1.40001
1.4
1.40001
1.4
1.40001
1.40001
1.4
1.40001
1.4
1.40001
1.4
1.4
1.40001
1.4
1.40001
1.40001
1.4
1.40001
1.4
1.4
1.4
1.4
1.39999
1.39998
1.39997
1.39993
1.39989
1.39983
1.39974
1.39967
1.39959
1.39957
1.39972
1.40014
1.40108
1.40294
1.40615
1.41138
1.41947
1.4303
1.44202
1.45187
1.45776
1.45905
1.45635
1.45078
1.44354
1.43592
1.42883
1.42238
1.41642
1.41141
1.40782
1.40529
1.40325
1.40189
1.40194
1.40365
1.40662
1.4106
1.416
1.42343
1.43279
1.44279
1.45125
1.45609
1.4562
1.45188
1.44445
1.43567
1.42705
1.41955
1.41359
1.40918
1.40608
1.40399
1.40263
1.40175
1.40118
1.40081
1.40057
1.40039
1.40027
1.40019
1.40013
1.40009
1.40006
1.40004
1.40002
1.40002
1.40001
1.40001
1.40001
1.40001
1.40001
1.40001
1.40001
1.40001
1.4
1.40001
1.4
1.40001
1.4
1.40001
1.4
1.40001
1.40001
1.4
1.40001
1.4
1.40001
1.4
1.40001
1.40001
1.40001
1.4
1.4
1.4
1.4
1.40001
1.4
1.4
1.39999
1.39999
1.39997
1.39994
1.39991
1.39986
1.39978
1.39972
1.39963
1.39959
1.39967
1.39993
1.40057
1.40189
1.4042
1.40805
1.41415
1.42291
1.43362
1.44442
1.45302
1.45794
1.45891
1.45659
1.45213
1.44664
1.44079
1.43488
1.42945
1.4251
1.42185
1.41928
1.41731
1.41644
1.41705
1.419
1.42192
1.42587
1.43124
1.43815
1.44586
1.45276
1.45699
1.45732
1.4536
1.44676
1.43827
1.4296
1.4218
1.41541
1.41054
1.40704
1.40464
1.40305
1.40203
1.40137
1.40094
1.40066
1.40046
1.40033
1.40023
1.40016
1.40011
1.40007
1.40005
1.40003
1.40002
1.40001
1.40001
1.40001
1.40001
1.40001
1.40001
1.40001
1.40001
1.4
1.40001
1.4
1.40001
1.4
1.40001
1.40001
1.40001
1.40001
1.4
1.40001
1.4
1.40001
1.40001
1.4
1.40001
1.4
1.40001
1.4
1.40001
1.40001
1.4
1.40001
1.4
1.4
1.4
1.39999
1.39998
1.39996
1.39993
1.39988
1.39983
1.39976
1.39968
1.39964
1.39966
1.39981
1.40024
1.40115
1.40277
1.40554
1.40999
1.41661
1.42547
1.43567
1.44546
1.45306
1.45748
1.45873
1.45748
1.45448
1.45041
1.44593
1.44177
1.43829
1.4354
1.43301
1.43143
1.43106
1.43195
1.4338
1.43644
1.44001
1.44466
1.44999
1.45491
1.45795
1.45791
1.45443
1.44806
1.43997
1.43147
1.42358
1.41694
1.41175
1.40793
1.40526
1.40346
1.40229
1.40154
1.40105
1.40073
1.40052
1.40037
1.40026
1.40019
1.40013
1.40009
1.40006
1.40004
1.40003
1.40002
1.40001
1.40001
1.40001
1.40001
1.40001
1.40001
1.40001
1.40001
1.4
1.40001
1.4
1.40001
1.4
1.4
1.40001
1.4
1.40001
1.40001
1.4
1.40001
1.4
1.40001
1.4
1.4
1.40001
1.4
1.40001
1.40001
1.4
1.40001
1.4
1.4
1.4
1.4
1.39999
1.39998
1.39996
1.39995
1.39991
1.39986
1.3998
1.39973
1.39968
1.39967
1.39975
1.40003
1.40063
1.40176
1.4037
1.40686
1.41166
1.41845
1.42704
1.43643
1.44516
1.452
1.45638
1.45834
1.45823
1.45664
1.45426
1.4517
1.44924
1.44698
1.44517
1.44418
1.44417
1.44499
1.44642
1.44844
1.4511
1.4542
1.45704
1.45856
1.45777
1.45423
1.44822
1.4406
1.43245
1.42473
1.41805
1.4127
1.40867
1.40579
1.40382
1.40252
1.40168
1.40115
1.4008
1.40057
1.40041
1.4003
1.40021
1.40015
1.4001
1.40007
1.40005
1.40003
1.40002
1.40002
1.40001
1.40001
1.40001
1.40001
1.40001
1.40001
1.40001
1.40001
1.40001
1.4
1.40001
1.4
1.4
1.40001
1.4
1.40001
1.4
1.40001
1.4
1.4
1.40001
1.4
1.4
1.40001
1.4
1.4
1.40001
1.4
1.40001
1.4
1.4
1.4
1.4
1.4
1.4
1.39999
1.39998
1.39995
1.39993
1.39989
1.39984
1.39978
1.39973
1.39971
1.39975
1.39991
1.4003
1.40106
1.40241
1.40459
1.40797
1.41292
1.41955
1.42747
1.43583
1.44362
1.45
1.4545
1.45708
1.45807
1.45798
1.45724
1.45612
1.45492
1.45398
1.45356
1.45366
1.45415
1.45492
1.45598
1.45719
1.45817
1.4582
1.45655
1.45282
1.44712
1.44004
1.43243
1.42509
1.4186
1.41328
1.40918
1.40619
1.4041
1.40271
1.4018
1.40121
1.40084
1.4006
1.40043
1.40032
1.40023
1.40017
1.40012
1.40008
1.40006
1.40004
1.40003
1.40002
1.40001
1.40001
1.40001
1.40001
1.40001
1.40001
1.40001
1.40001
1.4
1.40001
1.4
1.40001
1.4
1.4
1.40001
1.4
1.40001
1.4
1.40001
1.4
1.40001
1.4
1.4
1.40001
1.4
1.40001
1.40001
1.4
1.40001
1.4
1.4
1.40001
1.4
1.4
1.4
1.4
1.39999
1.39998
1.39997
1.39994
1.39992
1.39987
1.39982
1.39978
1.39975
1.39976
1.39986
1.40011
1.40061
1.40151
1.403
1.40534
1.4088
1.41361
1.41974
1.4268
1.43415
1.44104
1.44685
1.45129
1.4544
1.45637
1.45741
1.45777
1.45777
1.45771
1.45771
1.45777
1.45781
1.45781
1.45772
1.45732
1.45619
1.45386
1.45001
1.44468
1.43824
1.43133
1.42458
1.41851
1.41342
1.4094
1.4064
1.40427
1.40281
1.40186
1.40125
1.40086
1.40061
1.40044
1.40033
1.40024
1.40018
1.40013
1.40009
1.40007
1.40005
1.40003
1.40002
1.40002
1.40001
1.40001
1.40001
1.40001
1.40001
1.40001
1.40001
1.40001
1.40001
1.4
1.40001
1.4
1.40001
1.40001
1.4
1.40001
1.4
1.40001
1.4
1.40001
1.4
1.40001
1.4
1.4
1.40001
1.4
1.40001
1.40001
1.4
1.40001
1.40001
1.4
1.40001
1.4
1.4
1.4
1.4
1.39999
1.39998
1.39996
1.39993
1.3999
1.39987
1.39983
1.3998
1.39979
1.39985
1.4
1.40033
1.40092
1.40192
1.4035
1.40587
1.40922
1.41367
1.41911
1.4252
1.43145
1.43736
1.44257
1.44684
1.45012
1.45247
1.45404
1.45507
1.4557
1.45599
1.45597
1.45562
1.45493
1.45382
1.45208
1.44945
1.44572
1.4409
1.43525
1.42919
1.42321
1.41774
1.41306
1.40927
1.40639
1.40429
1.40283
1.40186
1.40124
1.40084
1.40059
1.40043
1.40032
1.40024
1.40018
1.40014
1.4001
1.40007
1.40005
1.40004
1.40002
1.40002
1.40001
1.40001
1.40001
1.40001
1.40001
1.40001
1.40001
1.40001
1.40001
1.40001
1.40001
1.40001
1.4
1.40001
1.4
1.40001
1.4
1.40001
1.4
1.40001
1.4
1.40001
1.4
1.4
1.40001
1.4
1.40001
1.4
1.40001
1.40001
1.4
1.40001
1.40001
1.4
1.4
1.4
1.4
1.4
1.4
1.39998
1.39997
1.39995
1.39993
1.3999
1.39987
1.39984
1.39983
1.39986
1.39996
1.40016
1.40056
1.40121
1.40226
1.40385
1.40613
1.40921
1.41312
1.41775
1.42282
1.42798
1.4329
1.43732
1.44104
1.44403
1.4463
1.44793
1.44896
1.44943
1.44935
1.44875
1.44761
1.44586
1.44338
1.44008
1.43598
1.43124
1.42615
1.42108
1.41635
1.41222
1.40881
1.40614
1.40416
1.40275
1.4018
1.40119
1.4008
1.40055
1.4004
1.4003
1.40023
1.40018
1.40014
1.4001
1.40008
1.40005
1.40004
1.40003
1.40002
1.40001
1.40001
1.40001
1.40001
1.40001
1.40001
1.40001
1.40001
1.40001
1.40001
1.40001
1.4
1.40001
1.4
1.40001
1.4
1.40001
1.40001
1.4
1.40001
1.4
1.40001
1.4
1.40001
1.4
1.4
1.40001
1.4
1.40001
1.4
1.4
1.40001
1.4
1.40001
1.4
1.4
1.4
1.4
1.4
1.4
1.39999
1.39998
1.39997
1.39995
1.39992
1.3999
1.39988
1.39987
1.39988
1.39994
1.40008
1.40033
1.40077
1.40146
1.4025
1.40401
1.40608
1.40878
1.41208
1.41584
1.41988
1.42396
1.42784
1.43134
1.43431
1.43671
1.43848
1.43963
1.44015
1.44005
1.43935
1.43804
1.4361
1.43349
1.43026
1.42651
1.42246
1.41835
1.41446
1.41097
1.40802
1.40566
1.40387
1.40257
1.40168
1.40109
1.40072
1.40049
1.40035
1.40026
1.4002
1.40016
1.40013
1.4001
1.40008
1.40006
1.40004
1.40003
1.40002
1.40002
1.40001
1.40001
1.40001
1.40001
1.40001
1.40001
1.40001
1.40001
1.40001
1.4
1.40001
1.40001
1.4
1.40001
1.4
1.40001
1.40001
1.4
1.40001
1.40001
1.4
1.40001
1.40001
1.4
1.4
1.40001
1.4
1.40001
1.40001
1.4
1.40001
1.4
1.40001
1.40001
1.4
1.4
1.40001
1.4
1.4
1.4
1.39999
1.39999
1.39997
1.39996
1.39995
1.39992
1.39991
1.3999
1.39991
1.39995
1.40004
1.4002
1.40049
1.40094
1.40162
1.40261
1.40398
1.40577
1.40801
1.41065
1.41358
1.41667
1.41973
1.42259
1.42512
1.42723
1.42884
1.42989
1.43036
1.43026
1.42959
1.42835
1.42654
1.42422
1.42146
1.41843
1.41528
1.41223
1.40943
1.407
1.405
1.40344
1.40229
1.40149
1.40095
1.40061
1.4004
1.40028
1.40021
1.40017
1.40014
1.40011
1.40009
1.40007
1.40006
1.40004
1.40003
1.40002
1.40002
1.40001
1.40001
1.40001
1.40001
1.40001
1.40001
1.40001
1.40001
1.40001
1.40001
1.4
1.40001
1.4
1.40001
1.4
1.40001
1.4
1.40001
1.4
1.40001
1.40001
1.4
1.40001
1.4
1.40001
1.4
1.40001
1.40001
1.4
1.4
1.40001
1.4
1.4
1.40001
1.4
1.40001
1.40001
1.4
1.40001
1.4
1.4
1.4
1.39999
1.39999
1.39997
1.39996
1.39995
1.39994
1.39993
1.39994
1.39996
1.40002
1.40014
1.40032
1.40062
1.40107
1.40171
1.40259
1.40376
1.40524
1.40701
1.40902
1.41119
1.4134
1.41554
1.41748
1.41913
1.42041
1.42125
1.42162
1.42152
1.42093
1.41988
1.41839
1.41653
1.41441
1.41214
1.40987
1.40773
1.40582
1.40421
1.40292
1.40195
1.40125
1.40078
1.40048
1.4003
1.4002
1.40015
1.40012
1.4001
1.40009
1.40008
1.40006
1.40005
1.40004
1.40003
1.40002
1.40002
1.40001
1.40001
1.40001
1.40001
1.40001
1.40001
1.40001
1.40001
1.40001
1.40001
1.4
1.40001
1.4
1.40001
1.40001
1.4
1.40001
1.4
1.40001
1.40001
1.4
1.40001
1.40001
1.4
1.40001
1.4
1.4
1.40001
1.4
1.40001
1.4
1.4
1.40001
1.4
1.4
1.40001
1.4
1.4
1.40001
1.4
1.4
1.4
1.4
1.39999
1.39999
1.39999
1.39997
1.39996
1.39996
1.39995
1.39996
1.39998
1.40002
1.40009
1.40023
1.40043
1.40071
1.40113
1.4017
1.40245
1.4034
1.40455
1.40587
1.40733
1.40883
1.41032
1.41169
1.41287
1.41379
1.41439
1.41464
1.41453
1.41405
1.41322
1.41209
1.41071
1.40918
1.40758
1.40603
1.40461
1.40337
1.40235
1.40156
1.40099
1.40059
1.40034
1.40019
1.40012
1.40008
1.40006
1.40006
1.40006
1.40005
1.40005
1.40004
1.40004
1.40003
1.40002
1.40002
1.40001
1.40001
1.40001
1.40001
1.40001
1.40001
1.40001
1.40001
1.40001
1.40001
1.40001
1.40001
1.4
1.40001
1.4
1.40001
1.40001
1.4
1.40001
1.4
1.4
1.40001
1.4
1.40001
1.40001
1.4
1.40001
1.4
1.4
1.40001
1.4
1.40001
1.4
1.4
1.40001
1.4
1.4
1.40001
1.4
1.40001
1.4
1.4
1.4
1.4
1.4
1.39999
1.39999
1.39999
1.39998
1.39997
1.39997
1.39997
1.39998
1.40002
1.40008
1.40016
1.4003
1.4005
1.40077
1.40114
1.40162
1.40222
1.40295
1.40379
1.40473
1.4057
1.40667
1.40758
1.40836
1.40896
1.40935
1.40949
1.40937
1.409
1.40838
1.40756
1.40659
1.40554
1.40447
1.40346
1.40255
1.40179
1.40118
1.40072
1.4004
1.4002
1.40009
1.40003
1.40001
1.40001
1.40002
1.40003
1.40003
1.40003
1.40003
1.40003
1.40002
1.40002
1.40002
1.40001
1.40001
1.40001
1.40001
1.40001
1.40001
1.40001
1.40001
1.40001
1.40001
1.40001
1.40001
1.4
1.40001
1.4
1.40001
1.4
1.40001
1.40001
1.4
1.40001
1.40001
1.4
1.40001
1.40001
1.4
1.40001
1.4
1.4
1.40001
1.4
1.40001
1.4
1.40001
1.40001
1.40001
1.40001
1.40001
1.40001
1.4
1.40001
1.40001
1.4
1.4
1.4
1.4
1.4
1.39999
1.39999
1.39999
1.39998
1.39998
1.39999
1.4
1.40002
1.40006
1.40013
1.40022
1.40036
1.40054
1.40078
1.40109
1.40147
1.40192
1.40245
1.40303
1.40364
1.40424
1.4048
1.40528
1.40565
1.40587
1.40592
1.4058
1.40551
1.40506
1.40449
1.40383
1.40314
1.40245
1.40182
1.40127
1.40082
1.40047
1.40023
1.40008
1.39999
1.39995
1.39994
1.39995
1.39997
1.39999
1.4
1.40001
1.40002
1.40002
1.40002
1.40002
1.40001
1.40001
1.40001
1.40001
1.40001
1.40001
1.40001
1.40001
1.40001
1.40001
1.40001
1.40001
1.40001
1.40001
1.4
1.40001
1.40001
1.4
1.40001
1.4
1.40001
1.40001
1.40001
1.4
1.40001
1.40001
1.40001
1.40001
1.40001
1.4
1.40001
1.4
1.40001
1.4
1.40001
1.40001
1.4
1.40001
1.4
1.40001
1.40001
1.40001
1.4
1.4
1.40001
1.4
1.4
1.4
1.4
1.4
1.4
1.39999
1.39999
1.39999
1.39999
1.4
1.40002
1.40005
1.4001
1.40017
1.40026
1.40039
1.40055
1.40075
1.40099
1.40127
1.4016
1.40195
1.40231
1.40267
1.403
1.40328
1.40347
1.40358
1.40357
1.40346
1.40323
1.40291
1.40252
1.40208
1.40164
1.40121
1.40083
1.40051
1.40026
1.40008
1.39997
1.39991
1.39988
1.39989
1.39991
1.39993
1.39996
1.39998
1.39999
1.4
1.40001
1.40001
1.40001
1.40001
1.40001
1.40001
1.40001
1.40001
1.40001
1.40001
1.40001
1.40001
1.40001
1.40001
1.40001
1.40001
1.40001
1.4
1.40001
1.4
1.40001
1.40001
1.4
1.40001
1.40001
1.4
1.40001
1.4
1.40001
1.40001
1.40001
1.4
1.40001
1.40001
1.4
1.40001
1.4
1.40001
1.4
1.4
1.40001
1.4
1.40001
1.40001
1.4
1.40001
1.40001
1.40001
1.4
1.40001
1.4
1.4
1.4
1.4
1.4
1.4
1.4
1.4
1.4
1.40001
1.40002
1.40005
1.40008
1.40013
1.4002
1.40029
1.4004
1.40053
1.40069
1.40086
1.40106
1.40127
1.40148
1.40169
1.40186
1.40201
1.4021
1.40213
1.40209
1.40198
1.40181
1.40158
1.40132
1.40103
1.40075
1.4005
1.40028
1.4001
1.39997
1.39989
1.39985
1.39984
1.39985
1.39987
1.3999
1.39993
1.39995
1.39997
1.39999
1.4
1.40001
1.40001
1.40001
1.40001
1.40001
1.40001
1.40001
1.40001
1.40001
1.40001
1.40001
1.40001
1.40001
1.40001
1.40001
1.40001
1.40001
1.40001
1.4
1.40001
1.4
1.40001
1.4
1.4
1.40001
1.4
1.40001
1.40001
1.4
1.40001
1.40001
1.4
1.40001
1.40001
1.4
1.40001
1.4
1.4
1.40001
1.40001
1.4
1.40001
1.4
1.40001
1.40001
1.4
1.40001
1.40001
1.40001
1.4
1.4
1.4
1.4
1.4
1.4
1.4
1.4
1.4
1.4
1.40001
1.40002
1.40004
1.40006
1.4001
1.40015
1.40021
1.40029
1.40038
1.40049
1.4006
1.40072
1.40084
1.40096
1.40107
1.40117
1.40123
1.40126
1.40125
1.40119
1.40109
1.40096
1.4008
1.40062
1.40044
1.40027
1.40012
1.39999
1.3999
1.39984
1.39981
1.39981
1.39982
1.39985
1.39988
1.39991
1.39994
1.39996
1.39998
1.39999
1.4
1.4
1.40001
1.40001
1.40001
1.40001
1.40001
1.40001
1.40001
1.40001
1.40001
1.40001
1.40001
1.40001
1.40001
1.40001
1.40001
1.40001
1.40001
1.40001
1.4
1.40001
1.4
1.40001
1.40001
1.4
1.40001
1.4
1.40001
1.40001
1.40001
1.4
1.40001
1.4
1.40001
1.4
1.40001
1.4
1.40001
1.4
1.40001
1.4
1.4
1.40001
1.4
1.40001
1.4
1.40001
1.4
1.4
1.40001
1.4
1.40001
1.4
1.4
1.4
1.4
1.4
1.4
1.4
1.40001
1.40002
1.40003
1.40005
1.40008
1.40012
1.40016
1.40022
1.40028
1.40035
1.40042
1.4005
1.40057
1.40064
1.4007
1.40074
1.40076
1.40075
1.40072
1.40066
1.40058
1.40048
1.40036
1.40024
1.40012
1.40002
1.39993
1.39987
1.39983
1.3998
1.3998
1.39981
1.39984
1.39987
1.3999
1.39992
1.39995
1.39997
1.39998
1.39999
1.4
1.4
1.4
1.40001
1.40001
1.40001
1.40001
1.40001
1.40001
1.40001
1.40001
1.40001
1.40001
1.40001
1.40001
1.40001
1.40001
1.40001
1.4
1.40001
1.40001
1.4
1.40001
1.4
1.40001
1.40001
1.4
1.40001
1.4
1.40001
1.40001
1.4
1.40001
1.4
1.40001
1.40001
1.4
1.40001
1.4
1.40001
1.4
1.40001
1.4
1.4
1.40001
1.4
1.40001
1.4
1.40001
1.40001
1.4
1.40001
1.4
1.4
1.4
1.40001
1.4
1.4
1.4
1.40001
1.40001
1.40001
1.40003
1.40004
1.40006
1.40009
1.40012
1.40016
1.4002
1.40025
1.4003
1.40035
1.4004
1.40043
1.40046
1.40048
1.40047
1.40045
1.40042
1.40036
1.4003
1.40022
1.40014
1.40006
1.39998
1.39991
1.39986
1.39983
1.39981
1.39981
1.39982
1.39984
1.39987
1.39989
1.39992
1.39994
1.39996
1.39997
1.39999
1.39999
1.4
1.4
1.4
1.4
1.40001
1.40001
1.40001
1.40001
1.40001
1.40001
1.40001
1.40001
1.40001
1.40001
1.40001
1.40001
1.40001
1.40001
1.40001
1.40001
1.4
1.40001
1.4
1.40001
1.4
1.40001
1.40001
1.4
1.40001
1.4
1.40001
1.4
1.4
1.40001
1.4
1.40001
1.40001
1.4
1.40001
1.4
1.40001
1.4
1.40001
1.4
1.4
1.40001
1.4
1.40001
1.4
1.4
1.40001
1.4
1.4
1.40001
1.4
1.4
1.40001
1.4
1.4
1.40001
1.40001
1.40001
1.40002
1.40003
1.40005
1.40007
1.40009
1.40012
1.40015
1.40018
1.40022
1.40025
1.40028
1.4003
1.40031
1.40031
1.4003
1.40028
1.40024
1.4002
1.40014
1.40009
1.40003
1.39997
1.39992
1.39988
1.39986
1.39984
1.39984
1.39984
1.39985
1.39987
1.39989
1.39992
1.39994
1.39995
1.39997
1.39998
1.39999
1.4
1.4
1.4
1.4
1.4
1.40001
1.40001
1.40001
1.40001
1.40001
1.40001
1.40001
1.40001
1.40001
1.40001
1.40001
1.40001
1.40001
1.40001
1.40001
1.40001
1.40001
1.40001
1.40001
1.4
1.40001
1.4
1.40001
1.4
1.40001
1.4
1.40001
1.40001
1.4
1.40001
1.4
1.40001
1.40001
1.40001
1.4
1.40001
1.4
1.40001
1.4
1.40001
1.40001
1.4
1.40001
1.4
1.40001
1.40001
1.4
1.4
1.40001
1.4
1.4
1.40001
1.4
1.40001
1.40001
1.40001
1.40001
1.40001
1.40002
1.40002
1.40003
1.40005
1.40007
1.40009
1.40011
1.40013
1.40016
1.40018
1.4002
1.40021
1.40021
1.40021
1.4002
1.40018
1.40015
1.40011
1.40007
1.40002
1.39998
1.39995
1.39991
1.39989
1.39987
1.39987
1.39987
1.39988
1.39989
1.39991
1.39992
1.39994
1.39995
1.39997
1.39998
1.39999
1.39999
1.4
1.4
1.4
1.4
1.4
1.4
1.4
1.40001
1.40001
1.40001
1.40001
1.40001
1.40001
1.40001
1.4
1.40001
1.40001
1.40001
1.40001
1.40001
1.40001
1.4
1.40001
1.4
1.40001
1.4
1.40001
1.40001
1.40001
1.4
1.40001
1.40001
1.4
1.40001
1.4
1.40001
1.4
1.40001
1.4
1.40001
1.4
1.40001
1.4
1.40001
1.4
1.4
1.40001
1.4
1.40001
1.4
1.4
1.40001
1.4
1.4
1.40001
1.4
1.4
1.40001
1.4
1.40001
1.40001
1.40001
1.40001
1.40001
1.40002
1.40003
1.40003
1.40005
1.40006
1.40008
1.40009
1.40011
1.40013
1.40014
1.40014
1.40015
1.40014
1.40013
1.40011
1.40009
1.40006
1.40003
1.4
1.39997
1.39994
1.39992
1.39991
1.3999
1.3999
1.3999
1.39991
1.39992
1.39993
1.39994
1.39996
1.39997
1.39998
1.39999
1.39999
1.4
1.4
1.4
1.4
1.4
1.4
1.4
1.4
1.4
1.4
1.4
1.40001
1.40001
1.40001
1.40001
1.40001
1.40001
1.40001
1.40001
1.40001
1.40001
1.40001
1.40001
1.40001
1.40001
1.40001
1.4
1.40001
1.4
1.40001
1.40001
1.4
1.40001
1.40001
1.4
1.40001
1.4
1.40001
1.4
1.40001
1.40001
1.4
1.40001
1.4
1.40001
1.4
1.40001
1.4
1.40001
1.4
1.40001
1.40001
1.4
1.40001
1.4
1.4
1.40001
1.4
1.4
1.40001
1.40001
1.40001
1.40001
1.40001
1.40001
1.40001
1.40002
1.40003
1.40003
1.40004
1.40005
1.40007
1.40008
1.40009
1.4001
1.4001
1.4001
1.4001
1.40009
1.40008
1.40006
1.40004
1.40001
1.39999
1.39997
1.39995
1.39994
1.39993
1.39993
1.39992
1.39993
1.39994
1.39994
1.39995
1.39996
1.39997
1.39998
1.39999
1.39999
1.4
1.4
1.4
1.4
1.4
1.4
1.4
1.4
1.40001
1.40001
1.40001
1.40001
1.40001
1.40001
1.4
1.40001
1.4
1.40001
1.40001
1.4
1.40001
1.40001
1.40001
1.40001
1.40001
1.4
1.40001
1.4
1.40001
1.40001
1.40001
1.4
1.40001
1.4
1.4
1.40001
1.4
1.40001
1.4
1.40001
1.4
1.40001
1.40001
1.40001
1.4
1.40001
1.4
1.40001
1.40001
1.4
1.40001
1.4
1.40001
1.40001
1.4
1.40001
1.40001
1.4
1.40001
1.40001
1.4
1.40001
1.40001
1.40001
1.40001
1.40001
1.40001
1.40002
1.40002
1.40003
1.40003
1.40004
1.40005
1.40005
1.40006
1.40007
1.40007
1.40007
1.40007
1.40006
1.40005
1.40004
1.40002
1.40001
1.39999
1.39998
1.39997
1.39996
1.39995
1.39995
1.39995
1.39995
1.39996
1.39996
1.39997
1.39998
1.39998
1.39999
1.39999
1.4
1.4
1.4
1.4
1.4
1.4
1.4
1.4
1.40001
1.40001
1.40001
1.40001
1.40001
1.40001
1.40001
1.40001
1.40001
1.40001
1.40001
1.4
1.40001
1.40001
1.40001
1.40001
1.40001
1.40001
1.40001
1.40001
1.4
1.40001
1.4
1.40001
1.40001
1.4
1.40001
1.40001
1.40001
1.4
1.40001
1.40001
1.4
1.40001
1.4
1.40001
1.4
1.40001
1.4
1.40001
1.4
1.40001
1.40001
1.4
1.40001
1.4
1.40001
1.40001
1.4
1.40001
1.40001
1.4
1.4
1.40001
1.4
1.4
1.40001
1.40001
1.40001
1.40001
1.40001
1.40002
1.40002
1.40002
1.40003
1.40003
1.40004
1.40004
1.40005
1.40005
1.40005
1.40005
1.40004
1.40003
1.40002
1.40001
1.4
1.39999
1.39999
1.39998
1.39997
1.39997
1.39997
1.39997
1.39997
1.39997
1.39998
1.39998
1.39999
1.39999
1.39999
1.4
1.4
1.4
1.4
1.4
1.4
1.4
1.4
1.4
1.4
1.4
1.4
1.40001
1.40001
1.40001
1.40001
1.4
1.40001
1.4
1.40001
1.40001
1.4
1.40001
1.4
1.40001
1.4
1.40001
1.4
1.40001
1.40001
1.40001
1.40001
1.40001
1.4
1.40001
1.4
1.40001
1.4
1.40001
1.4
1.4
1.40001
1.4
1.40001
1.4
1.40001
1.4
1.40001
1.4
1.40001
1.4
1.4
1.40001
1.4
1.40001
1.4
1.40001
1.40001
1.4
1.40001
1.40001
1.4
1.4
1.40001
1.40001
1.4
1.40001
1.40001
1.40001
1.40001
1.40001
1.40001
1.40002
1.40002
1.40002
1.40002
1.40003
1.40003
1.40003
1.40003
1.40003
1.40003
1.40002
1.40002
1.40001
1.4
1.4
1.39999
1.39999
1.39998
1.39998
1.39998
1.39998
1.39998
1.39998
1.39999
1.39999
1.39999
1.4
1.4
1.4
1.4
1.4
1.4
1.4
1.4
1.4
1.40001
1.40001
1.40001
1.40001
1.40001
1.40001
1.40001
1.40001
1.40001
1.40001
1.40001
1.40001
1.40001
1.40001
1.40001
1.4
1.40001
1.4
1.40001
1.4
1.40001
1.4
1.40001
1.40001
1.4
1.40001
1.4
1.4
1.40001
1.4
1.40001
1.40001
1.40001
1.4
1.40001
1.40001
1.4
1.40001
1.4
1.40001
1.4
1.40001
1.4
1.40001
1.4
1.4
1.40001
1.4
1.40001
1.4
1.40001
1.40001
1.4
1.4
1.40001
1.40001
1.4
1.4
1.40001
1.40001
1.40001
1.40001
1.40001
1.40001
1.40001
1.40001
1.40001
1.40002
1.40002
1.40002
1.40002
1.40002
1.40002
1.40002
1.40002
1.40002
1.40001
1.40001
1.4
1.4
1.4
1.39999
1.39999
1.39999
1.39999
1.39999
1.39999
1.39999
1.39999
1.4
1.4
1.4
1.4
1.4
1.4
1.4
1.4
1.4
1.4
1.4
1.4
1.4
1.4
1.4
1.40001
1.40001
1.40001
1.40001
1.40001
1.40001
1.40001
1.40001
1.40001
1.40001
1.4
1.40001
1.4
1.40001
1.4
1.40001
1.4
1.40001
1.4
1.40001
1.40001
1.4
1.40001
1.40001
1.4
1.40001
1.4
1.40001
1.4
1.40001
1.4
1.40001
1.4
1.4
1.40001
1.4
1.40001
1.4
1.40001
1.4
1.40001
1.40001
1.4
1.40001
1.4
1.40001
1.40001
1.4
1.40001
1.4
1.40001
1.4
1.40001
1.40001
1.40001
1.40001
1.40001
1.40001
1.40001
1.40001
1.40001
1.40001
1.40001
1.40001
1.40001
1.40001
1.40001
1.40002
1.40002
1.40002
1.40001
1.40001
1.40001
1.40001
1.4
1.4
1.4
1.4
1.4
1.4
1.4
1.39999
1.4
1.4
1.4
1.4
1.4
1.4
1.4
1.4
1.4
1.4
1.4
1.4
1.4
1.4
1.4
1.40001
1.40001
1.4
1.4
1.4
1.4
1.40001
1.40001
1.40001
1.40001
1.40001
1.40001
1.40001
1.40001
1.40001
1.40001
1.4
1.40001
1.4
1.40001
1.4
1.40001
1.4
1.40001
1.40001
1.4
1.40001
1.40001
1.4
1.40001
1.4
1.40001
1.40001
1.40001
1.4
1.40001
1.4
1.40001
1.40001
1.4
1.40001
1.40001
1.40001
1.4
1.40001
1.40001
1.40001
1.4
1.40001
1.40001
1.40001
1.4
1.40001
1.4
1.4
1.4
1.40001
1.40001
1.4
1.40001
1.40001
1.40001
1.40001
1.40001
1.40001
1.40001
1.40001
1.40001
1.40001
1.40001
1.40001
1.40001
1.40001
1.40001
1.40001
1.40001
1.40001
1.4
1.4
1.4
1.4
1.4
1.4
1.4
1.4
1.4
1.4
1.4
1.4
1.4
1.4
1.4
1.4
1.4
1.4
1.4
1.40001
1.40001
1.40001
1.40001
1.40001
1.40001
1.40001
1.40001
1.40001
1.40001
1.40001
1.40001
1.40001
1.40001
1.40001
1.40001
1.40001
1.40001
1.40001
1.40001
1.40001
1.40001
1.40001
1.4
1.40001
1.4
1.40001
1.4
1.40001
1.4
1.40001
1.4
1.40001
1.4
1.40001
1.4
1.4
1.40001
1.40001
1.4
1.40001
1.4
1.4
1.40001
1.4
1.40001
1.4
1.40001
1.4
1.40001
1.4
1.40001
1.40001
1.40001
1.4
1.40001
1.4
1.40001
1.4
1.40001
1.4
1.4
1.40001
1.40001
1.40001
1.40001
1.40001
1.40001
1.40001
1.40001
1.40001
1.40001
1.40001
1.40001
1.40001
1.40001
1.40001
1.40001
1.40001
1.40001
1.40001
1.4
1.4
1.4
1.4
1.4
1.4
1.4
1.4
1.4
1.4
1.4
1.4
1.4
1.4
1.4
1.4
1.4
1.4
1.4
1.4
1.4
1.4
1.40001
1.40001
1.40001
1.40001
1.40001
1.40001
1.40001
1.40001
1.40001
1.40001
1.40001
1.40001
1.40001
1.40001
1.40001
1.40001
1.40001
1.40001
1.40001
1.40001
1.40001
1.40001
1.40001
1.4
1.40001
1.4
1.40001
1.40001
1.40001
1.4
1.40001
1.4
1.40001
1.40001
1.4
1.40001
1.40001
1.4
1.40001
1.40001
1.4
1.40001
1.4
1.40001
1.4
1.40001
1.4
1.40001
1.4
1.40001
1.4
1.40001
1.4
1.40001
1.40001
1.4
1.4
1.40001
1.40001
1.4
1.40001
1.40001
1.40001
1.4
1.40001
1.40001
1.40001
1.40001
1.40001
1.40001
1.40001
1.40001
1.40001
1.40001
1.40001
1.40001
1.40001
1.40001
1.4
1.4
1.4
1.4
1.4
1.4
1.4
1.4
1.4
1.4
1.4
1.4
1.4
1.4
1.4
1.4
1.4
1.4
1.40001
1.40001
1.40001
1.40001
1.4
1.4
1.4
1.40001
1.40001
1.40001
1.40001
1.40001
1.40001
1.40001
1.40001
1.40001
1.40001
1.40001
1.40001
1.40001
1.40001
1.40001
1.40001
1.40001
1.40001
1.4
1.40001
1.40001
1.4
1.40001
1.4
1.40001
1.40001
1.40001
1.4
1.40001
1.4
1.40001
1.40001
1.40001
1.40001
1.40001
1.40001
1.4
1.40001
1.40001
1.40001
1.4
1.40001
1.4
1.40001
1.4
1.40001
1.4
1.40001
1.4
1.40001
1.4
1.4
1.40001
1.4
1.4
1.4
1.40001
1.40001
1.40001
1.4
1.40001
1.4
1.40001
1.40001
1.4
1.4
1.4
1.40001
1.40001
1.40001
1.4
1.4
1.40001
1.40001
1.4
1.4
1.4
1.40001
1.40001
1.40001
1.4
1.4
1.4
1.4
1.4
1.40001
1.40001
1.40001
1.4
1.4
1.4
1.4
1.40001
1.40001
1.40001
1.40001
1.40001
1.40001
1.40001
1.40001
1.40001
1.40001
1.40001
1.40001
1.40001
1.40001
1.40001
1.40001
1.40001
1.40001
1.40001
1.40001
1.40001
1.40001
1.40001
1.40001
1.40001
1.4
1.40001
1.4
1.40001
1.4
1.40001
1.40001
1.40001
1.4
1.40001
1.40001
1.4
1.40001
1.4
1.40001
1.4
1.40001
1.40001
1.4
1.40001
1.40001
1.4
1.40001
1.4
1.40001
1.40001
1.4
1.40001
1.4
1.40001
1.4
1.40001
1.4
1.40001
1.40001
1.4
1.40001
1.4
1.40001
1.40001
1.4
1.4
1.40001
1.4
1.4
1.4
1.4
1.4
1.4
1.4
1.4
1.4
1.4
1.4
1.4
1.4
1.4
1.4
1.40001
1.40001
1.40001
1.40001
1.40001
1.40001
1.40001
1.40001
1.40001
1.40001
1.40001
1.40001
1.40001
1.40001
1.40001
1.40001
1.40001
1.40001
1.40001
1.40001
1.40001
1.40001
1.4
1.4
1.40001
1.40001
1.40001
1.40001
1.40001
1.40001
1.40001
1.40001
1.40001
1.40001
1.40001
1.40001
1.40001
1.40001
1.40001
1.40001
1.40001
1.40001
1.40001
1.4
1.40001
1.4
1.40001
1.4
1.40001
1.4
1.40001
1.4
1.40001
1.40001
1.4
1.40001
1.4
1.40001
1.4
1.40001
1.40001
1.40001
1.4
1.40001
1.4
1.40001
1.40001
1.4
1.40001
1.4
1.40001
1.4
1.40001
1.4
1.40001
1.40001
1.4
1.40001
1.4
1.40001
1.4
1.4
1.4
1.4
1.4
1.4
1.4
1.4
1.4
1.4
1.4
1.4
1.4
1.4
1.4
1.4
1.4
1.4
1.4
1.4
1.40001
1.40001
1.40001
1.40001
1.40001
1.40001
1.40001
1.40001
1.40001
1.40001
1.40001
1.40001
1.40001
1.40001
1.40001
1.40001
1.40001
1.40001
1.40001
1.40001
1.40001
1.40001
1.40001
1.40001
1.40001
1.40001
1.40001
1.40001
1.40001
1.40001
1.40001
1.40001
1.40001
1.40001
1.40001
1.40001
1.40001
1.40001
1.40001
1.4
1.40001
1.40001
1.40001
1.40001
1.4
1.40001
1.4
1.40001
1.4
1.40001
1.4
1.40001
1.40001
1.4
1.40001
1.4
1.40001
1.4
1.40001
1.4
1.40001
1.40001
1.40001
1.4
1.40001
1.40001
1.4
1.40001
1.4
1.40001
1.4
1.40001
1.4
1.40001
1.4
1.4
1.40001
1.4
1.40001
1.4
1.40001
1.4
1.4
1.4
1.4
1.4
1.4
1.4
1.4
1.4
1.4
1.4
1.4
1.4
1.4
1.4
1.4
1.4
1.4
1.4
1.40001
1.40001
1.40001
1.40001
1.40001
1.40001
1.40001
1.40001
1.40001
1.40001
1.40001
1.40001
1.40001
1.40001
1.40001
1.40001
1.40001
1.40001
1.40001
1.40001
1.40001
1.40001
1.40001
1.40001
1.40001
1.40001
1.40001
1.40001
1.40001
1.40001
1.40001
1.40001
1.40001
1.40001
1.40001
1.40001
1.40001
1.40001
1.40001
1.40001
1.4
1.40001
1.40001
1.40001
1.40001
1.4
1.40001
1.4
1.40001
1.4
1.40001
1.4
1.40001
1.4
1.40001
1.40001
1.4
1.40001
1.4
1.40001
1.4
1.40001
1.4
1.40001
1.40001
1.40001
1.4
1.4
1.40001
1.40001
1.40001
1.4
1.40001
1.4
1.4
1.40001
1.4
1.40001
1.40001
1.40001
1.4
1.4
1.4
1.4
1.4
1.4
1.4
1.4
1.4
1.4
1.4
1.4
1.4
1.39999
1.39999
1.4
1.4
1.4
1.4
1.4
1.40001
1.40001
1.40001
1.40001
1.40001
1.40002
1.40002
1.40002
1.40001
1.40001
1.40001
1.40001
1.40001
1.40001
1.40001
1.40001
1.40001
1.40001
1.40001
1.40001
1.40001
1.40001
1.40001
1.40001
1.40001
1.40001
1.40001
1.40001
1.40001
1.40001
1.40001
1.40001
1.40001
1.40001
1.40001
1.40001
1.40001
1.40001
1.40001
1.4
1.40001
1.4
1.40001
1.40001
1.40001
1.40001
1.40001
1.40001
1.40001
1.4
1.40001
1.40001
1.4
1.40001
1.40001
1.4
1.40001
1.40001
1.40001
1.40001
1.40001
1.40001
1.4
1.40001
1.4
1.40001
1.40001
1.40001
1.4
1.40001
1.40001
1.4
1.40001
1.40001
1.40001
1.40001
1.40001
1.40001
1.4
1.40001
1.4
1.4
1.4
1.4
1.4
1.4
1.4
1.4
1.4
1.39999
1.39999
1.39999
1.39999
1.39999
1.39999
1.39999
1.39999
1.4
1.4
1.4
1.40001
1.40001
1.40002
1.40002
1.40002
1.40002
1.40002
1.40002
1.40002
1.40002
1.40002
1.40001
1.40001
1.40001
1.40001
1.40001
1.40001
1.40001
1.40001
1.40001
1.40001
1.40001
1.40001
1.40001
1.40001
1.40001
1.40001
1.40001
1.40001
1.40001
1.40001
1.40001
1.40001
1.40001
1.40001
1.40001
1.40001
1.40001
1.40001
1.40001
1.40001
1.40001
1.40001
1.40001
1.40001
1.4
1.40001
1.4
1.40001
1.40001
1.40001
1.4
1.40001
1.4
1.40001
1.4
1.40001
1.40001
1.4
1.40001
1.4
1.40001
1.4
1.4
1.40001
1.40001
1.4
1.40001
1.40001
1.4
1.40001
1.40001
1.40001
1.40001
1.4
1.40001
1.4
1.40001
1.40001
1.4
1.4
1.4
1.4
1.4
1.4
1.4
1.4
1.39999
1.39999
1.39999
1.39999
1.39998
1.39998
1.39998
1.39998
1.39998
1.39999
1.39999
1.4
1.4
1.40001
1.40002
1.40002
1.40003
1.40003
1.40003
1.40003
1.40003
1.40003
1.40003
1.40002
1.40002
1.40002
1.40001
1.40001
1.40001
1.40001
1.40001
1.40001
1.40001
1.40001
1.40001
1.40001
1.40001
1.40001
1.40001
1.40001
1.40001
1.40001
1.40001
1.40001
1.40001
1.40001
1.40001
1.40001
1.40001
1.40001
1.40001
1.40001
1.40001
1.40001
1.4
1.40001
1.4
1.40001
1.40001
1.40001
1.4
1.40001
1.4
1.40001
1.4
1.40001
1.40001
1.4
1.40001
1.4
1.40001
1.40001
1.4
1.40001
1.4
1.40001
1.40001
1.4
1.40001
1.40001
1.4
1.4
1.40001
1.4
1.4
1.4
1.40001
1.40001
1.4
1.40001
1.40001
1.4
1.4
1.4
1.4
1.4
1.4
1.4
1.4
1.39999
1.39999
1.39998
1.39998
1.39998
1.39997
1.39997
1.39997
1.39997
1.39997
1.39998
1.39999
1.4
1.40001
1.40001
1.40002
1.40003
1.40004
1.40004
1.40004
1.40004
1.40004
1.40004
1.40004
1.40003
1.40003
1.40002
1.40002
1.40002
1.40001
1.40001
1.40001
1.40001
1.40001
1.40001
1.40001
1.40001
1.40001
1.40001
1.40001
1.40001
1.40001
1.40001
1.40001
1.40001
1.40001
1.40001
1.40001
1.40001
1.40001
1.40001
1.40001
1.40001
1.40001
1.40001
1.40001
1.40001
1.40001
1.40001
1.4
1.40001
1.4
1.40001
1.4
1.40001
1.40001
1.40001
1.4
1.40001
1.4
1.40001
1.40001
1.4
1.40001
1.4
1.40001
1.4
1.40001
1.40001
1.40001
1.4
1.40001
1.40001
1.4
1.40001
1.40001
1.40001
1.4
1.4
1.40001
1.4
1.40001
1.4
1.4
1.4
1.4
1.4
1.4
1.4
1.39999
1.39999
1.39998
1.39998
1.39997
1.39996
1.39996
1.39996
1.39996
1.39996
1.39996
1.39997
1.39998
1.4
1.40001
1.40002
1.40003
1.40005
1.40005
1.40006
1.40006
1.40006
1.40006
1.40006
1.40005
1.40004
1.40004
1.40003
1.40003
1.40002
1.40002
1.40001
1.40001
1.40001
1.40001
1.40001
1.40001
1.40001
1.40001
1.40001
1.40001
1.40001
1.40001
1.40001
1.40001
1.40001
1.40001
1.40001
1.40001
1.40001
1.40001
1.40001
1.40001
1.40001
1.40001
1.40001
1.4
1.40001
1.4
1.40001
1.4
1.40001
1.40001
1.40001
1.4
1.40001
1.4
1.40001
1.4
1.40001
1.40001
1.4
1.40001
1.40001
1.40001
1.40001
1.4
1.40001
1.4
1.4
1.40001
1.4
1.40001
1.40001
1.40001
1.4
1.40001
1.4
1.40001
1.40001
1.40001
1.40001
1.40001
1.4
1.4
1.4
1.4
1.4
1.4
1.39999
1.39999
1.39998
1.39997
1.39996
1.39995
1.39995
1.39994
1.39994
1.39994
1.39994
1.39995
1.39997
1.39998
1.4
1.40002
1.40004
1.40005
1.40007
1.40008
1.40009
1.40009
1.40009
1.40009
1.40008
1.40007
1.40006
1.40005
1.40004
1.40004
1.40003
1.40002
1.40002
1.40001
1.40001
1.40001
1.40001
1.40001
1.40001
1.40001
1.40001
1.40001
1.40001
1.40001
1.40001
1.40001
1.40001
1.40001
1.40001
1.40001
1.40001
1.40001
1.40001
1.40001
1.40001
1.40001
1.40001
1.40001
1.40001
1.40001
1.40001
1.4
1.40001
1.4
1.40001
1.4
1.40001
1.40001
1.4
1.40001
1.4
1.40001
1.4
1.40001
1.4
1.40001
1.4
1.40001
1.4
1.40001
1.4
1.4
1.40001
1.40001
1.4
1.40001
1.4
1.40001
1.40001
1.40001
1.40001
1.40001
1.40001
1.40001
1.4
1.4
1.4
1.4
1.4
1.39999
1.39999
1.39998
1.39997
1.39996
1.39995
1.39994
1.39993
1.39992
1.39992
1.39992
1.39993
1.39994
1.39996
1.39998
1.40001
1.40004
1.40006
1.40009
1.40011
1.40012
1.40013
1.40013
1.40013
1.40013
1.40012
1.4001
1.40009
1.40008
1.40006
1.40005
1.40004
1.40003
1.40002
1.40002
1.40001
1.40001
1.40001
1.40001
1.40001
1.40001
1.40001
1.4
1.4
1.4
1.4
1.40001
1.40001
1.40001
1.40001
1.40001
1.40001
)
;

boundaryField
{
    emptyPatches_empt
    {
        type            empty;
    }
    top_cyc
    {
        type            cyclic;
    }
    bottom_cyc
    {
        type            cyclic;
    }
    inlet_cyc
    {
        type            cyclic;
    }
    outlet_cyc
    {
        type            cyclic;
    }
}


// ************************************************************************* //
