/*--------------------------------*- C++ -*----------------------------------*\
  =========                 |
  \\      /  F ield         | OpenFOAM: The Open Source CFD Toolbox
   \\    /   O peration     | Website:  https://openfoam.org
    \\  /    A nd           | Version:  6
     \\/     M anipulation  |
\*---------------------------------------------------------------------------*/
FoamFile
{
    version     2.0;
    format      ascii;
    class       volScalarField;
    location    "4.51";
    object      rho;
}
// * * * * * * * * * * * * * * * * * * * * * * * * * * * * * * * * * * * * * //

dimensions      [1 -3 0 0 0 0 0];

internalField   nonuniform List<scalar> 
10000
(
1.4
1.4
1.4
1.4
1.4
1.4
1.4
1.4
1.40001
1.4
1.40001
1.4
1.40001
1.40001
1.4
1.40001
1.4
1.40001
1.4
1.40001
1.40001
1.40001
1.4
1.40001
1.4
1.40001
1.40001
1.4
1.40001
1.40001
1.4
1.4
1.40001
1.4
1.40001
1.40001
1.40001
1.40001
1.40001
1.40001
1.40001
1.40002
1.40002
1.40003
1.40003
1.40003
1.40003
1.40003
1.40002
1.40001
1.40001
1.40002
1.40007
1.40017
1.40035
1.40064
1.40105
1.40159
1.40229
1.40311
1.40405
1.40508
1.40614
1.4072
1.40821
1.40913
1.40991
1.41053
1.41097
1.4112
1.41122
1.41103
1.41064
1.41007
1.40934
1.40849
1.40756
1.40659
1.40561
1.40468
1.40381
1.40304
1.40237
1.40181
1.40135
1.40098
1.40069
1.40047
1.40031
1.40019
1.40011
1.40006
1.40003
1.40001
1.4
1.39999
1.39999
1.39999
1.4
1.4
1.4
1.4
1.4
1.4
1.4
1.4
1.4
1.4
1.4
1.40001
1.4
1.40001
1.40001
1.4
1.40001
1.4
1.40001
1.40001
1.4
1.40001
1.4
1.40001
1.4
1.40001
1.40001
1.40001
1.4
1.40001
1.4
1.40001
1.4
1.40001
1.40001
1.40001
1.40001
1.40001
1.40001
1.40001
1.40001
1.40001
1.40002
1.40002
1.40003
1.40003
1.40004
1.40005
1.40005
1.40005
1.40004
1.40004
1.40006
1.40011
1.40022
1.40042
1.40074
1.40122
1.40189
1.40275
1.4038
1.40503
1.40639
1.40784
1.40931
1.41076
1.41211
1.41331
1.41433
1.41512
1.41565
1.41593
1.41593
1.41566
1.41514
1.41437
1.41339
1.41223
1.41094
1.40957
1.40819
1.40684
1.40559
1.40446
1.40347
1.40264
1.40196
1.40142
1.401
1.40068
1.40044
1.40028
1.40016
1.40008
1.40004
1.40001
1.39999
1.39999
1.39999
1.39999
1.39999
1.39999
1.39999
1.4
1.4
1.4
1.4
1.4
1.4
1.4
1.4
1.4
1.40001
1.4
1.40001
1.40001
1.4
1.40001
1.4
1.40001
1.4
1.40001
1.40001
1.40001
1.40001
1.40001
1.4
1.40001
1.40001
1.4
1.40001
1.40001
1.4
1.40001
1.40001
1.40001
1.40001
1.40001
1.40001
1.40001
1.40001
1.40002
1.40002
1.40003
1.40004
1.40005
1.40006
1.40006
1.40007
1.40007
1.40008
1.4001
1.40015
1.40026
1.40047
1.40082
1.40137
1.40214
1.40317
1.40446
1.40601
1.40775
1.40965
1.41162
1.41358
1.41546
1.41718
1.41868
1.41992
1.42087
1.42151
1.42182
1.4218
1.42146
1.42081
1.41985
1.4186
1.41711
1.41542
1.41359
1.41171
1.40985
1.40809
1.40648
1.40506
1.40386
1.40286
1.40207
1.40145
1.40098
1.40064
1.4004
1.40023
1.40012
1.40005
1.40001
1.39999
1.39998
1.39998
1.39998
1.39999
1.39999
1.39999
1.39999
1.4
1.4
1.4
1.4
1.4
1.4
1.4
1.4
1.4
1.40001
1.4
1.40001
1.4
1.40001
1.40001
1.40001
1.40001
1.40001
1.4
1.40001
1.4
1.40001
1.4
1.4
1.40001
1.4
1.4
1.40001
1.40001
1.4
1.40001
1.40001
1.40001
1.40001
1.40001
1.40001
1.40001
1.40002
1.40003
1.40004
1.40005
1.40006
1.40008
1.40009
1.4001
1.40011
1.40013
1.40018
1.40029
1.40051
1.40088
1.40147
1.40233
1.40352
1.40505
1.40693
1.4091
1.41149
1.41402
1.41657
1.41905
1.42135
1.42341
1.42516
1.42657
1.42763
1.42832
1.42864
1.42861
1.42821
1.42747
1.42637
1.42492
1.42314
1.42107
1.41878
1.41635
1.41388
1.4115
1.40928
1.40729
1.40558
1.40416
1.40301
1.40212
1.40144
1.40094
1.40058
1.40034
1.40018
1.40008
1.40002
1.39999
1.39997
1.39997
1.39997
1.39998
1.39998
1.39998
1.39999
1.39999
1.4
1.4
1.4
1.4
1.4
1.4
1.4
1.4
1.4
1.40001
1.4
1.40001
1.4
1.40001
1.40001
1.4
1.40001
1.4
1.40001
1.4
1.40001
1.4
1.40001
1.4
1.40001
1.40001
1.4
1.40001
1.4
1.40001
1.40001
1.40001
1.40001
1.40001
1.40001
1.40002
1.40003
1.40004
1.40005
1.40007
1.40008
1.4001
1.40012
1.40014
1.40017
1.40022
1.40032
1.40053
1.4009
1.40151
1.40244
1.40376
1.40552
1.40772
1.41032
1.41325
1.41637
1.41957
1.42269
1.42562
1.42825
1.43052
1.43238
1.43383
1.43487
1.43553
1.43582
1.43576
1.43536
1.4346
1.43348
1.43197
1.43006
1.42774
1.42507
1.42213
1.41905
1.41596
1.41302
1.41033
1.40797
1.40597
1.40435
1.40307
1.4021
1.40138
1.40086
1.40051
1.40027
1.40012
1.40003
1.39999
1.39997
1.39996
1.39996
1.39997
1.39998
1.39998
1.39998
1.39999
1.4
1.4
1.4
1.4
1.4
1.4
1.4
1.4
1.4
1.4
1.4
1.40001
1.4
1.40001
1.4
1.40001
1.4
1.40001
1.4
1.40001
1.40001
1.4
1.4
1.40001
1.4
1.4
1.40001
1.40001
1.40001
1.40001
1.40001
1.40001
1.40001
1.40001
1.40002
1.40002
1.40003
1.40005
1.40007
1.40009
1.40011
1.40014
1.40016
1.4002
1.40025
1.40035
1.40054
1.40089
1.4015
1.40246
1.40387
1.40582
1.40832
1.41135
1.41481
1.41856
1.42243
1.42622
1.42977
1.43294
1.43566
1.43787
1.43959
1.44085
1.44169
1.44218
1.44236
1.44227
1.44191
1.44128
1.44033
1.439
1.43722
1.43494
1.43215
1.42889
1.4253
1.42154
1.41782
1.41432
1.41117
1.40846
1.40621
1.40442
1.40304
1.40201
1.40127
1.40076
1.40042
1.4002
1.40007
1.4
1.39996
1.39995
1.39995
1.39996
1.39997
1.39997
1.39998
1.39999
1.39999
1.4
1.4
1.4
1.4
1.4
1.4
1.4
1.4
1.4
1.4
1.40001
1.4
1.40001
1.4
1.40001
1.4
1.40001
1.40001
1.4
1.40001
1.40001
1.4
1.4
1.40001
1.4
1.4
1.40001
1.40001
1.40001
1.40001
1.40001
1.40001
1.40001
1.40002
1.40003
1.40004
1.40006
1.40008
1.40011
1.40014
1.40018
1.40022
1.40027
1.40037
1.40054
1.40086
1.40144
1.40239
1.40384
1.40591
1.40866
1.41208
1.41607
1.42046
1.425
1.42946
1.4336
1.43725
1.44029
1.44268
1.44445
1.44567
1.44642
1.44682
1.44697
1.44695
1.4468
1.44655
1.44619
1.44564
1.44482
1.44357
1.44176
1.43929
1.43612
1.43232
1.4281
1.42369
1.41935
1.41531
1.41174
1.40872
1.40627
1.40436
1.40292
1.40187
1.40113
1.40064
1.40032
1.40012
1.40002
1.39996
1.39994
1.39994
1.39995
1.39996
1.39996
1.39997
1.39998
1.39999
1.39999
1.4
1.4
1.4
1.4
1.4
1.4
1.4
1.4
1.4
1.40001
1.40001
1.40001
1.4
1.40001
1.4
1.40001
1.40001
1.4
1.4
1.40001
1.4
1.4
1.40001
1.40001
1.4
1.40001
1.40001
1.40001
1.40001
1.40001
1.40001
1.40002
1.40002
1.40004
1.40006
1.40008
1.40011
1.40015
1.40019
1.40023
1.40029
1.40038
1.40053
1.40082
1.40135
1.40224
1.40367
1.4058
1.40872
1.41247
1.41694
1.42193
1.42715
1.43226
1.43695
1.44098
1.4442
1.44656
1.44811
1.44896
1.44926
1.44917
1.44888
1.44851
1.44818
1.44795
1.44786
1.44789
1.44798
1.44798
1.44771
1.44693
1.44538
1.4429
1.43947
1.43521
1.43038
1.42534
1.42043
1.41592
1.41199
1.40873
1.40614
1.40416
1.4027
1.40167
1.40097
1.40051
1.40022
1.40006
1.39997
1.39993
1.39992
1.39993
1.39994
1.39994
1.39996
1.39997
1.39998
1.39999
1.4
1.4
1.4
1.4
1.4
1.4
1.4
1.4
1.40001
1.4
1.40001
1.40001
1.4
1.40001
1.4
1.4
1.40001
1.4
1.40001
1.40001
1.4
1.40001
1.40001
1.4
1.4
1.40001
1.40001
1.40001
1.40001
1.40001
1.40001
1.40002
1.40003
1.40005
1.40007
1.4001
1.40014
1.40019
1.40024
1.4003
1.40039
1.40052
1.40077
1.40123
1.40204
1.40339
1.40548
1.40847
1.41245
1.41734
1.4229
1.42877
1.43452
1.43972
1.44405
1.44729
1.44941
1.45045
1.4506
1.45007
1.44909
1.44791
1.44672
1.4457
1.44498
1.44465
1.44474
1.44524
1.44609
1.44716
1.44824
1.44898
1.44902
1.448
1.4457
1.4421
1.43741
1.43204
1.42642
1.421
1.4161
1.41191
1.4085
1.40584
1.40385
1.40242
1.40144
1.40078
1.40037
1.40013
1.4
1.39993
1.39991
1.39992
1.39993
1.39993
1.39995
1.39996
1.39998
1.39999
1.39999
1.4
1.4
1.4
1.4
1.4
1.4
1.4
1.4
1.4
1.40001
1.4
1.40001
1.4
1.40001
1.4
1.40001
1.4
1.40001
1.40001
1.40001
1.4
1.40001
1.40001
1.4
1.40001
1.40001
1.40001
1.40001
1.40001
1.40002
1.40003
1.40004
1.40006
1.40009
1.40013
1.40018
1.40023
1.4003
1.40038
1.40051
1.40072
1.40111
1.40181
1.40302
1.40499
1.40794
1.41202
1.41721
1.42328
1.42978
1.43615
1.44185
1.44642
1.44959
1.45128
1.45159
1.45076
1.44907
1.44686
1.44441
1.442
1.43986
1.43816
1.43704
1.43658
1.43682
1.43777
1.43938
1.44158
1.44414
1.44674
1.44889
1.45004
1.44973
1.44768
1.44395
1.43887
1.43298
1.42686
1.42103
1.41585
1.4115
1.40803
1.40538
1.40345
1.40209
1.40118
1.4006
1.40024
1.40004
1.39995
1.39991
1.3999
1.39991
1.39992
1.39994
1.39995
1.39997
1.39998
1.39999
1.4
1.4
1.4
1.4
1.4
1.4
1.4
1.4
1.4
1.40001
1.4
1.40001
1.4
1.40001
1.4
1.40001
1.40001
1.40001
1.4
1.40001
1.4
1.40001
1.40001
1.4
1.40001
1.40001
1.40001
1.40001
1.40001
1.40002
1.40003
1.40005
1.40008
1.40011
1.40016
1.40022
1.40029
1.40037
1.40049
1.40067
1.40099
1.40158
1.40262
1.40438
1.40716
1.41119
1.41655
1.42301
1.43009
1.4371
1.44331
1.44813
1.45117
1.45235
1.45178
1.44978
1.44674
1.44306
1.43912
1.43526
1.43172
1.42872
1.42642
1.42494
1.42435
1.42469
1.42598
1.42821
1.43134
1.43527
1.43969
1.44414
1.44792
1.45032
1.45075
1.44894
1.44504
1.43955
1.43318
1.42665
1.42052
1.41517
1.41078
1.40735
1.4048
1.40298
1.40173
1.40092
1.40042
1.40013
1.39998
1.39991
1.39989
1.3999
1.3999
1.39992
1.39994
1.39996
1.39998
1.39999
1.39999
1.4
1.4
1.4
1.4
1.4
1.4
1.4
1.4
1.40001
1.4
1.40001
1.40001
1.4
1.40001
1.40001
1.4
1.40001
1.4
1.40001
1.40001
1.4
1.4
1.40001
1.40001
1.40001
1.40001
1.40001
1.40002
1.40003
1.40004
1.40006
1.40009
1.40014
1.4002
1.40027
1.40035
1.40046
1.40062
1.40088
1.40136
1.40222
1.40373
1.40623
1.41004
1.41536
1.42207
1.42965
1.43731
1.4441
1.44923
1.4522
1.45286
1.45137
1.44814
1.44366
1.43843
1.43293
1.42753
1.42254
1.41816
1.41456
1.41185
1.41011
1.4094
1.40977
1.41123
1.41381
1.41754
1.42242
1.4283
1.43478
1.4412
1.44666
1.45024
1.45127
1.44955
1.44537
1.43944
1.43264
1.42579
1.4195
1.41413
1.40982
1.40653
1.40414
1.40248
1.40137
1.40067
1.40026
1.40003
1.39993
1.39989
1.39988
1.39989
1.39991
1.39993
1.39995
1.39997
1.39998
1.39999
1.4
1.4
1.4
1.4
1.4
1.4
1.4
1.4
1.40001
1.4
1.40001
1.40001
1.4
1.40001
1.4
1.40001
1.4
1.4
1.40001
1.40001
1.4
1.40001
1.40001
1.40001
1.40001
1.40001
1.40001
1.40002
1.40003
1.40005
1.40008
1.40011
1.40017
1.40024
1.40032
1.40043
1.40057
1.40079
1.40116
1.40185
1.40309
1.40523
1.40866
1.41372
1.42046
1.42844
1.43672
1.44418
1.44977
1.45281
1.45306
1.45074
1.44632
1.44043
1.43369
1.42667
1.4198
1.41343
1.40779
1.40299
1.39913
1.39625
1.3944
1.39361
1.39392
1.39536
1.39799
1.4019
1.40719
1.41388
1.42177
1.43034
1.43867
1.44562
1.45012
1.45147
1.44957
1.44497
1.43856
1.43139
1.42435
1.41804
1.41279
1.40868
1.40562
1.40345
1.40198
1.40103
1.40045
1.40013
1.39996
1.39989
1.39988
1.39988
1.39989
1.39992
1.39994
1.39996
1.39998
1.39999
1.39999
1.4
1.4
1.4
1.4
1.4
1.4
1.4
1.4
1.40001
1.4
1.40001
1.40001
1.4
1.40001
1.4
1.40001
1.4
1.4
1.40001
1.4
1.40001
1.40001
1.40001
1.40001
1.40001
1.40001
1.40002
1.40004
1.40006
1.40009
1.40014
1.4002
1.40029
1.40039
1.40052
1.4007
1.401
1.40153
1.40251
1.40425
1.40719
1.41178
1.41828
1.42642
1.43528
1.4435
1.44975
1.45309
1.45317
1.4502
1.44475
1.43757
1.42945
1.42103
1.41285
1.40527
1.39854
1.39278
1.38803
1.38427
1.38148
1.37966
1.37882
1.379
1.38024
1.38263
1.3863
1.39144
1.39823
1.40671
1.41659
1.42711
1.4371
1.44517
1.45014
1.45139
1.44903
1.44383
1.43694
1.4295
1.42241
1.41625
1.41125
1.40743
1.40467
1.40276
1.4015
1.40072
1.40026
1.40002
1.39991
1.39987
1.39987
1.39988
1.39991
1.39993
1.39995
1.39997
1.39998
1.39999
1.4
1.4
1.4
1.4
1.4
1.4
1.4
1.4
1.40001
1.4
1.40001
1.40001
1.4
1.40001
1.40001
1.4
1.40001
1.4
1.40001
1.4
1.40001
1.40001
1.40001
1.40001
1.40001
1.40002
1.40003
1.40004
1.40007
1.40011
1.40017
1.40024
1.40034
1.40046
1.40062
1.40086
1.40127
1.40201
1.40337
1.40577
1.40972
1.41568
1.42368
1.43294
1.44199
1.44912
1.45308
1.45331
1.44998
1.44374
1.43549
1.42614
1.41649
1.40715
1.39855
1.39096
1.38449
1.37915
1.37487
1.37155
1.36908
1.36741
1.36654
1.36649
1.36736
1.36924
1.37232
1.37684
1.38311
1.39136
1.4016
1.41334
1.42556
1.43679
1.44544
1.45033
1.451
1.44786
1.44198
1.43465
1.42706
1.4201
1.41422
1.4096
1.40616
1.40374
1.40211
1.40108
1.40046
1.40012
1.39995
1.39988
1.39987
1.39987
1.3999
1.39992
1.39995
1.39996
1.39998
1.39999
1.39999
1.4
1.4
1.4
1.4
1.4
1.4
1.40001
1.40001
1.4
1.40001
1.40001
1.4
1.4
1.40001
1.4
1.40001
1.4
1.40001
1.40001
1.40001
1.40001
1.40001
1.40001
1.40001
1.40002
1.40003
1.40005
1.40008
1.40013
1.4002
1.40028
1.40039
1.40054
1.40073
1.40105
1.40161
1.40263
1.40449
1.40771
1.41288
1.42035
1.42971
1.43951
1.44775
1.4527
1.4535
1.4502
1.44351
1.43445
1.42409
1.41335
1.40299
1.39351
1.38522
1.37825
1.37261
1.36816
1.36473
1.36212
1.36015
1.35871
1.35779
1.35742
1.35772
1.35884
1.36101
1.36454
1.3698
1.37718
1.38693
1.39889
1.41232
1.42586
1.43775
1.44633
1.45051
1.45016
1.44603
1.43942
1.43176
1.42421
1.41754
1.41209
1.40793
1.40493
1.40288
1.40154
1.40072
1.40025
1.40001
1.3999
1.39988
1.39987
1.39989
1.39991
1.39994
1.39996
1.39997
1.39998
1.39999
1.4
1.4
1.4
1.4
1.4
1.4
1.4
1.40001
1.4
1.40001
1.40001
1.4
1.4
1.40001
1.4
1.40001
1.4
1.40001
1.40001
1.40001
1.40001
1.40001
1.40001
1.40001
1.40002
1.40004
1.40006
1.4001
1.40015
1.40023
1.40033
1.40045
1.40062
1.40087
1.40128
1.40203
1.40342
1.40591
1.41014
1.41671
1.4257
1.436
1.44544
1.45177
1.45364
1.45086
1.44413
1.43458
1.42343
1.41178
1.40048
1.39018
1.38128
1.37395
1.36818
1.36384
1.36067
1.35838
1.35666
1.35529
1.35413
1.35313
1.35233
1.35187
1.35198
1.35295
1.35515
1.35904
1.36509
1.37372
1.38506
1.3987
1.41355
1.4279
1.43977
1.44755
1.45044
1.44872
1.44348
1.43623
1.42842
1.42109
1.41487
1.40997
1.40634
1.4038
1.40211
1.40106
1.40043
1.4001
1.39994
1.3999
1.39987
1.39988
1.3999
1.39993
1.39995
1.39997
1.39998
1.39999
1.4
1.4
1.4
1.4
1.4
1.4
1.4
1.40001
1.4
1.40001
1.40001
1.40001
1.4
1.40001
1.4
1.4
1.4
1.40001
1.4
1.40001
1.40001
1.40001
1.40001
1.40002
1.40003
1.40004
1.40007
1.40011
1.40018
1.40026
1.40037
1.40052
1.40072
1.40103
1.40157
1.40257
1.40442
1.40769
1.4131
1.4212
1.43149
1.442
1.45001
1.45347
1.45179
1.44553
1.43588
1.42423
1.41181
1.39966
1.38855
1.37901
1.3713
1.36549
1.3614
1.35875
1.35715
1.35618
1.35547
1.35474
1.35384
1.35273
1.35142
1.35007
1.34893
1.34839
1.34895
1.35113
1.3555
1.36257
1.37269
1.38574
1.40095
1.41683
1.43132
1.44241
1.44868
1.44981
1.44651
1.44021
1.43251
1.42477
1.41787
1.41224
1.40795
1.40489
1.40281
1.40148
1.40067
1.40022
1.39999
1.39993
1.39988
1.39988
1.3999
1.39992
1.39995
1.39996
1.39998
1.39999
1.4
1.4
1.4
1.4
1.4
1.4
1.4
1.40001
1.4
1.40001
1.4
1.40001
1.40001
1.4
1.4
1.40001
1.4
1.40001
1.4
1.40001
1.40001
1.40001
1.40001
1.40002
1.40003
1.40005
1.40008
1.40013
1.4002
1.4003
1.40042
1.40059
1.40083
1.40122
1.40192
1.40324
1.40565
1.40985
1.41662
1.42621
1.43731
1.44707
1.45263
1.45268
1.44749
1.43825
1.42643
1.41344
1.4005
1.38856
1.37827
1.37007
1.36411
1.36028
1.35826
1.35758
1.3577
1.35812
1.35841
1.35828
1.35762
1.3564
1.35461
1.35233
1.34982
1.34753
1.34609
1.3462
1.34854
1.35371
1.36218
1.37406
1.38888
1.40542
1.42173
1.43559
1.44509
1.44927
1.44833
1.44346
1.43629
1.42841
1.42099
1.41469
1.40975
1.40613
1.40362
1.40198
1.40097
1.40038
1.40007
1.39998
1.3999
1.39988
1.39989
1.39992
1.39994
1.39996
1.39998
1.39999
1.39999
1.4
1.4
1.4
1.4
1.4
1.4
1.4
1.40001
1.4
1.40001
1.40001
1.40001
1.4
1.4
1.40001
1.4
1.40001
1.4
1.4
1.40001
1.40001
1.40001
1.40002
1.40003
1.40006
1.4001
1.40014
1.40022
1.40034
1.40047
1.40066
1.40096
1.40145
1.40235
1.40405
1.40714
1.41242
1.42063
1.43149
1.44266
1.45066
1.4531
1.44967
1.44142
1.42988
1.4166
1.40296
1.39014
1.37898
1.37008
1.36375
1.36
1.35855
1.35885
1.36025
1.36208
1.36376
1.36487
1.36521
1.36473
1.36345
1.36135
1.35837
1.35462
1.35053
1.34685
1.34449
1.34437
1.34725
1.3537
1.36397
1.37783
1.39431
1.41168
1.42766
1.44002
1.44722
1.44889
1.44584
1.4396
1.43189
1.42414
1.41726
1.4117
1.40751
1.40455
1.40257
1.40132
1.40058
1.40018
1.40004
1.39993
1.39989
1.39989
1.39991
1.39994
1.39996
1.39997
1.39998
1.39999
1.4
1.4
1.4
1.4
1.4
1.4
1.4
1.4
1.40001
1.4
1.40001
1.40001
1.40001
1.4
1.40001
1.4
1.40001
1.40001
1.4
1.40001
1.40001
1.40001
1.40003
1.40004
1.40006
1.40011
1.40016
1.40024
1.40037
1.40052
1.40073
1.40109
1.40172
1.40286
1.40502
1.40892
1.41541
1.42504
1.4367
1.44703
1.45247
1.45157
1.445
1.43431
1.42114
1.40701
1.3933
1.38111
1.37125
1.36423
1.36023
1.35909
1.36026
1.36294
1.36628
1.3695
1.37203
1.37354
1.37401
1.37356
1.37234
1.37029
1.36716
1.36276
1.35725
1.35139
1.34632
1.34331
1.34341
1.34739
1.35564
1.36806
1.38392
1.40168
1.41914
1.43387
1.44389
1.44825
1.44728
1.44231
1.43508
1.42721
1.41989
1.41376
1.40901
1.40558
1.40324
1.40173
1.40082
1.40031
1.40013
1.39997
1.39991
1.3999
1.39991
1.39993
1.39995
1.39997
1.39998
1.39999
1.4
1.4
1.4
1.4
1.4
1.4
1.4
1.4
1.40001
1.4
1.40001
1.40001
1.40001
1.4
1.40001
1.4
1.4
1.40001
1.4
1.40001
1.40001
1.40001
1.40003
1.40004
1.40006
1.40012
1.40018
1.40026
1.4004
1.40058
1.40081
1.40124
1.40203
1.40346
1.40616
1.41097
1.41876
1.42964
1.44143
1.45009
1.45254
1.44846
1.43929
1.42677
1.41252
1.39805
1.38474
1.37365
1.36556
1.36087
1.35959
1.36128
1.36508
1.36989
1.37463
1.3785
1.38103
1.38214
1.38209
1.38132
1.3802
1.37871
1.37637
1.37248
1.36667
1.35937
1.35182
1.3457
1.34257
1.34355
1.34927
1.35978
1.37451
1.3921
1.41046
1.42705
1.43956
1.44653
1.4478
1.44435
1.43787
1.43012
1.4225
1.41587
1.4106
1.4067
1.40398
1.4022
1.4011
1.40047
1.40023
1.40002
1.39993
1.39991
1.39991
1.39993
1.39995
1.39997
1.39998
1.39999
1.4
1.4
1.4
1.4
1.4
1.4
1.4
1.4
1.40001
1.4
1.40001
1.4
1.40001
1.4
1.40001
1.40001
1.4
1.40001
1.4
1.40001
1.40001
1.40001
1.40003
1.40005
1.40006
1.40013
1.4002
1.40027
1.40043
1.40064
1.40089
1.4014
1.4024
1.40418
1.40746
1.41329
1.4224
1.43415
1.44533
1.45172
1.45116
1.44432
1.43307
1.41922
1.40435
1.38996
1.37745
1.36789
1.36199
1.35999
1.36166
1.3662
1.37232
1.37853
1.38359
1.38675
1.38787
1.38727
1.38568
1.38398
1.38287
1.38247
1.3821
1.38046
1.3763
1.36927
1.36035
1.35152
1.34498
1.34251
1.34516
1.35324
1.36634
1.38323
1.40193
1.41988
1.4345
1.44392
1.44745
1.44571
1.44021
1.43279
1.42502
1.41799
1.41224
1.40788
1.40479
1.40272
1.40142
1.40065
1.40035
1.40008
1.39996
1.39992
1.39992
1.39993
1.39995
1.39997
1.39998
1.39999
1.4
1.4
1.4
1.4
1.4
1.4
1.40001
1.4
1.40001
1.4
1.40001
1.4
1.40001
1.4
1.40001
1.4
1.4
1.40001
1.4
1.40001
1.40002
1.40001
1.40003
1.40006
1.40006
1.40013
1.40023
1.40028
1.40044
1.4007
1.40099
1.40158
1.40282
1.405
1.40894
1.41583
1.42619
1.43832
1.4482
1.45205
1.44875
1.43959
1.4267
1.41193
1.39682
1.38288
1.37153
1.36387
1.36051
1.36145
1.3661
1.37315
1.38076
1.38704
1.39066
1.39114
1.38888
1.38486
1.38045
1.37704
1.37573
1.37687
1.37966
1.38224
1.38228
1.3782
1.37011
1.35992
1.35047
1.34441
1.34356
1.34869
1.35963
1.37531
1.39384
1.41266
1.429
1.44062
1.44635
1.4464
1.44207
1.43516
1.4274
1.42007
1.41389
1.4091
1.40564
1.40328
1.40177
1.40086
1.40048
1.40016
1.4
1.39994
1.39993
1.39994
1.39995
1.39997
1.39998
1.39999
1.4
1.4
1.4
1.4
1.4
1.4
1.4
1.4
1.40001
1.40001
1.4
1.4
1.40001
1.4
1.40001
1.40001
1.4
1.40001
1.4
1.4
1.40003
1.40001
1.40002
1.40008
1.40007
1.40012
1.40026
1.4003
1.40044
1.40076
1.40111
1.40176
1.40327
1.40594
1.41056
1.41852
1.42993
1.44192
1.45002
1.45134
1.44567
1.4346
1.42041
1.40507
1.39007
1.37688
1.36701
1.36157
1.36098
1.36492
1.37226
1.38102
1.38872
1.39308
1.39287
1.38822
1.38039
1.37124
1.36279
1.35698
1.35531
1.35834
1.36527
1.3738
1.38059
1.38254
1.37831
1.36912
1.35814
1.34898
1.34451
1.34629
1.35459
1.36857
1.38643
1.40564
1.42329
1.43682
1.44462
1.44649
1.44344
1.43719
1.42959
1.42207
1.41553
1.41034
1.40652
1.40387
1.40215
1.40109
1.40063
1.40024
1.40005
1.39996
1.39994
1.39994
1.39995
1.39997
1.39998
1.39999
1.39999
1.4
1.4
1.4
1.4
1.4
1.4
1.40001
1.4
1.4
1.40001
1.4
1.40001
1.4
1.4
1.40001
1.4
1.40001
1.40001
1.39999
1.40003
1.40001
1.40001
1.40009
1.40008
1.4001
1.40028
1.40033
1.40042
1.40081
1.40125
1.40196
1.40375
1.40698
1.41232
1.42126
1.43345
1.44486
1.45094
1.44988
1.44222
1.4296
1.41438
1.39875
1.38417
1.37201
1.36384
1.36083
1.36313
1.36987
1.37922
1.38839
1.39418
1.39413
1.38745
1.37526
1.35996
1.34433
1.33102
1.32238
1.32028
1.32555
1.3374
1.35316
1.36868
1.3794
1.38219
1.37694
1.36654
1.35543
1.34771
1.34601
1.3513
1.36314
1.37989
1.39904
1.41759
1.43271
1.44241
1.44605
1.44434
1.43888
1.43156
1.42395
1.41712
1.41157
1.40741
1.40449
1.40255
1.40134
1.40079
1.40033
1.4001
1.39999
1.39995
1.39995
1.39996
1.39997
1.39998
1.39999
1.39999
1.4
1.4
1.4
1.4
1.4
1.4
1.40001
1.4
1.40001
1.40001
1.4
1.40001
1.40001
1.4
1.40001
1.4
1.40001
1.40002
1.39999
1.40003
1.40003
1.39999
1.40009
1.4001
1.40007
1.40028
1.40038
1.4004
1.40083
1.40143
1.4022
1.40423
1.40809
1.41421
1.42396
1.43659
1.44717
1.45116
1.4479
1.43859
1.42475
1.40873
1.39303
1.37914
1.36823
1.36192
1.36144
1.36654
1.37559
1.38585
1.39363
1.39523
1.38826
1.37276
1.35111
1.32698
1.30399
1.2852
1.27331
1.27071
1.27868
1.29636
1.32051
1.34618
1.36761
1.38
1.38151
1.37416
1.36276
1.35257
1.34757
1.34971
1.35908
1.37433
1.39302
1.4121
1.42849
1.43987
1.44518
1.44482
1.44023
1.43328
1.42567
1.41862
1.41277
1.40829
1.4051
1.40296
1.4016
1.40096
1.40044
1.40016
1.40003
1.39997
1.39996
1.39996
1.39997
1.39998
1.39999
1.39999
1.4
1.4
1.4
1.4
1.4
1.4
1.40001
1.4
1.40001
1.40001
1.4
1.40001
1.40001
1.4
1.40001
1.4
1.4
1.40003
1.39998
1.40002
1.40005
1.39998
1.40008
1.40014
1.40005
1.40025
1.40044
1.40039
1.40081
1.40162
1.40248
1.40469
1.40923
1.41617
1.42651
1.43925
1.4489
1.4509
1.44556
1.4349
1.42021
1.40358
1.38794
1.37498
1.36549
1.36107
1.36306
1.3707
1.38127
1.39095
1.39537
1.39063
1.37477
1.34876
1.31629
1.28221
1.25089
1.22565
1.20963
1.20619
1.21748
1.24245
1.27672
1.31401
1.34756
1.37134
1.38186
1.37987
1.36999
1.35845
1.35061
1.34962
1.35634
1.3698
1.3877
1.40695
1.42431
1.43712
1.44398
1.44494
1.44125
1.43475
1.42722
1.42002
1.41391
1.40915
1.40571
1.40337
1.40187
1.40113
1.40054
1.40022
1.40006
1.39999
1.39997
1.39997
1.39997
1.39998
1.39999
1.39999
1.4
1.4
1.4
1.4
1.4
1.4
1.4
1.4
1.4
1.40001
1.4
1.4
1.40001
1.4
1.40001
1.40001
1.39999
1.40003
1.39999
1.4
1.40007
1.39998
1.40004
1.40018
1.40004
1.40018
1.4005
1.40041
1.40075
1.40179
1.40284
1.40513
1.41032
1.41817
1.42887
1.44138
1.45015
1.45036
1.44303
1.43124
1.41609
1.39903
1.38346
1.37158
1.36367
1.36105
1.36529
1.37502
1.38609
1.39357
1.39286
1.38032
1.35443
1.31675
1.27206
1.22648
1.18515
1.15174
1.13013
1.12524
1.14069
1.17518
1.22222
1.27327
1.32035
1.35669
1.37778
1.38301
1.37639
1.36473
1.35469
1.35077
1.35479
1.36627
1.38312
1.40226
1.42029
1.43431
1.44255
1.44475
1.44197
1.43596
1.42859
1.4213
1.41497
1.40997
1.4063
1.40378
1.40214
1.4013
1.40065
1.40029
1.4001
1.40002
1.39998
1.39998
1.39998
1.39998
1.39999
1.4
1.4
1.4
1.4
1.4
1.4
1.4
1.4
1.4
1.40001
1.40001
1.4
1.4
1.40001
1.4
1.40001
1.40001
1.39999
1.40003
1.4
1.39998
1.40008
1.4
1.39999
1.40021
1.40007
1.40009
1.40053
1.40048
1.40066
1.4019
1.40326
1.4056
1.4113
1.42012
1.43107
1.44302
1.45095
1.44972
1.44052
1.42766
1.41242
1.39518
1.37958
1.36881
1.36264
1.36164
1.36771
1.37896
1.38944
1.39325
1.38624
1.36538
1.32895
1.27844
1.21958
1.16015
1.10651
1.06299
1.0344
1.02772
1.04841
1.09482
1.15766
1.22511
1.2873
1.33709
1.36959
1.38332
1.38143
1.37087
1.35939
1.35289
1.35426
1.36366
1.37928
1.39808
1.41654
1.43153
1.44099
1.44434
1.44243
1.43694
1.42976
1.42243
1.41594
1.41073
1.40686
1.40417
1.4024
1.40146
1.40075
1.40036
1.40015
1.40004
1.4
1.39999
1.39998
1.39999
1.39999
1.4
1.4
1.4
1.4
1.4
1.4
1.4
1.40001
1.4
1.4
1.40001
1.4
1.4
1.40001
1.4
1.4
1.40002
1.39999
1.40002
1.40002
1.39996
1.40007
1.40004
1.39994
1.4002
1.40014
1.4
1.4005
1.4006
1.40059
1.40192
1.40371
1.40612
1.41213
1.4219
1.43313
1.44424
1.45129
1.44908
1.43824
1.42419
1.40913
1.39212
1.37631
1.36648
1.36222
1.36262
1.36989
1.38204
1.39109
1.39019
1.37641
1.34741
1.30028
1.23554
1.16011
1.08426
1.01642
0.961844
0.92629
0.918529
0.945519
1.00516
1.0856
1.17142
1.25014
1.31393
1.35812
1.38092
1.38478
1.3764
1.36431
1.35566
1.35455
1.36187
1.37615
1.39443
1.41312
1.42888
1.43937
1.44376
1.44267
1.4377
1.43074
1.42341
1.4168
1.41142
1.40738
1.40453
1.40265
1.40162
1.40086
1.40042
1.40019
1.40007
1.40002
1.4
1.39999
1.39999
1.39999
1.4
1.4
1.4
1.4
1.4
1.4
1.4
1.40001
1.4
1.4
1.40001
1.4
1.4
1.40001
1.4
1.4
1.40002
1.39999
1.4
1.40004
1.39996
1.40004
1.40008
1.39992
1.40014
1.40021
1.39995
1.40039
1.40072
1.4006
1.40184
1.40411
1.40673
1.4128
1.42339
1.43505
1.44521
1.45122
1.44845
1.4364
1.42095
1.40608
1.38985
1.37374
1.36438
1.36216
1.36387
1.37153
1.38395
1.3912
1.38514
1.36459
1.32799
1.2703
1.19028
1.09634
1.00247
0.920089
0.85566
0.815486
0.808813
0.842616
0.914514
1.01153
1.11553
1.21106
1.28891
1.34454
1.37636
1.38639
1.38097
1.36901
1.35875
1.35543
1.36075
1.37366
1.39132
1.41009
1.42643
1.43779
1.44308
1.44273
1.43825
1.43152
1.42424
1.41754
1.41202
1.40784
1.40487
1.40288
1.40176
1.40096
1.40049
1.40023
1.4001
1.40003
1.40001
1.4
1.4
1.4
1.4
1.4
1.4
1.4
1.4
1.40001
1.4
1.40001
1.4
1.4
1.40001
1.4
1.40001
1.40001
1.40001
1.4
1.40001
1.4
1.39999
1.40004
1.39997
1.4
1.4001
1.39994
1.40006
1.40026
1.39997
1.40023
1.40079
1.4007
1.40171
1.40436
1.40741
1.4134
1.42447
1.43675
1.4461
1.45083
1.44774
1.43513
1.41819
1.40311
1.3882
1.37206
1.3624
1.3621
1.36531
1.37251
1.38453
1.39021
1.37919
1.35192
1.30835
1.24099
1.14603
1.03345
0.921816
0.826467
0.755506
0.71509
0.712529
0.752705
0.833453
0.942942
1.06215
1.17288
1.26385
1.33013
1.37039
1.3865
1.38442
1.37318
1.36183
1.35664
1.36015
1.37175
1.38874
1.40746
1.42424
1.4363
1.44235
1.44265
1.43862
1.43213
1.4249
1.41815
1.41253
1.40823
1.40516
1.40309
1.40189
1.40105
1.40055
1.40027
1.40013
1.40005
1.40002
1.40001
1.4
1.4
1.4
1.4
1.4
1.4
1.4
1.4
1.40001
1.4
1.40001
1.4
1.40001
1.4
1.40001
1.40001
1.40001
1.4
1.40001
1.40001
1.39999
1.40003
1.4
1.39998
1.4001
1.39998
1.39998
1.40024
1.40004
1.40009
1.40075
1.40086
1.40162
1.40441
1.40806
1.41404
1.42516
1.43808
1.44705
1.45035
1.44682
1.43437
1.41624
1.4002
1.38679
1.37141
1.36065
1.36163
1.36684
1.37303
1.38372
1.38854
1.37348
1.33947
1.28933
1.21426
1.10718
0.97862
0.851664
0.746155
0.672686
0.636696
0.640827
0.685855
0.770632
0.886767
1.01624
1.13881
1.24072
1.31613
1.36378
1.38545
1.38674
1.37661
1.36464
1.35797
1.35991
1.37031
1.38665
1.40525
1.42234
1.43495
1.44163
1.44248
1.43884
1.43257
1.42541
1.41864
1.41295
1.40856
1.40541
1.40327
1.402
1.40112
1.40061
1.40031
1.40015
1.40007
1.40003
1.40001
1.40001
1.4
1.4
1.4
1.4
1.4
1.4
1.4
1.40001
1.4
1.40001
1.4
1.40001
1.4
1.40001
1.40001
1.4
1.4
1.40001
1.40001
1.4
1.40002
1.40001
1.39997
1.40006
1.40002
1.39995
1.40017
1.40011
1.40003
1.4006
1.401
1.40165
1.40431
1.40852
1.41472
1.42557
1.43888
1.448
1.4501
1.44572
1.43382
1.41531
1.39767
1.38517
1.37165
1.35957
1.36038
1.36815
1.37357
1.38171
1.38623
1.36905
1.32857
1.27165
1.19129
1.07738
0.938752
0.801108
0.68858
0.615404
0.586473
0.598067
0.645675
0.729677
0.846645
0.981123
1.1115
1.22144
1.30381
1.35727
1.38361
1.388
1.37916
1.36695
1.35919
1.35986
1.36925
1.38501
1.40348
1.42076
1.4338
1.44096
1.44225
1.43893
1.43284
1.42576
1.41899
1.41325
1.40881
1.40561
1.40342
1.40209
1.40119
1.40066
1.40035
1.40018
1.40009
1.40004
1.40002
1.40001
1.40001
1.4
1.40001
1.4
1.4
1.40001
1.4
1.4
1.40001
1.40001
1.4
1.40001
1.4
1.4
1.40001
1.4
1.40001
1.40001
1.40001
1.4
1.40001
1.40001
1.39999
1.40002
1.40004
1.39997
1.40007
1.40013
1.40005
1.40043
1.40101
1.40179
1.40417
1.40867
1.41536
1.42591
1.43915
1.44874
1.45028
1.44472
1.43315
1.4153
1.3961
1.38312
1.37219
1.3597
1.35848
1.36853
1.3746
1.37914
1.38293
1.36629
1.321
1.25657
1.17212
1.05716
0.916689
0.775095
0.658957
0.586785
0.5639
0.581197
0.62927
0.709374
0.822903
0.957866
1.09223
1.20725
1.29421
1.35164
1.38138
1.38832
1.38077
1.36862
1.36015
1.35989
1.3685
1.3838
1.40212
1.41954
1.43286
1.44037
1.44198
1.4389
1.43296
1.42595
1.4192
1.41346
1.40899
1.40575
1.40353
1.40216
1.40124
1.4007
1.40038
1.4002
1.40011
1.40005
1.40003
1.40002
1.40001
1.40001
1.40001
1.40001
1.40001
1.4
1.40001
1.4
1.40001
1.40001
1.4
1.40001
1.40001
1.4
1.40001
1.4
1.4
1.40001
1.4
1.40001
1.40001
1.4
1.40001
1.40001
1.40001
1.4
1.40001
1.40007
1.4001
1.40031
1.4009
1.40192
1.40411
1.40855
1.41574
1.42626
1.43908
1.44905
1.45081
1.44424
1.4323
1.41566
1.39592
1.38109
1.37212
1.36113
1.35681
1.36723
1.37594
1.37731
1.37849
1.36442
1.31831
1.24681
1.15716
1.04375
0.908406
0.770373
0.655267
0.584239
0.563757
0.583184
0.630578
0.70645
0.814825
0.947022
1.08177
1.1988
1.28795
1.34741
1.37918
1.38788
1.38143
1.36955
1.36074
1.3599
1.36799
1.38297
1.40119
1.41868
1.43217
1.43989
1.4417
1.43877
1.43295
1.426
1.41928
1.41355
1.40908
1.40584
1.40361
1.4022
1.40128
1.40073
1.40041
1.40022
1.40012
1.40007
1.40004
1.40002
1.40001
1.40001
1.40001
1.40001
1.40001
1.40001
1.4
1.40001
1.4
1.40001
1.4
1.40001
1.40001
1.4
1.40001
1.4
1.4
1.40001
1.4
1.4
1.40002
1.39999
1.40001
1.40001
1.39997
1.40001
1.40001
1.39998
1.4001
1.40029
1.40072
1.40191
1.40415
1.40831
1.41572
1.42651
1.43894
1.44889
1.45133
1.44453
1.43169
1.41581
1.39691
1.38006
1.37099
1.36296
1.35659
1.36436
1.37633
1.37737
1.37405
1.36185
1.31996
1.24559
1.14985
1.03598
0.907131
0.777674
0.669521
0.601871
0.581163
0.599461
0.645737
0.718666
0.822059
0.949451
1.08123
1.19692
1.28552
1.34497
1.37729
1.3869
1.38123
1.36972
1.36089
1.35983
1.36768
1.38252
1.40069
1.41819
1.43175
1.43954
1.44142
1.43856
1.4328
1.42591
1.41924
1.41354
1.4091
1.40587
1.40365
1.40221
1.40131
1.40075
1.40043
1.40024
1.40013
1.40007
1.40004
1.40002
1.40002
1.40001
1.40001
1.40001
1.40001
1.40001
1.4
1.40001
1.40001
1.40001
1.4
1.40001
1.40001
1.4
1.40001
1.40001
1.4
1.40001
1.4
1.4
1.40002
1.39999
1.39999
1.40003
1.39996
1.39998
1.40003
1.39992
1.40003
1.4003
1.40059
1.40175
1.40416
1.40811
1.41532
1.42643
1.43886
1.44853
1.45152
1.44539
1.43193
1.41573
1.39819
1.38071
1.36957
1.36373
1.35813
1.36156
1.37435
1.3787
1.37207
1.35844
1.32278
1.25296
1.15516
1.03906
0.913667
0.7937
0.697366
0.636613
0.615442
0.630844
0.675261
0.745611
0.84389
0.964845
1.09083
1.20203
1.28732
1.3446
1.37594
1.38552
1.38026
1.36917
1.3606
1.35967
1.36758
1.38245
1.40063
1.4181
1.4316
1.43932
1.44115
1.43827
1.43252
1.42567
1.41906
1.41343
1.40904
1.40585
1.40365
1.40221
1.40132
1.40077
1.40044
1.40025
1.40015
1.40008
1.40005
1.40003
1.40002
1.40001
1.40001
1.40001
1.40001
1.40001
1.40001
1.4
1.40001
1.4
1.4
1.40001
1.4
1.4
1.40001
1.40001
1.4
1.40001
1.40001
1.4
1.40001
1.4
1.39998
1.40002
1.39997
1.39994
1.40002
1.39992
1.39993
1.40026
1.40055
1.4015
1.404
1.40795
1.41475
1.42585
1.43865
1.44826
1.4514
1.44627
1.4332
1.41616
1.39902
1.3825
1.36939
1.363
1.35989
1.36081
1.37055
1.37864
1.37355
1.35713
1.32462
1.26396
1.1727
1.05908
0.937415
0.827745
0.744868
0.691151
0.668546
0.679654
0.720665
0.787032
0.878732
0.99132
1.10911
1.21332
1.29302
1.34626
1.37523
1.38388
1.37864
1.36799
1.35993
1.35946
1.36771
1.38278
1.40101
1.41841
1.43174
1.43925
1.44089
1.4379
1.43212
1.4253
1.41876
1.41321
1.4089
1.40577
1.40362
1.40218
1.40131
1.40077
1.40045
1.40027
1.40015
1.40009
1.40005
1.40003
1.40002
1.40001
1.40001
1.40001
1.40001
1.40001
1.40001
1.4
1.40001
1.4
1.4
1.40001
1.4
1.40001
1.40001
1.4
1.4
1.4
1.40001
1.4
1.40001
1.40001
1.39998
1.4
1.39999
1.39992
1.39997
1.39995
1.39986
1.40015
1.40055
1.40131
1.40364
1.4077
1.41416
1.42485
1.43804
1.44814
1.45134
1.44686
1.43498
1.4178
1.39977
1.38411
1.37099
1.36227
1.35997
1.36184
1.3678
1.37576
1.37555
1.3604
1.32828
1.27466
1.19513
1.09281
0.982818
0.888055
0.817005
0.766105
0.739799
0.745643
0.781703
0.841988
0.925061
1.02724
1.1346
1.22958
1.3018
1.34955
1.37505
1.38204
1.37648
1.36628
1.35898
1.35927
1.36812
1.38355
1.40187
1.41913
1.43215
1.4393
1.44064
1.43745
1.43159
1.4248
1.41834
1.41289
1.40868
1.40564
1.40355
1.40213
1.40129
1.40077
1.40046
1.40027
1.40016
1.4001
1.40006
1.40004
1.40002
1.40002
1.40001
1.40001
1.40001
1.40001
1.40001
1.40001
1.4
1.40001
1.4
1.40001
1.4
1.4
1.40001
1.4
1.40001
1.4
1.40001
1.4
1.4
1.4
1.39999
1.39998
1.39999
1.39993
1.39991
1.39994
1.39985
1.40001
1.40047
1.40119
1.40322
1.40724
1.41355
1.42365
1.43689
1.44785
1.45159
1.44739
1.43663
1.42049
1.40157
1.38515
1.37306
1.36326
1.35891
1.36202
1.36752
1.37259
1.37476
1.36528
1.33684
1.28778
1.2187
1.13241
1.04256
0.965752
0.90279
0.852111
0.823195
0.825279
0.856049
0.908664
0.981364
1.07137
1.16633
1.25006
1.31307
1.35404
1.3752
1.38
1.37388
1.36418
1.35788
1.35921
1.36889
1.38479
1.40322
1.42024
1.43282
1.43948
1.44038
1.43692
1.43094
1.42417
1.4178
1.41249
1.4084
1.40546
1.40345
1.40205
1.40126
1.40076
1.40046
1.40028
1.40017
1.4001
1.40006
1.40004
1.40002
1.40002
1.40001
1.40001
1.40001
1.40001
1.40001
1.40001
1.40001
1.40001
1.40001
1.4
1.40001
1.4
1.4
1.40001
1.4
1.40001
1.4
1.4
1.4
1.4
1.4
1.39998
1.39997
1.39994
1.39989
1.39989
1.39986
1.39991
1.40033
1.40106
1.40283
1.4066
1.41275
1.42238
1.43534
1.44712
1.45198
1.44826
1.43811
1.42334
1.40478
1.38685
1.37435
1.36535
1.35905
1.36045
1.36723
1.37184
1.37293
1.36751
1.34669
1.30583
1.24794
1.17857
1.10813
1.04376
0.985819
0.938641
0.912263
0.913447
0.939175
0.983277
1.04462
1.12127
1.20237
1.27337
1.32593
1.35924
1.37547
1.37772
1.37096
1.36187
1.35679
1.35942
1.37012
1.38658
1.40507
1.42175
1.43373
1.43974
1.44009
1.43628
1.43016
1.42341
1.41716
1.41199
1.40806
1.40524
1.40331
1.40197
1.40121
1.40074
1.40045
1.40028
1.40017
1.4001
1.40006
1.40004
1.40003
1.40002
1.40001
1.40001
1.40001
1.40001
1.40001
1.4
1.40001
1.4
1.40001
1.4
1.40001
1.4
1.40001
1.4
1.4
1.40001
1.40001
1.4
1.40001
1.39999
1.39999
1.39999
1.39995
1.39993
1.39989
1.39985
1.39983
1.39987
1.40019
1.40088
1.40248
1.4059
1.41174
1.42095
1.43357
1.44591
1.45214
1.44951
1.4399
1.42594
1.4086
1.39025
1.37574
1.3667
1.36071
1.35945
1.365
1.37154
1.3733
1.36877
1.35378
1.32505
1.28382
1.23222
1.17408
1.11543
1.06383
1.02526
1.00458
1.00541
1.02557
1.06075
1.11064
1.17362
1.24006
1.29745
1.33899
1.36434
1.37548
1.37515
1.36781
1.35952
1.35591
1.36005
1.3719
1.38895
1.40743
1.42363
1.43485
1.44004
1.43975
1.43552
1.42924
1.42252
1.41641
1.41142
1.40766
1.40498
1.40316
1.40186
1.40116
1.40071
1.40044
1.40027
1.40017
1.4001
1.40007
1.40004
1.40003
1.40002
1.40001
1.40001
1.40001
1.40001
1.40001
1.4
1.40001
1.4
1.4
1.40001
1.40001
1.4
1.40001
1.40001
1.4
1.40001
1.40001
1.4
1.40001
1.4
1.39998
1.39999
1.39996
1.39992
1.39989
1.39984
1.39978
1.39982
1.40009
1.40067
1.40209
1.4052
1.4106
1.41929
1.43156
1.44434
1.45187
1.45076
1.44218
1.4287
1.41223
1.39471
1.37884
1.36767
1.36182
1.36004
1.36301
1.36949
1.37411
1.37195
1.36104
1.34318
1.31809
1.28069
1.23132
1.18112
1.14105
1.11247
1.09588
1.09494
1.10918
1.13585
1.1751
1.22508
1.27704
1.32065
1.35108
1.3686
1.3749
1.37222
1.36455
1.35733
1.35542
1.36126
1.37434
1.39195
1.4103
1.42583
1.43611
1.44035
1.4393
1.43462
1.42819
1.42151
1.41557
1.41079
1.40721
1.40468
1.40298
1.40175
1.40109
1.40068
1.40042
1.40027
1.40017
1.4001
1.40007
1.40004
1.40003
1.40002
1.40001
1.40001
1.40001
1.40001
1.40001
1.40001
1.4
1.40001
1.4
1.40001
1.4
1.40001
1.40001
1.40001
1.4
1.40001
1.40001
1.4
1.4
1.4
1.39998
1.39998
1.39996
1.39992
1.39987
1.39984
1.39976
1.39975
1.39999
1.40049
1.40168
1.40446
1.40943
1.41746
1.42922
1.44239
1.45124
1.45179
1.44465
1.43199
1.41597
1.3992
1.38343
1.37025
1.36221
1.3603
1.36272
1.36754
1.37301
1.37473
1.36975
1.35996
1.34337
1.31424
1.27545
1.23962
1.21289
1.19175
1.17725
1.17467
1.18423
1.20389
1.23396
1.27222
1.31068
1.34129
1.36127
1.37155
1.37352
1.36895
1.36134
1.35551
1.35555
1.36321
1.37753
1.39559
1.41365
1.42831
1.43745
1.4406
1.43872
1.43357
1.42699
1.42039
1.41465
1.41009
1.40672
1.40437
1.40278
1.40163
1.40102
1.40064
1.40041
1.40026
1.40016
1.4001
1.40007
1.40004
1.40003
1.40002
1.40001
1.40001
1.40001
1.40001
1.40001
1.4
1.40001
1.40001
1.4
1.40001
1.40001
1.4
1.40001
1.40001
1.4
1.4
1.40001
1.4
1.4
1.4
1.39999
1.39997
1.39996
1.39992
1.39986
1.39982
1.39976
1.39971
1.39988
1.40032
1.40133
1.40368
1.40819
1.41558
1.42662
1.43992
1.45017
1.4526
1.44704
1.43553
1.42026
1.4038
1.38836
1.37457
1.36399
1.36006
1.36213
1.36641
1.37146
1.37514
1.37534
1.37158
1.36095
1.34002
1.31341
1.29074
1.27299
1.25642
1.24426
1.24173
1.24835
1.26253
1.28475
1.31242
1.33855
1.35753
1.36848
1.37274
1.37128
1.36547
1.35842
1.35432
1.3565
1.36604
1.38154
1.39989
1.41741
1.43097
1.43878
1.44071
1.43796
1.43234
1.42564
1.41917
1.41365
1.40935
1.40621
1.40403
1.40257
1.4015
1.40095
1.4006
1.40038
1.40024
1.40016
1.4001
1.40006
1.40004
1.40003
1.40002
1.40001
1.40001
1.40001
1.40001
1.40001
1.40001
1.4
1.40001
1.4
1.40001
1.4
1.40001
1.40001
1.40001
1.4
1.40001
1.4
1.4
1.4
1.4
1.39999
1.39998
1.39995
1.39992
1.39987
1.39981
1.39974
1.39971
1.39977
1.40013
1.40103
1.40297
1.40687
1.41364
1.42392
1.43694
1.4484
1.45308
1.44934
1.43909
1.42487
1.40898
1.3936
1.37941
1.36775
1.36145
1.36072
1.36398
1.36953
1.37466
1.37797
1.37931
1.37552
1.36307
1.34644
1.33269
1.32061
1.30776
1.29859
1.29701
1.30144
1.31084
1.32595
1.34399
1.35918
1.36834
1.37216
1.37197
1.36823
1.362
1.35605
1.354
1.35847
1.36987
1.38639
1.40479
1.42151
1.43371
1.44
1.44063
1.43698
1.43092
1.42415
1.41784
1.4126
1.40858
1.40568
1.40368
1.40236
1.40136
1.40087
1.40056
1.40036
1.40023
1.40015
1.4001
1.40006
1.40004
1.40003
1.40002
1.40001
1.40001
1.40001
1.40001
1.40001
1.4
1.40001
1.4
1.40001
1.40001
1.4
1.40001
1.40001
1.40001
1.4
1.4
1.40001
1.4
1.4
1.4
1.39999
1.39998
1.39996
1.39991
1.39988
1.39982
1.39972
1.3997
1.39973
1.39993
1.40073
1.40238
1.40558
1.41159
1.42114
1.43362
1.4459
1.45285
1.45143
1.44277
1.42952
1.41455
1.39949
1.3847
1.37249
1.36465
1.36059
1.36107
1.36646
1.37395
1.38092
1.38594
1.38533
1.37772
1.36908
1.36312
1.3558
1.34643
1.34063
1.34018
1.34243
1.34734
1.356
1.36558
1.37179
1.37357
1.3725
1.36956
1.36474
1.35888
1.35455
1.35483
1.36163
1.37476
1.39207
1.41022
1.42581
1.43639
1.44101
1.44026
1.43573
1.4293
1.42253
1.41644
1.4115
1.40778
1.40513
1.40333
1.40214
1.40123
1.40079
1.40051
1.40033
1.40021
1.40014
1.40009
1.40006
1.40004
1.40002
1.40002
1.40001
1.40001
1.40001
1.40001
1.40001
1.4
1.40001
1.4
1.40001
1.40001
1.4
1.40001
1.40001
1.4
1.4
1.40001
1.4
1.4
1.4
1.4
1.39999
1.39998
1.39997
1.39992
1.39988
1.39984
1.39971
1.39967
1.39972
1.3998
1.40041
1.40184
1.40445
1.40956
1.41819
1.43005
1.44284
1.45165
1.45291
1.44644
1.43437
1.42029
1.40569
1.39082
1.37803
1.36872
1.3625
1.36067
1.36443
1.37176
1.37972
1.38566
1.387
1.38536
1.38492
1.38399
1.37889
1.373
1.37089
1.37081
1.37034
1.37126
1.37457
1.37735
1.37695
1.37401
1.3703
1.3662
1.36134
1.35656
1.35425
1.35701
1.3661
1.38076
1.39852
1.41604
1.43016
1.43886
1.44167
1.43954
1.4342
1.42748
1.42079
1.41498
1.41038
1.40698
1.40459
1.40298
1.40192
1.4011
1.40072
1.40047
1.4003
1.4002
1.40013
1.40008
1.40005
1.40004
1.40002
1.40002
1.40001
1.40001
1.40001
1.40001
1.40001
1.40001
1.40001
1.40001
1.4
1.4
1.40001
1.4
1.4
1.40001
1.4
1.40001
1.4
1.4
1.4
1.4
1.39999
1.39998
1.39997
1.39993
1.39988
1.39984
1.39973
1.39965
1.39968
1.39972
1.40016
1.4013
1.40345
1.40773
1.41515
1.42622
1.43921
1.44957
1.45351
1.44957
1.43937
1.42638
1.41205
1.39741
1.38446
1.37392
1.36623
1.36284
1.36365
1.36716
1.37291
1.3799
1.38607
1.39123
1.39497
1.39491
1.39197
1.39041
1.39033
1.38845
1.38513
1.38335
1.38291
1.38092
1.37648
1.3713
1.36683
1.36277
1.35865
1.35546
1.35546
1.36075
1.37195
1.38781
1.40562
1.42207
1.43436
1.44096
1.44188
1.43841
1.43236
1.42547
1.41895
1.41348
1.40926
1.40619
1.40406
1.40264
1.40171
1.40098
1.40064
1.40042
1.40028
1.40018
1.40012
1.40008
1.40005
1.40003
1.40002
1.40001
1.40001
1.40001
1.40001
1.40001
1.40001
1.40001
1.40001
1.4
1.40001
1.40001
1.4
1.40001
1.40001
1.4
1.4
1.4
1.40001
1.4
1.40001
1.4
1.39999
1.39999
1.39997
1.39993
1.3999
1.39984
1.39974
1.39968
1.39964
1.39965
1.40001
1.40082
1.40255
1.4061
1.41229
1.4222
1.43492
1.44668
1.45313
1.45179
1.44408
1.43267
1.41878
1.40439
1.39149
1.38038
1.37156
1.36589
1.36317
1.36387
1.36896
1.37668
1.38396
1.38978
1.39376
1.39558
1.39668
1.39777
1.39679
1.39289
1.3887
1.38611
1.38345
1.37868
1.37257
1.36722
1.36331
1.3601
1.35724
1.35597
1.3584
1.36613
1.37916
1.39581
1.41315
1.42808
1.43818
1.4425
1.44154
1.43683
1.43022
1.42329
1.41705
1.41198
1.40815
1.40542
1.40355
1.40231
1.4015
1.40086
1.40057
1.40037
1.40025
1.40016
1.40011
1.40007
1.40005
1.40003
1.40002
1.40001
1.40001
1.40001
1.40001
1.40001
1.40001
1.40001
1.40001
1.40001
1.4
1.40001
1.4
1.4
1.40001
1.4
1.4
1.40001
1.4
1.4
1.4
1.4
1.39999
1.39999
1.39997
1.39994
1.39992
1.39985
1.39974
1.39972
1.39963
1.39958
1.39988
1.40046
1.40178
1.4046
1.40974
1.41824
1.4301
1.44287
1.45161
1.45305
1.44814
1.43862
1.4258
1.412
1.3991
1.38755
1.37768
1.37002
1.36553
1.36539
1.3687
1.37273
1.37675
1.38184
1.38721
1.3912
1.39366
1.39438
1.39252
1.38902
1.38598
1.38339
1.37938
1.37351
1.36762
1.36341
1.36077
1.3588
1.35751
1.35835
1.36322
1.37318
1.38765
1.40453
1.42086
1.43376
1.44137
1.44331
1.44054
1.43478
1.4278
1.42098
1.41511
1.41048
1.40708
1.40469
1.40307
1.402
1.40131
1.40075
1.4005
1.40033
1.40022
1.40015
1.4001
1.40006
1.40004
1.40003
1.40002
1.40001
1.40001
1.40001
1.40001
1.40001
1.40001
1.40001
1.40001
1.4
1.40001
1.40001
1.4
1.40001
1.4
1.40001
1.4
1.40001
1.40001
1.4
1.4
1.4
1.39999
1.39999
1.39998
1.39994
1.39993
1.39987
1.39977
1.39973
1.39963
1.39958
1.39975
1.40019
1.4012
1.40332
1.40746
1.41449
1.42512
1.4381
1.44872
1.45318
1.45126
1.44391
1.43272
1.42001
1.40735
1.39533
1.3846
1.3762
1.37098
1.36852
1.36742
1.36782
1.37131
1.37703
1.38178
1.38443
1.38609
1.38667
1.38543
1.38323
1.38109
1.3782
1.37354
1.36801
1.3636
1.36115
1.35998
1.35935
1.35975
1.36276
1.36996
1.38181
1.39718
1.41368
1.42838
1.4388
1.44369
1.44326
1.43886
1.43227
1.42514
1.41859
1.41318
1.40904
1.40606
1.404
1.40262
1.40172
1.40113
1.40064
1.40043
1.40029
1.40019
1.40013
1.40009
1.40006
1.40004
1.40002
1.40002
1.40001
1.40001
1.40001
1.40001
1.40001
1.40001
1.4
1.40001
1.4
1.4
1.40001
1.4
1.40001
1.40001
1.40001
1.4
1.40001
1.4
1.4
1.40001
1.4
1.4
1.4
1.39998
1.39995
1.39994
1.39987
1.39981
1.39975
1.39963
1.3996
1.39967
1.39995
1.40073
1.40235
1.4055
1.41106
1.42025
1.43265
1.44447
1.45184
1.45312
1.44836
1.4392
1.42796
1.41597
1.40387
1.39275
1.38378
1.37709
1.37192
1.36856
1.36849
1.37132
1.37418
1.37567
1.37716
1.37913
1.37997
1.37902
1.37741
1.37552
1.37247
1.36817
1.3641
1.36173
1.36108
1.36128
1.36199
1.36413
1.36928
1.37855
1.39182
1.40745
1.42286
1.4353
1.44284
1.4449
1.44225
1.43648
1.42937
1.42232
1.41618
1.4113
1.40767
1.40511
1.40337
1.40221
1.40146
1.40097
1.40055
1.40037
1.40025
1.40017
1.40011
1.40008
1.40005
1.40003
1.40002
1.40002
1.40001
1.40001
1.40001
1.40001
1.40001
1.40001
1.40001
1.40001
1.4
1.40001
1.40001
1.4
1.4
1.40001
1.40001
1.4
1.40001
1.40001
1.4
1.40001
1.4
1.4
1.4
1.39998
1.39996
1.39995
1.39988
1.39984
1.39978
1.39965
1.39962
1.39964
1.39978
1.40035
1.40161
1.40392
1.40813
1.41568
1.42679
1.43906
1.44887
1.45333
1.45153
1.44492
1.43553
1.42454
1.41284
1.40182
1.3924
1.38442
1.37788
1.37376
1.37232
1.37192
1.37139
1.37163
1.37329
1.37485
1.3748
1.37368
1.37252
1.37097
1.36832
1.36519
1.36305
1.36262
1.36343
1.36475
1.36677
1.37067
1.37782
1.3888
1.40287
1.418
1.43155
1.44116
1.44556
1.44484
1.44024
1.43348
1.42616
1.41941
1.41381
1.40952
1.4064
1.40425
1.4028
1.40184
1.40122
1.40082
1.40047
1.40032
1.40022
1.40015
1.4001
1.40007
1.40004
1.40003
1.40002
1.40001
1.40001
1.40001
1.40001
1.40001
1.40001
1.40001
1.40001
1.40001
1.4
1.40001
1.4
1.40001
1.4
1.40001
1.40001
1.4
1.40001
1.4
1.4
1.40001
1.4
1.4
1.4
1.39998
1.39997
1.39996
1.3999
1.39986
1.3998
1.39969
1.39964
1.39963
1.39969
1.40007
1.40101
1.40271
1.40585
1.41164
1.4209
1.4328
1.4443
1.45161
1.45306
1.44947
1.44229
1.43264
1.42193
1.41159
1.40204
1.39317
1.38567
1.38042
1.37698
1.37434
1.37265
1.37253
1.37319
1.3731
1.37213
1.37121
1.37051
1.36926
1.36729
1.36559
1.36524
1.36631
1.36814
1.3704
1.3737
1.3793
1.3882
1.40037
1.41447
1.42822
1.43916
1.44549
1.44667
1.44343
1.4373
1.42996
1.42276
1.41652
1.41156
1.40787
1.40525
1.40348
1.40229
1.40152
1.40102
1.40069
1.40039
1.40027
1.40018
1.40012
1.40008
1.40006
1.40004
1.40003
1.40002
1.40001
1.40001
1.40001
1.40001
1.40001
1.40001
1.40001
1.4
1.40001
1.4
1.40001
1.40001
1.4
1.40001
1.40001
1.4
1.40001
1.40001
1.4
1.40001
1.4
1.4
1.40001
1.4
1.39999
1.39998
1.39996
1.39992
1.39989
1.39981
1.39973
1.39967
1.39962
1.39964
1.3999
1.40053
1.40177
1.40414
1.40839
1.41552
1.42611
1.43817
1.44786
1.45266
1.45236
1.44772
1.44004
1.43092
1.42139
1.41172
1.40252
1.39488
1.38907
1.38429
1.38027
1.37764
1.37642
1.37551
1.37422
1.37304
1.37243
1.3719
1.37086
1.36969
1.36935
1.37038
1.37242
1.37495
1.37808
1.3827
1.38989
1.40012
1.41272
1.42592
1.4374
1.44507
1.44787
1.44601
1.4407
1.43357
1.42609
1.41931
1.41373
1.40947
1.40638
1.40424
1.4028
1.40186
1.40124
1.40084
1.40057
1.40032
1.40022
1.40015
1.4001
1.40007
1.40005
1.40003
1.40002
1.40002
1.40001
1.40001
1.40001
1.40001
1.40001
1.40001
1.4
1.40001
1.4
1.4
1.40001
1.4
1.40001
1.40001
1.4
1.40001
1.4
1.40001
1.4
1.4
1.40001
1.4
1.40001
1.4
1.39999
1.39999
1.39996
1.39993
1.39991
1.39984
1.39977
1.39971
1.39964
1.39963
1.39979
1.4002
1.40107
1.40284
1.40591
1.41114
1.41967
1.43094
1.44207
1.44997
1.45308
1.45147
1.44634
1.43907
1.43049
1.42141
1.4129
1.40557
1.39904
1.393
1.38809
1.38482
1.38259
1.38052
1.37866
1.3775
1.37695
1.37635
1.37558
1.37524
1.37601
1.37792
1.38054
1.38363
1.38768
1.39359
1.40208
1.41299
1.42509
1.43637
1.44471
1.44869
1.44805
1.4436
1.43684
1.42927
1.42209
1.41596
1.41115
1.40758
1.40507
1.40336
1.40223
1.40148
1.401
1.40068
1.40047
1.40027
1.40019
1.40013
1.40009
1.40006
1.40004
1.40003
1.40002
1.40001
1.40001
1.40001
1.40001
1.40001
1.40001
1.4
1.40001
1.4
1.40001
1.4
1.40001
1.4
1.40001
1.4
1.40001
1.4
1.4
1.40001
1.4
1.40001
1.4
1.4
1.4
1.4
1.39999
1.39999
1.39997
1.39995
1.39992
1.39986
1.39981
1.39975
1.39967
1.39965
1.39973
1.39997
1.40058
1.40185
1.40405
1.40781
1.41419
1.42361
1.43471
1.44471
1.45111
1.45298
1.45088
1.44586
1.43892
1.43117
1.4235
1.4161
1.40899
1.4027
1.39784
1.3942
1.39106
1.38822
1.38613
1.38494
1.3842
1.3835
1.38305
1.38346
1.385
1.38742
1.39041
1.39407
1.39906
1.40607
1.41529
1.42595
1.43643
1.44478
1.44939
1.44964
1.44598
1.43966
1.43214
1.4247
1.41814
1.41284
1.40883
1.40595
1.40395
1.40262
1.40174
1.40117
1.4008
1.40055
1.40038
1.40022
1.40015
1.40011
1.40007
1.40005
1.40003
1.40002
1.40002
1.40001
1.40001
1.40001
1.40001
1.40001
1.4
1.40001
1.4
1.40001
1.4
1.40001
1.40001
1.4
1.40001
1.4
1.4
1.40001
1.4
1.40001
1.4
1.40001
1.4
1.40001
1.4
1.4
1.4
1.39999
1.39998
1.39996
1.39993
1.39989
1.39985
1.39978
1.39971
1.39968
1.3997
1.39983
1.40025
1.40113
1.40268
1.40537
1.40993
1.41712
1.42682
1.43734
1.44618
1.45154
1.4529
1.45074
1.44606
1.43998
1.43328
1.42634
1.41966
1.41383
1.40897
1.40474
1.40093
1.39784
1.39576
1.39446
1.3935
1.3928
1.39277
1.39376
1.39576
1.39847
1.40179
1.40606
1.41186
1.41948
1.42852
1.43777
1.44551
1.45017
1.45089
1.44782
1.44193
1.43457
1.42701
1.42015
1.41446
1.41005
1.40682
1.40456
1.40302
1.40201
1.40135
1.40092
1.40063
1.40044
1.40031
1.40018
1.40012
1.40009
1.40006
1.40004
1.40003
1.40002
1.40001
1.40001
1.40001
1.40001
1.40001
1.40001
1.40001
1.40001
1.40001
1.4
1.40001
1.40001
1.4
1.40001
1.4
1.4
1.40001
1.4
1.40001
1.40001
1.4
1.40001
1.4
1.4
1.40001
1.4
1.4
1.39999
1.39998
1.39997
1.39995
1.39991
1.39988
1.39982
1.39975
1.39972
1.39971
1.39977
1.40004
1.40062
1.4017
1.40361
1.4068
1.41197
1.41958
1.42911
1.43886
1.44679
1.45148
1.45265
1.45091
1.44717
1.44211
1.43633
1.4305
1.4251
1.42019
1.41573
1.41188
1.40894
1.40689
1.40541
1.40433
1.40381
1.4042
1.40561
1.40784
1.41072
1.41434
1.41908
1.42523
1.4326
1.44031
1.44696
1.45112
1.45186
1.4491
1.44357
1.43643
1.42888
1.42186
1.41589
1.41118
1.40765
1.40514
1.40342
1.40227
1.40152
1.40103
1.40071
1.40049
1.40035
1.40025
1.40014
1.4001
1.40007
1.40005
1.40003
1.40002
1.40002
1.40001
1.40001
1.40001
1.40001
1.40001
1.40001
1.40001
1.40001
1.4
1.40001
1.40001
1.4
1.40001
1.40001
1.4
1.40001
1.4
1.4
1.40001
1.4
1.40001
1.4
1.4
1.40001
1.4
1.4
1.4
1.4
1.39999
1.39998
1.39996
1.39993
1.3999
1.39985
1.3998
1.39976
1.39973
1.39976
1.39992
1.40028
1.40101
1.40235
1.40457
1.40816
1.41372
1.4214
1.43045
1.43931
1.44642
1.45088
1.45252
1.45164
1.44878
1.44471
1.4402
1.43566
1.43124
1.42713
1.42365
1.42094
1.41889
1.41733
1.41631
1.41609
1.41681
1.4184
1.42068
1.4236
1.42733
1.43208
1.43775
1.44373
1.44894
1.45216
1.45251
1.44978
1.44448
1.43759
1.43017
1.42313
1.41704
1.41212
1.40838
1.40567
1.40378
1.40251
1.40167
1.40113
1.40077
1.40054
1.40038
1.40027
1.4002
1.40011
1.40008
1.40006
1.40004
1.40003
1.40002
1.40001
1.40001
1.40001
1.40001
1.40001
1.40001
1.4
1.40001
1.4
1.4
1.40001
1.4
1.40001
1.4
1.4
1.40001
1.4
1.40001
1.4
1.40001
1.4
1.40001
1.40001
1.4
1.40001
1.4
1.4
1.4
1.4
1.4
1.39999
1.39997
1.39995
1.39992
1.39988
1.39984
1.3998
1.39976
1.39977
1.39986
1.40008
1.40056
1.40146
1.40299
1.40546
1.40935
1.41503
1.42241
1.43072
1.4388
1.44546
1.44993
1.45196
1.45189
1.45033
1.4478
1.44467
1.44125
1.43795
1.43508
1.43272
1.43082
1.42941
1.42864
1.42869
1.42955
1.4311
1.43321
1.43591
1.43929
1.44328
1.44746
1.45102
1.453
1.45266
1.44973
1.44457
1.43794
1.43077
1.42387
1.41779
1.4128
1.40894
1.4061
1.40409
1.40272
1.40181
1.40121
1.40083
1.40058
1.40041
1.40029
1.40021
1.40015
1.40009
1.40006
1.40004
1.40003
1.40002
1.40002
1.40001
1.40001
1.40001
1.40001
1.40001
1.40001
1.40001
1.4
1.40001
1.4
1.40001
1.4
1.4
1.40001
1.4
1.4
1.40001
1.4
1.4
1.40001
1.4
1.40001
1.40001
1.4
1.4
1.40001
1.4
1.4
1.4
1.4
1.39999
1.39998
1.39996
1.39994
1.39991
1.39987
1.39983
1.3998
1.39979
1.39983
1.39997
1.40028
1.40088
1.4019
1.40358
1.40624
1.41022
1.41574
1.4226
1.43014
1.43743
1.44359
1.44811
1.45084
1.45193
1.45163
1.45034
1.44848
1.44646
1.44453
1.4428
1.44135
1.44032
1.43988
1.44009
1.44087
1.44212
1.44377
1.44584
1.44823
1.45066
1.45255
1.4532
1.45202
1.44878
1.44371
1.43739
1.43057
1.42397
1.41807
1.41316
1.40929
1.40639
1.4043
1.40287
1.4019
1.40127
1.40086
1.4006
1.40042
1.40031
1.40022
1.40016
1.40012
1.40007
1.40005
1.40003
1.40002
1.40002
1.40001
1.40001
1.40001
1.40001
1.40001
1.40001
1.40001
1.40001
1.40001
1.4
1.4
1.40001
1.4
1.40001
1.4
1.40001
1.4
1.4
1.40001
1.4
1.40001
1.4
1.40001
1.4
1.40001
1.4
1.4
1.40001
1.4
1.4
1.4
1.39999
1.39999
1.39997
1.39995
1.39993
1.3999
1.39987
1.39984
1.39982
1.39984
1.39992
1.40011
1.4005
1.40117
1.4023
1.40409
1.40681
1.4107
1.41583
1.422
1.42871
1.43527
1.44104
1.44559
1.44878
1.45067
1.45148
1.45152
1.45107
1.45035
1.44952
1.44877
1.44826
1.44812
1.44834
1.44885
1.44958
1.45049
1.45149
1.45239
1.4528
1.45223
1.45028
1.44676
1.44181
1.43588
1.42955
1.42339
1.41783
1.41313
1.40936
1.4065
1.40441
1.40294
1.40195
1.4013
1.40087
1.4006
1.40043
1.40031
1.40023
1.40017
1.40012
1.40009
1.40005
1.40004
1.40003
1.40002
1.40001
1.40001
1.40001
1.40001
1.40001
1.40001
1.40001
1.40001
1.40001
1.4
1.40001
1.4
1.4
1.40001
1.4
1.40001
1.4
1.40001
1.40001
1.4
1.40001
1.40001
1.4
1.40001
1.40001
1.4
1.40001
1.4
1.40001
1.4
1.4
1.4
1.4
1.39999
1.39998
1.39997
1.39995
1.39993
1.3999
1.39987
1.39986
1.39986
1.3999
1.40002
1.40027
1.40071
1.40145
1.40264
1.40444
1.40709
1.41072
1.41537
1.4208
1.42662
1.43235
1.43759
1.44204
1.44552
1.44805
1.44975
1.45077
1.45129
1.45148
1.45153
1.45156
1.45165
1.45179
1.45193
1.45203
1.45203
1.4518
1.45111
1.44966
1.44717
1.44353
1.43885
1.43343
1.42771
1.42213
1.41705
1.4127
1.40916
1.40642
1.40439
1.40294
1.40195
1.40129
1.40086
1.40059
1.40041
1.4003
1.40022
1.40017
1.40012
1.40009
1.40007
1.40004
1.40003
1.40002
1.40002
1.40001
1.40001
1.40001
1.40001
1.40001
1.40001
1.40001
1.40001
1.40001
1.4
1.40001
1.4
1.40001
1.4
1.40001
1.4
1.4
1.40001
1.40001
1.4
1.40001
1.40001
1.4
1.4
1.4
1.40001
1.4
1.40001
1.4
1.4
1.4
1.4
1.4
1.4
1.39999
1.39998
1.39996
1.39994
1.39992
1.39991
1.39989
1.39988
1.39991
1.39998
1.40013
1.40042
1.40091
1.40168
1.40286
1.40463
1.4071
1.41036
1.41437
1.41899
1.42395
1.42891
1.43355
1.43763
1.44106
1.4438
1.44589
1.44742
1.44849
1.44922
1.44969
1.44994
1.44997
1.44976
1.44928
1.44847
1.4472
1.4453
1.44264
1.43915
1.43491
1.43013
1.42514
1.42026
1.41578
1.41188
1.40867
1.40614
1.40423
1.40285
1.40189
1.40124
1.40082
1.40055
1.40038
1.40028
1.40021
1.40016
1.40012
1.40009
1.40007
1.40005
1.40003
1.40002
1.40002
1.40001
1.40001
1.40001
1.40001
1.40001
1.40001
1.40001
1.40001
1.40001
1.40001
1.4
1.40001
1.40001
1.4
1.40001
1.4
1.40001
1.40001
1.4
1.40001
1.40001
1.4
1.40001
1.4
1.40001
1.4
1.40001
1.4
1.4
1.40001
1.4
1.4
1.4
1.4
1.4
1.39999
1.39998
1.39998
1.39996
1.39994
1.39993
1.39992
1.39991
1.39992
1.39997
1.40007
1.40025
1.40056
1.40107
1.40184
1.40298
1.40461
1.40681
1.40964
1.41303
1.41686
1.42093
1.425
1.42889
1.43244
1.43554
1.43811
1.44017
1.44175
1.44288
1.44361
1.44394
1.44388
1.44343
1.44256
1.44123
1.43936
1.4369
1.43382
1.4302
1.42619
1.42201
1.41791
1.4141
1.41074
1.40792
1.40567
1.40394
1.40266
1.40176
1.40115
1.40075
1.4005
1.40034
1.40024
1.40018
1.40014
1.40011
1.40008
1.40007
1.40005
1.40004
1.40002
1.40002
1.40001
1.40001
1.40001
1.40001
1.40001
1.40001
1.40001
1.40001
1.40001
1.40001
1.4
1.40001
1.4
1.40001
1.40001
1.4
1.40001
1.4
1.40001
1.40001
1.4
1.40001
1.40001
1.4
1.40001
1.4
1.40001
1.4
1.40001
1.40001
1.4
1.40001
1.4
1.4
1.4
1.4
1.4
1.39999
1.39998
1.39997
1.39996
1.39995
1.39994
1.39993
1.39994
1.39997
1.40003
1.40015
1.40036
1.40068
1.40118
1.40192
1.40298
1.40443
1.40632
1.40866
1.4114
1.41445
1.41769
1.42094
1.42406
1.42691
1.42941
1.43152
1.4332
1.43444
1.43523
1.43557
1.43547
1.43491
1.43389
1.4324
1.43041
1.42794
1.42506
1.42187
1.41854
1.41524
1.41214
1.40936
1.40698
1.40505
1.40353
1.4024
1.40159
1.40103
1.40066
1.40043
1.40029
1.4002
1.40015
1.40012
1.40009
1.40007
1.40006
1.40005
1.40004
1.40003
1.40002
1.40001
1.40001
1.40001
1.40001
1.40001
1.40001
1.40001
1.40001
1.40001
1.4
1.40001
1.40001
1.4
1.40001
1.40001
1.4
1.40001
1.4
1.40001
1.40001
1.4
1.40001
1.4
1.40001
1.40001
1.4
1.40001
1.4
1.40001
1.4
1.40001
1.4
1.4
1.40001
1.4
1.4
1.4
1.4
1.39999
1.39999
1.39998
1.39997
1.39997
1.39996
1.39995
1.39996
1.39998
1.40002
1.4001
1.40023
1.40044
1.40076
1.40124
1.40192
1.40285
1.40408
1.40564
1.40752
1.40968
1.41203
1.41447
1.4169
1.41923
1.42134
1.42317
1.42467
1.4258
1.42652
1.42682
1.4267
1.42615
1.42518
1.42379
1.42201
1.41989
1.41751
1.415
1.41247
1.41005
1.40784
1.40592
1.40432
1.40305
1.40208
1.40137
1.40088
1.40055
1.40035
1.40022
1.40015
1.40011
1.40009
1.40007
1.40006
1.40005
1.40004
1.40003
1.40003
1.40002
1.40001
1.40001
1.40001
1.40001
1.40001
1.40001
1.40001
1.40001
1.40001
1.4
1.40001
1.40001
1.4
1.40001
1.4
1.40001
1.40001
1.4
1.40001
1.4
1.40001
1.40001
1.40001
1.4
1.40001
1.40001
1.4
1.40001
1.4
1.4
1.40001
1.4
1.40001
1.4
1.4
1.40001
1.4
1.4
1.4
1.4
1.39999
1.39999
1.39998
1.39998
1.39997
1.39997
1.39997
1.39999
1.40002
1.40007
1.40016
1.4003
1.40051
1.40082
1.40125
1.40184
1.40264
1.40365
1.40487
1.40631
1.40792
1.40964
1.41141
1.41313
1.41474
1.41617
1.41736
1.41825
1.41883
1.41906
1.41893
1.41845
1.41763
1.41648
1.41505
1.41341
1.41162
1.40978
1.40798
1.4063
1.40481
1.40355
1.40252
1.40172
1.40113
1.40071
1.40043
1.40026
1.40015
1.4001
1.40007
1.40005
1.40005
1.40004
1.40004
1.40003
1.40003
1.40002
1.40002
1.40002
1.40001
1.40001
1.40001
1.40001
1.40001
1.40001
1.40001
1.40001
1.4
1.40001
1.4
1.40001
1.40001
1.4
1.4
1.40001
1.4
1.40001
1.4
1.40001
1.40001
1.4
1.40001
1.4
1.40001
1.4
1.40001
1.4
1.40001
1.4
1.40001
1.4
1.4
1.40001
1.4
1.4
1.40001
1.4
1.4
1.4
1.4
1.39999
1.39999
1.39999
1.39998
1.39998
1.39999
1.39999
1.40001
1.40006
1.40012
1.40021
1.40035
1.40055
1.40083
1.40121
1.40171
1.40234
1.40313
1.40406
1.40512
1.40627
1.40747
1.40867
1.4098
1.41082
1.41167
1.41232
1.41273
1.41288
1.41276
1.41237
1.41173
1.41086
1.4098
1.4086
1.40733
1.40606
1.40485
1.40374
1.40278
1.40198
1.40135
1.40088
1.40054
1.40031
1.40016
1.40008
1.40004
1.40002
1.40002
1.40002
1.40002
1.40002
1.40002
1.40002
1.40002
1.40002
1.40001
1.40001
1.40001
1.40001
1.40001
1.40001
1.40001
1.40001
1.40001
1.4
1.40001
1.4
1.40001
1.4
1.4
1.40001
1.4
1.40001
1.40001
1.4
1.40001
1.4
1.4
1.40001
1.4
1.4
1.40001
1.4
1.4
1.40001
1.4
1.40001
1.4
1.40001
1.4
1.4
1.40001
1.4
1.4
1.40001
1.4
1.4
1.4
1.4
1.39999
1.4
1.39999
1.39999
1.39999
1.4
1.40002
1.40004
1.40009
1.40016
1.40025
1.40039
1.40057
1.40081
1.40112
1.40153
1.40202
1.40261
1.40328
1.40401
1.40479
1.40557
1.40632
1.407
1.40757
1.408
1.40826
1.40834
1.40823
1.40793
1.40745
1.40683
1.40608
1.40526
1.4044
1.40356
1.40277
1.40207
1.40148
1.401
1.40063
1.40037
1.40019
1.40008
1.40002
1.39999
1.39998
1.39998
1.39999
1.4
1.40001
1.40001
1.40001
1.40001
1.40001
1.40001
1.40001
1.40001
1.40001
1.40001
1.40001
1.40001
1.40001
1.40001
1.40001
1.40001
1.4
1.40001
1.4
1.40001
1.40001
1.4
1.40001
1.4
1.40001
1.40001
1.4
1.40001
1.4
1.4
1.40001
1.4
1.4
1.40001
1.4
1.4
1.40001
1.4
1.40001
1.4
1.40001
1.4
1.4
1.40001
1.4
1.4
1.40001
1.4
1.4
1.4
1.4
1.39999
1.4
1.4
1.4
1.4
1.40002
1.40004
1.40007
1.40012
1.40019
1.40028
1.4004
1.40056
1.40076
1.40101
1.40131
1.40168
1.40209
1.40255
1.40303
1.40352
1.40399
1.40441
1.40477
1.40503
1.40518
1.40521
1.4051
1.40488
1.40454
1.4041
1.40359
1.40304
1.40249
1.40195
1.40146
1.40104
1.40069
1.40042
1.40022
1.40008
1.4
1.39996
1.39994
1.39994
1.39995
1.39997
1.39998
1.39999
1.4
1.40001
1.40001
1.40001
1.40001
1.40001
1.40001
1.40001
1.40001
1.40001
1.40001
1.40001
1.40001
1.40001
1.40001
1.4
1.40001
1.4
1.40001
1.4
1.4
1.40001
1.4
1.40001
1.4
1.4
1.40001
1.4
1.40001
1.40001
1.4
1.40001
1.4
1.4
1.40001
1.4
1.40001
1.4
1.40001
1.40001
1.4
1.40001
1.4
1.4
1.40001
1.4
1.4
1.40001
1.4
1.4
1.4
1.4
1.4
1.4
1.4
1.40001
1.40001
1.40003
1.40006
1.40009
1.40014
1.40021
1.40029
1.4004
1.40052
1.40068
1.40088
1.4011
1.40135
1.40163
1.40192
1.40221
1.40249
1.40274
1.40294
1.40308
1.40315
1.40314
1.40305
1.40288
1.40264
1.40234
1.402
1.40165
1.4013
1.40097
1.40068
1.40043
1.40024
1.40009
1.4
1.39994
1.39991
1.3999
1.39991
1.39993
1.39994
1.39996
1.39998
1.39999
1.4
1.4
1.40001
1.40001
1.40001
1.40001
1.40001
1.40001
1.40001
1.40001
1.40001
1.40001
1.40001
1.4
1.40001
1.4
1.4
1.40001
1.4
1.4
1.40001
1.4
1.40001
1.4
1.4
1.40001
1.4
1.40001
1.4
1.4
1.40001
1.4
1.40001
1.4
1.40001
1.40001
1.4
1.40001
1.4
1.4
1.40001
1.4
1.40001
1.40001
1.4
1.40001
1.4
1.4
1.4
1.4
1.4
1.4
1.4
1.4
1.4
1.40001
1.40002
1.40002
1.40004
1.40007
1.40011
1.40015
1.40021
1.40029
1.40037
1.40048
1.4006
1.40074
1.40089
1.40105
1.40122
1.40138
1.40154
1.40167
1.40178
1.40185
1.40187
1.40184
1.40176
1.40163
1.40146
1.40126
1.40104
1.40082
1.4006
1.4004
1.40024
1.4001
1.4
1.39993
1.39989
1.39988
1.39988
1.39989
1.39991
1.39993
1.39995
1.39997
1.39998
1.39999
1.4
1.4
1.4
1.40001
1.40001
1.40001
1.40001
1.40001
1.40001
1.40001
1.40001
1.40001
1.40001
1.40001
1.4
1.40001
1.4
1.40001
1.40001
1.40001
1.4
1.40001
1.4
1.40001
1.4
1.4
1.40001
1.4
1.40001
1.40001
1.4
1.40001
1.4
1.40001
1.40001
1.4
1.40001
1.4
1.40001
1.4
1.4
1.40001
1.4
1.40001
1.40001
1.4
1.40001
1.40001
1.4
1.4
1.4
1.4
1.4
1.40001
1.4
1.40001
1.40001
1.40002
1.40004
1.40005
1.40008
1.40012
1.40016
1.40021
1.40027
1.40034
1.40042
1.4005
1.40059
1.40069
1.40079
1.40088
1.40096
1.40103
1.40107
1.40109
1.40109
1.40105
1.40098
1.40088
1.40076
1.40062
1.40048
1.40035
1.40022
1.4001
1.40001
1.39994
1.39989
1.39987
1.39986
1.39986
1.39988
1.3999
1.39992
1.39994
1.39995
1.39997
1.39998
1.39999
1.4
1.4
1.4
1.4
1.40001
1.40001
1.40001
1.40001
1.40001
1.40001
1.40001
1.40001
1.4
1.40001
1.40001
1.4
1.40001
1.4
1.40001
1.40001
1.40001
1.4
1.40001
1.4
1.40001
1.40001
1.4
1.40001
1.4
1.40001
1.40001
1.4
1.40001
1.4
1.40001
1.4
1.40001
1.40001
1.4
1.40001
1.40001
1.4
1.40001
1.4
1.4
1.40001
1.4
1.40001
1.4
1.4
1.4
1.40001
1.4
1.4
1.40001
1.40001
1.40001
1.40002
1.40003
1.40004
1.40006
1.40009
1.40012
1.40015
1.4002
1.40025
1.4003
1.40035
1.40041
1.40047
1.40052
1.40057
1.4006
1.40063
1.40065
1.40064
1.40062
1.40058
1.40052
1.40045
1.40037
1.40027
1.40018
1.40009
1.40002
1.39996
1.39991
1.39988
1.39986
1.39985
1.39986
1.39987
1.39989
1.39991
1.39993
1.39995
1.39996
1.39998
1.39999
1.39999
1.4
1.4
1.4
1.4
1.4
1.40001
1.40001
1.40001
1.4
1.40001
1.4
1.40001
1.40001
1.40001
1.40001
1.40001
1.4
1.40001
1.4
1.40001
1.4
1.40001
1.4
1.40001
1.4
1.40001
1.40001
1.4
1.40001
1.40001
1.4
1.40001
1.4
1.40001
1.40001
1.4
1.40001
1.4
1.40001
1.4
1.40001
1.40001
1.4
1.40001
1.40001
1.40001
1.40001
1.4
1.40001
1.4
1.4
1.4
1.40001
1.40001
1.4
1.40001
1.40001
1.40001
1.40002
1.40003
1.40005
1.40007
1.40009
1.40012
1.40015
1.40018
1.40021
1.40025
1.40029
1.40032
1.40035
1.40037
1.40039
1.4004
1.40039
1.40038
1.40036
1.40032
1.40027
1.40021
1.40015
1.40009
1.40004
1.39998
1.39994
1.3999
1.39988
1.39986
1.39986
1.39987
1.39988
1.3999
1.39991
1.39993
1.39995
1.39996
1.39997
1.39998
1.39999
1.4
1.4
1.4
1.4
1.4
1.4
1.4
1.40001
1.40001
1.40001
1.4
1.40001
1.4
1.40001
1.40001
1.4
1.40001
1.4
1.4
1.40001
1.4
1.40001
1.4
1.40001
1.4
1.40001
1.4
1.40001
1.40001
1.4
1.40001
1.40001
1.4
1.40001
1.4
1.40001
1.40001
1.40001
1.4
1.40001
1.40001
1.4
1.40001
1.40001
1.40001
1.40001
1.4
1.40001
1.40001
1.4
1.40001
1.40001
1.4
1.4
1.4
1.40001
1.40001
1.40001
1.40001
1.40002
1.40002
1.40004
1.40005
1.40007
1.40008
1.40011
1.40013
1.40015
1.40018
1.4002
1.40022
1.40024
1.40025
1.40025
1.40025
1.40024
1.40023
1.4002
1.40017
1.40013
1.40009
1.40005
1.40001
1.39997
1.39993
1.39991
1.39989
1.39988
1.39988
1.39988
1.39989
1.3999
1.39992
1.39993
1.39995
1.39996
1.39997
1.39998
1.39999
1.39999
1.4
1.4
1.4
1.4
1.4
1.4
1.40001
1.40001
1.40001
1.40001
1.40001
1.4
1.40001
1.4
1.40001
1.40001
1.40001
1.40001
1.40001
1.4
1.40001
1.4
1.40001
1.4
1.40001
1.4
1.40001
1.4
1.4
1.40001
1.4
1.40001
1.40001
1.4
1.40001
1.4
1.40001
1.4
1.40001
1.4
1.40001
1.40001
1.4
1.40001
1.4
1.40001
1.40001
1.4
1.4
1.40001
1.4
1.4
1.40001
1.4
1.40001
1.4
1.40001
1.40001
1.40001
1.40001
1.40002
1.40003
1.40003
1.40005
1.40006
1.40008
1.40009
1.40011
1.40013
1.40014
1.40015
1.40016
1.40017
1.40017
1.40016
1.40015
1.40014
1.40012
1.40009
1.40006
1.40003
1.4
1.39998
1.39995
1.39993
1.39991
1.3999
1.3999
1.3999
1.39991
1.39992
1.39993
1.39994
1.39995
1.39996
1.39997
1.39998
1.39999
1.39999
1.4
1.4
1.4
1.4
1.4
1.4
1.4
1.4
1.40001
1.4
1.4
1.4
1.40001
1.4
1.40001
1.4
1.40001
1.40001
1.4
1.40001
1.4
1.40001
1.40001
1.4
1.40001
1.4
1.40001
1.4
1.40001
1.40001
1.4
1.40001
1.4
1.40001
1.4
1.4
1.40001
1.4
1.40001
1.4
1.40001
1.4
1.40001
1.4
1.4
1.40001
1.4
1.4
1.40001
1.4
1.4
1.40001
1.40001
1.4
1.40001
1.40001
1.4
1.40001
1.40001
1.40001
1.40001
1.40001
1.40002
1.40003
1.40003
1.40004
1.40005
1.40007
1.40008
1.40009
1.4001
1.40011
1.40011
1.40011
1.40011
1.40011
1.4001
1.40009
1.40007
1.40005
1.40003
1.40001
1.39999
1.39997
1.39995
1.39994
1.39993
1.39993
1.39993
1.39993
1.39993
1.39994
1.39995
1.39996
1.39997
1.39998
1.39998
1.39999
1.39999
1.4
1.4
1.4
1.4
1.4
1.4
1.4
1.4
1.40001
1.4
1.40001
1.40001
1.4
1.40001
1.40001
1.40001
1.40001
1.40001
1.40001
1.4
1.40001
1.4
1.40001
1.4
1.40001
1.4
1.40001
1.4
1.40001
1.4
1.40001
1.40001
1.4
1.40001
1.4
1.40001
1.4
1.4
1.40001
1.4
1.4
1.40001
1.40001
1.4
1.40001
1.40001
1.4
1.40001
1.4
1.4
1.40001
1.40001
1.4
1.4
1.40001
1.4
1.4
1.40001
1.40001
1.40001
1.40001
1.40001
1.40001
1.40001
1.40002
1.40002
1.40003
1.40004
1.40004
1.40005
1.40006
1.40006
1.40007
1.40008
1.40008
1.40007
1.40007
1.40006
1.40005
1.40004
1.40003
1.40001
1.4
1.39999
1.39997
1.39996
1.39996
1.39995
1.39995
1.39995
1.39995
1.39996
1.39996
1.39997
1.39997
1.39998
1.39999
1.39999
1.39999
1.4
1.4
1.4
1.4
1.4
1.4
1.4
1.4
1.4
1.4
1.40001
1.4
1.4
1.40001
1.40001
1.4
1.40001
1.4
1.40001
1.4
1.40001
1.4
1.40001
1.40001
1.40001
1.40001
1.4
1.40001
1.40001
1.4
1.40001
1.4
1.40001
1.40001
1.4
1.40001
1.4
1.40001
1.40001
1.4
1.40001
1.40001
1.4
1.40001
1.40001
1.4
1.40001
1.40001
1.4
1.40001
1.40001
1.4
1.40001
1.40001
1.4
1.4
1.40001
1.40001
1.4
1.40001
1.40001
1.40001
1.40001
1.40001
1.40001
1.40001
1.40002
1.40002
1.40002
1.40003
1.40003
1.40004
1.40004
1.40004
1.40005
1.40005
1.40005
1.40004
1.40004
1.40003
1.40003
1.40002
1.40001
1.4
1.39999
1.39998
1.39998
1.39998
1.39997
1.39997
1.39997
1.39997
1.39998
1.39998
1.39998
1.39999
1.39999
1.39999
1.4
1.4
1.4
1.4
1.4
1.4
1.4
1.4
1.4
1.4
1.4
1.4
1.4
1.40001
1.40001
1.4
1.40001
1.4
1.40001
1.4
1.40001
1.4
1.40001
1.40001
1.4
1.40001
1.4
1.40001
1.4
1.40001
1.4
1.40001
1.4
1.40001
1.4
1.4
1.40001
1.4
1.40001
1.4
1.40001
1.40001
1.4
1.40001
1.40001
1.4
1.40001
1.40001
1.4
1.40001
1.40001
1.4
1.4
1.40001
1.4
1.4
1.40001
1.40001
1.4
1.4
1.40001
1.40001
1.4
1.40001
1.40001
1.40001
1.40001
1.40001
1.40001
1.40001
1.40001
1.40002
1.40002
1.40002
1.40002
1.40002
1.40002
1.40002
1.40002
1.40002
1.40002
1.40002
1.40002
1.40001
1.40001
1.4
1.4
1.4
1.39999
1.39999
1.39999
1.39999
1.39999
1.39999
1.39999
1.39999
1.4
1.4
1.4
1.4
1.4
1.4
1.4
1.4
1.4
1.4
1.4
1.4
1.4
1.4
1.40001
1.40001
1.40001
1.4
1.40001
1.40001
1.40001
1.40001
1.40001
1.40001
1.4
1.40001
1.40001
1.4
1.40001
1.4
1.40001
1.4
1.40001
1.40001
1.4
1.40001
1.40001
1.4
1.40001
1.4
1.40001
1.40001
1.4
1.40001
1.4
1.4
1.40001
1.4
1.4
1.40001
1.4
1.40001
1.40001
1.4
1.40001
1.40001
1.4
1.4
1.40001
1.4
1.4
1.4
1.40001
1.40001
1.4
1.40001
1.40001
1.4
1.4
1.4
1.4
1.4
1.4
1.4
1.4
1.4
1.4
1.4
1.4
1.40001
1.40001
1.40001
1.40001
1.40001
1.40001
1.40001
1.40001
1.40001
1.40001
1.40001
1.40001
1.40001
1.40001
1.40001
1.40001
1.40001
1.40001
1.40001
1.40001
1.40001
1.40001
1.40001
1.40001
1.40001
1.40001
1.40001
1.40001
1.40001
1.40001
1.40001
1.40001
1.40001
1.40001
1.40001
1.40001
1.40001
1.40001
1.40001
1.40001
1.4
1.40001
1.40001
1.40001
1.40001
1.40001
1.4
1.40001
1.40001
1.4
1.40001
1.4
1.40001
1.4
1.40001
1.40001
1.4
1.40001
1.40001
1.4
1.40001
1.40001
1.4
1.40001
1.4
1.40001
1.40001
1.4
1.40001
1.4
1.4
1.40001
1.4
1.4
1.40001
1.4
1.4
1.40001
1.40001
1.4
1.40001
1.40001
1.4
1.4
1.40001
1.40001
1.4
1.4
1.4
1.4
1.4
1.4
1.4
1.4
1.4
1.39999
1.39999
1.39999
1.39999
1.39999
1.39999
1.39999
1.39999
1.39999
1.4
1.4
1.4
1.40001
1.40001
1.40002
1.40002
1.40003
1.40003
1.40003
1.40003
1.40003
1.40003
1.40003
1.40003
1.40002
1.40002
1.40002
1.40002
1.40001
1.40001
1.40001
1.40001
1.40001
1.40001
1.40001
1.40001
1.40001
1.40001
1.40001
1.40001
1.40001
1.40001
1.40001
1.40001
1.40001
1.40001
1.40001
1.40001
1.4
1.40001
1.4
1.40001
1.4
1.4
1.40001
1.4
1.40001
1.4
1.40001
1.4
1.40001
1.4
1.4
1.40001
1.40001
1.4
1.40001
1.40001
1.4
1.40001
1.4
1.40001
1.40001
1.4
1.40001
1.4
1.4
1.40001
1.4
1.4
1.40001
1.40001
1.4
1.40001
1.40001
1.4
1.40001
1.40001
1.40001
1.4
1.4
1.4
1.4
1.4
1.4
1.4
1.4
1.39999
1.39999
1.39999
1.39999
1.39998
1.39998
1.39997
1.39997
1.39997
1.39997
1.39998
1.39998
1.39999
1.4
1.4
1.40001
1.40002
1.40003
1.40004
1.40004
1.40005
1.40005
1.40006
1.40005
1.40005
1.40005
1.40005
1.40004
1.40004
1.40003
1.40003
1.40002
1.40002
1.40001
1.40001
1.40001
1.40001
1.40001
1.40001
1.40001
1.40001
1.40001
1.40001
1.40001
1.4
1.4
1.40001
1.4
1.40001
1.4
1.40001
1.4
1.40001
1.40001
1.4
1.40001
1.40001
1.4
1.40001
1.4
1.40001
1.4
1.40001
1.4
1.40001
1.4
1.4
1.40001
1.40001
1.4
1.4
1.40001
1.4
1.40001
1.4
1.4
1.40001
1.4
1.40001
1.4
1.4
1.40001
1.40001
1.4
1.40001
1.40001
1.4
1.4
1.40001
1.4
1.4
1.4
1.40001
1.4
1.4
1.4
1.4
1.4
1.4
1.4
1.39999
1.39999
1.39998
1.39997
1.39997
1.39996
1.39996
1.39996
1.39996
1.39996
1.39996
1.39997
1.39998
1.4
1.40001
1.40002
1.40004
1.40005
1.40006
1.40007
1.40008
1.40008
1.40009
1.40009
1.40008
1.40008
1.40007
1.40006
1.40005
1.40005
1.40004
1.40003
1.40003
1.40002
1.40002
1.40001
1.40001
1.40001
1.40001
1.40001
1.40001
1.40001
1.40001
1.40001
1.40001
1.40001
1.40001
1.40001
1.40001
1.40001
1.4
1.40001
1.4
1.4
1.40001
1.4
1.40001
1.40001
1.4
1.40001
1.4
1.40001
1.4
1.40001
1.4
1.40001
1.4
1.40001
1.40001
1.40001
1.4
1.4
1.40001
1.4
1.40001
1.4
1.4
1.40001
1.4
1.40001
1.40001
1.4
1.40001
1.40001
1.4
1.4
1.40001
1.40001
1.4
1.40001
1.40001
1.40001
1.4
1.4
1.4
1.4
1.4
1.4
1.4
1.39999
1.39998
1.39998
1.39997
1.39996
1.39995
1.39995
1.39994
1.39994
1.39994
1.39995
1.39996
1.39997
1.39999
1.40001
1.40003
1.40005
1.40007
1.40009
1.4001
1.40012
1.40013
1.40013
1.40013
1.40013
1.40012
1.40011
1.4001
1.40009
1.40008
1.40007
1.40006
1.40005
1.40004
1.40003
1.40002
1.40002
1.40001
1.40001
1.40001
1.40001
1.40001
1.40001
1.40001
1.4
1.40001
1.4
1.40001
1.4
1.40001
1.4
1.40001
1.4
1.40001
1.4
1.4
1.40001
1.4
1.40001
1.40001
1.4
1.40001
1.40001
1.4
1.40001
1.40001
1.4
1.40001
1.4
1.40001
1.4
1.40001
1.4
1.4
1.40001
1.4
1.40001
1.4
1.4
1.4
1.40001
1.4
1.40001
1.4
1.4
1.40001
1.4
1.40001
1.4
1.40001
1.4
1.40001
1.40001
1.40001
1.4
1.4
1.4
1.4
1.4
1.39999
1.39998
1.39998
1.39997
1.39996
1.39994
1.39994
1.39993
1.39992
1.39993
1.39993
1.39994
1.39996
1.39998
1.40001
1.40004
1.40007
1.4001
1.40013
1.40015
1.40017
1.40019
1.4002
1.4002
1.4002
1.40019
1.40018
1.40017
1.40015
1.40013
1.40011
1.4001
1.40008
1.40006
1.40005
1.40004
1.40003
1.40002
1.40002
1.40001
1.40001
1.40001
1.40001
1.40001
1.40001
1.40001
1.40001
1.40001
1.4
1.4
1.40001
1.4
1.40001
1.40001
1.4
1.40001
1.40001
1.4
1.40001
1.4
1.40001
1.40001
1.4
1.40001
1.40001
1.40001
1.4
1.40001
1.4
1.40001
1.4
1.40001
1.4
1.40001
1.40001
1.4
1.40001
1.4
1.40001
1.4
1.40001
1.4
1.40001
1.4
1.40001
1.40001
1.4
1.40001
1.40001
1.40001
1.4
1.40001
1.40001
1.40001
1.40001
1.4
1.4
1.4
1.4
1.39999
1.39999
1.39998
1.39997
1.39995
1.39994
1.39993
1.39992
1.39991
1.39991
1.39992
1.39994
1.39996
1.39999
1.40003
1.40007
1.40011
1.40015
1.40019
1.40023
1.40026
1.40029
1.4003
1.40031
1.40031
1.4003
1.40028
1.40027
1.40024
1.40022
1.40019
1.40016
1.40014
1.40011
1.40009
1.40007
1.40005
1.40004
1.40003
1.40002
1.40002
1.40001
1.40001
1.40001
1.40001
1.40001
1.40001
1.40001
1.4
1.40001
1.4
1.4
1.40001
1.4
1.40001
1.40001
1.40001
1.4
1.40001
1.4
1.40001
1.4
1.40001
1.4
1.40001
1.4
1.40001
1.4
1.40001
1.40001
1.4
1.40001
1.4
1.40001
1.4
1.40001
1.40001
1.4
1.40001
1.4
1.40001
1.4
1.40001
1.40001
1.4
1.40001
1.4
1.40001
1.4
1.40001
1.40001
1.40001
1.40001
1.40001
1.40001
1.40001
1.40001
1.4
1.4
1.4
1.39999
1.39998
1.39997
1.39995
1.39994
1.39992
1.39991
1.39991
1.39991
1.39991
1.39993
1.39996
1.40001
1.40006
1.40012
1.40018
1.40024
1.40031
1.40036
1.40041
1.40045
1.40047
1.40049
1.40049
1.40048
1.40046
1.40043
1.40039
1.40035
1.40031
1.40027
1.40023
1.40019
1.40015
1.40012
1.40009
1.40007
1.40005
1.40004
1.40003
1.40002
1.40001
1.40001
1.40001
1.40001
1.40001
1.40001
1.4
1.4
1.4
1.4
1.4
1.4
1.40001
1.4
1.40001
1.4
1.40001
1.4
1.40001
1.4
1.40001
1.4
1.4
1.40001
1.4
1.40001
1.40001
1.40001
1.4
1.40001
1.4
1.40001
1.4
1.40001
1.4
1.40001
1.40001
1.4
1.40001
1.4
1.40001
1.40001
1.4
1.40001
1.4
1.40001
1.4
1.40001
1.4
1.40001
1.40001
1.40001
1.40001
1.40001
1.40001
1.40001
1.4
1.4
1.39999
1.39998
1.39997
1.39996
1.39994
1.39992
1.39991
1.3999
1.3999
1.39992
1.39994
1.39998
1.40004
1.40012
1.4002
1.4003
1.40039
1.40049
1.40058
1.40065
1.40071
1.40076
1.40078
1.40078
1.40077
1.40074
1.4007
1.40064
1.40058
1.40052
1.40045
1.40038
1.40032
1.40027
1.40021
1.40017
1.40013
1.4001
1.40007
1.40005
1.40004
1.40002
1.40002
1.40001
1.40001
1.40001
1.40001
1.4
1.4
1.4
1.4
1.4
1.4
1.4
1.4
1.40001
1.4
1.40001
1.4
1.40001
1.4
1.40001
1.4
1.40001
1.4
1.40001
1.4
1.40001
1.4
1.40001
1.40001
1.40001
1.40001
1.4
1.40001
1.4
1.40001
1.4
1.40001
1.40001
1.4
1.40001
1.40001
1.4
1.40001
1.4
1.40001
1.4
1.40001
1.4
1.40001
1.40001
1.40001
1.40001
1.40001
1.40001
1.40001
1.40001
1.4
1.4
1.39999
1.39998
1.39996
1.39995
1.39993
1.39992
1.39991
1.39991
1.39992
1.39996
1.40002
1.4001
1.4002
1.40033
1.40047
1.40061
1.40076
1.4009
1.40103
1.40113
1.40121
1.40126
1.40127
1.40126
1.40122
1.40115
1.40107
1.40097
1.40087
1.40076
1.40066
1.40055
1.40046
1.40037
1.4003
1.40023
1.40018
1.40013
1.4001
1.40007
1.40005
1.40003
1.40002
1.40001
1.40001
1.40001
1.4
1.4
1.4
1.4
1.4
1.4
1.4
1.4
1.4
1.4
1.40001
1.4
1.40001
1.4
1.40001
1.4
1.40001
1.4
1.40001
1.40001
1.4
1.40001
1.4
1.40001
1.4
1.40001
1.4
1.40001
1.4
1.40001
1.4
1.40001
1.4
1.4
1.40001
1.4
1.40001
1.40001
1.4
1.40001
1.4
1.40001
1.4
1.40001
1.40001
1.40001
1.40001
1.40001
1.40001
1.40001
1.40001
1.40001
1.4
1.4
1.39999
1.39997
1.39996
1.39994
1.39992
1.39992
1.39992
1.39994
1.39999
1.40007
1.40018
1.40033
1.4005
1.40071
1.40093
1.40115
1.40137
1.40158
1.40176
1.4019
1.40199
1.40204
1.40205
1.402
1.40191
1.40179
1.40165
1.40148
1.40131
1.40113
1.40096
1.40081
1.40066
1.40053
1.40042
1.40032
1.40024
1.40018
1.40013
1.40009
1.40006
1.40004
1.40002
1.40002
1.40001
1.40001
1.4
1.4
1.4
1.4
1.4
1.4
1.4
1.4
1.4
1.4
1.4
1.40001
1.4
1.40001
1.4
1.40001
1.4
1.40001
1.4
1.40001
1.4
1.40001
1.4
1.40001
1.40001
1.40001
1.40001
1.4
1.40001
1.4
1.40001
1.4
1.4
1.40001
1.40001
1.40001
1.40001
1.40001
1.40001
1.40001
1.40001
1.40001
1.40001
1.40001
1.40001
1.40001
1.40001
1.40001
1.40001
1.40001
1.40001
1.40001
1.40001
1.4
1.39999
1.39997
1.39996
1.39994
1.39993
1.39994
1.39997
1.40003
1.40013
1.40028
1.40048
1.40073
1.40102
1.40134
1.40168
1.40202
1.40235
1.40265
1.40289
1.40308
1.4032
1.40325
1.40323
1.40313
1.40298
1.40277
1.40252
1.40225
1.40197
1.4017
1.40143
1.40118
1.40096
1.40076
1.4006
1.40045
1.40034
1.40025
1.40017
1.40012
1.40008
1.40005
1.40003
1.40002
1.40001
1.40001
1.4
1.4
1.4
1.4
1.4
1.4
1.4
1.4
1.4
1.4
1.4
1.4
1.4
1.4
1.40001
1.4
1.40001
1.4
1.40001
1.40001
1.4
1.40001
1.40001
1.40001
1.4
1.40001
1.40001
1.4
1.40001
1.40001
1.4
1.40001
1.4
1.40001
1.4
1.40001
1.4
1.40001
1.4
1.40001
1.40001
1.40001
1.40001
1.40001
1.40001
1.40001
1.40001
1.40001
1.40001
1.40002
1.40002
1.40002
1.40001
1.4
1.39999
1.39997
1.39996
1.39995
1.39996
1.4
1.40007
1.4002
1.4004
1.40066
1.40099
1.40139
1.40185
1.40235
1.40286
1.40337
1.40384
1.40426
1.40461
1.40486
1.40501
1.40505
1.40499
1.40482
1.40456
1.40423
1.40384
1.40342
1.40298
1.40254
1.40213
1.40174
1.4014
1.40111
1.40085
1.40065
1.40048
1.40034
1.40024
1.40016
1.4001
1.40006
1.40004
1.40002
1.40001
1.4
1.4
1.4
1.4
1.4
1.4
1.4
1.4
1.4
1.4
1.4
1.4
1.4
1.4
1.4
1.40001
1.40001
1.4
1.40001
1.4
1.40001
1.4
1.40001
1.4
1.40001
1.4
1.40001
1.40001
1.40001
1.4
1.40001
1.40001
1.4
1.40001
1.4
1.40001
1.4
1.40001
1.4
1.4
1.40001
1.40001
1.40001
1.40001
1.40001
1.40001
1.40001
1.40001
1.40002
1.40002
1.40002
1.40002
1.40002
1.40002
1.40001
1.4
1.39999
1.39998
1.39999
1.40003
1.40012
1.40028
1.40052
1.40085
1.40129
1.40183
1.40245
1.40315
1.40389
1.40464
1.40536
1.40603
1.40662
1.40709
1.40742
1.40761
1.40764
1.40752
1.40726
1.40686
1.40635
1.40576
1.40512
1.40445
1.40379
1.40316
1.40258
1.40206
1.40162
1.40124
1.40093
1.40068
1.40048
1.40033
1.40022
1.40014
1.40008
1.40005
1.40002
1.40001
1.4
1.4
1.4
1.4
1.4
1.4
)
;

boundaryField
{
    emptyPatches_empt
    {
        type            empty;
    }
    top_cyc
    {
        type            cyclic;
    }
    bottom_cyc
    {
        type            cyclic;
    }
    inlet_cyc
    {
        type            cyclic;
    }
    outlet_cyc
    {
        type            cyclic;
    }
}


// ************************************************************************* //
