/*--------------------------------*- C++ -*----------------------------------*\
  =========                 |
  \\      /  F ield         | OpenFOAM: The Open Source CFD Toolbox
   \\    /   O peration     | Website:  https://openfoam.org
    \\  /    A nd           | Version:  6
     \\/     M anipulation  |
\*---------------------------------------------------------------------------*/
FoamFile
{
    version     2.0;
    format      ascii;
    class       volScalarField;
    location    "4.19";
    object      T;
}
// * * * * * * * * * * * * * * * * * * * * * * * * * * * * * * * * * * * * * //

dimensions      [0 0 0 1 0 0 0];

internalField   nonuniform List<scalar> 
10000
(
1
1
1
1
1
1
1
1
1
1
1
1
1
1
1
1
1
1
1
1
1
1
1
1
1
1
1
1
1
1
1
1
1
1
1
1
1
1
1
1
1
1
1
1
1
1
1
1
1
1
1
1
1
1
1
1
1
1
1
1
1
1
1
1
1
1
1
1
1
1
1
1
1
1
1
1
1
1
1
1
1
1
1
1
1
1
1
1
1
1
1
1
1
1
1
1
1
1
1
1
1
1
1
1
1
1
1
1
1
1
1
1
1
1
1
1
1
1
1
1
1
1
1
1
1
1
1
1
1
1
1
1
1
1
1
1
1
1
1
1
1
1
1
1
1
1
1
1
1
1
1
1
1
1
1
1
1
1
1
1
1
1
1
1
1
1
1
1
1
1
1
1
1
1
1
1
1
1
1
1
1
1
1
1
1
1
1
1
1
1
1
1
1
1
1
1
1
1
1
1
1
1
1
1
1
1
1
1
1
1
1
1
1
1
1
1
1
1
1
1
1
1
1
1
1
1
1
1
1
1
1
1
1
1
1
1
1
1
1
1
1
1
1
1
1
1
1
1
1
1
1
1
1
1
1
1
1
1
1
1
1
1
1
1
1
1
1
1
1
1
1
1
1
1
1
1
1
1
1
1
1
1
1
1
1
1
1
1
1
1
1
1
1
1
1
1
1
1
1
1
1
1
1
1
1
1
1
1
1
1
1
1
1
1
1
1
1
1
1
1
1
1
1
1
1
1
1
1
1
1
1
1
1
1
1
1
1
1
1
1
1
1
1
1
1
1
1
1
1
1
1
1
1
1
1
1
1
1
1
1
1
1
1
1
1
1
1
1
1
1
1
1
1
1
1
1
1
1
1
1
1
1
1
1
1
1
1
1
1
1
1
1
1
1
1
1
1
1
1
1
1
1
1
1
1
1
1
1
1
1
1
1
1
1
1
1
1
1
1
1
1
1
1
1
1
1
1
1
1
1
1
1
1
1
1
1
1
1
1
1
1
1
1
1
1
1
1
1
1
1
1
1
1
1
1
1
1
1
1
1
1
1
1
1
1
1
1
1
1
1
1
1
1
1
1
1
1
1
1
1
1
1
1
1
1
1
1
1
1
1
1
1
1
1
1
1
1
1
1
1
1
1
1
1
1
1
1
1
1
1
1
1
1
1
1
1
1
1
1
1
1
1
1
1
1
1
1
1
1
1
1
1
1
1
1
1
1
1
1
1
1
1
1
1
1
1
1
1
1
1
1
1
1
1
1
1
1
1
1
1
1
1
1
1
1
1
1
1
1
1
1
1
1
1
1
1
1
1
1
1
1
1
1
1
1
1
1
1
1
1
1
1
1
1
1
1
1
1
1
1
1
1
1
1
1
1
1
1
1
1
1
1
1
1
1
1
1
1
1
1
1
1
1
1
1
1
1
1
1
1
1
1
1
1
1
1
1
1
1
1
1
1
1
1
1
1
1
1
1
1
1
1
1
1
1
1
1
1
1
1
1
1
1
1
1
1
1
1
1
1
1
1
1
1
1
1
1
1
1
1
1
1
1
1
1
1
1
1
1
1
1
1
1
1
1
1
1
1
1
1
1
1
1
1
1
1
1
1
1
1
1
1
1
1
1
1
1
1
1
1
1
1
1
1
1
1
1
1
1
1
1
1
1
1
1
1
1
1
1
1
1
1
1
1
1
1
1
1
1
1
1
1
1
1
1
1
1
1
1
1
1.00001
1.00001
1.00001
1.00001
1.00001
1.00001
1
1
1
1
1
1
1
1
1
1
1
1
1
1
1
1
1
1
1
1
1
1
1
1
1
1
1
1
1
1
1
1
1
1
1
1
1
1
1
1
1
1
1
1
1
1
1
1
1
1
1
1
1
1
1
1
1
1
1
1
1
1
1
1
1
1
1
1
1
1
1
1
1
1
1
1
1
1
1
1
1
1
1
1
1
1
1
1
1
1
1
1.00001
1.00001
1.00001
1.00001
1.00001
1.00001
1.00001
1.00001
1.00001
1.00001
1.00001
1.00001
1
1
1
1
1
1
1
1
1
1
1
1
1
1
1
1
1
1
1
1
1
1
1
1
1
1
1
1
1
1
1
1
1
1
1
1
1
1
1
1
1
1
1
1
1
1
1
1
1
1
0.999999
1
0.999999
1
0.999999
1
1
0.999999
1
1
1
1
1
1
1
1
1
1
1
1
1
1
1
1
1
1
1
1
1
1
1
1
1
1
1
1
1.00001
1.00001
1.00001
1.00001
1.00001
1.00001
1.00001
1.00001
1.00001
1.00001
1.00001
1.00001
1.00001
1.00001
1.00001
1.00001
1
1
1
1
1
1
1
1
0.999999
1
1
1
1
1
1
1
1
1
1
1
1
1
1
1
1
1
1
1
1
1
1
1
1
1
1
1
1
1
1
1
1
1
1
1
1
1
1
1
0.999999
1
0.999999
1
0.999999
1
1
0.999999
1
1
0.999999
1
1
1
1
1
1
1
1
1
1
1
1
1
1
1
1
1
1
1
1
1
1
1
1.00001
1.00001
1.00001
1.00001
1.00001
1.00001
1.00001
1.00001
1.00001
1.00001
1.00001
1.00001
1.00001
1.00001
1.00001
1.00001
1.00001
1.00001
1.00001
1
1
1
1
1
1
0.999998
1
1
0.999997
1
1
0.999999
1
1
1
1
1
1
1
1
1
1
1
1
1
1
1
1
1
1
1
1
1
1
1
1
1
1
1
1
1
1
1
1
1
0.999999
1
0.999999
1
0.999999
1
1
0.999999
1
1
1
0.999999
1
0.999999
1
1
1
1
1
1
1
1
1
1
1
1
1
1
1
1
1
1
1
1
1.00001
1.00001
1.00001
1.00001
1.00001
1.00001
1.00001
1.00001
1.00002
1.00002
1.00002
1.00002
1.00002
1.00001
1.00001
1.00001
1.00001
1.00001
1.00001
1.00001
1
1
1
1.00001
1
0.999999
1.00001
1
0.999998
1
0.999998
1
1
1
1
1
1
1
1
1
1
1
1
1
1
1
1
1
1
1
1
1
1
1
1
1
1
1
1
1
1
1
0.999999
1
0.999998
1
0.999997
1
0.999997
1
0.999998
1
1
0.999998
1
0.999999
1
1
1
1
1
1
1
1
1
1
1
1
1
1
1
1
1
1
1
1
1
1
1
1.00001
1.00001
1.00001
1.00001
1.00001
1.00002
1.00002
1.00002
1.00002
1.00002
1.00002
1.00002
1.00002
1.00002
1.00002
1.00001
1.00001
1.00001
1.00001
1.00001
1.00001
1.00001
1.00001
1
1
1
1
0.999999
1
1
1
1
0.999998
1
0.999998
1
1
1
1
1
1
1
1
1
1
1
1
1
1
1
1
1
1
1
1
1
1
1
1
1
1
1
1
0.999999
1
0.999998
1
0.999999
1
1
0.999999
1
1
1
0.999999
1
0.999999
0.999999
1
0.999999
1
1
1
1
1
1
1
1
1
1
1
1
1
1
1
1
1
1
1
1.00001
1.00001
1.00001
1.00001
1.00002
1.00002
1.00002
1.00002
1.00002
1.00002
1.00002
1.00002
1.00002
1.00002
1.00002
1.00002
1.00002
1.00003
1.00002
0.999998
1
1.00001
1.00001
1
1
1
1
1
0.999997
1
1.00001
0.999989
1.00001
1
0.999995
1.00001
0.999996
1
0.999999
1
1
1
1
1
1
1
1
1
1
1
1
1
1
1
1
1
1
1
1
1
1
1
1
0.999999
1
0.999998
1
0.999997
1
0.999994
1.00001
0.999994
1
1
0.999998
1
0.999998
1
1
1
0.999999
1
1
1
1
1
1
1
1
1
1
1
1
1
1
1
1
1
1
1.00001
1.00001
1.00001
1.00001
1.00002
1.00002
1.00002
1.00002
1.00002
1.00003
1.00003
1.00003
1.00003
1.00003
1.00003
1.00003
1.00003
1.00001
1.00001
1.00003
1.00003
1.00001
0.999999
1.00001
1.00001
1.00001
1.00001
0.999994
0.999997
1.00002
0.999994
0.999997
1.00002
0.999985
1.00001
0.999999
0.999997
1
0.999998
1
1
1
1
1
1
1
1
1
1
1
1
1
1
1
1
1
1
1
1
1
1
1
0.999998
1
0.999995
1.00001
0.999993
1.00001
0.999995
1
0.999998
1
0.999998
1
1
0.999996
1
0.999998
1
1
1
0.999999
1
1
0.999999
1
1
1
1
1
1
1
1
1
1
1
1
1
1
1
1.00001
1.00001
1.00001
1.00002
1.00002
1.00002
1.00002
1.00003
1.00003
1.00003
1.00003
1.00003
1.00003
1.00003
1.00002
1.00001
1.00001
1.00002
1
0.999991
1.00003
1.00004
1.00001
1
1.00001
1
1
1.00002
1
0.999992
1.00001
0.999989
1.00001
1.00001
0.999985
1.00002
0.999989
1
0.999999
1
1
1
1
1
1
1
1
1
1
1
1
1
1
1
1
1
1
1
1
1
0.999999
1
0.999998
1
0.999996
1
0.999997
1
1
0.999993
1.00001
0.99999
1.00001
0.999996
1
1
0.999999
1
0.999998
1
0.999998
1
1
1
0.999999
1
1
1
1
1
1
1
1
1
1
1
1
1
1
1.00001
1.00001
1.00001
1.00002
1.00002
1.00002
1.00003
1.00003
1.00003
1.00003
1.00003
1.00003
1.00003
1.00003
1.00004
1.00005
1.00005
1.00003
1.00003
1.00006
1.00002
0.999975
1
1.00004
1.00003
1
0.999996
0.999997
1.00001
1.00002
0.999988
1
1.00002
0.999959
1.00003
0.999995
0.999984
1.00002
0.999985
1.00001
0.999997
1
1
1
1
1
1
1
1
1
1
1
1
1
1
1
1
1
1
1
1
1
1
1
0.999995
1.00001
0.999988
1.00001
0.999987
1.00001
0.999994
1.00001
0.999994
1
0.999999
0.999996
1.00001
0.999994
1
1
1
1
1
1
0.999999
1
1
1
1
1
1
1
1
1
1
1
1
1
1
1
1.00001
1.00001
1.00002
1.00002
1.00002
1.00003
1.00003
1.00003
1.00003
1.00003
1.00003
1.00003
1.00003
1.00003
1.00003
1.00003
1.00006
1.00008
1.00006
1.00004
1.00007
1.00005
0.999977
0.999979
1.00002
1.00004
1.00002
1.00002
0.999973
0.999992
1.00004
0.999976
1
1.00003
0.999948
1.00005
0.99998
0.999999
1.00001
0.999992
1
0.999999
1
1
1
1
1
1
1
1
1
1
1
1
1
1
1
1
1
1
0.999999
1
0.999996
1.00001
0.999988
1.00002
0.999984
1.00001
0.999995
0.999996
1.00001
0.999986
1.00001
0.999994
1
0.999999
1
0.999996
1
1
0.999996
1
1
1
0.999999
1
1
0.999999
1
1
1
1
1
1
1
1
1
1
1
1.00001
1.00001
1.00001
1.00002
1.00002
1.00003
1.00003
1.00003
1.00003
1.00003
1.00003
1.00003
1.00003
1.00003
1.00003
1.00002
0.999984
0.999941
0.999941
0.999985
1
1.00002
1.0001
1.0001
0.999995
0.999959
0.999998
1.00003
1.00002
1.00003
0.999981
0.999985
1.00004
0.999949
1.00005
0.999993
0.99996
1.00006
0.999958
1.00002
0.999994
1
1
1
1
1
1
1
1
1
1
1
1
1
1
1
1
1
1
1
1
0.999999
1
0.999998
1
1
0.999992
1.00001
0.999983
1.00002
0.999988
1.00001
0.99999
1.00001
0.999993
0.999999
1.00001
0.999994
1
0.999999
1
0.999995
1
1
0.999998
1
1
1
1
1
1
1
1
1
1
1
1
1
1
1
1.00001
1.00001
1.00002
1.00002
1.00003
1.00003
1.00003
1.00003
1.00002
1.00002
1.00002
1.00002
1.00002
1.00002
1.00003
1.00005
1.00008
1.00008
1.00002
0.999977
0.999984
0.999972
0.999976
1.00007
1.00013
1.00006
0.999972
0.999964
0.999989
1.00004
1.00007
0.999952
1.00001
1.00006
0.999889
1.00011
0.999959
0.999981
1.00004
0.999963
1.00002
0.999992
1
1
1
1
1
1
1
1
1
1
1
1
1
1
1
1
1
1
1
1
0.999997
1.00001
0.999985
1.00002
0.999969
1.00003
0.999978
1.00001
1.00001
0.999983
1.00002
0.999993
0.999999
1
1
0.999991
1.00001
0.999999
0.999998
1
1
1
0.999996
1
1
0.999999
1
1
1
0.999999
1
1
1
1
1
1
1
1
1.00001
1.00001
1.00002
1.00003
1.00003
1.00003
1.00002
1.00002
1.00002
1.00002
1.00002
1.00001
1.00001
1.00001
1.00001
1.00001
1.00004
1.00012
1.00022
1.00021
1.00012
1.00003
0.999928
0.999888
1.00001
1.00011
1.00011
1.00002
1
0.999941
0.999982
1.0001
0.99994
1.00005
1.00002
0.999911
1.00011
0.999926
1.00003
1
0.999991
1.00001
0.999997
1
1
1
1
1
1
1
1
1
1
1
1
1
1
1
1
1
0.999999
1
0.999995
1.00001
0.999993
1
1.00001
0.999986
1.00002
0.999985
1.00001
0.999988
1.00001
0.999988
1
1.00001
0.999995
0.999998
1
1
0.999992
1.00001
0.999997
1
1
1
1
0.999997
1
1
1
0.999999
1
1
1
1
1
1
1
1.00001
1.00001
1.00002
1.00002
1.00003
1.00003
1.00002
1.00002
1.00002
1.00002
1.00001
1.00001
1
1
1
0.999998
0.999982
0.999924
0.999842
0.999841
0.999965
1.0001
1.00017
1.00018
1.00006
0.9999
0.999916
1.00002
1.0001
1.00006
1.00005
0.999942
0.99999
1.00008
0.999865
1.00017
0.99993
0.999958
1.0001
0.99991
1.00005
0.999979
1.00001
1
1
1
1
1
1
1
1
1
1
1
1
1
1
1
1
1
1
0.999999
1
1
0.999989
1.00002
0.999961
1.00005
0.999956
1.00003
0.999997
0.999983
1.00002
0.999989
0.999997
1.00001
0.999999
0.999992
1.00001
0.999998
1
0.999995
1.00001
0.999999
0.999995
1.00001
0.999999
1
0.999999
1
1
1
0.999998
1
1
1
1
1
1
1
1.00001
1.00001
1.00002
1.00003
1.00003
1.00003
1.00002
1.00002
1.00001
1.00001
1.00001
1
0.999995
0.999989
0.999979
0.999975
0.99999
1.00002
0.999996
0.999868
0.999765
0.999832
0.999978
1.00012
1.00021
1.00016
1.00001
0.999935
0.999968
0.999998
1.00005
1.00013
0.999916
1.00003
1.00007
0.99984
1.00018
0.9999
1.00002
1.00004
0.999957
1.00003
0.999988
1
0.999999
1
1
1
1
1
1
1
1
1
1
1
1
1
1
1
1
1
0.999996
1.00001
0.999988
1.00001
0.999995
0.999995
1.00001
0.999985
1.00001
0.99999
1.00001
0.999984
1.00001
1
0.99999
1
1.00001
0.999992
0.999998
1.00001
0.999997
1
0.999995
1.00001
1
0.999997
1
1
1
1
0.999998
1
0.999999
1
1
1
1
1
1.00001
1.00001
1.00002
1.00003
1.00003
1.00002
1.00002
1.00001
1.00001
1.00001
1
0.999996
0.999987
0.99998
0.999978
0.999964
0.999942
0.999963
1.00008
1.00022
1.00018
0.999986
0.999852
0.999812
0.999909
1.0001
1.00017
1.00012
1.00001
1.00001
0.999965
0.999974
1.00012
0.999902
1.00015
0.99994
0.99994
1.00014
0.999867
1.00009
0.999968
1.00001
1
0.999998
1
1
1
1
1
1
1
1
1
1
1
1
1
1
1
1
1
1
1
0.999995
1.00002
0.999963
1.00006
0.999935
1.00005
0.999974
0.999992
1.00003
0.999975
1
1.00001
0.999989
0.999995
1.00001
0.999999
0.999992
1
1.00001
0.99999
1
1
1
1
0.999995
1
1
0.999997
1
0.999997
1
0.999998
1
1
1
1
1
1.00001
1.00002
1.00002
1.00003
1.00003
1.00002
1.00001
1.00001
1.00001
1.00001
1
0.99999
0.999974
0.999962
0.999968
0.999998
1.00002
0.999969
0.999888
0.999918
1.00005
1.0001
1.00005
1.00002
0.999962
0.999913
0.999972
1.00005
1.0001
1.00007
1.00009
0.999944
1.00002
1.00009
0.999816
1.00023
0.999891
0.999989
1.0001
0.999902
1.00007
0.999967
1.00001
0.999998
1
1
1
1
1
1
1
1
1
1
1
1
1
1
1
1
1
0.999999
1
0.999991
1.00001
0.999987
1.00001
1
0.999994
1
0.999995
1.00001
0.999978
1.00002
0.999998
0.999983
1.00001
1
0.999987
1
1.00001
1
0.999992
1
1.00001
0.999993
1
1
1
1
0.999995
1
0.999997
1
0.999996
1
0.999999
1
1
1
1.00002
1.00002
1.00003
1.00003
1.00003
1.00002
1.00001
1.00001
1.00001
1.00001
1
0.999981
0.999953
0.999926
0.999905
0.999911
0.999982
1.00008
1.00007
0.999925
0.999843
0.99992
0.999996
1.00006
1.00013
1.0001
1.00002
0.999987
1.00002
1.00002
1.00001
1.00015
0.999951
1.00008
1.00001
0.999925
1.00014
0.999885
1.00008
0.99998
0.999997
1.00001
0.999993
1
1
1
1
1
1
1
1
1
1
1
1
1
1
1
1
1
1
1
0.999997
1.00001
0.99997
1.00006
0.999924
1.00008
0.999944
1.00002
1.00002
0.999967
1.00002
1.00001
0.999983
1
1.00002
0.999989
0.99999
1.00001
1
0.999989
1
1
1
0.999993
0.999999
1.00001
0.999997
1
0.999997
1
0.999997
1
0.999995
1
0.999996
1.00001
1
1
1.00002
1.00002
1.00003
1.00003
1.00002
1.00001
1
1.00001
1.00001
1.00002
1
0.999961
0.999913
0.999871
0.999836
0.99978
0.999714
0.999748
0.999917
1.00007
1.0001
1.00008
1.00001
0.999788
0.999696
0.999894
1.0001
1.00015
1.00006
1.00003
1
1.00001
1.00008
0.999912
1.0002
0.999905
0.999991
1.00012
0.999867
1.00011
0.999944
1.00003
0.999995
1
1
1
1
1
1
1
1
1
1
1
1
1
1
1
1
1
0.999999
1
0.999993
1.00001
0.999982
1.00002
0.999989
1.00001
0.999992
1.00001
0.999996
0.999983
1.00003
0.999974
0.999997
1.00002
0.999989
0.999991
1.00001
1.00001
0.99999
0.999992
1.00001
1
0.999994
1
1
1.00001
0.999997
0.999997
1
1
0.999997
1
0.999994
1.00001
0.999992
1.00001
0.999997
1
1.00003
1.00001
1.00003
1.00003
1.00002
1
0.999994
1.00001
1.00003
1.00003
0.999988
0.999913
0.999821
0.999753
0.999734
0.999749
0.999698
0.999554
0.9995
0.999641
0.999864
1.00007
1.00028
1.00034
1.00005
0.999732
0.999703
0.999878
1.00007
1.00013
1.00013
0.999953
1.00004
1.00006
0.999938
1.00011
0.999961
1.00003
1.00002
0.999974
1.00003
0.999986
1.00001
0.999999
1
1
1
1
1
1
1
1
1
1
1
1
1
1
1
1
1
0.999999
1.00001
0.99998
1.00004
0.999926
1.00009
0.999914
1.00005
0.999998
0.999969
1.00003
1
0.999973
1.00002
1.00002
0.999969
1.00001
1.00001
0.999991
0.999991
1.00001
1.00001
0.999993
0.999991
1.00001
1
0.999997
1
0.999995
1.00001
1
0.999995
1
0.999996
1.00001
0.999989
1.00002
0.999988
1.00001
1.00003
1.00001
1.00003
1.00003
1.00002
0.99999
0.999986
1.00002
1.00005
1.00003
0.999951
0.999803
0.999626
0.999486
0.999449
0.99956
0.999781
0.999872
0.999708
0.999493
0.999379
0.999406
0.999722
1.00039
1.00085
1.00061
1.00005
0.999707
0.999764
0.999973
1.00007
1.00014
1.00001
1.00009
0.999944
1.00004
1.00009
0.999903
1.00012
0.999938
1.00004
0.999994
1.00001
1
1
1
1
1
1
1
1
1
1
1
1
1
1
1
1
1
1
0.999996
1.00001
0.99998
1.00003
0.999971
1.00003
0.999977
1.00003
0.999975
1.00001
1.00002
0.999962
1.00002
1.00001
0.999982
0.999996
1.00002
1
0.999979
1.00001
1.00001
0.999994
0.999994
0.999999
1.00001
1
0.99999
1.00001
0.999998
1
1
0.999993
1
1
1
0.999989
1.00003
0.999976
1.00002
1.00003
1
1.00004
1.00003
1.00003
0.999971
0.999978
1.00005
1.00008
1.00003
0.99987
0.99958
0.999234
0.99895
0.998837
0.99894
0.999322
0.999902
1.00021
1.00003
0.999612
0.999134
0.998697
0.998684
0.999404
1.00035
1.00078
1.00057
1.00005
0.999757
0.99983
1.00007
1.00012
1
1.00008
1.00001
0.999986
1.00008
0.999956
1.00006
0.999981
1.00002
1
1.00001
1
1
1
1
1
1
1
1
1
1
1
1
1
1
1
1
1
1
0.999993
1.00002
0.999953
1.00008
0.999904
1.00008
0.999956
0.999992
1.00004
0.999974
0.999987
1.00004
0.99998
0.99998
1.00003
0.999994
0.999987
0.999997
1.00002
1
0.999982
1.00001
1.00001
0.999999
0.999997
0.999994
1.00001
1
0.999994
1
0.999996
0.999998
1.00001
0.999993
0.999993
1.00003
0.999965
1.00004
1.00002
1.00001
1.00003
1.00003
1.00004
0.999942
0.99997
1.00009
1.00012
1.00002
0.999712
0.999162
0.998486
0.997916
0.997661
0.997776
0.998204
0.999081
1.00026
1.00106
1.00118
1.0008
0.999954
0.998773
0.998028
0.998371
0.999436
1.00036
1.0006
1.00032
0.999998
0.999826
0.999979
1.00005
1.00011
1.00002
0.999984
1.00008
0.999964
1.00005
0.999996
1.00001
1.00001
1
1
1
1
1
1
1
1
1
1
1
1
1
1
1
1
1
0.999998
1
0.999989
1.00002
0.999967
1.00004
0.999954
1.00005
0.999951
1.00004
0.999993
0.999972
1.00004
0.999986
0.999982
1.00001
1.00002
0.999972
1
1.00002
0.999994
0.999991
0.999995
1.00001
1
0.99999
1
1
1
1
0.999992
1
1
0.999994
1.00001
0.999986
0.999999
1.00003
0.999962
1.00005
1.00001
1.00002
1.00002
1.00004
1.00005
0.999892
0.999967
1.00015
1.00017
0.99999
0.99945
0.998474
0.997182
0.995952
0.995222
0.995274
0.995906
0.996878
0.998527
1.00066
1.00229
1.00305
1.00313
1.00242
1.00088
0.999275
0.998451
0.998658
0.99957
1.00033
1.00039
1.0001
0.99991
0.999988
1.00003
1.00002
1.0001
0.999954
1.00007
0.999987
1.00003
1
1.00001
1.00001
1
1
1
1
1
1
1
1
1
1
1
1
1
1
1
1
1
0.999999
1.00001
0.999983
1.00004
0.999939
1.00008
0.999933
1.00003
1.00001
0.999961
1.00003
1.00002
0.999959
1.00002
1.00002
0.999977
0.999996
1.00001
1.00001
0.999978
1
1.00001
1
0.999993
0.999994
1.00001
1
0.999998
0.999999
0.999995
1.00001
1
0.999993
1.00001
0.999983
1.00001
1.00002
0.999969
1.00004
1.00001
1.00003
0.999988
1.00007
1.00006
0.999816
0.999984
1.00023
1.00023
0.99994
0.999102
0.997492
0.995156
0.992569
0.990463
0.989484
0.989898
0.991039
0.992569
0.99498
0.997971
1.00047
1.00221
1.00335
1.00352
1.0025
1.00091
0.999599
0.999084
0.999305
0.999844
1.00023
1.00017
1.00003
0.999928
1.00005
1.00005
1.00001
1.00004
1
1.00002
1.00001
1.00001
1.00001
1.00001
1
1
1
1
1
1
1
1
1
1
1
1
1
1
1
1
0.999997
1.00001
0.999983
1.00003
0.999958
1.00005
0.999935
1.00007
0.999954
1.00001
1.00003
0.99996
1.00001
1.00003
0.99998
0.999981
1.00003
0.999999
0.999983
0.999999
1.00001
1.00001
0.999987
0.999995
1.00001
1.00001
0.999996
0.999997
1
0.999996
1.00001
0.999996
0.999992
1.00002
0.99998
1.00001
1.00002
0.999976
1.00002
1.00003
1.00002
0.999952
1.00013
1.00004
0.999735
1.00003
1.00029
1.00028
0.999928
0.998701
0.99621
0.992375
0.98767
0.982921
0.978904
0.976844
0.977283
0.979131
0.982015
0.986264
0.991047
0.994947
0.997877
1.00024
1.00173
1.00218
1.00174
1.00071
0.999801
0.999593
0.999809
1.00007
1.00009
1.00004
1.00005
0.999965
1.00007
1
1.00003
1.00001
1.00002
1.00001
1.00001
1.00001
1
1
1
1
1
1
1
1
1
1
1
1
1
1
1
1
1
0.999996
1.00001
0.999977
1.00004
0.999954
1.00004
0.999987
0.999979
1.00004
0.999977
0.999984
1.00004
0.99998
0.999983
1.00002
1.00001
0.999981
0.999991
1.00002
1
0.999988
0.999996
1.00001
1.00001
0.999999
0.999992
1
1.00001
0.999992
1.00001
0.999995
0.999987
1.00003
0.999979
1
1.00003
0.999975
1
1.00007
0.999995
0.999934
1.0002
1
0.999689
1.00007
1.00031
1.00039
0.999988
0.998234
0.994733
0.989098
0.981596
0.973099
0.964356
0.956652
0.953187
0.955083
0.960614
0.968444
0.977725
0.986422
0.992505
0.996193
0.998487
0.999828
1.00047
1.00073
1.00072
1.00037
0.999959
0.999902
0.999984
1.00011
1.00002
1.00003
1.00003
1.00002
1.00003
1.00002
1.00002
1.00001
1.00001
1.00001
1.00001
1
1
1
1
1
1
1
1
1
1
1
1
1
1
0.999999
1
0.999996
1.00001
0.999983
1.00003
0.999956
1.00006
0.999936
1.00005
0.999991
0.99997
1.00004
0.999995
0.99997
1.00002
1.00001
0.999972
1
1.00001
1
0.999987
0.999992
1.00001
1.00001
0.999993
0.999998
0.999998
1
1.00001
0.999987
1.00001
1
0.999983
1.00003
0.999981
0.999989
1.00005
0.999969
0.99999
1.00011
0.999961
0.999936
1.00023
0.999978
0.999685
1.00003
1.00031
1.00061
1.00006
0.997757
0.993406
0.985812
0.974776
0.961389
0.947279
0.933133
0.922484
0.921171
0.929317
0.942948
0.958775
0.974494
0.986828
0.993946
0.997131
0.998322
0.998828
0.999371
0.999905
1.00011
1.00016
1.00007
1.00003
1
1.00001
1.00007
1.00001
1.00004
1.00002
1.00002
1.00002
1.00001
1.00001
1.00001
1.00001
1
1
1
1
1
1
1
1
1
1
1
1
1
1
1
0.999999
1
0.999994
1.00001
0.999981
1.00002
0.999983
0.999998
1.00003
0.999962
1.00002
1.00001
0.999964
1.00002
1.00002
0.999979
0.99999
1.00002
1
0.99998
1
1.00001
1
0.999995
0.99999
1.00001
1
0.999999
1.00001
0.999985
1.00001
1.00001
0.999977
1.00003
0.999983
0.999978
1.00006
0.999962
0.99998
1.00013
0.999946
0.999933
1.00023
1.00001
0.999685
0.999901
1.00037
1.00089
1.0001
0.99748
0.992582
0.98303
0.968127
0.948356
0.926586
0.906594
0.889989
0.88285
0.889941
0.907853
0.929645
0.950959
0.969577
0.983203
0.991621
0.996346
0.99869
0.999423
0.999242
0.999253
0.999681
0.999987
1.00003
0.999961
1.00003
1.00001
1.00003
1.00003
1.00002
1.00002
1.00002
1.00002
1.00001
1.00001
1.00001
1
1
1
1
1
1
1
1
1
1
1
1
1
1
1
1
1
0.999997
1.00001
0.999987
1.00002
0.999963
1.00005
0.99996
1.00001
1.00002
0.999968
1.00001
1.00002
0.999977
0.999991
1.00002
0.999999
0.999985
0.999996
1.00002
1
0.999987
1
1
1.00001
0.999999
0.999992
1.00001
0.999988
1.00001
1.00001
0.999969
1.00004
0.999988
0.999966
1.00007
0.999962
0.999966
1.00014
0.999958
0.999905
1.00021
1.0001
0.999665
0.999711
1.00048
1.00112
1.00018
0.997584
0.99238
0.981202
0.963337
0.937312
0.903671
0.872453
0.851086
0.841089
0.845251
0.863522
0.890155
0.916916
0.940459
0.960921
0.977649
0.989371
0.995912
0.998408
0.998928
0.999134
0.999362
0.999614
0.999782
0.999959
1.00001
0.999974
1.00003
1.00002
1.00003
1.00002
1.00002
1.00002
1.00001
1.00001
1.00001
1.00001
1
1
1
1
1
1
1
1
1
1
1
1
1
1
1
0.999999
1
0.999995
1.00001
0.999988
1.00001
1
0.999978
1.00003
0.999976
0.999994
1.00003
0.999979
0.999989
1.00002
1
0.999978
1
1.00002
0.999997
0.999992
0.999994
1.00001
1
0.999999
0.999997
0.999992
1.00001
0.999992
1
1.00001
0.999966
1.00003
0.999998
0.999952
1.00008
0.999974
0.999943
1.00015
0.999995
0.999854
1.00018
1.00022
0.999646
0.999511
1.00054
1.00127
1.00036
0.998121
0.992789
0.980523
0.96151
0.932746
0.888541
0.839469
0.805059
0.791994
0.79532
0.811659
0.841362
0.876895
0.909312
0.937458
0.961393
0.979136
0.989625
0.994659
0.997378
0.998892
0.999311
0.999306
0.999556
0.999888
0.999913
0.999972
1.00001
1.00001
1.00002
1.00002
1.00002
1.00002
1.00001
1.00001
1.00001
1.00001
1
1
1
1
1
1
1
1
1
1
1
1
1
1
1
1
1
0.999999
1
0.999992
1.00002
0.999976
1.00003
0.999987
0.999991
1.00002
0.999989
0.999985
1.00002
1
0.99998
1
1.00001
0.999999
0.999985
1
1.00001
1
0.999996
0.999995
1
0.999997
1.00001
0.999991
0.999993
1.00002
0.999967
1.00003
1.00001
0.999939
1.00008
0.999996
0.999913
1.00015
1.00005
0.999802
1.00013
1.00034
0.999687
0.999325
1.00046
1.00134
1.00065
0.999014
0.993784
0.981011
0.962321
0.935172
0.888379
0.827009
0.775687
0.751131
0.750147
0.762392
0.789446
0.831847
0.877473
0.91647
0.946599
0.968089
0.981519
0.989535
0.994778
0.997858
0.998907
0.999074
0.999465
0.999766
0.999835
0.999959
0.999987
1.00001
1.00002
1.00002
1.00002
1.00002
1.00002
1.00001
1.00001
1.00001
1
1
1
1
1
1
1
1
1
1
1
1
1
1
1
1
0.999999
1
0.999997
1.00001
0.999994
1
1.00001
0.999979
1.00002
0.999994
0.999984
1.00002
1
0.999984
1
1.00001
0.999994
0.999989
1
1.00001
1
0.999993
0.999997
1
1.00001
0.999993
1.00001
0.999994
0.999992
1.00003
0.999967
1.00001
1.00003
0.999929
1.00007
1.00003
0.999887
1.00013
1.00011
0.999778
1.00004
1.00043
0.999838
0.999175
1.00019
1.00134
1.00104
1.00003
0.995382
0.982828
0.964923
0.941401
0.899696
0.83798
0.778725
0.742612
0.731919
0.736218
0.753578
0.79169
0.844286
0.894446
0.932632
0.957914
0.973549
0.984092
0.991645
0.99617
0.998039
0.998792
0.999376
0.999645
0.999795
0.999932
0.999973
1
1.00002
1.00002
1.00002
1.00002
1.00002
1.00001
1.00001
1.00001
1
1
1
1
1
1
1
1
1
1
1
1
1
1
1
1
1
1
1
1
0.999996
1.00001
0.999988
1.00001
1
0.999988
1.00001
1
0.999985
1
1.00001
0.999992
0.999992
1.00001
1.00001
0.999996
0.999993
1
1
1
1
0.999989
1.00001
1
0.999988
1.00003
0.99997
1
1.00004
0.999925
1.00005
1.00007
0.999871
1.00009
1.00018
0.9998
0.999907
1.00046
1.00009
0.999139
0.999736
1.00118
1.00142
1.00091
0.997478
0.98626
0.968964
0.94824
0.914638
0.861643
0.804882
0.764545
0.745931
0.741787
0.748395
0.773744
0.819988
0.874123
0.920365
0.951094
0.969043
0.980651
0.989091
0.994413
0.997058
0.998441
0.999228
0.99955
0.999766
0.999903
0.999963
0.999998
1.00001
1.00002
1.00002
1.00002
1.00002
1.00001
1.00001
1.00001
1.00001
1
1
1
1
1
1
1
1
1
1
1
1
1
1
1
1
1
1
0.999998
1
0.999997
1
1.00001
0.999988
1.00001
1
0.999988
1.00001
1.00001
0.999994
0.999994
1.00001
1.00001
0.999995
0.999995
1
1.00001
1
0.999994
1
0.999995
1.00001
1
0.99998
1.00003
0.999981
0.999989
1.00006
0.999932
1.00002
1.0001
0.999877
1.00002
1.00023
0.999874
0.999771
1.00036
1.00038
0.999323
0.999239
1.00071
1.00167
1.00161
0.999545
0.991021
0.975059
0.955284
0.928018
0.886477
0.838302
0.799417
0.776642
0.76682
0.767164
0.781878
0.815477
0.863158
0.911048
0.94664
0.967946
0.980293
0.98833
0.993504
0.996435
0.998143
0.999079
0.999493
0.999743
0.999883
0.999955
0.999993
1.00001
1.00002
1.00002
1.00002
1.00002
1.00001
1.00001
1.00001
1.00001
1
1
1
1
1
1
1
1
1
1
1
1
1
1
1
1
1
1
1
1
0.999999
1
0.999994
1
1
0.999993
1
1
0.999993
0.999999
1.00001
1
0.999996
0.999997
1
1
0.999999
0.999996
0.999997
1.00001
0.999999
0.999998
1
0.999984
1.00002
0.999992
0.999976
1.00006
0.999951
0.999979
1.00012
0.999913
0.99995
1.00024
0.999998
0.999685
1.00016
1.00058
0.999743
0.998952
0.999931
1.00154
1.00217
1.00114
0.995757
0.983143
0.964654
0.940819
0.908303
0.869598
0.834602
0.810232
0.797337
0.795529
0.805931
0.829873
0.866099
0.907832
0.944116
0.968127
0.981406
0.988916
0.993561
0.996342
0.998031
0.998995
0.99947
0.999731
0.999874
0.99995
0.99999
1.00001
1.00002
1.00002
1.00002
1.00002
1.00001
1.00001
1.00001
1.00001
1
1
1
1
1
1
1
1
1
1
1
1
1
1
1
1
1
1
1
0.999999
1
0.999999
1
1
0.999995
1
1
0.999994
1
1
0.999999
0.999998
0.999999
1
1
0.999998
0.999996
1
1
1
0.999996
0.999997
1.00001
0.999987
1.00001
1
0.999969
1.00005
0.99998
0.99995
1.00012
0.999974
0.999889
1.00019
1.00014
0.999693
0.999907
1.00057
1.00023
0.999122
0.999179
1.00073
1.00225
1.00235
0.999462
0.991126
0.976318
0.955852
0.929688
0.899146
0.869388
0.845544
0.830729
0.827807
0.837371
0.856046
0.88195
0.914432
0.94681
0.970421
0.983622
0.990431
0.994311
0.996662
0.99813
0.999006
0.999479
0.999734
0.999873
0.999948
0.999988
1.00001
1.00002
1.00002
1.00002
1.00002
1.00001
1.00001
1.00001
1.00001
1
1
1
1
1
1
1
1
1
1
1
1
1
1
1
1
1
1
1
1
1
1
1
0.999998
1
1
0.999998
1
1
0.999998
1
1
0.999999
1
0.999998
0.999997
1
1
0.999996
0.999998
1
0.999998
1.00001
0.99999
1
1.00001
0.999969
1.00003
1.00001
0.999935
1.00008
1.00004
0.999868
1.0001
1.00023
0.999811
0.999729
1.00035
1.00051
0.999693
0.998983
0.999581
1.00134
1.00287
1.00223
0.997459
0.987255
0.971617
0.951489
0.928449
0.904914
0.8835
0.868069
0.86405
0.872366
0.887054
0.905556
0.929763
0.955707
0.975681
0.987146
0.992778
0.995659
0.997349
0.998437
0.999126
0.999529
0.999755
0.99988
0.99995
0.999988
1.00001
1.00002
1.00002
1.00002
1.00002
1.00001
1.00001
1.00001
1.00001
1
1
1
1
1
1
1
1
1
1
1
1
1
1
1
1
1
1
1
1
1
1
0.999999
1
0.999999
1
1
0.999999
0.999999
1
0.999998
1
1
0.999997
1
1
0.999999
0.999997
1
1
1
0.999995
1.00001
0.999995
0.999997
1.00002
0.999974
1.00001
1.00003
0.999942
1.00003
1.00009
0.999905
0.999992
1.00023
0.999994
0.999722
1.00002
1.00045
1.00027
0.999454
0.998924
0.999843
1.00205
1.00354
1.00186
0.995691
0.985087
0.971092
0.955022
0.937699
0.920111
0.906078
0.901779
0.907849
0.91848
0.93177
0.949323
0.968063
0.982548
0.990969
0.995042
0.996991
0.998091
0.998818
0.999304
0.999609
0.99979
0.999895
0.999955
0.999989
1.00001
1.00002
1.00002
1.00002
1.00002
1.00001
1.00001
1.00001
1.00001
1
1
1
1
1
1
1
1
1
1
1
1
1
1
1
1
1
1
1
1
1
1
1
1
1
1
1
1
1
0.999999
1
1
0.999999
1
1
0.999999
0.999999
1
1
0.999999
1
0.999996
1
1
0.999991
1.00002
0.999986
0.999991
1.00004
0.999968
0.999984
1.00009
0.999983
0.999931
1.00012
1.00014
0.999877
0.999797
1.00014
1.00047
1.0001
0.999184
0.998986
1.00045
1.00268
1.00341
1.00087
0.994943
0.986576
0.976596
0.964819
0.951422
0.940405
0.937274
0.941308
0.947965
0.95665
0.96816
0.98001
0.988972
0.994204
0.996782
0.998029
0.998731
0.999193
0.999507
0.999712
0.99984
0.999918
0.999965
0.999994
1.00001
1.00002
1.00002
1.00002
1.00002
1.00001
1.00001
1.00001
1
1
1
1
1
1
1
1
1
1
1
1
1
1
1
1
1
1
1
1
1
1
1
1
1
1
1
1
0.999999
1
1
1
1
1
1
1
1
1
1
1
1
1
0.999997
1
1
0.999991
1.00001
0.999999
0.999981
1.00003
1
0.999961
1.00005
1.00006
0.99994
1
1.00016
1.00005
0.999817
0.999888
1.00024
1.00033
0.999853
0.999312
0.999564
1.00078
1.002
1.00194
1.00016
0.996922
0.992031
0.984446
0.975069
0.968443
0.967285
0.969039
0.971546
0.975941
0.982481
0.9891
0.993956
0.996776
0.998202
0.998912
0.999303
0.999549
0.999714
0.999824
0.999897
0.999946
0.999979
1
1.00001
1.00002
1.00002
1.00002
1.00002
1.00001
1.00001
1.00001
1
1
1
1
1
1
1
1
1
1
1
1
1
1
1
1
1
1
1
1
1
1
1
1
1
1
1
1
1
1
1
1
1
0.999999
1
1
0.999999
1
1
1
1
1
1
0.999999
1
0.999994
1
1.00001
0.999981
1.00001
1.00002
0.999969
1.00001
1.00007
0.999997
0.999957
1.00007
1.00011
0.999983
0.999879
0.999953
1.00013
1.00018
1.00001
0.999762
0.999711
1.00001
1.00059
1.00121
1.00117
0.999082
0.994525
0.989928
0.987769
0.986988
0.98593
0.985811
0.988075
0.991812
0.99522
0.997452
0.998649
0.999237
0.999532
0.999695
0.999796
0.999864
0.999911
0.999946
0.999973
0.999993
1.00001
1.00002
1.00002
1.00002
1.00002
1.00002
1.00001
1.00001
1.00001
1
1
1
1
1
1
1
1
1
1
1
1
1
1
1
1
1
1
1
1
1
1
1
1
1
1
1
1
1
1
1
1
1
1
0.999999
1
1
0.999999
1
1
1
1
1
0.999999
1
0.999996
0.999997
1.00001
0.99999
0.999994
1.00003
0.999995
0.999984
1.00004
1.00005
0.999993
0.999992
1.00006
1.00008
0.999994
0.999898
0.99994
1.0001
1.00019
1.00005
0.999749
0.99963
1.00001
1.00066
1.0006
0.999261
0.997736
0.997104
0.996342
0.994469
0.992953
0.993441
0.995434
0.997443
0.998717
0.999348
0.999642
0.999793
0.999879
0.999927
0.999952
0.999965
0.999974
0.999984
0.999994
1.00001
1.00001
1.00002
1.00002
1.00002
1.00002
1.00002
1.00001
1.00001
1.00001
1
1
1
1
1
1
1
1
1
1
1
1
1
1
1
1
1
1
1
1
1
1
1
1
1
1
1
1
1
1
1
1
1
1
1
1
1
1
1
1
1
1
1
0.999999
1
1
0.999995
1.00001
1
0.999989
1.00001
1.00002
0.99999
1
1.00005
1.00003
0.999994
1.00001
1.00005
1.00004
1
0.999979
0.999976
0.999972
0.999972
1.00003
1.00018
1.00028
1
0.999345
0.999043
0.999318
0.999033
0.997676
0.99667
0.997156
0.998465
0.999467
0.999866
0.999952
0.99998
1.00001
1.00003
1.00003
1.00002
1.00001
1
0.999997
0.999999
1.00001
1.00001
1.00002
1.00002
1.00002
1.00002
1.00002
1.00002
1.00001
1.00001
1.00001
1
1
1
1
1
1
1
1
1
1
1
1
1
1
1
1
1
1
1
1
1
1
1
1
1
1
1
1
1
1
1
1
1
1
1
1
1
1
0.999999
1
1
0.999999
1
1
1
1
0.999996
1
1.00001
0.999994
0.999998
1.00002
1.00001
0.999998
1.00002
1.00004
1.00003
1.00002
1
1.00002
1.00005
1.00004
0.999968
0.999917
0.999961
1.0001
1.00017
0.999997
0.999738
0.999849
1.0002
0.999948
0.99908
0.998796
0.999505
1.00031
1.00052
1.00034
1.00016
1.0001
1.00009
1.00008
1.00006
1.00003
1.00002
1.00001
1
1
1.00001
1.00001
1.00002
1.00002
1.00002
1.00002
1.00002
1.00002
1.00001
1.00001
1.00001
1
1
1
1
1
1
1
1
1
1
1
1
1
1
1
1
1
1
1
1
1
1
1
1
1
1
1
1
1
1
1
1
0.999999
1
1
1
1
0.999999
1
1
1
1
1
1
1
0.999999
1
0.999998
0.999998
1
1
0.999995
1.00001
1.00001
1.00001
1.00001
1.00002
1.00004
1.00003
1.00002
1.00002
1.00002
1.00001
1
1.00003
1.00005
0.999988
0.999855
0.99983
1.00009
1.00034
1.00009
0.999649
0.999826
1.00045
1.00071
1.00043
1.00011
1.00001
1.00003
1.00005
1.00004
1.00002
1.00001
1
0.999996
0.999993
0.999993
0.999998
1.00001
1.00001
1.00002
1.00002
1.00003
1.00002
1.00002
1.00002
1.00001
1.00001
1.00001
1
1
1
1
1
1
1
1
1
1
1
1
1
1
1
1
1
1
1
1
1
1
1
1
1
0.999999
1
1
0.999999
1
0.999999
0.999999
1
1
0.999998
1
1
0.999999
1
1
1
1
1
0.999999
1
1
1
1
0.999997
1
1
0.999999
0.999998
1.00001
1.00001
1.00001
1.00002
1.00002
1.00003
1.00004
1.00003
1
1
1.00003
1.00004
0.999994
0.999934
0.999972
1.00011
1.00013
0.999857
0.999696
1.00001
1.00037
1.00025
0.999914
0.999791
0.999884
0.999976
0.999992
0.99998
0.999978
0.999982
0.999984
0.999982
0.999981
0.999985
0.999992
1
1.00001
1.00002
1.00002
1.00003
1.00002
1.00002
1.00002
1.00001
1.00001
1.00001
1.00001
1
1
1
1
1
1
1
1
1
1
1
1
1
1
1
1
1
1
1
1
1
1
1
1
1
1
1
0.999999
1
1
0.999998
1
0.999999
0.999996
1.00001
0.999998
0.999995
1.00001
0.999999
0.999998
1
1
0.999999
1
1
1
1
1
0.999999
0.999999
1
1
1
1
1.00001
1.00002
1.00002
1.00002
1.00003
1.00003
1.00002
1.00003
1.00003
1.00002
0.999987
0.999982
1.00004
1.00009
1.00003
0.999863
0.99988
1.00014
1.00021
0.999956
0.99976
0.999832
0.999971
1.00001
0.999989
0.999981
0.999988
0.99999
0.999985
0.999981
0.999981
0.999986
0.999993
1
1.00001
1.00002
1.00002
1.00002
1.00003
1.00002
1.00002
1.00002
1.00001
1.00001
1.00001
1
1
1
1
1
1
1
1
1
1
1
1
1
1
1
1
1
1
1
1
1
1
0.999999
1
1
0.999999
1
0.999999
1
1
0.999999
1
1
0.999997
1.00001
0.999998
0.999995
1.00001
0.999998
0.999997
1
1
0.999999
0.999999
1
1
1
1
1
1
0.999999
0.999999
1
1
1
1.00001
1.00001
1.00002
1.00002
1.00002
1.00002
1.00003
1.00004
1.00003
1.00001
1.00002
1.00004
1.00004
0.999973
0.999926
1.00002
1.00015
1.00008
0.999883
0.999864
1
1.00007
1.00004
1.00001
1.00002
1.00001
0.999997
0.999985
0.999985
0.999992
0.999999
1
1.00001
1.00001
1.00002
1.00002
1.00003
1.00003
1.00002
1.00002
1.00002
1.00001
1.00001
1.00001
1
1
1
1
1
1
1
1
1
1
1
1
1
1
1
1
1
1
1
1
1
1
1
0.999999
1
0.999999
1
1
0.999999
1
0.999999
1
1
0.999996
1
1
0.999995
1.00001
0.999998
0.999994
1.00001
0.999998
0.999998
1
1
1
1
1
1
1
1
1
0.999999
1
1
1
1.00001
1.00001
1.00001
1.00002
1.00002
1.00003
1.00003
1.00002
1.00002
1.00003
1.00004
1.00002
0.99999
1
1.00006
1.00008
0.999981
0.999898
0.999974
1.00008
1.00007
1.00003
1.00002
1.00001
0.999992
0.999981
0.999992
1.00001
1.00002
1.00001
1.00001
1.00002
1.00002
1.00002
1.00003
1.00003
1.00003
1.00003
1.00002
1.00002
1.00001
1.00001
1.00001
1.00001
1
1
1
1
1
1
1
1
1
1
1
1
1
1
1
1
1
1
1
1
1
1
1
1
1
0.999999
1
0.999999
1
1
0.999997
1
1
1
0.999999
0.999996
1.00001
0.999998
0.999992
1.00001
0.999998
0.999995
1
0.999999
0.999999
1
1
1
1
1
1
0.999999
1
1
1
1
1
1.00001
1.00001
1.00001
1.00002
1.00002
1.00002
1.00002
1.00003
1.00003
1.00002
1.00001
1.00004
1.00006
1.00003
0.999975
0.999977
1.00005
1.00009
1.00004
0.999998
0.999994
0.999992
0.999992
1.00001
1.00002
1.00003
1.00003
1.00002
1.00002
1.00002
1.00002
1.00003
1.00003
1.00003
1.00003
1.00003
1.00002
1.00002
1.00002
1.00001
1.00001
1.00001
1
1
1
1
1
1
1
1
1
1
1
1
1
1
1
1
1
1
1
1
1
1
1
1
1
1
1
1
1
1
0.999999
1
1
0.999992
1
1.00001
0.999988
1
0.999999
1
1
0.999993
1.00001
0.999999
0.999996
1
0.999999
1
1
1
1
1
1
0.999999
1
1
1
1
1
1.00001
1.00001
1.00001
1.00001
1.00002
1.00003
1.00003
1.00002
1.00003
1.00004
1.00004
1.00002
1
1.00003
1.00007
1.00005
1
0.999996
1.00001
1.00001
1.00003
1.00004
1.00005
1.00003
1.00002
1.00001
1.00002
1.00003
1.00003
1.00003
1.00003
1.00003
1.00003
1.00003
1.00002
1.00002
1.00001
1.00001
1.00001
1.00001
1
1
1
1
1
1
1
1
1
1
1
1
1
1
1
1
1
1
1
1
1
1
1
1
1
1
1
1
1
0.999998
1
0.999997
0.999996
1.00001
1
0.999983
1
1.00002
0.999991
0.999987
1.00001
0.999993
1
1.00001
0.999992
1.00001
0.999996
0.999998
1
0.999999
1
0.999999
1
1
1
1
1
1
1
1
1
1.00001
1.00001
1.00001
1.00002
1.00002
1.00002
1.00002
1.00003
1.00003
1.00002
1.00002
1.00004
1.00004
1.00002
1.00001
1.00002
1.00003
1.00004
1.00005
1.00004
1.00002
1.00002
1.00002
1.00003
1.00003
1.00003
1.00003
1.00003
1.00003
1.00003
1.00002
1.00002
1.00002
1.00002
1.00001
1.00001
1.00001
1
1
1
1
1
1
1
1
1
1
1
1
1
1
1
1
1
1
1
1
1
1
1
1
0.999999
1
0.999999
1
0.999999
1
1
0.999999
0.999998
1.00001
0.999999
0.999979
1.00002
1.00002
0.999958
0.999997
1.00003
1.00001
0.999984
0.999986
1.00002
0.999991
1
1.00001
0.999996
0.999999
0.999996
1
1
1
1
1
1
1
1
1
1
1
1
1
1.00001
1.00001
1.00001
1.00001
1.00002
1.00002
1.00002
1.00002
1.00002
1.00003
1.00002
1.00001
1.00002
1.00003
1.00004
1.00004
1.00003
1.00002
1.00002
1.00002
1.00003
1.00003
1.00003
1.00003
1.00003
1.00002
1.00002
1.00002
1.00002
1.00002
1.00002
1.00002
1.00001
1.00001
1.00001
1.00001
1
1
1
1
1
1
1
1
1
1
1
1
1
1
1
1
1
1
1
1
1
0.999999
1
0.999999
1
1
1
1
0.999999
1
0.999997
1.00001
0.999996
0.999987
1.00003
1
0.99995
1.00003
1.00004
0.999948
0.999974
1.00004
1.00002
0.999989
0.999992
0.99998
1.00003
0.999989
1.00001
1
0.999995
0.999999
0.999998
1
1
1
1
1
1
1
1
1
1
1
1
1
1.00001
1.00001
1.00001
1.00001
1.00001
1.00002
1.00002
1.00001
1.00001
1.00002
1.00002
1.00002
1.00002
1.00001
1.00001
1.00002
1.00003
1.00003
1.00002
1.00002
1.00002
1.00003
1.00003
1.00002
1.00001
1.00001
1.00002
1.00002
1.00001
1
1
1
1
1
1
1
1
1
1
1
1
1
1
1
1
1
1
1
1
1
1
1
0.999999
1
1
1
1
0.999999
1
0.999998
1
0.999998
1
1
1
0.999994
1.00002
0.999995
0.999964
1.00006
1.00001
0.999906
1.00005
1.00006
0.999948
0.999967
1.00002
1.00003
0.999994
1
0.999983
0.999999
1.00001
1.00001
1
1
0.999996
1
1
0.999999
1
1
1
1
1
1
1
1
1
1
1
1
1
1.00001
1.00001
1.00001
1.00001
1.00001
1.00001
1.00001
1.00001
1.00001
1.00001
1.00001
1.00002
1.00002
1.00001
1.00001
1.00002
1.00002
1.00001
0.999995
0.999994
1.00001
1.00002
1.00002
1
1
0.999996
0.999993
0.999993
0.999996
0.999999
0.999999
0.999999
1
1
1
1
1
1
1
1
1
1
1
1
1
1
1
1
1
0.999999
1
0.999999
1
1
1
1
0.999998
1
0.999996
1
0.999994
1.00001
0.999994
0.999985
1.00004
0.999991
0.999926
1.0001
1
0.999892
1.00004
1.00007
0.999984
0.999949
1.00001
1
1.00004
0.999975
1
0.999991
0.999993
1.00001
0.999998
1
1
1
0.999998
0.999998
1
1
1
1
1
1
1
1
1
1
1
1
1
1
1
1.00001
1.00001
1
1
1.00001
1.00001
1.00001
1.00001
1.00001
1.00001
1
1
0.999998
1.00001
1.00001
1.00001
0.999995
0.999997
1.00001
1
0.999993
0.999993
1.00001
1.00001
1.00001
1.00001
1
1
1
1
1
1
1
1
1
1
1
1
1
1
1
1
1
0.999999
1
0.999999
1
1
0.999998
1
0.999997
1
0.999998
1
1
0.999997
1.00001
0.999995
1
1.00001
1
0.999953
1.00009
0.999948
0.999927
1.00012
1
0.999909
1
1.00006
1.00001
0.99998
0.999966
0.999995
1.00003
1.00001
1
0.999984
1
0.999992
1
1
1
1
1
0.999997
0.999999
1
1
1
1
1
1
1
1
1
1
1
1
1
1
1
1
1
1
1
1
1
0.999996
1
1.00001
1.00001
0.999998
0.999987
0.999998
1.00002
1.00002
0.999997
0.999978
0.999988
1
1.00001
1
1.00001
1.00001
1.00001
1
1
1
1
1
1
1
1
1
1
1
1
1
1
1
1
1
1
1
0.999998
1
0.999998
1
1
0.999996
1.00001
0.999993
1.00001
0.999994
1
0.999996
1
1
0.999978
1.00005
0.999961
0.999968
1.00012
0.999904
0.999962
1.0001
0.999999
0.999954
0.999966
1.00004
1.00001
1.00003
0.999949
0.999996
0.999996
1.00001
1.00002
0.999985
1
0.999989
0.999997
1
1
1
1
1
1
0.999999
0.999999
1
1
1
1
1
1
1
1
1
1
1
1
1
1
0.999999
1
1
1
1
0.999999
0.999999
1.00001
1.00001
1
0.999987
0.999991
1.00001
1.00001
1
0.999996
1.00001
1.00002
0.999992
0.999971
0.999972
0.999982
0.99999
0.999995
0.999997
0.999999
1
1
1
1
1
1
1
1
1
1
0.999999
1
0.999999
1
0.999999
0.999999
1
0.999996
1
0.999996
1
1
0.999994
1.00001
0.999988
1.00001
0.999987
1.00001
0.999997
1.00001
0.999965
1.00009
0.999892
1.00004
1.00008
0.999899
1
1.00004
1.00003
0.999961
0.999988
0.999983
1.00004
1.00002
0.999981
0.999995
0.999972
1.00001
1
1.00002
0.999999
0.999997
0.999996
0.999997
0.999999
1
1
1
1
1
1
0.999999
1
1
1
1
1
1
1
1
1
1
0.999999
1
1
1
0.999998
1
1.00001
1
0.999992
0.99999
1
1.00002
1.00001
0.999978
0.999963
0.999998
1.00003
1.00002
0.999986
0.999985
1
1.00001
1
1
1
1
1
1
1
1
1
1
1
1
1
1
1
1
1
1
1
1
0.999997
1
0.999998
0.999999
1
0.999993
1.00001
0.999992
1
1
0.999995
1.00001
0.999984
1.00002
0.999964
1.00006
0.999931
1.00005
1.00003
0.999897
1.00009
1.00001
0.99994
1.00001
1.00001
1.00002
0.999982
1
0.999961
1.00003
1
1.00002
1
0.999968
1.00001
0.999991
1.00001
1
1
1
0.999997
0.999998
0.999998
1
1
1
1
1
1
1
1
1
1
1
0.999999
1
1
1
1
1
1
0.999997
1
1
0.999999
1
1.00001
0.999997
0.999986
0.99999
1.00001
1.00003
1
0.999977
0.999989
1.00001
0.999996
0.999983
1
1.00003
1.00004
1.00003
1.00002
1.00001
1
1
1
1
1
1
1
1
1
1
1
0.999999
1
0.999999
1
0.999999
0.999999
1
0.999995
1.00001
0.999997
0.999999
1.00001
0.999989
1.00001
0.999984
1.00001
0.999991
1
1.00001
0.999988
1
1.00003
0.99993
1.00009
0.999964
0.999946
1.00009
0.999964
0.999998
0.999979
1.00003
0.99998
1.00002
0.99999
0.999989
1
0.999983
1.00003
1
0.999994
0.999992
0.999995
1
1
1
1
1
0.999998
0.999999
0.999999
0.999999
1
1
1
1
1
1
1
1
1
1
0.999999
1
1
1
0.999999
1
1
0.999997
0.999995
1
1.00001
1.00001
1.00001
0.999982
0.999973
1.00001
1.00005
1.00002
0.999965
0.999972
1.00002
1.00003
1
0.999978
0.999972
0.999976
0.999984
0.999989
0.999993
0.999997
0.999999
1
1
1
1
1
1
1
0.999999
1
1
0.999999
1
0.999998
1
0.999998
0.999999
1
0.999992
1.00001
0.999994
1
1.00001
0.999985
1.00002
0.999974
1.00003
0.999966
1.00004
0.999945
1.00006
0.99996
0.999984
1.00008
0.999921
1.00002
1.00002
0.999993
0.999985
1
1.00001
0.99998
1.00002
0.999986
1.00002
0.999983
0.999987
1.00002
0.999999
1.00001
0.999995
0.999996
0.999997
0.999999
1
1
1
1
0.999999
1
0.999999
0.999999
1
1
0.999999
1
1
1
1
1
1
1
0.999998
0.999998
1
1
0.999999
1
1
0.999995
0.999989
0.999998
1.00002
1.00002
0.999998
0.999962
0.999974
1.00002
1.00003
1
0.999991
1
0.999999
0.999983
0.999974
0.999975
0.999985
0.999994
0.999998
0.999999
1
1
1
1
1
1
1
1
1
1
0.999999
1
0.999999
1
1
0.999996
1
0.999997
0.999999
1.00001
0.999989
1.00001
0.999988
1.00001
1
0.999988
1.00002
0.99997
1.00003
0.999975
1
1.00003
0.999945
1.00003
1.00002
0.999951
1.00003
0.999994
1.00001
0.99997
1.00003
0.999984
1.00001
0.999995
0.999998
1.00002
0.999986
0.999994
1
0.999998
1.00001
1
0.999999
0.999998
0.999998
1
1
1
1
1
1
1
1
1
1
1
0.999999
0.999999
1
1
1
0.999999
1
1
1
0.999997
0.999997
1
1
1
1
0.999988
0.999984
1.00001
1.00003
1.00001
0.99996
0.999961
1.00002
1.00003
0.999991
0.999968
0.999989
1.00002
1.00004
1.00005
1.00003
1.00002
1.00001
1.00001
1
1
1
1
1
1
1
1
1
1
0.999999
1
0.999999
1
0.999998
1
1
0.999995
1.00001
0.999995
1
1.00001
0.999986
1.00002
0.999979
1.00002
0.999985
1.00001
0.999985
1.00002
0.999972
1.00002
1
0.999961
1.00005
0.999971
1
0.999996
1.00002
0.999988
0.999994
1.00001
0.999992
1.00001
0.999985
1
1.00001
0.999997
0.999999
0.999995
0.999999
1
1
1
0.999999
0.999999
1
1
1
1
1
1
1
1
1
1
1
1
1
1
1
1
1
0.999999
1
1
1
0.999997
0.999993
1
1.00001
1.00001
0.999994
0.999973
0.999981
1.00003
1.00005
0.999999
0.999955
0.999977
1.00001
1.00001
1.00001
1.00001
0.999998
0.999997
0.999998
0.999995
0.999995
0.999997
0.999998
0.999999
1
1
1
1
1
1
1
0.999999
1
1
1
1
0.999998
1
0.999997
1
1
0.999993
1.00001
0.999992
1
1.00001
0.999986
1.00002
0.999973
1.00003
0.999971
1.00002
0.999992
0.999987
1.00003
0.999969
1.00001
1.00001
0.99999
1
0.999994
1.00002
0.999982
1.00001
0.999995
1.00001
1
0.99999
1
1
1
1
0.999995
0.999999
1
1
1
1
0.999999
1
1
1
1
0.999999
1
1
1
1
1
1
0.999999
0.999999
1
1
1
0.999999
0.999998
0.999998
1
1
1
0.999995
0.99999
1
1.00002
1.00001
0.999977
0.999963
1.00001
1.00004
1.00001
0.999984
1.00001
1.00002
1
0.999988
0.999972
0.999958
0.999965
0.999979
0.999988
0.999994
0.999997
0.999999
1
1
1
1
1
1
1
1
1
0.999999
1
0.999999
1
1
0.999998
1
0.999996
1
1
0.999992
1.00001
0.999988
1.00001
0.999996
0.999998
1.00001
0.999995
1
1.00001
0.999987
1.00001
1
0.999986
1.00001
0.999995
1.00001
0.999991
1.00001
1
0.999996
1
0.999996
1.00001
1
0.999996
1
0.999999
1
1
0.999998
0.999999
0.999999
1
1
1
1
0.999999
0.999999
1
1
1
1
1
1
1
1
1
1
0.999999
0.999998
1
1
1
0.999998
0.999994
0.999997
1
1.00001
1
0.999987
0.99999
1.00002
1.00004
0.999998
0.999949
0.999975
1.00003
1.00003
0.999996
0.999994
0.999986
0.999985
1.00001
1.00003
1.00002
1.00002
1.00001
1.00001
1
1
1
1
1
1
1
1
1
1
1
1
1
1
1
0.999998
1
1
0.999997
1
0.999995
1
1
0.999993
1.00001
0.999985
1.00002
0.999984
1.00001
0.999989
1.00001
1
0.999989
1.00001
0.999989
1
0.999999
0.999999
1
0.999991
1.00001
0.999996
1
0.999998
0.999998
1
0.999999
1
1
0.999998
1
1
1
1
0.999999
1
1
1
1
1
1
0.999999
1
1
1
1
1
1
1
1
1
1
0.999999
0.999998
1
1.00001
1.00001
0.999998
0.99999
0.999995
1.00001
1.00001
0.99999
0.999975
0.999996
1.00004
1.00003
0.999977
0.999975
1
0.999988
0.999983
1.00001
1.00002
1.00001
1.00002
1.00002
1.00001
1
1
1
1
1
1
1
1
1
1
1
1
1
1
1
1
1
1
1
0.999998
1
1
0.999997
1.00001
0.999994
1.00001
0.999998
0.999998
1.00001
0.999992
1.00001
0.999995
0.999999
1.00001
0.99999
1.00001
0.999996
1
1
0.999996
1
0.999998
0.999999
1
1
1
0.999998
0.999999
1
1
1
1
0.999999
1
1
1
1
1
1
1
1
1
1
1
1
1
1
1
1
1
0.999999
0.999999
1
1
1
0.999999
0.999997
0.999997
1
1.00001
1.00001
0.999997
0.999989
1
1.00002
1.00001
0.999972
0.999975
1.00003
1.00003
0.999985
0.999982
1.00002
1.00001
0.999994
1.00001
0.999991
0.999971
0.999972
0.999977
0.999984
0.999991
0.999995
0.999998
0.999999
1
1
1
1
1
1
1
1
1
1
1
1
1
1
1
1
0.999998
1
1
0.999998
1
0.999993
1.00001
0.999993
1.00001
0.999995
1.00001
0.999995
1
0.999997
1
1
0.999999
1
1
0.999997
1
0.999997
1
0.999999
1
1
0.999999
1
1
1
1
1
0.999999
1
1
1
1
1
1
1
1
1
1
1
1
1
1
1
1
1
1
0.999999
0.999999
1
1
1
0.999998
0.999993
0.999995
1
1.00001
1
0.999989
0.999993
1.00002
1.00003
0.999988
0.999962
1
1.00003
0.999999
0.999998
1.00002
0.999996
0.999977
0.999994
1
1
1.00001
1.00001
1.00001
1
1
1
1
1
1
1
1
1
1
1
1
1
1
1
1
0.999999
1
1
1
1
0.999998
1
0.999999
1
1
0.999996
1.00001
0.999994
1
0.999997
1
1
0.999997
1
0.999998
1
1
0.999998
1
0.999999
1
1
1
1
1
1
1
1
1
1
1
1
1
1
1
1
1
1
1
1
1
1
1
1
1
0.999999
1
1
1
1
1
0.999999
0.999998
1
1.00001
1.00001
0.999999
0.999989
0.999991
1.00001
1.00001
0.999995
0.999981
1
1.00003
1.00001
0.999969
0.999998
1.00002
0.999982
0.999977
1.00001
1.00001
1.00001
1.00002
1.00002
1.00001
1.00001
1
1
1
1
1
1
1
1
1
1
1
1
1
1
1
1
1
1
1
1
1
1
1
1
0.999998
1
0.999998
1
0.999999
1
0.999999
1
0.999998
1
0.999997
1
0.999999
1
1
1
0.999999
1
0.999999
1
1
1
1
1
1
1
1
1
1
1
1
1
1
1
1
1
1
1
1
1
1
1
1
1
1
0.999999
0.999999
1
1
1
1
0.999997
0.999996
1
1.00001
1.00001
0.999998
0.999989
0.999996
1.00001
1
0.99998
0.999986
1.00003
1.00002
0.999973
0.999988
1.00002
0.999998
0.999993
1.00001
1
0.99999
0.999989
0.999988
0.99999
0.999993
0.999996
0.999998
0.999999
1
1
1
1
1
1
1
1
1
1
1
1
1
1
1
1
1
1
1
1
1
1
0.999999
1
0.999997
1
0.999997
1
0.999998
1
0.999999
1
1
1
0.999999
1
0.999999
1
1
1
1
1
1
1
1
1
1
1
1
1
1
1
1
1
1
1
1
1
0.999999
1
1
1
1
1
1
1
1
0.999999
1
1
1
1
0.999999
0.999996
0.999993
1
1.00001
1.00001
0.999995
0.999992
1.00001
1.00002
0.999988
0.999976
1.00001
1.00002
0.99999
0.999998
1.00002
1
0.999989
0.999995
0.999995
0.999997
1
1
1
1
1
1
1
1
1
1
1
1
1
1
1
1
1
1
1
1
1
1
1
1
1
1
1
0.999999
1
1
1
1
0.999999
1
1
1
1
1
1
1
1
1
1
1
1
1
1
1
1
1
1
1
1
1
1
1
1
1
1
1
1
1
1
1
1
1
1
1
1
1
1
1
1
1
1
0.999999
0.999999
1
1
1
1
0.999993
0.999992
1
1.00001
1
0.999988
0.999999
1.00002
1
0.999977
1
1.00002
0.99999
0.999989
1
1
1
1.00001
1.00001
1.00001
1
1
1
1
1
1
1
1
1
1
1
1
1
1
1
1
1
1
1
1
1
1
1
1
1
1
1
1
0.999999
1
0.999999
1
0.999999
1
0.999999
1
1
1
1
1
1
1
1
1
1
1
1
1
1
1
1
1
1
1
1
1
1
1
1
1
1
1
1
1
1
1
1
1
1
1
1
1
1
1
1
1
0.999999
0.999998
0.999998
1
1.00001
1
0.999994
0.999993
1
1
0.99999
0.999993
1.00002
1.00001
0.999982
0.999993
1.00001
0.999996
0.999997
1
1
0.999997
0.999997
0.999996
0.999996
0.999997
0.999998
0.999999
1
1
1
1
1
1
1
1
1
1
1
1
1
1
1
1
1
1
1
1
1
1
1
1
1
1
0.999999
1
0.999999
1
0.999999
1
1
1
1
1
1
1
1
1
1
1
1
1
1
1
1
1
1
1
1
1
1
1
1
1
1
1
1
1
1
1
1
1
1
1
1
1
1
1
1
1
1
1
0.999999
0.999997
0.999999
1
1.00001
1
0.999996
1
1.00001
0.999994
0.999988
1.00001
1.00001
0.999997
1
1.00001
0.999999
0.999996
0.999998
0.999997
0.999998
1
1
1
1
1
1
1
1
1
1
1
1
1
1
1
1
1
1
1
1
1
1
1
1
1
1
1
1
1
1
1
1
1
1
1
1
1
1
1
1
1
1
1
1
1
1
1
1
1
1
1
1
1
1
1
1
1
1
1
1
1
1
1
1
1
1
1
1
1
1
1
1
1
1
1
1
1
1
1
1
1
0.999998
0.999997
0.999999
1
1
0.999996
0.999999
1.00001
1
0.99999
1
1
0.999995
0.999997
1
1
1
1
1
1
1
1
1
1
1
1
1
1
1
1
1
1
1
1
1
1
1
1
1
1
1
1
1
1
1
1
1
1
1
1
1
1
1
1
1
1
1
1
1
1
1
1
1
1
1
1
1
1
1
1
1
1
1
1
1
1
1
1
1
1
1
1
1
1
1
1
1
1
1
1
1
1
1
1
1
1
0.999999
0.999999
1
1
1
1
0.999998
0.999996
0.999999
1
0.999997
0.999997
1.00001
1
0.999994
0.999998
1
0.999998
0.999998
1
1
0.999999
0.999999
0.999999
0.999999
0.999999
1
1
1
1
1
1
1
1
1
1
1
1
1
1
1
1
1
1
1
1
1
1
1
1
1
1
1
1
1
1
1
1
1
1
1
1
1
1
1
1
1
1
1
1
1
1
1
1
1
1
1
1
1
1
1
1
1
1
1
1
1
1
1
1
1
1
1
1
1
1
1
1
1
1
1
1
0.999999
0.999999
0.999999
1
1
1
1
1
1
0.999998
0.999997
1
1
0.999999
1
1
1
1
1
0.999999
1
1
1
1
1
1
1
1
1
1
1
1
1
1
1
1
1
1
1
1
1
1
1
1
1
1
1
1
1
1
1
1
1
1
1
1
1
1
1
1
1
1
1
1
1
1
1
1
1
1
1
1
1
1
1
1
1
1
1
1
1
1
1
1
1
1
1
1
1
1
1
1
1
1
1
1
1
1
1
1
1
1
1
0.999999
0.999999
1
1
1
1
1
1
0.999997
0.999999
1
0.999999
0.999999
1
1
1
1
1
1
1
1
1
1
1
1
1
1
1
1
1
1
1
1
1
1
1
1
1
1
1
1
1
1
1
1
1
1
1
1
1
1
1
1
1
1
1
1
1
1
1
1
1
1
1
1
1
1
1
1
1
1
1
1
1
1
1
1
1
1
1
1
1
1
1
1
1
1
1
1
1
1
1
1
1
1
0.999999
0.999999
1
1
1
1
0.999999
0.999999
0.999999
1
0.999999
0.999999
1
1
0.999999
1
1
1
0.999999
1
1
1
1
1
1
1
1
1
1
1
1
1
1
1
1
1
1
1
1
1
1
1
1
1
1
1
1
1
1
1
1
1
1
1
1
1
1
1
1
1
1
1
1
1
1
1
1
1
1
1
1
1
1
1
1
1
1
1
1
1
1
1
1
1
1
1
1
1
1
1
1
1
1
1
1
1
1
1
1
1
1
1
1
0.999999
1
1
1
1
1
1
1
1
1
1
1
1
1
1
1
1
1
1
1
1
1
1
1
1
1
1
1
1
1
1
1
1
1
1
1
1
1
1
1
1
1
1
1
1
1
1
1
1
1
1
1
1
1
1
1
1
1
1
1
1
1
1
1
1
1
1
1
1
1
1
1
1
1
1
1
1
1
1
1
1
1
1
1
1
1
1
1
1
1
1
1
1
1
1
1
1
0.999999
1
1
1
1
0.999999
0.999999
1
1
1
1
1
1
0.999999
1
1
1
1
1
1
1
1
1
1
1
1
1
1
1
1
1
1
1
1
1
1
1
1
1
1
1
1
1
1
1
1
1
1
1
1
1
1
1
1
1
1
1
1
1
1
1
1
1
1
1
1
1
1
1
1
1
1
1
1
1
1
1
1
1
1
1
1
1
1
1
1
1
1
1
1
1
1
1
1
1
1
1
1
1
1
1
1
1
1
1
1
1
1
1
1
1
1
1
1
1
1
1
1
1
1
1
1
1
1
1
1
1
1
1
1
1
1
1
1
1
1
1
1
1
1
1
1
1
1
1
1
1
1
1
1
1
1
1
1
1
1
1
1
1
1
1
1
1
1
1
1
1
1
1
1
1
1
1
1
1
1
1
1
1
1
1
1
1
1
1
1
1
1
1
1
1
1
1
1
1
1
1
1
1
1
1
1
1
1
1
1
1
1
1
1
1
1
1
1
1
1
1
1
1
1
1
1
1
1
1
1
1
1
1
1
1
1
1
1
1
1
1
1
1
1
1
1
1
1
1
1
1
1
1
1
1
1
1
1
1
1
1
1
1
1
1
1
1
1
1
1
1
1
1
1
1
1
1
1
1
1
1
1
1
1
1
1
1
1
1
1
1
1
1
1
1
1
1
1
1
1
1
1
1
1
1
1
1
1
1
1
1
1
1
1
1
1
1
1
1
1
1
1
1
1
1
1
1
1
1
1
1
1
1
1
1
1
1
1
1
1
1
1
1
1
1
1
1
1
1
1
1
1
1
1
1
1
1
1
1
1
1
1
1
1
1
1
1
1
1
1
1
1
1
1
1
1
1
1
1
1
1
1
1
1
1
1
1
1
1
1
1
1
1
1
1
1
1
1
1
1
1
1
1
1
1
1
1
1
1
1
1
1
1
1
1
1
1
1
1
1
1
1
1
1
1
1
1
1
1
1
1
1
1
1
1
1
1
1
1
1
1
1
1
1
1
1
1
1
1
1
1
1
1
1
1
1
1
1
1
1
1
1
1
1
1
1
1
1
1
1
1
1
1
1
1
1
1
1
1
1
1
1
1
1
1
1
1
1
1
1
1
1
1
1
1
1
1
1
1
1
1
1
1
1
1
1
1
1
1
1
1
1
1
1
1
1
1
1
1
1
1
1
1
1
1
1
1
1
1
1
1
1
1
1
1
1
1
1
1
1
1
1
1
1
1
1
1
1
1
1
1
1
1
1
1
1
1
1
1
1
1
1
1
1
1
1
1
1
1
1
1
1
1
1
1
1
1
1
1
1
1
1
1
1
1
1
1
1
1
1
1
1
1
1
1
1
1
1
1
1
1
1
1
1
1
1
1
1
1
1
1
1
1
1
1
1
1
1
1
1
1
1
1
1
1
1
1
1
1
1
1
1
1
1
1
1
1
1
1
1
1
1
1
1
1
1
1
1
1
1
1
1
1
1
1
1
1
1
1
1
1
1
1
1
1
1
1
1
1
1
1
1
1
1
1
1
1
1
1
1
1
1
1
1
1
1
1
1
1
1
1
1
1
1
1
1
1
1
1
1
1
1
1
1
1
1
1
1
1
1
1
1
1
1
1
1
1
1
1
1
1
1
1
1
1
1
1
1
1
1
1
1
1
1
1
1
1
1
1
1
1
1
1
1
1
1
1
1
1
1
1
1
1
1
1
1
1
1
1
1
1
1
1
1
1
1
1
1
1
1
1
1
1
1
1
1
1
1
1
1
1
1
1
1
1
1
1
1
1
1
1
1
1
1
1
1
1
1
1
1
1
1
1
1
1
1
1
1
1
1
1
1
1
1
1
1
1
1
1
1
1
1
1
1
1
1
1
1
1
1
1
1
1
1
1
1
1
1
1
1
1
1
1
1
1
1
1
1
1
1
1
1
1
1
1
1
1
1
1
1
1
1
1
1
1
1
1
1
1
1
1
1
1
1
1
1
1
1
1
1
1
1
1
1
1
1
1
1
1
1
1
1
1
1
1
1
1
1
1
1
1
1
1
1
1
1
1
1
1
1
1
1
1
1
1
1
1
1
1
1
1
1
1
1
1
1
1
1
1
1
1
1
1
1
1
1
1
1
1
1
1
1
)
;

boundaryField
{
    emptyPatches_empt
    {
        type            empty;
    }
    top_cyc
    {
        type            cyclic;
    }
    bottom_cyc
    {
        type            cyclic;
    }
    inlet_cyc
    {
        type            cyclic;
    }
    outlet_cyc
    {
        type            cyclic;
    }
}


// ************************************************************************* //
