/*--------------------------------*- C++ -*----------------------------------*\
  =========                 |
  \\      /  F ield         | OpenFOAM: The Open Source CFD Toolbox
   \\    /   O peration     | Website:  https://openfoam.org
    \\  /    A nd           | Version:  6
     \\/     M anipulation  |
\*---------------------------------------------------------------------------*/
FoamFile
{
    version     2.0;
    format      ascii;
    class       volScalarField;
    location    "1.98";
    object      nut;
}
// * * * * * * * * * * * * * * * * * * * * * * * * * * * * * * * * * * * * * //

dimensions      [0 2 -1 0 0 0 0];

internalField   nonuniform List<scalar> 
4214
(
0.00458632
0.0059438
0.00797696
0.00971177
0.010726
0.0110964
0.0110314
0.0107107
0.0102683
0.0098039
0.00939017
0.00907723
0.00889568
0.008861
0.00898045
0.00926351
0.00974197
0.0105051
0.0117646
0.0138988
0.0169101
0.0168331
0.0139801
0.0115875
0.0101958
0.00960066
0.00954866
0.0098304
0.0102885
0.0108068
0.0113001
0.0117105
0.0120016
0.0121446
0.0120998
0.0117942
0.0111092
0.00989443
0.00809055
0.00604556
0.00464864
0.00595246
0.00812278
0.0098208
0.0108223
0.0112267
0.011207
0.0109121
0.0104626
0.00995662
0.00947325
0.00907233
0.00879452
0.00866328
0.0086887
0.00887292
0.00921933
0.00975236
0.0105563
0.0118509
0.014062
0.017313
0.0175941
0.0145689
0.0119067
0.0102888
0.00952416
0.00935108
0.00955528
0.00997537
0.0104912
0.0110126
0.0114753
0.0118385
0.0120776
0.0121738
0.0120966
0.0117913
0.0111615
0.0100608
0.00835381
0.00617239
0.00801591
0.00979137
0.0108684
0.0113499
0.011398
0.0111486
0.0107123
0.0101832
0.00964376
0.00916202
0.00878908
0.00855847
0.00848843
0.00858523
0.008847
0.0092704
0.00986784
0.0107099
0.012016
0.0142568
0.0176922
0.018367
0.0152073
0.0122814
0.0104249
0.0094815
0.00917764
0.00929128
0.00965744
0.0101537
0.0106874
0.0111895
0.0116132
0.0119308
0.0121281
0.0121928
0.0121017
0.0118036
0.0111948
0.0101012
0.00834517
0.00969796
0.0108765
0.0114548
0.0115892
0.0114056
0.0110048
0.0104744
0.00989623
0.00934415
0.00887903
0.00854523
0.00837085
0.00837069
0.00854911
0.00890203
0.0094198
0.0100997
0.0109897
0.0122946
0.0145204
0.0180788
0.0191598
0.015888
0.0127029
0.0106027
0.00947489
0.00903392
0.00904746
0.0093463
0.00980686
0.0103358
0.010862
0.0113337
0.0117177
0.0119976
0.0121662
0.0122156
0.0121228
0.0118289
0.011208
0.0100548
0.010832
0.0115146
0.0117503
0.0116544
0.0113149
0.0108099
0.0102165
0.00961114
0.00906256
0.00862588
0.00833995
0.00822892
0.00830579
0.0085749
0.00903208
0.00966315
0.0104497
0.0114097
0.0127155
0.0148868
0.018495
0.019957
0.0165994
0.0131663
0.0108199
0.00950461
0.00892309
0.00882975
0.00905002
0.0094594
0.00996555
0.0104977
0.0110019
0.0114401
0.0117902
0.0120432
0.0121956
0.012239
0.0121439
0.0118345
0.0111579
0.0115107
0.0118488
0.0118582
0.0116079
0.0111601
0.0105824
0.00994901
0.00933379
0.00880174
0.00840296
0.00817178
0.00812965
0.00828925
0.00865663
0.00922985
0.00999267
0.0109133
0.0119759
0.0133024
0.0153966
0.0189824
0.0207607
0.0173301
0.0136609
0.0110712
0.00956917
0.00884701
0.00864342
0.008777
0.00912212
0.00958825
0.0101071
0.0106254
0.0111025
0.0115111
0.0118367
0.0120738
0.012219
0.0122592
0.0121524
0.0118009
0.0118589
0.0119753
0.011837
0.0114809
0.0109567
0.0103301
0.00967547
0.00906552
0.00856143
0.00820875
0.00803815
0.00806958
0.00831668
0.00878869
0.00948796
0.0103993
0.0114816
0.0126862
0.0140684
0.0160811
0.0195792
0.0215725
0.0180681
0.0141741
0.0113491
0.00966509
0.00880563
0.00849168
0.00853356
0.00880396
0.00921453
0.00970081
0.0102126
0.0107098
0.0111624
0.0115504
0.0118631
0.0120957
0.0122416
0.0122779
0.0121433
0.0119741
0.0119534
0.0117176
0.0112874
0.0107102
0.0100544
0.00939585
0.00880533
0.00833994
0.00804098
0.00793647
0.00804583
0.00838476
0.00896729
0.00980101
0.0108756
0.0121454
0.0135337
0.0150184
0.0169637
0.0203222
0.0223963
0.0188013
0.0146912
0.0116437
0.00978756
0.00879759
0.00837603
0.00832357
0.0085107
0.00885204
0.00928886
0.0097735
0.0102654
0.0107438
0.011184
0.0115668
0.0118814
0.012123
0.0122751
0.0122948
0.0119212
0.0118163
0.0115138
0.0110309
0.0104198
0.00975327
0.0091078
0.00855081
0.00813481
0.00789739
0.0078647
0.00805673
0.00849221
0.00919063
0.0101669
0.0114179
0.012899
0.0145117
0.0161514
0.0180598
0.021242
0.0232346
0.0195168
0.0151959
0.0119443
0.00993157
0.00882153
0.00829631
0.0081442
0.00822741
0.0084538
0.00878547
0.00919752
0.0096673
0.0101625
0.010657
0.0111259
0.0115478
0.0119027
0.0121706
0.0123155
0.0117399
0.0115803
0.0112288
0.0107091
0.0100816
0.00942316
0.00880826
0.00829936
0.00794398
0.00777651
0.00782223
0.00810279
0.00864086
0.00946182
0.0105892
0.0120297
0.013745
0.0156187
0.0174655
0.0193767
0.0223587
0.0240855
0.0201992
0.0156719
0.0122407
0.0100947
0.00888076
0.0082577
0.00799908
0.00796764
0.00809885
0.00834567
0.00868024
0.00908573
0.00954669
0.0100453
0.0105598
0.0110655
0.0115356
0.0119365
0.0122183
0.0114518
0.01125
0.0108591
0.0103162
0.00969095
0.0090608
0.00849502
0.00804946
0.00776662
0.00767861
0.00781103
0.00818808
0.00883705
0.00978989
0.0110797
0.0127247
0.014696
0.0168629
0.0189616
0.0209138
0.0236763
0.0249383
0.0208292
0.0161019
0.0125237
0.0102756
0.00898077
0.00827716
0.00793151
0.00781286
0.00784706
0.00799231
0.00822889
0.00854831
0.00894524
0.00941197
0.0099348
0.0104923
0.0110543
0.0115772
0.0119966
0.0110649
0.0108212
0.010397
0.00984654
0.00924501
0.00866538
0.00816815
0.00780182
0.00760451
0.0076074
0.00783753
0.00832236
0.00909459
0.0101928
0.0116608
0.0135293
0.0157791
0.0182653
0.0206471
0.0226629
0.0251747
0.0257716
0.0213819
0.016467
0.0127803
0.0104643
0.00911267
0.00834877
0.00793349
0.00773559
0.00767931
0.00772708
0.00786458
0.00808983
0.00840548
0.00881331
0.00930985
0.00988267
0.010506
0.0111321
0.0116799
0.0105723
0.0102808
0.00983269
0.00929671
0.00874519
0.00824044
0.00783172
0.00756127
0.00746431
0.00757258
0.00791571
0.00852447
0.00943821
0.010701
0.0123697
0.0144856
0.0170364
0.0198601
0.0225336
0.0246105
0.0267953
0.0265486
0.0218274
0.0167468
0.0129977
0.0106535
0.00927424
0.00847391
0.00800861
0.00774436
0.00760837
0.00756747
0.00761169
0.00774366
0.00797178
0.00830538
0.00875049
0.00930506
0.00995152
0.0106427
0.0112841
0.00994888
0.00960928
0.00916021
0.00867199
0.00820125
0.00779643
0.00749594
0.00733941
0.00736103
0.00759394
0.0080721
0.00882697
0.0099089
0.0113613
0.0132624
0.015652
0.0185256
0.021691
0.0246286
0.0267297
0.0284292
0.0272128
0.0221336
0.0169261
0.0131727
0.0108487
0.00948213
0.00867076
0.00817278
0.00785511
0.00765042
0.00753023
0.0074885
0.00753152
0.00767183
0.00792416
0.00830173
0.00881096
0.00944181
0.0101494
0.0108327
0.00914868
0.00879216
0.00839005
0.00799404
0.00763458
0.00735335
0.00718087
0.00715976
0.00732536
0.00770822
0.00835439
0.00928194
0.0105716
0.0122401
0.0144173
0.0171032
0.0203146
0.0237997
0.0269127
0.028963
0.0299061
0.0276799
0.0222794
0.0170047
0.0133196
0.0110771
0.0097678
0.00897051
0.00845298
0.00809017
0.00782276
0.00762803
0.00750414
0.00746061
0.00751325
0.00768062
0.0079806
0.00842484
0.0090074
0.00968447
0.0103533
0.00812702
0.0078563
0.00756795
0.00730764
0.00708018
0.0069452
0.00692642
0.00706751
0.00741948
0.00797675
0.00884705
0.00996274
0.0115293
0.013419
0.0159478
0.0189183
0.0224746
0.0262042
0.0293007
0.0311953
0.0309841
0.0278118
0.0222863
0.01706
0.0135493
0.0114333
0.0101859
0.00940629
0.00887063
0.00846437
0.00813485
0.00786526
0.00765766
0.0075254
0.00748759
0.0075661
0.00778162
0.00814745
0.00865715
0.00926414
0.00986645
0.00707953
0.00696252
0.00678578
0.00667793
0.00659504
0.00662901
0.0068271
0.00713513
0.00777712
0.00847438
0.00971072
0.0109378
0.0129634
0.014957
0.0180382
0.0211316
0.0250752
0.0288495
0.0315713
0.033254
0.0313337
0.0273354
0.0221109
0.0169923
0.0138491
0.011911
0.0107614
0.0100039
0.00944585
0.00898893
0.00858972
0.00823707
0.00793838
0.00770945
0.0075748
0.00755674
0.00767981
0.00795359
0.00836897
0.00887174
0.00936386
0.0097245
0.0103281
0.0108682
0.0113459
0.0117425
0.0120407
0.0122325
0.0123147
0.0122794
0.0121006
0.0117187
0.0110294
0.009889
0.00818215
0.00601941
0.00417266
0.00485093
0.00980922
0.0104318
0.0109615
0.0114054
0.0117589
0.0120159
0.0121726
0.0122243
0.0121561
0.0119321
0.0114831
0.0107004
0.00945611
0.00768728
0.00559665
0.00399676
0.00465727
0.00964672
0.0102887
0.0108276
0.0112705
0.0116188
0.0118711
0.012024
0.0120691
0.0119853
0.0117293
0.0112259
0.0103673
0.00904516
0.00724715
0.0052475
0.00385545
0.00447506
0.00928016
0.00993553
0.0104963
0.0109621
0.011334
0.0116098
0.011784
0.0118437
0.0117621
0.0114906
0.0109508
0.0100381
0.00866337
0.00685658
0.00494597
0.00372046
0.00431149
0.00877219
0.00943252
0.0100149
0.0105126
0.0109223
0.0112382
0.0114507
0.011542
0.0114802
0.011213
0.0106602
0.00972106
0.00832037
0.00651946
0.00468631
0.00358973
0.00416415
0.00818671
0.00883688
0.00943096
0.00995591
0.0104035
0.0107638
0.0110226
0.0111573
0.0111313
0.0108902
0.0103518
0.00941765
0.00801872
0.00623448
0.00446316
0.00346272
0.00403011
0.00756525
0.00819404
0.00878498
0.00932388
0.00979931
0.010198
0.0105021
0.010685
0.0107072
0.0105115
0.0100154
0.00911902
0.00775075
0.00599373
0.00426966
0.0033384
0.00390604
0.00693986
0.00753452
0.00810802
0.00864518
0.00913345
0.0095579
0.00989847
0.0101269
0.0102023
0.0100659
0.00963503
0.00880657
0.0074986
0.005783
0.00409705
0.00321444
0.00378856
0.00632494
0.00687928
0.00742373
0.00794497
0.00843049
0.00886518
0.00922894
0.0094936
0.00961876
0.00954683
0.0091952
0.00845789
0.00723849
0.00558447
0.00393604
0.00308818
0.00367478
0.00573412
0.00624074
0.00674836
0.00724293
0.0077126
0.00814308
0.0085155
0.00880342
0.00896891
0.00895733
0.00868847
0.00805573
0.00694869
0.00538132
0.00377882
0.00295868
0.00356265
0.00517085
0.00562784
0.00609281
0.00655308
0.00699713
0.0074119
0.00778022
0.00807826
0.00827195
0.00831102
0.00812044
0.00759561
0.00661751
0.00516358
0.0036223
0.00282763
0.00345102
0.00464555
0.00504687
0.00546492
0.00588539
0.00629683
0.00668726
0.00704154
0.00733888
0.0075494
0.0076282
0.00750684
0.00708634
0.00624637
0.0049304
0.00346906
0.00269883
0.00333954
0.0041584
0.00450499
0.00487232
0.00524862
0.00562226
0.00598197
0.00631467
0.00660291
0.00682102
0.0069296
0.00686772
0.00654464
0.00584483
0.00468676
0.00332505
0.00257885
0.00322828
0.00371868
0.00400789
0.00432292
0.00465184
0.00498351
0.00530753
0.00561275
0.00588484
0.00610247
0.00623194
0.00621985
0.00598571
0.00542262
0.00443722
0.00319774
0.00247569
0.0031175
0.00332175
0.00355914
0.00382262
0.00410294
0.00439004
0.00467434
0.0049468
0.00519614
0.00540532
0.00554633
0.00557321
0.0054167
0.00498251
0.0041773
0.00308884
0.00239443
0.00300759
0.00297357
0.00315972
0.00337376
0.00360669
0.00384885
0.00409142
0.00432705
0.00454748
0.00473967
0.00488104
0.00493372
0.00484013
0.00452209
0.00389627
0.00299403
0.00232778
0.00289915
0.00266538
0.00280864
0.00297709
0.00316487
0.00336343
0.00356471
0.00376219
0.00394953
0.00411716
0.00424779
0.00431154
0.00426266
0.00404114
0.00358092
0.00288541
0.0022952
0.00279344
0.00240186
0.00250374
0.00263049
0.0027765
0.00293454
0.00309717
0.00325825
0.00341223
0.00355175
0.00366395
0.00372658
0.00370561
0.00355771
0.00323766
0.00274915
0.00232621
0.00269306
0.00217023
0.00224138
0.00233167
0.00243973
0.0025606
0.0026883
0.00281718
0.00294182
0.00305574
0.00314903
0.00320576
0.0032024
0.00311001
0.00290209
0.00259459
0.00238128
0.00260164
0.00198398
0.00202182
0.00208021
0.00215461
0.00224188
0.00233813
0.00243904
0.00253972
0.00263423
0.00271444
0.0027688
0.00278175
0.00273504
0.00261659
0.00245097
0.0023968
0.002523
0.00181419
0.00183926
0.00187391
0.00192091
0.0019795
0.00204811
0.00212448
0.00220532
0.00228595
0.00235983
0.00241831
0.00245092
0.00244643
0.00240186
0.00234327
0.00239507
0.00246555
0.0016933
0.00169394
0.00170938
0.00173533
0.00177128
0.0018172
0.0018728
0.00193692
0.00200698
0.00207853
0.00214516
0.00219912
0.00223294
0.0022476
0.00226919
0.00240867
0.00244213
0.00157579
0.00157578
0.00158037
0.00159202
0.00161166
0.00164034
0.00167921
0.00172909
0.00178975
0.00185926
0.00193346
0.00200607
0.00207041
0.00212673
0.00220087
0.00241362
0.00245135
0.00149994
0.00148573
0.00148141
0.00148339
0.00149193
0.00150837
0.0015346
0.0015727
0.0016244
0.00169027
0.00176867
0.00185475
0.00194088
0.00202204
0.00211722
0.0023685
0.00248521
0.0014227
0.0014125
0.00140486
0.00140123
0.00140269
0.00141084
0.00142788
0.00145653
0.00149979
0.00156029
0.00163894
0.00173302
0.00183422
0.00192997
0.00202036
0.00224647
0.00252931
0.0013746
0.00135725
0.00134621
0.00133891
0.00133583
0.0013384
0.00134879
0.00136993
0.00140546
0.00145942
0.00153505
0.0016324
0.0017443
0.00185228
0.00193128
0.00206945
0.0025718
0.00132474
0.00131174
0.00130019
0.00129099
0.00128508
0.00128389
0.00128941
0.0013045
0.00133304
0.00137988
0.00145015
0.00154694
0.00166626
0.0017883
0.00186899
0.00191717
0.00261566
0.0012933
0.0012769
0.00126422
0.00125374
0.00124604
0.00124225
0.00124414
0.0012543
0.00127655
0.00131608
0.00137935
0.00147236
0.0015957
0.00173323
0.00183262
0.00183507
0.00267522
0.00126109
0.00124789
0.00123537
0.00122434
0.00121555
0.00120999
0.00120914
0.00121528
0.00123191
0.00126422
0.00131934
0.00140565
0.00152889
0.0016805
0.00181086
0.00181959
0.00276385
0.00123997
0.00122512
0.0012123
0.00120095
0.00119153
0.00118477
0.00118185
0.0011847
0.0011964
0.00122178
0.00126807
0.00134514
0.00146347
0.00162442
0.00179095
0.00184752
0.00288732
0.0012191
0.00120617
0.00119364
0.00118231
0.0011726
0.00116508
0.00116064
0.00116085
0.00116832
0.00118729
0.00122456
0.00129049
0.00139899
0.00156178
0.00176225
0.00189623
0.00304551
0.00120486
0.00119117
0.00117879
0.00116764
0.00115793
0.00115
0.00114454
0.00114275
0.00114675
0.00116008
0.0011887
0.00124248
0.00133701
0.00149262
0.00171763
0.00194734
0.00323657
0.00119167
0.00117909
0.00116718
0.00115644
0.00114696
0.00113898
0.00113297
0.00112987
0.0011313
0.00114004
0.00116095
0.0012027
0.00128068
0.00142044
0.00165439
0.00198384
0.00345908
0.00118251
0.00116985
0.00115848
0.00114831
0.00113931
0.00113162
0.0011256
0.00112193
0.00112179
0.00112726
0.001142
0.001173
0.00123393
0.00135149
0.00157553
0.0019889
0.00371167
0.0011748
0.00116294
0.00115229
0.00114286
0.00113459
0.00112759
0.00112211
0.00111866
0.00111806
0.00112178
0.00113236
0.00115492
0.00120043
0.00129313
0.0014899
0.0019493
0.00399234
0.00116948
0.00115807
0.00114824
0.00113969
0.00113239
0.00112647
0.00112212
0.0011197
0.0011198
0.00112337
0.00113205
0.00114922
0.00118273
0.00125194
0.00141033
0.00186282
0.00429837
0.00116551
0.00115484
0.0011459
0.00113835
0.00113227
0.00112779
0.00112513
0.00112456
0.00112648
0.00113148
0.00114052
0.00115562
0.00118173
0.00123222
0.00134986
0.00174399
0.00462513
0.00116284
0.00115289
0.00114487
0.00113845
0.00113378
0.0011311
0.00113063
0.00113263
0.0011374
0.00114529
0.00115681
0.001173
0.00119659
0.00123542
0.00131809
0.00162122
0.00496572
0.00116102
0.00115189
0.00114482
0.00113962
0.00113659
0.00113601
0.00113818
0.00114339
0.0011519
0.00116396
0.00117982
0.00119991
0.00122552
0.00126047
0.00131989
0.00152523
0.00530981
0.00115977
0.00115157
0.00114549
0.00114166
0.00114046
0.00114228
0.00114751
0.0011565
0.00116957
0.00118696
0.00120884
0.00123538
0.00126706
0.00130539
0.00135607
0.00148009
0.00564651
0.00117834
0.00118598
0.0011986
0.00120654
0.00121895
0.00122734
0.00123929
0.00124797
0.00125905
0.0012675
0.00127683
0.00128385
0.00128991
0.0012937
0.00129501
0.00129446
0.00129218
0.00128831
0.00128292
0.00127572
0.00126294
0.00124932
0.00124037
0.00123213
0.00122424
0.00121665
0.00120941
0.00120255
0.00119612
0.00119017
0.00118472
0.00117981
0.00117544
0.00117163
0.00116838
0.00116566
0.00116344
0.00116171
0.0011604
0.0011595
0.00115898
0.00119501
0.00120545
0.00121718
0.00122773
0.00123943
0.00125009
0.0012615
0.0012719
0.00128235
0.00129147
0.00129961
0.00130587
0.00131013
0.00131214
0.00131171
0.00130953
0.00130575
0.00130053
0.00129396
0.00128575
0.00127214
0.0012578
0.00124811
0.00123912
0.00123047
0.00122212
0.0012141
0.00120647
0.00119926
0.00119251
0.00118627
0.00118054
0.00117535
0.00117071
0.00116661
0.00116304
0.00115997
0.00115736
0.00115516
0.0011533
0.00115174
0.00121469
0.0012267
0.00123899
0.00125094
0.00126308
0.00127478
0.00128633
0.0012971
0.00130703
0.00131554
0.00132239
0.00132718
0.00132971
0.00132988
0.00132778
0.00132407
0.00131892
0.00131251
0.00130491
0.00129586
0.00128169
0.00126689
0.00125658
0.00124694
0.00123762
0.0012286
0.0012199
0.00121158
0.00120367
0.00119622
0.00118925
0.00118278
0.00117685
0.00117144
0.00116657
0.00116222
0.00115836
0.00115495
0.00115193
0.00114922
0.00114674
0.00123753
0.00125069
0.00126377
0.00127657
0.00128914
0.00130119
0.00131259
0.00132295
0.00133198
0.00133929
0.00134461
0.00134771
0.00134847
0.00134678
0.00134314
0.00133808
0.00133175
0.00132433
0.00131589
0.00130619
0.00129171
0.00127667
0.00126588
0.0012557
0.00124582
0.00123623
0.00122695
0.00121804
0.00120954
0.00120147
0.00119387
0.00118677
0.00118018
0.00117411
0.00116856
0.00116352
0.00115897
0.00115486
0.00115113
0.0011477
0.00114443
0.00126337
0.00127731
0.0012909
0.00130403
0.00131661
0.00132842
0.00133921
0.00134864
0.00135641
0.00136222
0.00136584
0.00136716
0.00136622
0.00136276
0.00135781
0.00135163
0.00134436
0.00133614
0.00132706
0.00131689
0.00130233
0.00128727
0.00127613
0.00126553
0.00125521
0.00124517
0.00123543
0.00122604
0.00121705
0.00120848
0.00120037
0.00119275
0.00118562
0.001179
0.00117288
0.00116727
0.00116215
0.00115747
0.00115318
0.00114917
0.0011453
0.00129133
0.00130561
0.00131926
0.00133223
0.00134439
0.0013555
0.00136529
0.00137345
0.00137972
0.00138387
0.00138577
0.00138536
0.00138263
0.00137787
0.0013719
0.00136487
0.00135691
0.00134814
0.00133862
0.00132815
0.00131374
0.00129886
0.00128751
0.00127663
0.00126599
0.00125562
0.00124554
0.00123579
0.00122643
0.00121749
0.001209
0.00120097
0.00119344
0.0011864
0.00117986
0.00117383
0.00116828
0.00116318
0.00115849
0.0011541
0.00114986
0.00132011
0.00133432
0.00134765
0.00136008
0.00137146
0.00138155
0.00139008
0.00139678
0.00140143
0.0014039
0.00140412
0.00140217
0.00139784
0.00139223
0.00138559
0.00137802
0.00136965
0.00136056
0.0013508
0.00134023
0.00132616
0.00131165
0.00130024
0.00128921
0.0012784
0.00126782
0.00125753
0.00124756
0.00123797
0.00122878
0.00122003
0.00121175
0.00120395
0.00119664
0.00118984
0.00118354
0.00117773
0.0011724
0.0011675
0.00116295
0.0011586
0.0013483
0.00136214
0.00137489
0.00138655
0.00139692
0.00140578
0.00141289
0.00141804
0.00142108
0.00142196
0.0014207
0.00141712
0.00141211
0.00140607
0.00139912
0.00139134
0.00138284
0.00137367
0.0013639
0.00135342
0.00133988
0.00132591
0.00131459
0.00130356
0.00129271
0.00128208
0.00127171
0.00126166
0.00125196
0.00124267
0.00123381
0.00122541
0.0012175
0.00121008
0.00120318
0.00119678
0.0011909
0.00118553
0.00118063
0.00117617
0.001172
0.00137376
0.00138758
0.00139977
0.00141051
0.00141973
0.00142725
0.00143289
0.00143652
0.00143807
0.00143752
0.00143483
0.0014308
0.00142572
0.00141969
0.00141281
0.00140516
0.00139681
0.00138783
0.00137827
0.00136805
0.00135523
0.00134197
0.00133089
0.00132002
0.00130929
0.00129875
0.00128844
0.00127844
0.00126879
0.00125953
0.00125071
0.00124235
0.00123448
0.00122712
0.00122028
0.00121397
0.00120821
0.001203
0.00119833
0.0011942
0.00119049
0.00138822
0.00140496
0.00141837
0.00142895
0.00143747
0.00144397
0.00144843
0.00145084
0.00145119
0.00144999
0.00144748
0.00144383
0.00143914
0.00143353
0.00142709
0.00141987
0.00141196
0.00140341
0.00139429
0.00138455
0.0013726
0.00136022
0.00134955
0.001339
0.00132854
0.00131824
0.00130816
0.00129836
0.0012889
0.00127982
0.00127118
0.00126301
0.00125534
0.00124819
0.00124158
0.00123555
0.0012301
0.00122525
0.00122102
0.00121743
0.00121441
0.00139308
0.00141045
0.00142521
0.00143722
0.00144656
0.00145345
0.00145815
0.00146091
0.00146197
0.00146155
0.00145983
0.00145696
0.00145305
0.0014482
0.0014425
0.001436
0.00142879
0.00142092
0.00141245
0.00140338
0.00139248
0.00138113
0.00137104
0.00136098
0.00135097
0.00134108
0.00133138
0.00132194
0.00131282
0.00130408
0.00129577
0.00128793
0.0012806
0.00127382
0.00126761
0.00126201
0.00125704
0.00125274
0.00124912
0.00124622
0.00124402
0.00140167
0.00141816
0.0014326
0.00144477
0.00145462
0.0014622
0.0014677
0.00147133
0.00147332
0.00147388
0.00147316
0.00147129
0.00146839
0.00146452
0.00145978
0.00145423
0.00144793
0.00144094
0.00143334
0.00142514
0.00141544
0.00140528
0.00139595
0.00138657
0.00137719
0.00136788
0.00135873
0.00134981
0.00134119
0.00133294
0.00132511
0.00131776
0.00131093
0.00130466
0.00129898
0.00129395
0.0012896
0.00128596
0.00128305
0.00128091
0.00127956
0.00141665
0.00143162
0.00144503
0.00145662
0.00146632
0.00147415
0.00148016
0.00148447
0.00148728
0.00148875
0.00148901
0.00148818
0.00148634
0.00148355
0.00147989
0.00147542
0.00147018
0.00146426
0.0014577
0.00145054
0.00144218
0.00143335
0.00142498
0.00141648
0.00140793
0.0013994
0.00139099
0.00138277
0.00137483
0.00136723
0.00136004
0.00135332
0.00134712
0.00134148
0.00133646
0.0013321
0.00132844
0.00132551
0.00132332
0.00132189
0.0013213
0.0014397
0.00145282
0.00146482
0.00147535
0.00148437
0.00149191
0.00149797
0.00150261
0.00150593
0.00150808
0.00150915
0.00150921
0.00150834
0.0015066
0.00150402
0.00150067
0.00149659
0.00149184
0.00148646
0.00148051
0.00147361
0.00146625
0.00145904
0.00145164
0.00144413
0.0014366
0.00142914
0.00142183
0.00141476
0.001408
0.00140162
0.00139568
0.00139024
0.00138536
0.00138108
0.00137745
0.0013745
0.00137224
0.00137068
0.0013698
0.00136984
0.00147297
0.00148385
0.00149414
0.00150324
0.00151116
0.00151792
0.00152353
0.00152803
0.00153148
0.00153394
0.0015355
0.00153621
0.00153611
0.00153525
0.00153367
0.0015314
0.00152848
0.00152495
0.00152085
0.00151622
0.00151089
0.00150513
0.00149929
0.00149322
0.00148701
0.00148074
0.00147449
0.00146835
0.00146238
0.00145668
0.00145131
0.00144634
0.00144182
0.0014378
0.00143433
0.00143145
0.00142917
0.0014275
0.00142642
0.00142591
0.00142641
0.00151979
0.00152782
0.0015359
0.00154309
0.00154941
0.00155486
0.00155948
0.00156331
0.00156636
0.00156868
0.00157032
0.00157131
0.00157168
0.00157147
0.0015707
0.00156939
0.00156756
0.00156525
0.00156248
0.00155929
0.0015556
0.00155156
0.00154734
0.00154289
0.00153829
0.0015336
0.00152889
0.00152423
0.0015197
0.00151535
0.00151126
0.00150749
0.00150407
0.00150107
0.00149851
0.00149641
0.00149478
0.00149361
0.00149288
0.00149255
0.00149343
0.00158556
0.00158965
0.00159459
0.001599
0.00160289
0.00160628
0.00160918
0.00161162
0.00161361
0.00161519
0.00161637
0.00161718
0.00161763
0.00161773
0.00161751
0.00161697
0.00161612
0.00161499
0.00161358
0.00161192
0.00160998
0.00160783
0.00160551
0.00160303
0.00160044
0.00159777
0.00159506
0.00159236
0.00158972
0.00158718
0.00158478
0.00158257
0.00158058
0.00157883
0.00157735
0.00157616
0.00157523
0.00157457
0.00157416
0.00157395
0.00157522
0.00487394
0.00401421
0.00571319
0.0078159
0.00955408
0.0107447
0.0114448
0.0117752
0.0118436
0.0117271
0.0114761
0.0111209
0.0106731
0.010119
0.00940461
0.00837769
0.00720313
0.00467047
0.00389135
0.00539862
0.00745104
0.00923094
0.0104787
0.0112151
0.0115546
0.0116112
0.0114709
0.0111946
0.0108231
0.0103786
0.00985987
0.00922919
0.00837586
0.00725725
0.00447839
0.00379261
0.00515239
0.00714545
0.00893916
0.0102157
0.010966
0.0112992
0.0113339
0.0111632
0.0108572
0.0104649
0.010017
0.0095224
0.00895908
0.00825283
0.00728021
0.00430456
0.00369384
0.00494048
0.00687632
0.00866654
0.00994837
0.0106923
0.0110057
0.0110107
0.0108064
0.0104702
0.010057
0.00960332
0.00912562
0.00861416
0.00801895
0.0072356
0.0041466
0.00359223
0.004752
0.00663457
0.00840559
0.00966997
0.0103886
0.0106705
0.0106408
0.0104034
0.0100398
0.00960894
0.00915055
0.00868574
0.00821385
0.00770353
0.00706791
0.004002
0.00348658
0.00457655
0.00640821
0.00814511
0.00937091
0.0100479
0.0102895
0.0102235
0.0099567
0.00957167
0.00912886
0.00866924
0.00821635
0.00777557
0.00732913
0.00682044
0.0038681
0.00337674
0.00440743
0.00618677
0.0078738
0.0090416
0.00966362
0.00985976
0.00975969
0.00947003
0.00907183
0.0086244
0.0081685
0.00772874
0.00731419
0.006916
0.00650049
0.00374231
0.00326282
0.00424001
0.0059616
0.00758152
0.00867401
0.00923157
0.00938074
0.00925179
0.00894783
0.00854594
0.00810224
0.0076559
0.00723181
0.00684159
0.0064824
0.00613611
0.00362239
0.00314576
0.00407199
0.00572682
0.00726121
0.00826393
0.0087512
0.00885537
0.00870451
0.00839562
0.00799963
0.00756812
0.00713761
0.0067326
0.00636671
0.00604155
0.00574486
0.00350661
0.0030277
0.00390323
0.00547986
0.00691048
0.00781233
0.00822692
0.00829013
0.00812476
0.00781973
0.00743844
0.00702696
0.00661857
0.0062368
0.00589645
0.00560255
0.00534774
0.00339378
0.0029121
0.00373603
0.00522207
0.00653198
0.00732527
0.00766753
0.00769459
0.00752124
0.00722722
0.00686795
0.00648331
0.00610292
0.00574891
0.0054365
0.00517282
0.0049585
0.00328315
0.00280431
0.0035756
0.00495805
0.0061324
0.00681314
0.0070846
0.0070799
0.00690358
0.00662586
0.00629404
0.00594171
0.00559452
0.00527262
0.00499117
0.00475847
0.00457394
0.00317425
0.00271125
0.00342769
0.00469301
0.00571977
0.00628637
0.00649001
0.00645742
0.00628186
0.00602412
0.00572353
0.00540758
0.00509761
0.00481133
0.00456314
0.00436284
0.00420877
0.00306688
0.00263773
0.00329575
0.00442885
0.00529955
0.0057529
0.0058936
0.00583766
0.00566647
0.00543144
0.00516461
0.00488771
0.00461759
0.00436894
0.00415503
0.00398629
0.00386894
0.00296115
0.00257709
0.00317838
0.00416176
0.00487181
0.00521763
0.0053037
0.00523088
0.00506825
0.00485827
0.0046266
0.00438981
0.00416038
0.00394997
0.0037705
0.00363164
0.00353929
0.00285734
0.00250704
0.00307161
0.00388264
0.00443442
0.00468538
0.00472875
0.00464734
0.00449776
0.00431479
0.00411854
0.00392106
0.00373109
0.00355785
0.0034122
0.00330373
0.00323346
0.00275626
0.0024625
0.00295482
0.00358358
0.00399057
0.00416426
0.00417796
0.0040962
0.00396415
0.00380946
0.00364754
0.00348699
0.00333385
0.00319514
0.00308067
0.00300087
0.0029637
0.00265988
0.0024609
0.00282417
0.00326921
0.00355231
0.00366614
0.00366174
0.00358663
0.00347526
0.00334894
0.00321929
0.00309243
0.00297249
0.0028648
0.00277778
0.00272086
0.00270482
0.00257157
0.00249969
0.00268034
0.00295861
0.00314031
0.00320816
0.00319317
0.00312809
0.00303776
0.00293789
0.00283704
0.00273961
0.00264864
0.00256849
0.00250645
0.00247
0.0024594
0.00249503
0.00252809
0.0025386
0.00267986
0.00277853
0.00280819
0.00278441
0.00272802
0.00265565
0.00257805
0.00250117
0.00242817
0.00236145
0.00230485
0.00226503
0.00224955
0.00225932
0.00243666
0.00250419
0.0024174
0.00245411
0.00248315
0.00247744
0.00244248
0.00239011
0.00233026
0.00226941
0.00221115
0.00215745
0.00211012
0.00207233
0.00204952
0.00204907
0.00208441
0.00240982
0.00247714
0.00232037
0.00228082
0.00225396
0.00221611
0.00216737
0.0021137
0.00206028
0.00201026
0.0019652
0.00192596
0.00189376
0.00187096
0.00186104
0.0018672
0.00189347
0.00241752
0.00245495
0.00222994
0.00214132
0.00207647
0.00201331
0.00195092
0.0018927
0.0018411
0.00179704
0.00176052
0.00173151
0.00171065
0.00169979
0.00170145
0.00171733
0.00174132
0.00245569
0.00240385
0.00212925
0.00202169
0.0019366
0.00185596
0.00178208
0.00171844
0.00166622
0.00162495
0.00159353
0.00157113
0.00155779
0.00155472
0.00156439
0.0015909
0.00164115
0.00250925
0.00227909
0.00201671
0.00191838
0.0018246
0.00173218
0.00164962
0.00158147
0.00152824
0.00148846
0.00146025
0.00144215
0.00143354
0.00143461
0.0014461
0.00146942
0.0015094
0.00256041
0.00207924
0.00191071
0.00183336
0.00173403
0.00163294
0.00154453
0.00147383
0.00142052
0.0013823
0.00135669
0.00134181
0.00133667
0.00134093
0.00135424
0.00137508
0.00139743
0.00260648
0.00189077
0.00183396
0.00176724
0.00166005
0.00155204
0.00146056
0.00138969
0.00133785
0.00130184
0.00127864
0.00126606
0.00126284
0.00126865
0.00128382
0.0013096
0.00134828
0.00266328
0.00178052
0.00179243
0.00171702
0.00159847
0.00148525
0.00139352
0.00132494
0.00127622
0.00124323
0.00122247
0.00121139
0.00120839
0.00121264
0.00122397
0.0012433
0.00127507
0.00275051
0.00175512
0.00177599
0.00167677
0.00154532
0.00142941
0.0013404
0.00127641
0.00123227
0.00120302
0.00118485
0.00117511
0.00117212
0.00117486
0.00118254
0.00119404
0.00120656
0.00287764
0.00178735
0.00177086
0.00163946
0.00149681
0.00138194
0.00129873
0.00124129
0.0012027
0.00117745
0.00116168
0.00115289
0.00114963
0.00115121
0.00115763
0.0011695
0.00118791
0.00304311
0.00184907
0.001764
0.00159888
0.00145015
0.00134107
0.00126666
0.00121722
0.00118466
0.00116332
0.00114958
0.00114118
0.00113683
0.00113592
0.00113845
0.00114536
0.00115971
0.00324226
0.00191937
0.0017447
0.00155134
0.00140457
0.00130643
0.00124325
0.00120263
0.00117609
0.00115838
0.00114637
0.00113823
0.00113291
0.00112987
0.00112883
0.00112965
0.00113196
0.00347281
0.00197933
0.00170581
0.00149701
0.00136172
0.00127896
0.0012284
0.0011966
0.00117557
0.00116084
0.00115
0.0011418
0.00113558
0.00113105
0.00112821
0.00112739
0.00112926
0.00373394
0.00200928
0.00164599
0.00144026
0.00132513
0.00126032
0.00122245
0.00119868
0.00118214
0.00116943
0.00115899
0.00115016
0.00114262
0.00113624
0.00113109
0.00112754
0.00112663
0.00402401
0.00199157
0.00157156
0.00138848
0.00129887
0.00125212
0.00122565
0.00120843
0.00119509
0.00118332
0.00117246
0.00116246
0.00115329
0.00114495
0.00113749
0.00113112
0.00112639
0.00433945
0.00191942
0.0014955
0.00134954
0.00128616
0.00125522
0.00123776
0.00122525
0.00121377
0.00120183
0.0011897
0.00117793
0.00116679
0.00115637
0.00114669
0.00113773
0.00112983
0.00467414
0.00180534
0.00143291
0.0013292
0.00128843
0.00126925
0.00125794
0.00124837
0.00123759
0.00122448
0.00121024
0.00119608
0.00118254
0.0011699
0.00115818
0.00114721
0.00113656
0.0050191
0.00167913
0.00139568
0.00132982
0.00130483
0.00129275
0.00128495
0.00127688
0.00126603
0.0012509
0.0012338
0.00121661
0.00120013
0.00118481
0.00117085
0.00115836
0.00114793
0.00536149
0.00157465
0.00138991
0.0013502
0.00133303
0.00132373
0.00131733
0.00130986
0.00129852
0.00128073
0.00126022
0.00123949
0.00121955
0.00120101
0.00118401
0.00116823
0.00115346
0.00568806
0.0015185
0.00141628
0.00138743
0.00137066
0.00136039
0.00135378
0.00134676
0.00133449
0.0013134
0.00128916
0.00126454
0.0012408
0.00121887
0.00119909
0.00118098
0.00116288
0.0061868
0.00613559
0.00644008
0.00735482
0.0091373
0.0121001
0.0167064
0.0235417
0.0315385
0.034912
0.0260863
0.0169937
0.0125548
0.0105897
0.00944935
0.00855367
0.00787193
0.00755734
0.00777953
0.00849974
0.00587998
0.00599118
0.00656793
0.00787135
0.0101742
0.0137967
0.0191882
0.0268697
0.0352011
0.0371118
0.0263498
0.0175226
0.0133497
0.0113865
0.010125
0.00906275
0.00817584
0.00760987
0.00753775
0.00798053
0.0056553
0.00598289
0.00690478
0.00870522
0.011673
0.0161172
0.0224315
0.0309211
0.0393077
0.0392625
0.0268547
0.0183669
0.0143817
0.0123606
0.0109491
0.00969665
0.00858153
0.0077464
0.00737125
0.00752516
0.00554114
0.00614953
0.00751195
0.0099554
0.0137804
0.0192485
0.026598
0.0357453
0.0437218
0.0410727
0.0275457
0.01949
0.0156585
0.0135556
0.011962
0.0104817
0.00910546
0.00797552
0.00728558
0.00714139
0.00556674
0.00653161
0.00845797
0.0117372
0.0166702
0.0233883
0.0318071
0.0412623
0.0482239
0.0423872
0.0284327
0.0209281
0.0172104
0.0150232
0.0132205
0.0114748
0.00978177
0.00831444
0.00728601
0.00683233
0.00575605
0.00716717
0.00981581
0.0141808
0.0205319
0.0287239
0.0381182
0.0472745
0.0525059
0.0431099
0.0295539
0.0227854
0.0192917
0.0169715
0.0149034
0.0128033
0.0106994
0.00881171
0.00739405
0.00661099
0.00612818
0.00809178
0.0116623
0.0174292
0.0255739
0.0354627
0.0454885
0.0534781
0.0562547
0.0430732
0.0307479
0.0250579
0.0221468
0.0197505
0.0173067
0.0147201
0.0120267
0.00955903
0.00765558
0.00650412
0.00669528
0.00933439
0.0140668
0.0216045
0.0319556
0.0435985
0.0536587
0.0595659
0.0590556
0.0425757
0.0318801
0.0274586
0.0254012
0.0234434
0.0208625
0.0175742
0.0139858
0.0106821
0.00813777
0.00654969
0.00746087
0.0109117
0.0170705
0.02681
0.0397203
0.0529058
0.0622449
0.0652227
0.0603014
0.0422485
0.0329556
0.029935
0.0293222
0.0283853
0.0258656
0.0216611
0.0167725
0.0123101
0.00891831
0.00679328
0.00841838
0.0128211
0.0206829
0.033041
0.0486523
0.0629543
0.0708912
0.0706122
0.0609225
0.0424008
0.0341063
0.032505
0.0336662
0.0341432
0.031988
0.0270472
0.0206565
0.0145792
0.0100935
0.00728977
0.00955762
0.0150393
0.0248811
0.0400986
0.0582488
0.0731718
0.0792075
0.0746907
0.0613127
0.0432366
0.0353708
0.035041
0.0380556
0.0401484
0.0387696
0.0335011
0.0258363
0.0181083
0.0119406
0.00812089
0.0108641
0.0175356
0.0295029
0.0475206
0.067753
0.0828176
0.086803
0.0781846
0.0620727
0.0451033
0.0367611
0.0371324
0.0418486
0.0460216
0.0460324
0.0408142
0.0319494
0.022447
0.0146978
0.00952807
0.0123458
0.020275
0.0343026
0.0546637
0.0762223
0.090986
0.0930506
0.0812312
0.063575
0.0480863
0.0387197
0.0385192
0.0443958
0.0514801
0.0537819
0.0489141
0.0390723
0.0278387
0.0181597
0.0114722
0.0140821
0.0232515
0.0389716
0.060815
0.08287
0.0969648
0.0975054
0.0842226
0.0662877
0.0517065
0.0424061
0.0399847
0.0457241
0.0557873
0.0611992
0.0572382
0.0469809
0.0346852
0.0231116
0.0143967
0.0162894
0.0265103
0.0430808
0.0651526
0.0868457
0.10036
0.100447
0.0878388
0.0706146
0.0565596
0.0475428
0.0438313
0.0468925
0.0581036
0.0669195
0.0650787
0.0552039
0.0428179
0.0301275
0.0191512
0.0193443
0.0299878
0.0458795
0.0665744
0.0873129
0.100771
0.102051
0.0919103
0.0767413
0.063434
0.0546127
0.0505104
0.0514
0.0588753
0.069621
0.0716155
0.0632526
0.0515226
0.039418
0.0271763
0.0237826
0.0332853
0.0465411
0.0649408
0.084569
0.0979378
0.101356
0.0952672
0.0840971
0.0729289
0.0648133
0.0605865
0.0603258
0.0644444
0.071185
0.0756088
0.0702888
0.0590764
0.0493857
0.0396701
0.0297599
0.0350362
0.0440179
0.0596712
0.0781148
0.0916857
0.0975092
0.0964089
0.0907559
0.0836795
0.0775805
0.0736341
0.0721424
0.0730547
0.0742927
0.0750111
0.0728816
0.0644397
0.0558094
0.0510195
0.0308938
0.0302785
0.0355362
0.0480865
0.0646412
0.0772531
0.0844726
0.0875769
0.0873355
0.0845393
0.0811055
0.077799
0.074854
0.0722042
0.0693754
0.0661412
0.0626214
0.0582213
0.0536642
0.0519734
0.0134992
0.0133603
0.0148369
0.0171677
0.0196222
0.0220786
0.023975
0.025191
0.0257872
0.0258337
0.0254696
0.0247922
0.0238451
0.0226553
0.0212434
0.0196401
0.017881
0.0160648
0.0144204
0.013951
0.0139721
0.0488017
0.0468666
0.0290175
0.0167756
0.0117516
0.00928381
0.00777804
0.00678649
0.00615013
0.00579593
0.0056749
0.00574719
0.00597669
0.00632964
0.00677565
0.00729063
0.00785955
0.00847416
0.00911968
0.0152706
0.0475101
0.0414249
0.0209473
0.0123894
0.00925029
0.00749968
0.00634262
0.00557781
0.00512716
0.00493895
0.00497057
0.00518249
0.00553506
0.00598949
0.00651151
0.00707641
0.00767163
0.0082892
0.00890606
0.0174831
0.0470352
0.0345622
0.015501
0.0100942
0.00781561
0.00634453
0.0053301
0.00467871
0.00433416
0.00424245
0.00435404
0.00462227
0.00500138
0.00544852
0.00592926
0.00642353
0.00692883
0.00745234
0.0079877
0.0196415
0.0467129
0.0272688
0.012366
0.00875774
0.00682013
0.00546223
0.00452522
0.00395494
0.00368897
0.00365812
0.00379924
0.00405691
0.00438457
0.00474754
0.00512494
0.00550853
0.0059026
0.00632302
0.00678325
0.0211433
0.046058
0.0213254
0.0106927
0.00784655
0.00603984
0.00474091
0.00386973
0.00337752
0.00317934
0.00318464
0.00331617
0.00351632
0.00374985
0.00400156
0.00426842
0.00455201
0.00485697
0.00519416
0.0055839
0.0213247
0.0417045
0.0171909
0.00967435
0.00711933
0.00539008
0.00413562
0.0033384
0.00292786
0.00278795
0.0028075
0.00290387
0.0030302
0.00317014
0.00332474
0.00350063
0.00370361
0.00393742
0.00420577
0.00452118
0.0202816
0.0342915
0.0145534
0.00889105
0.00649039
0.00480497
0.00362209
0.00291178
0.0025833
0.00248791
0.00250314
0.00255599
0.00261894
0.00269016
0.00277669
0.00288596
0.00302381
0.00319495
0.00340222
0.00364788
0.0184337
0.0273663
0.0126179
0.00821603
0.00591989
0.00427075
0.00317376
0.0025731
0.00231947
0.00225165
0.00225158
0.00226749
0.00228855
0.00231796
0.00236134
0.00242365
0.0025099
0.00262553
0.00277588
0.00296271
0.0163821
0.0220002
0.0111477
0.0075866
0.00538086
0.00378161
0.00279082
0.00229986
0.00211292
0.00205812
0.00204125
0.00203323
0.00203142
0.00203809
0.00205573
0.00208675
0.00213478
0.00220466
0.00230312
0.00243673
0.0144616
0.0181364
0.0100362
0.00698056
0.00484928
0.00333558
0.00247033
0.00208397
0.00194598
0.00189507
0.00186629
0.00184614
0.00183362
0.00182871
0.00183156
0.00184284
0.00186469
0.00190045
0.00195639
0.00204088
0.0129656
0.0151819
0.00911352
0.00638955
0.00433088
0.00293404
0.0022065
0.00191348
0.00180809
0.00175717
0.00172252
0.00169774
0.0016809
0.00167036
0.00166512
0.00166489
0.0016706
0.00168399
0.00170962
0.0017529
0.0117175
0.0128199
0.00830198
0.00579858
0.00383052
0.00258071
0.00199461
0.00177825
0.00169237
0.00164166
0.00160597
0.00158061
0.00156252
0.00154943
0.00153994
0.0015334
0.00152999
0.00153038
0.0015373
0.00155357
0.0105312
0.0109302
0.0075638
0.00521392
0.00335848
0.00228008
0.00182926
0.00166976
0.0015951
0.00154657
0.00151279
0.00148871
0.0014708
0.00145677
0.00144526
0.00143557
0.0014275
0.00142118
0.00141794
0.00141911
0.009798
0.00947721
0.00689137
0.00464167
0.00292685
0.00203513
0.00170321
0.00158122
0.00151416
0.00146978
0.00143926
0.00141717
0.00140008
0.001386
0.00137378
0.00136276
0.00135262
0.00134324
0.00133515
0.00132891
0.00917473
0.00835561
0.00629071
0.00408624
0.0025456
0.00184518
0.0016073
0.00150788
0.00144794
0.00140882
0.00138192
0.00136195
0.00134599
0.00133241
0.00132026
0.00130896
0.00129816
0.00128763
0.00127751
0.001268
0.00860163
0.00774159
0.00572689
0.00354782
0.00222318
0.00170506
0.00153209
0.001447
0.00139477
0.00136109
0.0013376
0.00131972
0.00130506
0.00129231
0.00128069
0.0012697
0.00125899
0.00124827
0.00123749
0.00122672
0.00803877
0.0073583
0.00516365
0.00303535
0.00196711
0.00160447
0.00147041
0.00139708
0.00135274
0.00132405
0.0013036
0.00128769
0.0012744
0.00126268
0.00125187
0.00124152
0.00123128
0.00122088
0.00121018
0.00119923
0.00746176
0.00705689
0.00455184
0.00257006
0.0017799
0.00152946
0.00141863
0.00135687
0.00131982
0.00129541
0.00127764
0.00126357
0.00125168
0.00124109
0.00123122
0.00122167
0.00121211
0.00120232
0.00119219
0.00118182
0.00685519
0.00679138
0.00387207
0.00218171
0.0016526
0.00146807
0.00137568
0.00132496
0.00129411
0.00127329
0.00125787
0.00124553
0.001235
0.00122555
0.00121666
0.00120797
0.00119921
0.00119023
0.00118104
0.00117177
0.00654256
0.00633749
0.00312667
0.00190548
0.0015624
0.00141534
0.00134111
0.00129982
0.00127399
0.00125618
0.00124284
0.00123208
0.00122282
0.00121446
0.00120652
0.0011987
0.00119081
0.0011828
0.00117475
0.00116685
0.00630026
0.00640774
0.00686848
0.00728314
0.00764519
0.0079521
0.00820192
0.00839414
0.00853065
0.00859748
0.00857222
0.00850855
0.00839919
0.00823733
0.00801216
0.00772317
0.00737004
0.00694698
0.00645415
0.00625692
0.00604079
0.00619223
0.00627158
0.00632935
0.00637999
0.00642806
0.0064898
0.00657558
0.00669918
0.00681335
0.00682647
0.0067379
0.00666067
0.00658208
0.00648034
0.00637083
0.00623379
0.00605763
0.00580076
0.00553223
0.00273978
0.0028098
0.00285835
0.00289329
0.00291036
0.00292015
0.00293039
0.00294928
0.00297552
0.00300185
0.00305679
0.00302426
0.00300001
0.00297265
0.00293664
0.00289445
0.00284074
0.00276436
0.00266511
0.00253289
0.00176518
0.0017805
0.00179338
0.00179845
0.00179843
0.00179614
0.00179466
0.00179579
0.00179888
0.00180302
0.00186256
0.00185589
0.00185278
0.00184892
0.0018417
0.00183149
0.001818
0.00179951
0.00177341
0.00174326
0.00145959
0.0014557
0.00145268
0.00144877
0.00144439
0.00144006
0.0014369
0.00143537
0.00143534
0.00143691
0.00148911
0.00149025
0.00149302
0.00149549
0.00149658
0.00149659
0.00149564
0.00149335
0.0014891
0.00148418
0.00131774
0.00131156
0.00130556
0.00130013
0.00129559
0.00129213
0.0012901
0.00128961
0.00129059
0.00129332
0.00133821
0.00134218
0.00134693
0.00135152
0.00135544
0.00135893
0.00136226
0.0013655
0.00136843
0.00137157
0.00123943
0.00123379
0.00122938
0.00122468
0.00122138
0.00121958
0.00121934
0.00122063
0.00122344
0.00122801
0.0012664
0.00127154
0.00127697
0.00128223
0.00128713
0.00129189
0.00129678
0.00130199
0.00130753
0.00131376
0.00119534
0.00118892
0.0011848
0.00118276
0.00118131
0.00118149
0.00118325
0.00118648
0.00119114
0.0011974
0.00122974
0.00123515
0.00124053
0.0012457
0.00125065
0.00125558
0.00126075
0.00126642
0.0012727
0.00127993
0.00116751
0.0011622
0.00115935
0.00115864
0.00115964
0.00116186
0.00116555
0.00117057
0.00117681
0.00118433
0.00121077
0.00121589
0.00122076
0.00122539
0.00122987
0.00123441
0.00123926
0.00124467
0.00125086
0.00125813
0.00114965
0.0011462
0.00114514
0.00114612
0.00114902
0.00115319
0.00115863
0.00116515
0.00117257
0.00118084
0.00120141
0.00120583
0.00120988
0.00121369
0.00121741
0.00122126
0.00122547
0.0012303
0.00123599
0.00124287
0.00113862
0.00113732
0.0011383
0.00114115
0.00114562
0.00115153
0.00115849
0.00116619
0.00117438
0.00118284
0.0011976
0.00120098
0.00120395
0.00120674
0.00120952
0.00121252
0.00121594
0.00122003
0.00122505
0.00123134
0.00113252
0.00113348
0.00113654
0.00114127
0.00114739
0.00115464
0.00116288
0.00117147
0.00118002
0.00118814
0.00119714
0.00119918
0.00120087
0.00120248
0.00120421
0.00120626
0.00120882
0.00121211
0.00121639
0.00122202
0.00113009
0.00113333
0.00113846
0.00114503
0.00115273
0.00116119
0.00117048
0.00117968
0.00118821
0.00119548
0.00119883
0.00119927
0.00119949
0.00119978
0.00120035
0.00120138
0.00120304
0.00120552
0.00120905
0.00121397
0.00113048
0.00113598
0.00114314
0.00115151
0.00116074
0.00117047
0.00118047
0.00119002
0.00119816
0.00120412
0.001202
0.00120059
0.00119915
0.00119799
0.00119731
0.00119726
0.00119798
0.00119962
0.0012024
0.00120664
0.00113306
0.00114079
0.00114996
0.00116011
0.00117085
0.00118178
0.00119236
0.001202
0.00120939
0.00121361
0.00120624
0.00120277
0.00119952
0.00119678
0.00119473
0.00119353
0.00119327
0.00119406
0.00119608
0.00119963
0.00113736
0.00114732
0.0011585
0.00117044
0.0011827
0.00119477
0.00120582
0.00121528
0.00122156
0.00122365
0.00121138
0.00120566
0.00120046
0.00119601
0.0011925
0.00119006
0.00118875
0.00118865
0.00118987
0.00119271
0.00114305
0.00115526
0.00116849
0.00118225
0.00119604
0.00120918
0.0012206
0.00122963
0.00123442
0.00123399
0.00121734
0.00120924
0.00120197
0.00119571
0.00119062
0.00118684
0.0011844
0.00118333
0.00118371
0.00118577
0.00114987
0.00116437
0.0011797
0.00119534
0.00121068
0.00122487
0.00123657
0.00124485
0.00124773
0.00124441
0.00122414
0.00121355
0.00120415
0.00119597
0.0011892
0.00118396
0.0011803
0.00117819
0.00117764
0.00117883
0.00115761
0.00117446
0.00119197
0.00120954
0.00122647
0.00124171
0.00125365
0.00126076
0.00126125
0.00125469
0.00123186
0.00121868
0.00120711
0.00119694
0.00118838
0.00118157
0.00117657
0.00117334
0.00117179
0.001172
0.00116606
0.00118533
0.00120508
0.0012247
0.0012434
0.00125986
0.00127193
0.00127718
0.00127473
0.00126468
0.00124051
0.00122468
0.00121096
0.00119874
0.00118827
0.00117975
0.00117329
0.00116884
0.00116623
0.00116539
0.00632583
0.00596823
0.00564749
0.00538454
0.00520535
0.00513196
0.00518154
0.00536438
0.00568341
0.00613413
0.00670803
0.00739726
0.00820464
0.00917644
0.0104655
0.012458
0.0161135
0.0246704
0.033628
0.0134541
0.00635867
0.0060545
0.00574309
0.00542966
0.00513407
0.00487991
0.0046902
0.00458186
0.00456332
0.00463479
0.00479171
0.00503319
0.00537466
0.00586642
0.00663003
0.00793479
0.0104175
0.0171609
0.0306548
0.0142099
0.00572528
0.00556673
0.00540894
0.00523658
0.00504617
0.00484214
0.00463709
0.00444892
0.00429572
0.00419148
0.00414499
0.00416443
0.00427029
0.00451725
0.00502158
0.0059909
0.0078324
0.0126127
0.0271155
0.0139211
0.00470424
0.00462048
0.00455934
0.00450697
0.00445347
0.00439094
0.00431437
0.00422353
0.00412308
0.0040217
0.00393017
0.00386195
0.00384449
0.00394954
0.00432255
0.00517049
0.00675147
0.0101669
0.0228083
0.0116742
0.00370513
0.00364946
0.00361984
0.00360899
0.00360985
0.00361635
0.00362282
0.00362419
0.00361541
0.00359208
0.00355078
0.00349152
0.00343581
0.0034771
0.00381264
0.00466746
0.00619618
0.0089339
0.0188481
0.00980194
0.00287021
0.00283366
0.00282008
0.00282445
0.00284119
0.0028665
0.00289727
0.00293051
0.00296244
0.00298755
0.00299701
0.00297936
0.0029445
0.00299762
0.00337116
0.00428741
0.0058221
0.00818345
0.0152273
0.00920817
0.00221424
0.00219625
0.00219523
0.0022085
0.00223166
0.00226201
0.00229744
0.00233633
0.00237707
0.00241722
0.00245119
0.00246887
0.0024784
0.00258552
0.00302579
0.00400839
0.00554086
0.00762472
0.0123377
0.00890679
0.00172842
0.00172576
0.00173301
0.00175014
0.00177453
0.00180456
0.00183884
0.00187646
0.00191692
0.00195998
0.00200424
0.00204636
0.00209973
0.00226121
0.00274603
0.00375585
0.00526715
0.00714396
0.0103371
0.00853156
0.00140057
0.00140575
0.0014162
0.00143244
0.00145357
0.0014791
0.00150858
0.00154189
0.0015795
0.00162255
0.00167245
0.0017313
0.00181509
0.00200356
0.00248303
0.00345806
0.00493679
0.00668056
0.00895617
0.00817133
0.00121205
0.0012181
0.00122699
0.00123903
0.00125427
0.00127301
0.00129561
0.00132274
0.00135556
0.00139597
0.00144668
0.00151219
0.0016065
0.00178766
0.00220839
0.00307666
0.00447601
0.00616044
0.00791474
0.00782945
0.00113406
0.00113687
0.00114129
0.00114766
0.00115638
0.00116802
0.00118331
0.00120321
0.00122908
0.00126283
0.00130738
0.0013676
0.00145393
0.00160254
0.00192426
0.00261468
0.00386615
0.00560204
0.00706639
0.00743332
0.00112427
0.00112297
0.00112268
0.00112376
0.00112666
0.00113194
0.00114027
0.00115252
0.00116983
0.00119376
0.00122683
0.00127329
0.00134091
0.0014496
0.00166175
0.00212734
0.00311813
0.00491122
0.00685651
0.00687483
0.00114136
0.00113637
0.00113215
0.001129
0.00112722
0.00112724
0.00112955
0.0011348
0.00114384
0.00115788
0.00117876
0.00120958
0.00125601
0.00132996
0.00145907
0.00171513
0.00233466
0.00388915
0.00666066
0.00612509
)
;

boundaryField
{
    inlet
    {
        type            calculated;
        value           uniform 0.00167705;
    }
    outlet
    {
        type            calculated;
        value           nonuniform List<scalar> 
41
(
0.00458632
0.0059438
0.00797696
0.00971177
0.010726
0.0110964
0.0110314
0.0107107
0.0102683
0.0098039
0.00939017
0.00907723
0.00889568
0.008861
0.00898045
0.00926351
0.00974197
0.0105051
0.0117646
0.0138988
0.0169101
0.0168331
0.0139801
0.0115875
0.0101958
0.00960066
0.00954866
0.0098304
0.0102885
0.0108068
0.0113001
0.0117105
0.0120016
0.0121446
0.0120998
0.0117942
0.0111092
0.00989443
0.00809055
0.00604556
0.00464864
)
;
    }
    dymWall
    {
        type            nutkWallFunction;
        Cmu             0.09;
        kappa           0.41;
        E               9.8;
        value           nonuniform List<scalar> 
73
(
0.00109112
0.00118519
0.00134559
0.00150092
0.00160652
0.00161643
0.0015399
0.00140658
0.0012602
0.0011254
0.00102197
0.000934056
0.0008495
0.000795584
0.000749213
0.000706228
0.000663742
0.00061992
0.00057356
0.000549576
0.00105717
0.00105356
0.00116813
0.00133767
0.00151143
0.00168274
0.0018128
0.00189552
0.00193549
0.00193785
0.0019122
0.00186497
0.00179891
0.00171562
0.00161628
0.00150289
0.00137793
0.00124821
0.0011294
0.00109387
0.00105494
0.00111355
0.00109417
0.000927009
0.000790925
0.000749071
0.000726745
0.000698542
0.000671138
0.000644879
0.00061438
0.000571556
0.000513991
0.000527464
0.000536109
0.000571759
0.000603722
0.00063158
0.000655177
0.000674394
0.000689219
0.000699818
0.000705086
0.000703372
0.000698782
0.00069074
0.000678716
0.000661845
0.000640057
0.000613233
0.000580862
0.000542892
0.000527574
)
;
    }
    AMI1
    {
        type            cyclicAMI;
        value           nonuniform List<scalar> 
73
(
0.00650261
0.00637095
0.00651864
0.00722891
0.00877854
0.0114801
0.0157877
0.0222577
0.0299541
0.0336066
0.0264517
0.0170425
0.0122232
0.0102691
0.00919169
0.00837419
0.00778549
0.00758023
0.00792017
0.00872634
0.00937032
0.00914551
0.00822242
0.00703001
0.00583961
0.00476154
0.00384145
0.00309333
0.00250856
0.00206918
0.00175486
0.00154328
0.00140566
0.00131636
0.00125762
0.00121857
0.00119303
0.00117728
0.00116851
0.00116433
0.00117236
0.00119263
0.0012133
0.00123387
0.00125348
0.00127046
0.00128201
0.00128561
0.0012815
0.0012696
0.00124536
0.00122813
0.00121335
0.00120008
0.00118864
0.00117928
0.00117215
0.00116719
0.00116421
0.00116305
0.00669417
0.00666025
0.00590045
0.00479926
0.00374447
0.00286406
0.00218616
0.00169859
0.00137934
0.00120241
0.00113287
0.00112717
0.00114654
)
;
    }
    AMI2
    {
        type            cyclicAMI;
        value           nonuniform List<scalar> 
162
(
0.00652347
0.00648502
0.00639403
0.00635413
0.00648735
0.00651972
0.00705198
0.00725821
0.0083342
0.0088344
0.0105946
0.0115509
0.0141861
0.0158564
0.0195955
0.0223453
0.0266585
0.0301842
0.0324445
0.0340711
0.0310111
0.0267195
0.0221572
0.016993
0.0145884
0.012236
0.0113492
0.010306
0.00987764
0.00923261
0.00894011
0.00840961
0.00820892
0.0078008
0.00771921
0.00755709
0.00762015
0.00784935
0.00803325
0.00864209
0.00882579
0.00934985
0.00939179
0.0092157
0.00906263
0.00834798
0.0080742
0.00717703
0.00685733
0.00599137
0.00566375
0.00490865
0.00459411
0.00397497
0.00369226
0.00320669
0.0029688
0.00259897
0.00241063
0.00213499
0.00199852
0.00179773
0.00170891
0.00156959
0.00151496
0.00142161
0.00138837
0.00132615
0.00130568
0.00126371
0.00125096
0.00122234
0.00121447
0.00119524
0.00119067
0.00117842
0.00117608
0.00116902
0.001168
0.00116452
0.00116414
0.00117073
0.00117377
0.00119011
0.00119392
0.00120971
0.00121451
0.0012293
0.00123497
0.00124829
0.00125445
0.00126545
0.00127122
0.00127858
0.00128252
0.00128497
0.00128577
0.00128398
0.00128158
0.00127623
0.00127028
0.00125803
0.00124498
0.00123701
0.00122843
0.00122178
0.00121378
0.00120806
0.00120059
0.00119587
0.00118916
0.00118549
0.00117978
0.0011771
0.00117256
0.00117079
0.00116749
0.00116645
0.0011644
0.0011639
0.00116312
0.00116296
0.00666185
0.00669772
0.00672327
0.00674361
0.00668472
0.00658011
0.00615983
0.00594181
0.00573602
0.0051659
0.00485601
0.00462367
0.00413176
0.00381348
0.00359245
0.0032166
0.00293657
0.00275105
0.00247278
0.00224721
0.00211919
0.00191829
0.00173772
0.00166633
0.00153646
0.00139843
0.00136585
0.00129835
0.00120864
0.00119756
0.00117382
0.0011329
0.00113151
0.00112949
0.0011253
0.00112685
0.00113052
0.00114413
0.00114623
0.00114972
)
;
    }
    walls
    {
        type            nutkWallFunction;
        Cmu             0.09;
        kappa           0.41;
        E               9.8;
        value           nonuniform List<scalar> 
80
(
0.000414737
0.000399435
0.000384995
0.000371993
0.000360255
0.000349561
0.000339654
0.00033027
0.000321176
0.000312206
0.000303267
0.000294325
0.000285385
0.000276466
0.000267598
0.000258825
0.000250243
0.000242057
0.000234565
0.000228069
0.000223376
0.000221459
0.000222257
0.000225169
0.000229023
0.000232782
0.000236596
0.000241616
0.00024896
0.000259113
0.000272048
0.000287574
0.000305536
0.000325781
0.000348109
0.000372276
0.000397894
0.00042442
0.000451063
0.000476991
0.000416584
0.000400517
0.0003853
0.000371485
0.0003589
0.000347357
0.000336654
0.00032659
0.000316988
0.000307711
0.000298662
0.000289779
0.000281023
0.000272375
0.000263839
0.000255437
0.000247226
0.000239361
0.000232118
0.00022579
0.00022102
0.00021881
0.000219456
0.000222693
0.000227316
0.000231814
0.00023584
0.000240637
0.000247853
0.000258301
0.000271838
0.000288029
0.000306641
0.000327567
0.000350641
0.00037555
0.000401792
0.00042866
0.000455175
0.000480336
)
;
    }
    front
    {
        type            empty;
    }
    back
    {
        type            empty;
    }
}


// ************************************************************************* //
