/*--------------------------------*- C++ -*----------------------------------*\
  =========                 |
  \\      /  F ield         | OpenFOAM: The Open Source CFD Toolbox
   \\    /   O peration     | Website:  https://openfoam.org
    \\  /    A nd           | Version:  6
     \\/     M anipulation  |
\*---------------------------------------------------------------------------*/
FoamFile
{
    version     2.0;
    format      ascii;
    class       volScalarField;
    location    "3.4e-05";
    object      k;
}
// * * * * * * * * * * * * * * * * * * * * * * * * * * * * * * * * * * * * * //

dimensions      [0 2 -2 0 0 0 0];

internalField   nonuniform List<scalar> 
2370
(
0.0375014
0.0375
0.0375079
0.0375007
0.0375192
0.0374997
0.0375175
0.037506
0.0375024
0.0375015
0.0375036
0.0375023
0.0375063
0.037513
0.0375235
0.0375009
0.0375002
0.0375068
0.0375339
0.0374997
0.0375021
0.0375028
0.0375078
0.0375118
0.0375463
0.0375033
0.0374998
0.0374997
0.037546
0.0375185
0.0375538
0.0374997
0.0374999
0.0374998
0.0375033
0.0375334
0.0375052
0.0375105
0.0375016
0.0375489
0.0375017
0.0375793
0.0375006
0.0375104
0.0375388
0.0375345
0.0375071
0.0375326
0.0374997
0.0375924
0.037505
0.0375017
0.0375175
0.0375534
0.0375448
0.0375325
0.0375019
0.0375441
0.0375027
0.037506
0.0375028
0.0375245
0.0375026
0.0375
0.0375314
0.0375255
0.0374999
0.0375019
0.0375143
0.0375029
0.0375168
0.0375
0.0375346
0.0374998
0.0375316
0.0375001
0.0375285
0.0375356
0.0375011
0.0375241
0.0374998
0.0375059
0.0375026
0.0375053
0.0375007
0.0375436
0.037502
0.0374997
0.03753
0.0375014
0.0375317
0.0375503
0.0375097
0.0375301
0.0375149
0.037512
0.0375106
0.0375096
0.0375337
0.0374998
0.0375224
0.0375072
0.0375088
0.0375019
0.0375087
0.0375032
0.0375053
0.0374997
0.0375006
0.0375223
0.0375001
0.0375342
0.037525
0.0375245
0.0375104
0.0375006
0.0375066
0.0375301
0.0375197
0.0375085
0.0375034
0.0375309
0.0375281
0.0375224
0.0375002
0.0375413
0.0375064
0.0375009
0.0375281
0.0375085
0.0375016
0.0375145
0.0375273
0.0374997
0.0375168
0.0375957
0.0375004
0.0375038
0.0375251
0.0375404
0.0375052
0.0375311
0.0375008
0.037514
0.0375008
0.0375037
0.0375232
0.0375113
0.0375162
0.0375108
0.0375356
0.0375361
0.0375306
0.0375298
0.0375038
0.0375005
0.0375407
0.0374998
0.0375
0.0375069
0.0375004
0.0375003
0.0375333
0.0375208
0.0375181
0.0375017
0.0375067
0.0375018
0.0375244
0.0375058
0.0375024
0.0375052
0.0375325
0.0375076
0.037513
0.037509
0.0375029
0.0375059
0.0375029
0.0375029
0.0375003
0.0375014
0.0374999
0.0375004
0.0375011
0.0375287
0.037501
0.0375265
0.0375014
0.0375163
0.0375038
0.0375028
0.0375108
0.0375097
0.0375123
0.0375068
0.0375
0.0375409
0.037533
0.0375001
0.0375162
0.0374999
0.0375498
0.0375162
0.0375296
0.0374999
0.0375259
0.0375679
0.037514
0.0375002
0.0375208
0.0374997
0.0374997
0.0375211
0.0375126
0.0375023
0.0374997
0.0374998
0.0375038
0.037505
0.0374997
0.0374997
0.0375003
0.0374997
0.037506
0.0374999
0.0375013
0.0375008
0.0375057
0.0375003
0.0375018
0.0375028
0.0374997
0.0375067
0.0374998
0.0375037
0.0374999
0.0374999
0.0374998
0.0375009
0.0374998
0.0374997
0.0374997
0.0374998
0.0374997
0.0374997
0.0375005
0.0375004
0.0374998
0.0374999
0.0374998
0.0374997
0.0375001
0.0375026
0.0374997
0.0374997
0.0375003
0.0374997
0.0375024
0.0374997
0.0375004
0.0375
0.0374998
0.0374997
0.0375023
0.0374997
0.0375024
0.0375002
0.0375003
0.0375044
0.0374997
0.0375061
0.0375082
0.0375002
0.0375003
0.0375036
0.0374997
0.0375001
0.0375014
0.0374998
0.0374997
0.0375104
0.0374997
0.0375019
0.0375075
0.0375017
0.0375212
0.0374997
0.0374997
0.0375148
0.037508
0.0374998
0.0375105
0.0375201
0.0374997
0.0374997
0.0374997
0.0374997
0.0375168
0.0375145
0.0374997
0.0375094
0.037505
0.0374997
0.0374998
0.0375037
0.037511
0.0375024
0.0375057
0.0374997
0.0375008
0.0374997
0.0374997
0.0375109
0.0375005
0.0375006
0.0375027
0.0375074
0.0375045
0.0374997
0.0375029
0.0374998
0.0375008
0.0375061
0.0375004
0.0374997
0.0375014
0.0375
0.0375086
0.0375057
0.0375
0.0375008
0.0375039
0.0374998
0.0374999
0.0375038
0.0374999
0.037502
0.0375027
0.0374998
0.0375039
0.0375009
0.0374997
0.0374998
0.0375007
0.0374997
0.0375016
0.0374998
0.0375017
0.0374998
0.0375102
0.0375008
0.0375001
0.0375008
0.037512
0.0375003
0.0375008
0.0374998
0.0375011
0.0374998
0.037505
0.0375002
0.0375044
0.0375023
0.0375001
0.0375031
0.0374997
0.0374997
0.0375052
0.0375005
0.037502
0.0375001
0.037504
0.0374997
0.0374999
0.0374997
0.0375058
0.037502
0.0375039
0.037501
0.0375004
0.0375127
0.0375006
0.0375033
0.0375005
0.0375052
0.0375
0.0375004
0.0375046
0.0375145
0.0375217
0.0374997
0.0374997
0.0374998
0.0374998
0.0375025
0.0375009
0.0374997
0.0375116
0.0374997
0.0375029
0.037512
0.0375084
0.0375374
0.0374997
0.0374997
0.0375162
0.0374999
0.0375004
0.0375003
0.0374997
0.0375002
0.0375004
0.0375008
0.0375006
0.0374997
0.0375035
0.0375117
0.0375022
0.0374997
0.0375073
0.0375154
0.0375001
0.0375035
0.0374998
0.0375003
0.0375231
0.0375024
0.0374998
0.0374998
0.0374997
0.0374997
0.0375001
0.0374998
0.0375019
0.0374999
0.0374997
0.0375006
0.0375002
0.0375066
0.0375133
0.0375118
0.0375005
0.0375009
0.0374997
0.0374997
0.0375028
0.0374999
0.0375027
0.0375071
0.0375014
0.0375046
0.0374997
0.0374998
0.037505
0.0374997
0.0374997
0.0375005
0.0375013
0.0375217
0.0375148
0.0374998
0.0375012
0.0375005
0.0375077
0.0375032
0.0374997
0.0375005
0.0375003
0.0374997
0.0375071
0.0375433
0.0375004
0.0374998
0.0374997
0.0375019
0.0375013
0.0374997
0.0375001
0.0375019
0.0375074
0.0375086
0.037504
0.0375236
0.0375008
0.0375017
0.0375001
0.0375028
0.0375005
0.0375001
0.0375018
0.0374997
0.0375009
0.0375045
0.037507
0.0375031
0.0374997
0.0375068
0.0375098
0.0375047
0.0375004
0.0375057
0.0375013
0.0375014
0.0375002
0.0375003
0.0375056
0.0375006
0.0375005
0.0375001
0.0374999
0.0374997
0.0375024
0.0375078
0.0375026
0.0375025
0.0375001
0.0375017
0.037514
0.0375009
0.0375124
0.0375103
0.0375003
0.0374997
0.0375054
0.0375077
0.0374999
0.0375001
0.0375
0.0375089
0.0375095
0.0375069
0.0374997
0.0375082
0.0375011
0.0374997
0.0374998
0.0374997
0.0374998
0.0375001
0.0374997
0.0374999
0.0374999
0.0375019
0.0375013
0.0374999
0.0375005
0.0375093
0.0375086
0.0374997
0.0374999
0.0374998
0.0375003
0.037503
0.0375173
0.0375025
0.0375075
0.0375014
0.0374997
0.0375068
0.0375099
0.037502
0.0375154
0.0374998
0.0375001
0.0374997
0.0375071
0.0375082
0.0374997
0.037506
0.0374999
0.0375028
0.0375056
0.0374998
0.0375001
0.0375018
0.0375031
0.0375004
0.0375071
0.0374998
0.0374997
0.0375018
0.0375002
0.037501
0.0375002
0.0374997
0.037508
0.0374997
0.0374999
0.0375004
0.0374997
0.0375005
0.0375002
0.0375003
0.0375004
0.0374997
0.0374998
0.0374997
0.0375044
0.0374998
0.0375015
0.0374997
0.0375036
0.0375155
0.0375044
0.037501
0.0375015
0.0374998
0.0375027
0.0374997
0.0374999
0.0375009
0.0375002
0.0375
0.0375049
0.0375072
0.0375012
0.0375008
0.037502
0.0375004
0.0374997
0.0374999
0.0374999
0.0375009
0.0375017
0.0375022
0.0375003
0.0374997
0.0375005
0.0375009
0.0375002
0.0375062
0.0374997
0.0375017
0.0375
0.0375004
0.0374997
0.0375054
0.0374998
0.0375006
0.0375006
0.0374998
0.0375033
0.037502
0.0374997
0.0375079
0.0374999
0.0374997
0.0375028
0.0374997
0.0375002
0.0374998
0.0375018
0.0374997
0.037502
0.0374998
0.0375
0.0375001
0.0375064
0.0375001
0.0375019
0.0375037
0.0375052
0.0375039
0.0375059
0.037504
0.0375036
0.0374997
0.0374997
0.0375003
0.0375003
0.0374999
0.0374999
0.0375001
0.0375014
0.0374997
0.0375019
0.0374997
0.0375006
0.0375008
0.0374998
0.0374997
0.0374997
0.0375038
0.0374998
0.0374999
0.0374997
0.0375061
0.0375
0.0375002
0.0374997
0.0375002
0.0374997
0.0375059
0.0375002
0.0374998
0.0375192
0.0375141
0.037505
0.0375008
0.0374999
0.0374997
0.0375085
0.0375029
0.0375009
0.0375051
0.0374997
0.0374997
0.0375022
0.0374997
0.0375137
0.0374999
0.0375003
0.0374998
0.0375
0.0374997
0.0375078
0.0374997
0.0375037
0.0374997
0.0374997
0.0374997
0.0375015
0.0374997
0.0375002
0.0375032
0.0374997
0.0375038
0.0374998
0.03751
0.0375011
0.0375017
0.0374998
0.0375143
0.037501
0.0374999
0.0375
0.0375042
0.037503
0.037508
0.0375077
0.0375059
0.0375117
0.0375
0.0374997
0.0374998
0.0374997
0.0374997
0.0374999
0.0374998
0.0375013
0.0374997
0.0375151
0.0374998
0.0375034
0.0374997
0.0374999
0.0375001
0.0375051
0.0374997
0.0375017
0.0375
0.0375022
0.0375004
0.0374997
0.0374999
0.0374998
0.0374998
0.0374997
0.0375004
0.0375052
0.0374998
0.0375001
0.0374997
0.0374999
0.0375014
0.0375007
0.0375007
0.0374997
0.0375094
0.0375036
0.0374997
0.0375
0.0375016
0.0374998
0.0374999
0.0374998
0.0374997
0.0375012
0.0375009
0.037507
0.0375051
0.0375033
0.0374997
0.0375066
0.0374997
0.0375089
0.0375008
0.0374998
0.0375005
0.0375062
0.0375116
0.0375008
0.0375008
0.0375013
0.0375011
0.0375002
0.037505
0.0375042
0.0374998
0.0374997
0.0375005
0.0375008
0.0375079
0.0374998
0.0374997
0.0374999
0.0375006
0.0375001
0.0374997
0.0375045
0.0375003
0.0375103
0.0375017
0.0374999
0.0375005
0.0375065
0.0375065
0.0375002
0.0374997
0.0375002
0.0375152
0.0374997
0.0374999
0.0375029
0.0374997
0.0375007
0.0375055
0.0374999
0.0375001
0.0374999
0.0375012
0.0375006
0.037504
0.0375006
0.0375001
0.0375115
0.0375021
0.037514
0.0374997
0.0374999
0.0374999
0.0375063
0.0375004
0.0375059
0.0374997
0.0374999
0.0375101
0.0375019
0.0375088
0.0375021
0.0375054
0.0374998
0.0375003
0.0375027
0.0375033
0.0375003
0.0375027
0.0375025
0.0375012
0.0374998
0.037504
0.0375065
0.0375008
0.0375024
0.0375008
0.0374998
0.0374997
0.0375016
0.0375015
0.0375
0.0375056
0.0374997
0.0375209
0.0375037
0.0375043
0.0375013
0.0375074
0.0374999
0.0375037
0.0374998
0.037502
0.0375005
0.0375002
0.037501
0.0375024
0.0375008
0.0375
0.0375098
0.0375049
0.0374999
0.0375168
0.0374999
0.0374997
0.0374997
0.0375
0.0375142
0.0375006
0.0375041
0.0375044
0.0374999
0.0375018
0.0375095
0.0375006
0.037502
0.0375009
0.037501
0.0375007
0.0374997
0.0375021
0.0374998
0.0375007
0.0375033
0.0374997
0.0375067
0.0375014
0.0375004
0.037504
0.0374997
0.0375057
0.0375018
0.0375065
0.0374998
0.0375344
0.0375033
0.037505
0.0375096
0.0375161
0.0375007
0.037508
0.0374997
0.0374997
0.0375019
0.0375075
0.0375021
0.0375
0.0375013
0.0375012
0.0374999
0.0375013
0.0374997
0.0375033
0.0375057
0.0374997
0.0374997
0.0374998
0.037503
0.0375003
0.0375034
0.0374998
0.0374997
0.0375009
0.037501
0.0375004
0.0374998
0.0374997
0.037501
0.037503
0.0375004
0.0375063
0.0374997
0.0375052
0.0374997
0.0375135
0.0374997
0.0374997
0.0374997
0.0375004
0.0375026
0.0375006
0.0375209
0.0375012
0.0375012
0.0374997
0.0375044
0.0375016
0.0374999
0.0375001
0.0375001
0.0374997
0.0374998
0.0374997
0.0375101
0.037502
0.0375002
0.0375005
0.0374999
0.0374999
0.0375075
0.0375033
0.0375005
0.0375
0.037507
0.037504
0.0374997
0.0374998
0.0375005
0.0375
0.0375028
0.0375004
0.0375064
0.037501
0.0375
0.0375009
0.0375038
0.0374997
0.0375031
0.0374998
0.0375043
0.0375
0.0375062
0.0375012
0.0375007
0.0374997
0.0374998
0.0375059
0.0375062
0.0375009
0.0374997
0.0375069
0.0375039
0.0375004
0.0374997
0.0374997
0.0375002
0.0375015
0.0375003
0.0375036
0.0375009
0.0375453
0.0375002
0.0375089
0.0375008
0.0375014
0.0374999
0.0375012
0.0375049
0.0375024
0.0375009
0.0375042
0.0375027
0.0375109
0.0375053
0.0374999
0.0374997
0.0375295
0.0375083
0.0375484
0.0374997
0.0374997
0.0375006
0.0374997
0.0374998
0.0375026
0.0375044
0.0375001
0.0375002
0.0375003
0.0374999
0.0374997
0.0375027
0.0375036
0.0375025
0.037501
0.0375001
0.0375027
0.0375007
0.0375009
0.0375002
0.0374997
0.0375024
0.0375009
0.0375007
0.0375002
0.0375047
0.0375002
0.0374997
0.0375123
0.0374997
0.0374997
0.0375109
0.0375028
0.0374998
0.0375041
0.0375007
0.0375014
0.0375001
0.0375012
0.0374997
0.0374997
0.0375053
0.0375007
0.0375045
0.0375002
0.0375009
0.0375004
0.0374997
0.0375007
0.0375056
0.0375035
0.0375
0.0375059
0.0375021
0.037505
0.0375089
0.0375024
0.0375002
0.0375002
0.0375008
0.0374997
0.0374997
0.0375098
0.0375115
0.0375066
0.0375009
0.0375067
0.0375054
0.0375033
0.0374997
0.0374998
0.0375002
0.037504
0.037503
0.0374997
0.0375067
0.0375022
0.0374997
0.0374998
0.0375006
0.037506
0.0375124
0.037505
0.0375044
0.0375052
0.0374999
0.0374997
0.0375078
0.0374998
0.0374999
0.0375039
0.0374998
0.0374997
0.0375008
0.0375028
0.0375
0.0375041
0.0375025
0.037505
0.0375007
0.0375
0.0375
0.0375055
0.0375001
0.0375043
0.0374998
0.0375041
0.037505
0.0375106
0.0374998
0.0374997
0.0375026
0.0375042
0.0375067
0.0375074
0.0374997
0.0375013
0.037506
0.0375
0.0375001
0.0374997
0.0375065
0.0375003
0.0374998
0.0375003
0.0375131
0.0375018
0.0375052
0.0374998
0.0375009
0.0375005
0.0374999
0.0375069
0.0374997
0.0375012
0.0374998
0.0374997
0.0375092
0.0375036
0.0375296
0.0375055
0.0375003
0.0375038
0.0374997
0.0375013
0.0375003
0.0374997
0.0374997
0.0375001
0.0375065
0.0374998
0.0375043
0.0374997
0.0374998
0.0374997
0.0375132
0.0375004
0.0375073
0.0375027
0.0375004
0.037507
0.0375022
0.0374998
0.037501
0.0375029
0.0375012
0.0375003
0.0375013
0.0374997
0.0375027
0.0375002
0.0375003
0.0375091
0.0374999
0.0375002
0.0375029
0.0375018
0.0375002
0.0374997
0.0375013
0.0374997
0.0375011
0.0374997
0.0374997
0.0375008
0.0375006
0.0375013
0.0374999
0.0375014
0.037503
0.0375009
0.0374997
0.0375036
0.0374997
0.037505
0.0374998
0.0374999
0.0375053
0.0374998
0.0374997
0.0374998
0.0375074
0.037501
0.0374997
0.0375002
0.0375
0.0374997
0.0374998
0.0375072
0.0375011
0.0375021
0.0374997
0.037502
0.0375001
0.0374997
0.0375026
0.037501
0.0374998
0.0375023
0.0375
0.0374997
0.0375003
0.0375048
0.0375026
0.0375002
0.0374999
0.0375003
0.0375099
0.037501
0.0375003
0.0374997
0.0374997
0.0375
0.0374998
0.0375006
0.0374999
0.0374997
0.0374997
0.0375104
0.0375013
0.0374997
0.0375021
0.0375311
0.0375114
0.0375226
0.037517
0.0374998
0.0374998
0.0375054
0.037516
0.0374997
0.0374997
0.0374997
0.0375
0.0374997
0.0375036
0.0374997
0.0375112
0.037527
0.0374999
0.0375064
0.0375
0.037506
0.0375008
0.0375033
0.037507
0.0374998
0.0374998
0.0375023
0.0375127
0.0375064
0.0374997
0.0374997
0.0375007
0.0375
0.0375277
0.0374998
0.0375035
0.0374997
0.0375027
0.0375018
0.0374997
0.0374999
0.037503
0.0375003
0.0374997
0.0375001
0.0374998
0.0374999
0.0375002
0.0375006
0.0375
0.0375012
0.0375067
0.0374997
0.0375059
0.0374998
0.0374997
0.0374997
0.0374998
0.0375056
0.0374997
0.0375021
0.0375023
0.0374998
0.037501
0.0375013
0.0374998
0.037505
0.0375032
0.0374997
0.0375018
0.0375035
0.0375039
0.0375021
0.0375004
0.0375001
0.0374997
0.0375002
0.0375032
0.0375006
0.037504
0.0375031
0.0375002
0.0374997
0.0375001
0.03751
0.0375111
0.0374997
0.0374997
0.0374997
0.0375009
0.037501
0.0374997
0.0374997
0.0375
0.0374999
0.0374997
0.0374997
0.0374998
0.0375009
0.0375002
0.0374997
0.0375001
0.0375003
0.0375001
0.0374997
0.0374999
0.0375005
0.0374997
0.0375001
0.0375014
0.0375007
0.0375008
0.0375006
0.0375014
0.0374997
0.0375011
0.0375033
0.0374999
0.0375006
0.0374997
0.0375008
0.0374997
0.0375006
0.0375014
0.0375001
0.037505
0.0375013
0.0375065
0.0374997
0.0375016
0.0374999
0.0374997
0.0374997
0.0375062
0.0375048
0.0374997
0.0375028
0.0375101
0.0375012
0.0375022
0.0375018
0.037503
0.0375028
0.0375
0.0374997
0.0375023
0.0375015
0.0374997
0.0375049
0.0375024
0.0375001
0.0375001
0.0374997
0.0375006
0.0375102
0.037522
0.0375011
0.037502
0.0375014
0.0375123
0.0375037
0.0375401
0.0374998
0.0375556
0.037532
0.0375012
0.0375
0.0375017
0.0375364
0.0375019
0.0375015
0.0375068
0.0375175
0.0375012
0.0375221
0.0375016
0.0375005
0.0375225
0.0374998
0.0374998
0.0375001
0.0375288
0.0375265
0.0375352
0.0374998
0.0375159
0.0374997
0.0375022
0.0375025
0.0375048
0.0375038
0.0374997
0.0375105
0.0374997
0.0375
0.0374997
0.0374997
0.0374997
0.0375009
0.0375003
0.0374997
0.0374997
0.0375
0.0374997
0.0375005
0.0374998
0.0374998
0.0375001
0.0375
0.0374998
0.0374998
0.0375019
0.0374999
0.0375001
0.0375011
0.0374997
0.0374999
0.0375
0.0374997
0.0375011
0.0374997
0.0374999
0.0375002
0.0375003
0.0375001
0.0374997
0.0374997
0.0375
0.0375
0.0374998
0.0374998
0.0374997
0.0374997
0.0374997
0.0374997
0.0375005
0.0375002
0.0374999
0.0375003
0.0375
0.0375024
0.0374999
0.0374999
0.0374998
0.0375001
0.0374997
0.0375003
0.0374998
0.0374997
0.0374998
0.0375001
0.0374997
0.0374997
0.0374997
0.0374997
0.0374997
0.0374999
0.0374997
0.0374997
0.0374997
0.0374997
0.037503
0.0374997
0.0374997
0.0374997
0.0375004
0.0374997
0.0375064
0.0375003
0.0375002
0.0374998
0.0374997
0.0375002
0.0374997
0.037502
0.0374997
0.0374997
0.0374997
0.0374997
0.0374997
0.0374997
0.0374998
0.0375002
0.0374997
0.0374997
0.0374998
0.0374997
0.0374997
0.0374997
0.0374997
0.0374997
0.0374997
0.0374999
0.0374997
0.0375011
0.0375034
0.0375003
0.0374997
0.0374998
0.0374998
0.0374997
0.0374997
0.0374998
0.0375017
0.0375008
0.0374998
0.0374999
0.0375
0.0375013
0.0375006
0.0374997
0.0375
0.037502
0.0374997
0.0375017
0.0374997
0.0375005
0.0374998
0.0374998
0.0374998
0.0375004
0.0374997
0.0374997
0.0374997
0.0375005
0.0374997
0.0375002
0.0375002
0.0375
0.0374997
0.0374997
0.0375005
0.0375001
0.0375009
0.0374998
0.0374999
0.0375037
0.037502
0.0374997
0.0374997
0.0375
0.0375001
0.0375001
0.0374997
0.0374997
0.0374998
0.0374997
0.0374997
0.0374997
0.0374997
0.0374997
0.0375004
0.0374997
0.0375013
0.0374998
0.0374998
0.0374997
0.0375002
0.0374998
0.037501
0.0374999
0.0374998
0.0374998
0.0374997
0.0374997
0.0374999
0.0374997
0.0374997
0.0374997
0.0374997
0.0374998
0.0374997
0.0374997
0.0374997
0.0374997
0.0374997
0.0374997
0.0375009
0.0375
0.0375003
0.0374997
0.0374997
0.0374999
0.0374997
0.0374997
0.0375004
0.0374997
0.0375
0.0374998
0.0375
0.0374997
0.0374997
0.0374998
0.0374997
0.0374998
0.0375143
0.0374997
0.0375089
0.0375013
0.0375023
0.0375
0.0374998
0.0374997
0.0375031
0.0374997
0.0374997
0.0374997
0.0374997
0.0374998
0.0374997
0.0374998
0.0374997
0.0375001
0.0375002
0.0374998
0.0375011
0.0375001
0.0374997
0.0375008
0.0375092
0.0374997
0.0375049
0.0375002
0.0374997
0.0374998
0.0375059
0.0374997
0.0375028
0.0374997
0.0375015
0.0374997
0.0375005
0.0374999
0.0374997
0.0374998
0.0374997
0.0375007
0.0374998
0.0374997
0.0374997
0.0374997
0.0375152
0.0374997
0.0374997
0.0374997
0.0375015
0.0374997
0.0375001
0.0374998
0.0375025
0.0375008
0.0374998
0.0375023
0.0374997
0.0375007
0.0375005
0.0374999
0.0374997
0.0374997
0.0375
0.0374998
0.0375003
0.0375009
0.0374998
0.0375
0.0375
0.0374997
0.0374997
0.0374998
0.0374999
0.0375005
0.0375002
0.0375005
0.0375
0.0374997
0.0375015
0.0374998
0.0374998
0.0374997
0.0375011
0.0375008
0.0374997
0.0375
0.0375001
0.0374998
0.0374997
0.0374997
0.0374997
0.0374998
0.0375048
0.0375004
0.0374997
0.0374997
0.0374997
0.0374999
0.0374997
0.0375
0.0375032
0.0374997
0.0374998
0.0374997
0.0375022
0.0374997
0.0374999
0.0374998
0.0374997
0.0374997
0.0374997
0.0374999
0.0375005
0.0375007
0.0374997
0.0375003
0.0375003
0.0375001
0.0375004
0.0374997
0.0375
0.0374999
0.0374999
0.0375007
0.0374998
0.0375
0.0375005
0.0375004
0.0375005
0.0374997
0.0374998
0.0374999
0.0375034
0.0375002
0.0375004
0.0374997
0.0375
0.0374998
0.0374999
0.0375
0.0375004
0.0375009
0.0375042
0.0375
0.0374997
0.0374997
0.0374997
0.0374997
0.0374999
0.0374997
0.0374997
0.0374997
0.0374999
0.0374998
0.0374997
0.0374997
0.0374997
0.0374997
0.0374997
0.0375001
0.0374998
0.0375014
0.0374997
0.0375
0.0374997
0.0375
0.0374997
0.0375004
0.0375007
0.0374999
0.0375006
0.0375
0.0375021
0.0374997
0.0374997
0.0375005
0.0375
0.0374999
0.0375
0.0375007
0.0375002
0.0374998
0.0374997
0.0374997
0.0374999
0.0374999
0.0374997
0.0375007
0.0374999
0.0375008
0.0374997
0.0374997
0.0374999
0.0375119
0.0375021
0.0375017
0.0374997
0.0375016
0.0375001
0.0374999
0.0375003
0.0375163
0.0375026
0.0375033
0.0374997
0.0375025
0.0374997
0.0374997
0.0374997
0.0375059
0.0374999
0.0375003
0.0375
0.0375235
0.0374997
0.0374997
0.0374997
0.0374997
0.0374997
0.0374997
0.0374997
0.0374999
0.0375004
0.0375005
0.037516
0.0375005
0.0375006
0.0375009
0.037501
0.0375022
0.0375
0.0374998
0.0374997
0.0375014
0.0375006
0.0375009
0.037501
0.0375002
0.0374997
0.0374997
0.0375
0.0374997
0.0374997
0.0374997
0.0374997
0.0375004
0.0375126
0.0375051
0.0374997
0.0375034
0.0375237
0.0375004
0.0375003
0.0374998
0.037508
0.0375003
0.0374998
0.0374999
0.0374997
0.0375035
0.0375031
0.0375033
0.0375008
0.0375
0.0375001
0.0375342
0.0375001
0.0374997
0.0374997
0.0375124
0.0374998
0.0375014
0.0375011
0.03753
0.0375016
0.0374997
0.0374997
0.0375007
0.0374997
0.0375067
0.0374999
0.0375
0.0374998
0.0375079
0.0374997
0.0374997
0.0374997
0.0375045
0.0375004
0.0374998
0.0375014
0.0374998
0.0375003
0.0375228
0.0375004
0.0375006
0.0375002
0.0374997
0.0374997
0.0375045
0.0374997
0.0375338
0.0375
0.0374999
0.0374999
0.0375019
0.0374997
0.0374997
0.0374997
0.0374997
0.0374997
0.037502
0.0375021
0.0375077
0.0375019
0.0375642
0.0374997
0.0374997
0.0374998
0.0375263
0.0374998
0.0375016
0.0375306
0.0374997
0.0375
0.0374997
0.0375
0.0374999
0.0374997
0.0375161
0.0374999
0.0375043
0.0375013
0.0374998
0.0375009
0.0374997
0.0375002
0.0375206
0.0375002
0.0375016
0.0375005
0.0375022
0.0375
0.0375105
0.0375183
0.0374997
0.0375002
0.0374998
0.0374997
0.0374998
0.037501
0.0375093
0.0375005
0.0375099
0.0375003
0.0375014
0.0374997
0.0375028
0.0374997
0.0375057
0.0375003
0.0374997
0.0374997
0.0374997
0.0374997
0.0375008
0.0374997
0.0375032
0.0375009
0.0375001
0.0374998
0.037501
0.0375151
0.0375027
0.0375322
0.0375016
0.0375019
0.0375
0.0374997
0.0375005
0.0375063
0.0374997
0.0375342
0.0374997
0.0374997
0.0374997
0.0374997
0.0375008
0.0374997
0.0374997
0.0374997
0.0375014
0.0374997
0.037518
0.0374998
0.0375001
0.0375008
0.0374999
0.0375
0.0375003
0.0374998
0.0375201
0.0374999
0.0375291
0.0374999
0.037508
0.0374999
0.0374997
0.0375002
0.0375012
0.0375001
0.0375255
0.0375004
0.0375043
0.0375009
0.0374997
0.0375002
0.037518
0.0375
0.0375309
0.0374997
0.037504
0.0375007
0.0375
0.0374997
0.0374997
0.0375087
0.0374997
0.0375019
0.0374997
0.0375009
0.0374997
0.0375109
0.0374997
0.0374997
0.0374997
0.0374997
0.0375031
0.0374997
0.0375376
0.0375005
0.0374997
0.0374998
0.0375199
0.0374998
0.037503
0.0374997
0.0374997
0.0375013
0.0375004
0.0375223
0.0375
0.0374998
0.0375011
0.0374997
0.0374997
0.0374997
0.037501
0.0374997
0.0375016
0.0374998
0.0375092
0.0375004
0.0375001
0.0374997
0.0375296
0.0374998
0.0374997
0.0374997
0.0375009
0.0374998
0.0375
0.0375006
0.0374998
0.0375323
0.0374997
0.0374997
0.0375026
0.0374997
0.0375015
0.0374997
0.0374997
0.0375347
0.0375003
0.0375352
0.0375002
0.0374999
0.0375003
0.0375006
0.0374997
0.0375
0.0375253
0.0375002
0.0374999
0.0375009
0.0375
0.0375246
0.0375002
0.037505
0.0374997
0.0374997
0.0375005
0.0374997
0.0375013
0.0374997
0.0374997
0.0375
0.0375218
0.0375
0.0375134
0.0374998
0.0374998
0.0374997
0.0375022
0.0374998
0.0374997
0.0375007
0.0375063
0.0375004
0.0375175
0.0375003
0.0375014
0.0374997
0.0374997
0.0375
0.0374997
0.0375034
0.0374997
0.0375
0.0375348
0.0375002
0.0375029
0.0375006
0.0375014
0.0375058
0.0375005
0.0375311
0.0375005
0.0375001
0.0375009
0.0374997
0.0374997
0.0374997
0.0375053
0.0374997
0.0374997
0.0374997
0.0374997
0.0374997
0.0375004
0.0375017
0.0375006
0.0375118
0.0375005
0.0374999
0.037501
0.0374998
0.0375008
0.0375
0.0375065
0.0375
0.0375051
0.0374997
0.0375275
0.0374998
0.0374997
0.0374998
0.0374999
0.0374999
0.0375006
0.0374998
0.0375223
0.0374997
0.0374997
0.0374997
0.0374997
0.0375066
0.0374997
0.0374997
0.0375031
0.0374998
0.0375245
0.0374997
0.0375001
0.037501
0.0375011
0.0375008
0.0375216
0.0375005
0.0374998
0.0375
0.0375225
0.0375
0.037507
0.0374999
0.0374998
0.0375008
0.0375002
0.0374998
0.0375
0.0375311
0.0374997
0.0375111
0.0375003
0.0375222
0.0375002
0.0374997
0.0375001
0.0375007
0.0375014
0.0375006
0.0374997
0.0374999
0.0375288
0.0374997
0.0375012
0.0374997
0.0375389
0.0374999
0.0374997
0.0374999
0.0375023
0.0375397
0.0375027
0.0375006
0.0375024
0.0375011
0.0375182
0.0374997
0.037536
0.0375
0.0375014
0.0374997
0.0374997
0.0375004
0.0374997
0.0375033
0.0374997
0.0374997
0.0374997
0.0374997
0.0375013
0.0374997
0.0374997
0.0375
0.0375013
0.0374999
0.0374999
0.0375001
0.0375256
0.0374997
0.0375
0.0375002
0.0374998
0.037527
0.0374998
0.0375004
0.0374997
0.0375004
0.0375102
0.0375
0.0375127
0.0375019
0.0374999
0.0375328
0.037501
0.0375283
0.0375009
0.0374997
0.0375016
0.0375156
0.0375004
)
;

boundaryField
{
    emptyPatches_empt
    {
        type            empty;
    }
    top_cyc
    {
        type            freestream;
        freestreamValue uniform 0.0375;
        value           nonuniform List<scalar> 
40
(
0.0374999
0.0374998
0.0374997
0.0374998
0.0375001
0.037502
0.037501
0.0375029
0.0375014
0.0375005
0.0374999
0.0375
0.0375006
0.0374998
0.0375001
0.0374999
0.0375002
0.0374997
0.0374998
0.0374998
0.0375003
0.037501
0.0374999
0.0375001
0.0374998
0.0374997
0.0374998
0.0374998
0.0374997
0.0374997
0.0374997
0.0374997
0.0374997
0.0375001
0.0374998
0.0374997
0.0374999
0.0374998
0.0374997
0.0374997
)
;
    }
    bottom_cyc
    {
        type            freestream;
        freestreamValue uniform 0.0375;
        value           nonuniform List<scalar> 
40
(
0.0375
0.0375
0.0375
0.0375
0.0375
0.0375
0.0375
0.0374997
0.0375
0.0375
0.0375
0.0375
0.0375
0.0375
0.0375
0.0375
0.0375
0.0375
0.0375
0.0375
0.0375
0.0375
0.0375
0.0375
0.0375
0.0375
0.0375
0.0375
0.0375
0.0375
0.0375
0.0375
0.0375
0.0375
0.0375
0.0375
0.0375
0.0375
0.0375
0.0375
)
;
    }
    inlet_cyc
    {
        type            cyclicAMI;
        value           nonuniform List<scalar> 
30
(
0.0375013
0.0375006
0.0375001
0.0375001
0.0375
0.0375007
0.0375003
0.0375
0.0375001
0.0375008
0.0375007
0.0375028
0.0375016
0.0374999
0.0375
0.0374997
0.0375005
0.0375002
0.0375015
0.0375001
0.0375008
0.0375004
0.0375019
0.0374999
0.0375049
0.0375051
0.0375017
0.0374999
0.0375003
0.0375016
)
;
    }
    outlet_cyc
    {
        type            cyclicAMI;
        value           nonuniform List<scalar> 
30
(
0.0375004
0.0374999
0.0375003
0.0375033
0.0375011
0.0375006
0.0375001
0.0374997
0.0374999
0.0375026
0.0375009
0.0375004
0.037501
0.0375007
0.0375002
0.0375016
0.0375006
0.0375
0.0375013
0.0374997
0.0375006
0.0375009
0.0375001
0.0375
0.0375088
0.0375012
0.0375003
0.0375006
0.0375008
0.0374999
)
;
    }
}


// ************************************************************************* //
