/*--------------------------------*- C++ -*----------------------------------*\
  =========                 |
  \\      /  F ield         | OpenFOAM: The Open Source CFD Toolbox
   \\    /   O peration     | Website:  https://openfoam.org
    \\  /    A nd           | Version:  6
     \\/     M anipulation  |
\*---------------------------------------------------------------------------*/
FoamFile
{
    version     2.0;
    format      ascii;
    class       surfaceScalarField;
    location    "2.77";
    object      phi;
}
// * * * * * * * * * * * * * * * * * * * * * * * * * * * * * * * * * * * * * //

dimensions      [0 3 -1 0 0 0 0];

internalField   nonuniform List<scalar> 
8193
(
0.105336
-0.18974
-0.0946153
0.112904
-0.189218
0.11873
-0.186972
0.123217
-0.184497
0.126425
-0.182287
0.128339
-0.180384
0.128877
-0.178733
0.127956
-0.177269
0.12557
-0.175967
0.121817
-0.17484
0.116858
-0.173964
0.110841
-0.173413
0.103951
-0.173346
0.0962636
-0.1739
0.087544
-0.174936
0.077143
-0.175689
0.0643797
-0.175127
0.0483467
-0.170906
0.0292612
-0.161243
0.0101634
-0.14753
-0.00498934
-0.13873
-0.01826
-0.146286
-0.0321705
-0.15644
-0.045553
-0.161496
-0.0579247
-0.165018
-0.0695694
-0.168848
-0.0806048
-0.173036
-0.0909605
-0.177244
-0.10047
-0.181279
-0.108931
-0.185027
-0.116151
-0.188383
-0.121966
-0.191278
-0.12625
-0.193685
-0.128905
-0.195598
-0.129865
-0.19701
-0.1291
-0.197889
-0.126607
-0.198276
-0.122335
-0.198246
-0.116143
-0.19779
-0.10761
-0.196467
-0.192961
-0.0953471
0.120723
-0.191635
-0.114658
0.124249
-0.186374
0.126924
-0.181325
0.128762
-0.176328
0.129652
-0.171778
0.12956
-0.167801
0.128429
-0.164328
0.126255
-0.161344
0.12313
-0.158916
0.119209
-0.157105
0.114622
-0.155951
0.10941
-0.155419
0.103419
-0.155448
0.0962271
-0.155888
0.0871837
-0.156342
0.0758038
-0.156188
0.0610914
-0.153852
0.0426956
-0.147611
0.0225497
-0.137936
0.00462142
-0.128226
-0.00843779
-0.126102
-0.0206423
-0.136312
-0.0341788
-0.146897
-0.0475172
-0.153852
-0.0602597
-0.159579
-0.0725232
-0.165379
-0.0844232
-0.171275
-0.0959045
-0.177073
-0.106755
-0.182711
-0.116734
-0.188076
-0.125575
-0.193069
-0.133041
-0.197569
-0.138937
-0.201489
-0.143107
-0.204772
-0.145441
-0.207354
-0.145864
-0.209167
-0.144377
-0.210176
-0.141051
-0.210399
-0.136039
-0.209758
-0.129271
-0.208063
-0.205417
-0.119287
0.129388
-0.187509
-0.12771
0.129929
-0.179215
0.13005
-0.172088
0.129664
-0.165187
0.128652
-0.158884
0.126973
-0.153393
0.124657
-0.148718
0.121808
-0.144915
0.118579
-0.142093
0.115052
-0.140228
0.111132
-0.139168
0.106562
-0.138699
0.100871
-0.138527
0.0934455
-0.138334
0.0837695
-0.137799
0.0710636
-0.136012
0.054657
-0.131485
0.0358018
-0.124391
0.016977
-0.116406
0.00122485
-0.111465
-0.0105534
-0.115024
-0.0225675
-0.126697
-0.0358888
-0.137636
-0.0492333
-0.146169
-0.062296
-0.153693
-0.075148
-0.161107
-0.0878242
-0.168447
-0.100232
-0.175622
-0.112197
-0.182626
-0.123462
-0.189407
-0.133737
-0.195878
-0.142737
-0.201893
-0.150211
-0.207314
-0.155948
-0.212031
-0.15978
-0.215932
-0.161575
-0.218903
-0.161259
-0.220859
-0.158866
-0.221713
-0.154539
-0.221296
-0.148368
-0.219493
-0.216783
-0.140091
0.13536
-0.178784
-0.136896
0.133486
-0.168567
0.131341
-0.15981
0.128976
-0.151566
0.126354
-0.144134
0.123485
-0.137776
0.120468
-0.132586
0.11747
-0.128685
0.114511
-0.126025
0.11144
-0.1244
0.107946
-0.123485
0.103523
-0.122849
0.097525
-0.122043
0.089344
-0.120768
0.0781707
-0.118478
0.0635227
-0.11457
0.0460829
-0.1087
0.0276978
-0.102182
0.0107486
-0.0972034
-0.00265714
-0.0974059
-0.0133097
-0.105325
-0.0249659
-0.117586
-0.0378453
-0.128858
-0.0509776
-0.138635
-0.0641493
-0.147535
-0.0773761
-0.156208
-0.0906377
-0.1647
-0.103834
-0.172979
-0.116788
-0.181093
-0.129235
-0.189062
-0.140882
-0.196802
-0.151425
-0.204162
-0.160562
-0.210987
-0.168033
-0.217114
-0.173617
-0.222383
-0.177133
-0.226636
-0.178458
-0.229734
-0.177545
-0.231518
-0.174401
-0.23178
-0.169071
-0.230385
-0.22772
-0.161717
0.13801
-0.166389
-0.142128
0.134028
-0.155028
0.130045
-0.145192
0.126162
-0.136186
0.122409
-0.128244
0.118843
-0.121656
0.115618
-0.116616
0.112726
-0.113075
0.109981
-0.110799
0.107044
-0.109419
0.103451
-0.10847
0.0985739
-0.107344
0.0916536
-0.105442
0.0819344
-0.10245
0.0690054
-0.0981516
0.0531443
-0.0926097
0.0357584
-0.0865915
0.0189385
-0.0820756
0.00459765
-0.0810535
-0.00649874
-0.0859985
-0.0163898
-0.0966231
-0.0276424
-0.109005
-0.0399622
-0.120656
-0.0527583
-0.131346
-0.0658828
-0.141232
-0.079307
-0.150822
-0.092972
-0.160175
-0.106764
-0.169293
-0.120504
-0.17827
-0.133951
-0.187166
-0.146813
-0.195934
-0.158778
-0.204426
-0.169538
-0.212468
-0.178784
-0.21989
-0.186242
-0.226487
-0.191681
-0.232056
-0.194927
-0.236402
-0.19587
-0.239309
-0.194442
-0.240539
-0.190603
-0.239947
-0.2378
-0.184456
0.137952
-0.151193
-0.144107
0.132319
-0.13936
0.127059
-0.129083
0.122144
-0.119794
0.117667
-0.111854
0.113758
-0.105595
0.110391
-0.101052
0.10742
-0.0980499
0.104459
-0.0961111
0.101105
-0.0948362
0.0969038
-0.0936972
0.091063
-0.0917371
0.0826479
-0.088196
0.0712261
-0.0832491
0.0569723
-0.0772685
0.0408379
-0.0710781
0.0247092
-0.0663633
0.0103453
-0.064958
-0.001217
-0.0681147
-0.0105154
-0.0767156
-0.0198675
-0.0886763
-0.0305677
-0.101081
-0.0422278
-0.113106
-0.0545843
-0.124381
-0.0675183
-0.134898
-0.0809712
-0.14509
-0.0948601
-0.15502
-0.109056
-0.16472
-0.123384
-0.17431
-0.137624
-0.183881
-0.151513
-0.19341
-0.164749
-0.202775
-0.177017
-0.211802
-0.188001
-0.220315
-0.19738
-0.228104
-0.204873
-0.234926
-0.210252
-0.240533
-0.213345
-0.244664
-0.214025
-0.24704
-0.212203
-0.247502
-0.246232
-0.207891
0.135977
-0.134154
-0.143558
0.129182
-0.122371
0.122962
-0.112084
0.117301
-0.10293
0.112313
-0.0954008
0.107972
-0.0896971
0.104155
-0.0857492
0.10062
-0.0832642
0.0970055
-0.0816352
0.093047
-0.0805529
0.0880695
-0.0790678
0.0808406
-0.0756535
0.0707503
-0.0701597
0.0579144
-0.0634733
0.0431023
-0.0566054
0.0278903
-0.0511726
0.0140107
-0.0490012
0.00245611
-0.0511707
-0.00669488
-0.058005
-0.0147978
-0.0689371
-0.0236478
-0.0814283
-0.0336581
-0.09393
-0.0446201
-0.106225
-0.0564779
-0.117775
-0.0691095
-0.128623
-0.0824423
-0.139135
-0.0963846
-0.149379
-0.110795
-0.159419
-0.125501
-0.169391
-0.140308
-0.179392
-0.15499
-0.189417
-0.169278
-0.199373
-0.182873
-0.209108
-0.195456
-0.218454
-0.206693
-0.227212
-0.216258
-0.235131
-0.223866
-0.241922
-0.22929
-0.247273
-0.23235
-0.250872
-0.232902
-0.252537
-0.252381
-0.230892
0.132814
-0.116006
-0.141436
0.125128
-0.104644
0.118146
-0.094671
0.111868
-0.0859636
0.106254
-0.0789794
0.101208
-0.0738636
0.0965699
-0.0704834
0.0921653
-0.0685295
0.0879806
-0.0675488
0.0834191
-0.0666426
0.077119
-0.0640873
0.0681866
-0.0588143
0.0566731
-0.0516069
0.0431546
-0.0438648
0.0289746
-0.037354
0.0157398
-0.0339418
0.00451393
-0.0348984
-0.00451695
-0.0404128
-0.0119549
-0.0500077
-0.019291
-0.0622145
-0.0275496
-0.0749481
-0.0367963
-0.0876054
-0.0470822
-0.0999705
-0.0584259
-0.111523
-0.0706768
-0.122463
-0.0837758
-0.13305
-0.0976231
-0.143377
-0.11207
-0.153543
-0.126953
-0.163687
-0.142101
-0.173894
-0.157327
-0.184168
-0.172408
-0.194438
-0.187078
-0.204584
-0.201041
-0.214465
-0.213963
-0.223911
-0.225498
-0.232684
-0.235312
-0.240488
-0.24312
-0.246967
-0.248691
-0.251767
-0.251848
-0.254666
-0.25572
-0.252493
0.12874
-0.0973665
-0.138129
0.120369
-0.0866874
0.112741
-0.0772215
0.105793
-0.0690674
0.0994377
-0.0626602
0.0935477
-0.0581119
0.088113
-0.0554054
0.0831263
-0.0542325
0.0781982
-0.0537542
0.0722859
-0.0524126
0.064329
-0.0484588
0.0540611
-0.0416096
0.0418325
-0.0332556
0.0287351
-0.0255275
0.0162354
-0.0205549
0.00543486
-0.0198295
-0.00337878
-0.0237959
-0.0105567
-0.0319935
-0.0169523
-0.0434314
-0.0236856
-0.0563626
-0.0312856
-0.069282
-0.0398262
-0.0820299
-0.0495373
-0.0942225
-0.0603791
-0.105597
-0.0722177
-0.116435
-0.0850092
-0.126892
-0.0986426
-0.137117
-0.112973
-0.147229
-0.127849
-0.157361
-0.143128
-0.167577
-0.158654
-0.177879
-0.174248
-0.188214
-0.189694
-0.198489
-0.204735
-0.208597
-0.219068
-0.21841
-0.23235
-0.227734
-0.244216
-0.236293
-0.254329
-0.243715
-0.262412
-0.249595
-0.268262
-0.253655
-0.255873
-0.27177
0.123863
-0.0788619
-0.133717
0.115035
-0.0690076
0.106945
-0.0601572
0.0994355
-0.0525466
0.0923871
-0.0466562
0.0857566
-0.0426772
0.0796233
-0.040716
0.07375
-0.0401473
0.0675986
-0.0398282
0.0602846
-0.0378497
0.0511521
-0.0326856
0.0401986
-0.0246986
0.0281929
-0.0160424
0.0164423
-0.00937732
0.00603906
-0.00660861
-0.00255773
-0.00858519
-0.00958312
-0.0150477
-0.0155025
-0.0252951
-0.0212266
-0.0378815
-0.0275019
-0.051214
-0.0345366
-0.0643157
-0.0426157
-0.0769398
-0.0518908
-0.088825
-0.0622783
-0.0999333
-0.0737117
-0.110517
-0.0861557
-0.120691
-0.0994875
-0.130677
-0.113579
-0.140588
-0.128297
-0.150552
-0.143522
-0.160608
-0.159125
-0.170756
-0.174962
-0.180947
-0.190866
-0.191109
-0.206632
-0.201163
-0.222013
-0.211023
-0.236702
-0.220555
-0.250339
-0.22954
-0.262553
-0.237626
-0.273019
-0.244372
-0.281512
-0.249416
-0.252632
-0.287931
0.118446
-0.061235
-0.128316
0.109524
-0.0522172
0.101307
-0.0440188
0.0935858
-0.0369215
0.0862032
-0.0314618
0.0791287
-0.0279617
0.0722695
-0.0264675
0.0653574
-0.0261783
0.0579768
-0.0258017
0.0494754
-0.0231889
0.0395328
-0.0171399
0.0285475
-0.00873094
0.0175047
-0.000694689
0.00745326
0.00425198
-0.00106451
0.00471895
-0.00803576
0.000394987
-0.0138519
-0.00804754
-0.0192146
-0.0195889
-0.0246872
-0.0329122
-0.0306616
-0.0465878
-0.0373591
-0.0597997
-0.0450616
-0.0722317
-0.053976
-0.0836875
-0.0640302
-0.0943986
-0.0751319
-0.104627
-0.0872173
-0.114448
-0.100188
-0.124109
-0.113953
-0.133703
-0.128398
-0.14337
-0.143421
-0.153128
-0.15891
-0.162978
-0.174753
-0.172861
-0.190815
-0.182723
-0.206946
-0.192496
-0.222965
-0.202121
-0.238636
-0.211523
-0.253647
-0.220563
-0.267623
-0.228958
-0.280214
-0.236257
-0.291167
-0.242015
-0.245982
-0.300369
0.112947
-0.0453448
-0.12223
0.104509
-0.0371035
0.096712
-0.0295261
0.0893712
-0.0229207
0.082245
-0.0177729
0.0750495
-0.0143668
0.0675292
-0.0127793
0.0595686
-0.0123503
0.0507928
-0.0115266
0.0412458
-0.00857549
0.0310212
-0.00234249
0.0206445
0.00566935
0.0109032
0.0124717
0.00231009
0.0156287
-0.00487714
0.0140128
-0.0110231
0.00794248
-0.0165082
-0.00188639
-0.0216967
-0.0144626
-0.0270924
-0.0283217
-0.0329878
-0.0422374
-0.0396335
-0.0554275
-0.0472311
-0.0676162
-0.0558707
-0.0787105
-0.0655843
-0.0889901
-0.0763624
-0.09875
-0.0881271
-0.108124
-0.10075
-0.117399
-0.114155
-0.126607
-0.128257
-0.135887
-0.142978
-0.14524
-0.158212
-0.154686
-0.173868
-0.164144
-0.189831
-0.173579
-0.206
-0.182906
-0.222256
-0.192081
-0.238444
-0.201069
-0.25434
-0.209802
-0.269619
-0.21811
-0.283949
-0.225556
-0.297041
-0.23167
-0.236119
-0.308708
0.108118
-0.0320491
-0.116162
0.100822
-0.0244932
0.0941282
-0.0174949
0.0877611
-0.0112384
0.0813116
-0.00608337
0.0742813
-0.00222851
0.0663124
0.000106235
0.0574085
0.00121866
0.0473452
0.00289096
0.0369235
0.00583219
0.0267667
0.0113784
0.0172541
0.0182748
0.00844726
0.0238562
0.000915749
0.0251847
-0.00567322
0.0220416
-0.0115928
0.0146923
-0.0171141
0.00383756
-0.0225357
-0.00947661
-0.0282057
-0.0237297
-0.0343158
-0.0378439
-0.0411322
-0.0509555
-0.0488249
-0.062877
-0.0574217
-0.0736495
-0.0669666
-0.0835285
-0.0774368
-0.0928667
-0.0888434
-0.101755
-0.101115
-0.110554
-0.114182
-0.119284
-0.127935
-0.128115
-0.142313
-0.13699
-0.157209
-0.145969
-0.172553
-0.154927
-0.188237
-0.16386
-0.204193
-0.172641
-0.220347
-0.181232
-0.236612
-0.189612
-0.252878
-0.197744
-0.26892
-0.205575
-0.284455
-0.212745
-0.29918
-0.218812
-0.223432
-0.312823
0.104516
-0.0220174
-0.110807
0.0989634
-0.0151083
0.0939651
-0.00860658
0.0891072
-0.00247401
0.0836602
0.00323995
0.0770354
0.00819149
0.0686512
0.012151
0.0587874
0.014554
0.0481914
0.0167156
0.0374144
0.0195427
0.0272746
0.0241079
0.0182486
0.0295013
0.0101321
0.0337441
0.00289884
0.0337255
-0.00354008
0.0292952
-0.00966086
0.0211122
-0.0156403
0.00958396
-0.0216605
-0.00423146
-0.0279423
-0.0187684
-0.0345476
-0.0331013
-0.0417481
-0.0461496
-0.0496887
-0.0578456
-0.0583744
-0.0683625
-0.0679276
-0.0778309
-0.0782217
-0.0868444
-0.0893709
-0.0952443
-0.10129
-0.103582
-0.114022
-0.111742
-0.127442
-0.120052
-0.141492
-0.128379
-0.15604
-0.136854
-0.171033
-0.145262
-0.186359
-0.153655
-0.20196
-0.161852
-0.217786
-0.169802
-0.233807
-0.17747
-0.249988
-0.184828
-0.266223
-0.191901
-0.282299
-0.198449
-0.297927
-0.204118
-0.208629
-0.312771
0.102277
-0.0158024
-0.106361
0.0989171
-0.00946865
0.095907
-0.00320136
0.0930259
0.00287894
0.0886544
0.0101159
0.0829108
0.0164241
0.0744583
0.0230271
0.0641175
0.0272017
0.0528839
0.0300889
0.0419177
0.0324326
0.0320438
0.035643
0.0230631
0.0398388
0.0150649
0.0427564
0.00771505
0.0417142
0.000945841
0.0363004
-0.00562443
0.0274939
-0.0122558
0.0155866
-0.0190701
0.00150406
-0.026211
-0.0131598
-0.0336436
-0.0276518
-0.0413865
-0.0408314
-0.0498318
-0.0522505
-0.0586282
-0.0628187
-0.0683243
-0.0717596
-0.0785205
-0.0806069
-0.0895975
-0.0884136
-0.101254
-0.0964051
-0.11374
-0.103907
-0.126819
-0.111722
-0.140583
-0.119386
-0.15484
-0.127304
-0.169511
-0.135143
-0.184532
-0.142934
-0.199756
-0.150579
-0.215226
-0.157836
-0.230801
-0.164856
-0.246578
-0.171379
-0.262421
-0.177668
-0.278324
-0.183368
-0.293881
-0.188535
-0.19272
-0.308873
0.100446
-0.0134968
-0.10227
0.0995587
-0.00787554
0.0987341
-0.0014803
0.0982995
0.00436152
0.0946012
0.0149699
0.0907825
0.0214593
0.0822093
0.0328287
0.072648
0.0379533
0.0606984
0.0431419
0.0495043
0.0445956
0.0383575
0.0475796
0.0295022
0.0492638
0.0214726
0.0510985
0.0142879
0.0489224
0.00720722
0.0430887
3.83198e-05
0.0340332
-0.00717007
0.0218123
-0.0149503
0.00793859
-0.0227537
-0.0070692
-0.0315091
-0.0209744
-0.0396422
-0.0351336
-0.0491204
-0.0455502
-0.0579764
-0.0570619
-0.0681563
-0.0649722
-0.0782224
-0.0741907
-0.0894454
-0.0810545
-0.100859
-0.0890184
-0.113262
-0.0956336
-0.126102
-0.103048
-0.139627
-0.10999
-0.153753
-0.117188
-0.168138
-0.124563
-0.183124
-0.131459
-0.197959
-0.138865
-0.213306
-0.145129
-0.228199
-0.152031
-0.243585
-0.157403
-0.258302
-0.163627
-0.273594
-0.167949
-0.287581
-0.173561
-0.176529
-0.301888
0.0970814
-0.0974263
0.0987783
0.0989759
0.101405
0.0989175
0.0978827
0.0894585
0.0814392
0.069186
0.0575829
0.0458312
0.0371774
0.0285129
0.0219748
0.014861
0.00676921
8.9278e-05
-0.00993943
-0.016789
-0.0277991
-0.035904
-0.0470824
-0.0559626
-0.0670655
-0.0769631
-0.0886097
-0.0998736
-0.112351
-0.125152
-0.138498
-0.152771
-0.166908
-0.182171
-0.196667
-0.212212
-0.226359
-0.241484
-0.254458
-0.268579
-0.279542
-0.29199
0.153734
-0.268507
0.134882
-0.280353
0.116487
-0.288713
0.0976713
-0.293058
0.0785017
-0.293552
0.05949
-0.290296
0.0413554
-0.283422
0.0249106
-0.273136
0.010904
-0.259738
-0.000109704
-0.243636
-0.00781951
-0.225377
-0.0122019
-0.205602
-0.0135867
-0.184932
-0.0123409
-0.164473
-0.00909335
-0.144398
-0.00334203
-0.125568
-0.0986309
0.155061
-0.247324
0.137207
-0.259142
0.118947
-0.267883
0.100478
-0.272768
0.0820548
-0.274003
0.0640129
-0.271747
0.0467902
-0.266223
0.0309163
-0.257715
0.0169687
-0.246561
0.00548782
-0.233125
-0.00312451
-0.217814
-0.00866563
-0.201069
-0.0112047
-0.183244
-0.0111199
-0.165145
-0.00878025
-0.146966
-0.00450702
-0.129627
-0.102417
0.158864
-0.223384
0.139914
-0.23632
0.121233
-0.245998
0.102924
-0.251897
0.0850855
-0.2542
0.0679127
-0.253151
0.0516486
-0.249008
0.0365981
-0.242105
0.023113
-0.232819
0.0116116
-0.221572
0.00247018
-0.208727
-0.00402665
-0.194631
-0.00773817
-0.179497
-0.00883203
-0.163824
-0.00749056
-0.147799
-0.00428193
-0.131968
-0.105403
0.157894
-0.202484
0.140502
-0.214699
0.122513
-0.224338
0.104628
-0.230881
0.0872949
-0.234246
0.0708019
-0.234505
0.0553653
-0.231832
0.0411661
-0.226517
0.0283921
-0.218937
0.0172493
-0.209525
0.00800678
-0.198702
0.000916258
-0.186796
-0.00379759
-0.17399
-0.00612029
-0.160577
-0.00600872
-0.146775
-0.00392499
-0.132629
-0.107552
0.158674
-0.180728
0.141234
-0.192813
0.123538
-0.202657
0.105975
-0.209782
0.0889789
-0.214142
0.0729292
-0.215744
0.058081
-0.214631
0.04458
-0.210973
0.03252
-0.205089
0.0219606
-0.197373
0.0129914
-0.188269
0.00574027
-0.17814
0.000378989
-0.167213
-0.00296044
-0.155739
-0.00412627
-0.143957
-0.00322302
-0.131658
-0.108614
0.154661
-0.162094
0.139379
-0.172996
0.123058
-0.182174
0.106434
-0.189364
0.0900936
-0.194362
0.0745046
-0.197048
0.0600535
-0.197376
0.0469893
-0.195375
0.0354258
-0.191219
0.0253935
-0.185215
0.0168409
-0.17772
0.00975097
-0.169127
0.00415918
-0.159714
0.000160216
-0.149788
-0.00206589
-0.139673
-0.00233524
-0.129165
-0.108502
0.151731
-0.144151
0.137328
-0.154076
0.122078
-0.162704
0.106433
-0.169794
0.0908437
-0.175136
0.0757689
-0.17861
0.0616256
-0.180125
0.048765
-0.179636
0.0374103
-0.177186
0.0276315
-0.172922
0.0193878
-0.167087
0.0125459
-0.159977
0.00702317
-0.151917
0.00277583
-0.143251
-8.41422e-05
-0.134458
-0.00131967
-0.125457
-0.107181
0.144647
-0.128794
0.132488
-0.137507
0.119212
-0.145248
0.105149
-0.151785
0.0907558
-0.157025
0.0765361
-0.160895
0.0629137
-0.163217
0.0502802
-0.16391
0.038964
-0.162949
0.0291739
-0.160358
0.0209563
-0.156212
0.0142279
-0.150675
0.00884493
-0.144007
0.00467154
-0.13656
0.00163049
-0.128866
-0.000279625
-0.12092
-0.104713
0.138603
-0.114868
0.127779
-0.12245
0.115853
-0.129262
0.103191
-0.135242
0.0901177
-0.140248
0.0769316
-0.144182
0.0640286
-0.146957
0.0517855
-0.148471
0.0405585
-0.148671
0.0306467
-0.147524
0.0222397
-0.14499
0.0153748
-0.141079
0.0099825
-0.13594
0.0059044
-0.129833
0.00294002
-0.123246
0.000694556
-0.115978
-0.101244
0.129695
-0.103066
0.120726
-0.109473
0.110725
-0.11538
0.099859
-0.120626
0.088379
-0.125154
0.0765735
-0.1289
0.0647318
-0.131774
0.0532167
-0.133745
0.0423707
-0.134737
0.0325108
-0.134688
0.0239036
-0.133505
0.0167425
-0.131122
0.0110982
-0.127562
0.00691806
-0.122959
0.00394335
-0.117593
0.0015248
-0.11087
-0.0969903
0.121406
-0.0927804
0.113849
-0.0981659
0.105279
-0.103146
0.0959079
-0.107685
0.0859169
-0.111694
0.0755163
-0.115135
0.0649522
-0.117952
0.0544573
-0.120097
0.0443061
-0.121536
0.0347892
-0.122218
0.0261817
-0.122034
0.0187479
-0.120903
0.0127087
-0.118805
0.00814781
-0.115732
0.00487119
-0.111684
0.00219194
-0.105573
-0.092175
0.111689
-0.084133
0.105547
-0.0885471
0.0985323
-0.0927094
0.0907448
-0.096539
0.0823377
-0.1
0.0734647
-0.103053
0.0642996
-0.10566
0.0550378
-0.107793
0.0458803
-0.109422
0.037025
-0.110492
0.0287166
-0.110937
0.0212367
-0.110713
0.0148344
-0.109763
0.0097243
-0.108043
0.00584311
-0.105276
0.00270755
-0.0999488
-0.0870018
0.102463
-0.0767563
0.0974896
-0.0803716
0.0917163
-0.0837642
0.0852466
-0.0869373
0.0781923
-0.0898626
0.0706769
-0.092511
0.0628334
-0.0948535
0.0547893
-0.0968557
0.0466707
-0.0984838
0.0386335
-0.0997109
0.0308763
-0.100514
0.0236235
-0.100871
0.0170899
-0.100715
0.0114701
-0.0999812
0.00684577
-0.0982756
0.00312121
-0.0939077
-0.081615
0.0928332
-0.0705997
0.088867
-0.0734698
0.0842458
-0.0762185
0.0790183
-0.0788071
0.0732548
-0.0812286
0.0670348
-0.0834619
0.0604384
-0.0854782
0.0535503
-0.0872468
0.0464659
-0.0887431
0.039298
-0.0899572
0.0321857
-0.090891
0.0253005
-0.0915536
0.0188418
-0.091905
0.0129731
-0.0918429
0.00778123
-0.0908956
0.00345303
-0.0874711
-0.0761303
0.0837343
-0.0654454
0.0806585
-0.0677063
0.0769758
-0.0698462
0.0727578
-0.0719089
0.0680599
-0.073871
0.0629246
-0.075698
0.0573959
-0.0773624
0.0515313
-0.0788459
0.0454042
-0.0801397
0.039099
-0.0812439
0.0327028
-0.0821624
0.0263091
-0.0829097
0.020055
-0.0834888
0.0141178
-0.0838363
0.00863414
-0.0834393
0.00381008
-0.0807739
-0.0705483
0.0748855
-0.0611897
0.0725111
-0.0628679
0.0696653
-0.0645261
0.0663536
-0.0661248
0.0625854
-0.067644
0.0583808
-0.0690603
0.0537731
-0.0703585
0.04881
-0.0715348
0.0435487
-0.0725893
0.0380463
-0.0735218
0.0323575
-0.0743329
0.026532
-0.0750322
0.0206295
-0.0756313
0.014781
-0.0761381
0.00923807
-0.0761592
0.00410037
-0.0740183
-0.0649552
0.0666812
-0.0576871
0.0649885
-0.0589062
0.0628316
-0.0600862
0.060237
-0.0612459
0.057213
-0.0623471
0.0537698
-0.0633683
0.0499341
-0.0643108
0.045742
-0.06518
0.0412299
-0.0659762
0.0364324
-0.066697
0.0313853
-0.0673442
0.0261261
-0.0679286
0.0206961
-0.0684653
0.0151243
-0.0689494
0.00958777
-0.0691353
0.0042838
-0.0673662
-0.0594718
0.0591048
-0.0548767
0.0579381
-0.0556349
0.0563872
-0.0564168
0.054424
-0.0571637
0.0520405
-0.0578579
0.0492543
-0.0585031
0.0460892
-0.0591072
0.042566
-0.0596725
0.0387039
-0.0601977
0.0345237
-0.060682
0.0300504
-0.0611311
0.0253105
-0.0615573
0.0203285
-0.0619735
0.0151018
-0.0623475
0.00965806
-0.0624636
0.00435941
-0.0609992
-0.0542156
0.0522602
-0.0526224
0.051616
-0.053019
0.050572
-0.0533914
0.0491232
-0.0537376
0.0472797
-0.0540557
0.0450558
-0.0543537
0.0424614
-0.0546352
0.0395046
-0.0549007
0.0361948
-0.0551503
0.0325451
-0.0553872
0.0285719
-0.0556201
0.0242897
-0.0558594
0.0197013
-0.0561063
0.0147902
-0.056309
0.00955736
-0.0562691
0.00438699
-0.0550473
-0.0492412
0.0462073
-0.0509133
0.0459657
-0.0509083
0.0453576
-0.0509117
0.0443688
-0.0508898
0.0430013
-0.0508569
0.0412617
-0.0508259
0.0391534
-0.0507975
0.0366779
-0.0507703
0.0338397
-0.0507474
0.0306464
-0.0507355
0.0271063
-0.0507436
0.0232223
-0.050777
0.0189844
-0.0508238
0.0143773
-0.0508267
0.00941782
-0.0506195
0.00441126
-0.049551
-0.0445557
0.0408925
-0.0495922
0.0410571
-0.0492773
0.0408276
-0.0488952
0.0402262
-0.0485258
0.0392656
-0.0481741
0.0379391
-0.0478339
0.0362431
-0.0475091
0.0341784
-0.0472028
0.0317471
-0.0469195
0.0289521
-0.0466666
0.0257938
-0.0464506
0.0222652
-0.0462695
0.0183499
-0.0461017
0.0140338
-0.0458921
0.00933707
-0.0455085
0.00445697
-0.0444766
-0.0401399
0.0363556
-0.0487069
0.0368179
-0.0479913
0.0369152
-0.0472673
0.0366609
-0.0465863
0.0360454
-0.0459302
0.0350631
-0.0452969
0.0337138
-0.0446958
0.0319965
-0.0441294
0.0299107
-0.0436025
0.0274548
-0.0431212
0.0246216
-0.0426865
0.0213968
-0.0422889
0.0177617
-0.0419021
0.0137044
-0.0414778
0.00923618
-0.0409062
0.00445627
-0.0398009
-0.0360407
0.0324322
-0.0480063
0.0332152
-0.0470498
0.0336041
-0.0459734
0.0336293
-0.0449881
0.0332979
-0.0440521
0.0326004
-0.0431471
0.0315343
-0.0422893
0.0300997
-0.0414836
0.028294
-0.0407319
0.0261101
-0.0400354
0.0235352
-0.0393894
0.0205518
-0.0387789
0.0171439
-0.0381786
0.0133058
-0.0375502
0.00904203
-0.0367933
0.00439495
-0.0355586
-0.0323174
0.0291987
-0.0477122
0.0301947
-0.0463254
0.0308238
-0.0449466
0.0310862
-0.0436773
0.030976
-0.0424695
0.0304978
-0.0413153
0.029651
-0.0402253
0.0284324
-0.0392013
0.0268364
-0.0382424
0.0248526
-0.0373446
0.0224668
-0.0364986
0.0196649
-0.0356884
0.0164388
-0.0348946
0.012792
-0.0340888
0.00873417
-0.0331764
0.0042918
-0.0318234
-0.0290088
0.0264774
-0.0473534
0.0276866
-0.0458024
0.0285145
-0.0441341
0.0289573
-0.0425904
0.0290244
-0.041136
0.0287145
-0.0397517
0.028028
-0.0384495
0.0269618
-0.0372268
0.0255093
-0.0360781
0.0236611
-0.034996
0.0214078
-0.0339698
0.0187435
-0.0329861
0.0156701
-0.032032
0.0121981
-0.0310861
0.00834425
-0.0300586
0.00415099
-0.0286401
-0.0261468
0.0242874
-0.0474433
0.0256683
-0.0454279
0.0266564
-0.043491
0.0272397
-0.041686
0.0274273
-0.0399976
0.0272285
-0.0384064
0.0266424
-0.0369127
0.0256666
-0.0355112
0.0242969
-0.0341938
0.02253
-0.0329519
0.0203646
-0.0317755
0.0178043
-0.0306543
0.0148599
-0.0295807
0.0115481
-0.0285375
0.00789117
-0.0274384
0.00395157
-0.026012
-0.0237806
0.0225571
-0.0472819
0.0240553
-0.0451406
0.025152
-0.0429647
0.0258328
-0.0409254
0.0261014
-0.0390244
0.0259649
-0.037244
0.025427
-0.0355797
0.0244886
-0.0340217
0.0231511
-0.0325603
0.0214185
-0.0311874
0.0192988
-0.0298947
0.0168059
-0.0286755
0.013962
-0.0275283
0.0107948
-0.0264383
0.00733681
-0.0253221
0.00367621
-0.0239606
-0.0219728
0.0211911
-0.0475604
0.0228302
-0.0449626
0.0239986
-0.0425232
0.024721
-0.0402634
0.0250106
-0.0381723
0.0248777
-0.0362265
0.0243287
-0.0344156
0.0233697
-0.0327268
0.0220096
-0.0311506
0.0202618
-0.0296806
0.0181449
-0.0283105
0.0156854
-0.0270387
0.0129196
-0.0258702
0.00989131
-0.0247943
0.00665376
-0.0237339
0.00331887
-0.0225255
-0.0207861
0.0202126
-0.0474973
0.021876
-0.0447818
0.023075
-0.0421368
0.0238051
-0.0396844
0.0240759
-0.0374251
0.0239005
-0.0353361
0.0232914
-0.0334029
0.0222622
-0.0316106
0.0208311
-0.0299508
0.0190227
-0.0284194
0.0168688
-0.0270138
0.0144116
-0.0257386
0.0117077
-0.0246095
0.00881691
-0.0236148
0.00582186
-0.0226967
0.00285779
-0.0217402
-0.0202989
0.0194113
-0.0478069
0.0211645
-0.0446742
0.0223668
-0.0417967
0.0230556
-0.0391649
0.0232559
-0.0367628
0.022986
-0.0345573
0.0222642
-0.0325289
0.0211123
-0.0306623
0.0195595
-0.0289514
0.0176435
-0.027396
0.015412
-0.0259989
0.0129307
-0.0247775
0.0102744
-0.0237521
0.00752763
-0.0229162
0.00480708
-0.0222397
0.00227328
-0.0216472
-0.0206016
0.0189327
-0.0477529
0.0206379
-0.0445197
0.0217912
-0.0414771
0.0224033
-0.0387036
0.0224929
-0.0361859
0.0220821
-0.033889
0.021197
-0.0317916
0.0198707
-0.0298796
0.0181456
-0.0281502
0.0160739
-0.0266074
0.0137245
-0.0252645
0.0111837
-0.024151
0.00855623
-0.0232998
0.00596514
-0.0227181
0.00356227
-0.0223992
0.00154282
-0.0223072
-0.021799
0.0184994
-0.0480106
0.020243
-0.0444296
0.0213361
-0.0412014
0.0218321
-0.0383041
0.0217628
-0.035696
0.0211588
-0.0333336
0.0200543
-0.031192
0.0184935
-0.02926
0.0165331
-0.0275396
0.0142469
-0.0260451
0.0117282
-0.0248023
0.00909519
-0.0238589
0.0064906
-0.0232668
0.00407906
-0.0230491
0.00205319
-0.0232227
0.000646261
-0.0237881
-0.0240074
0.0183426
-0.0479507
0.0199838
-0.0442961
0.0209695
-0.0409656
0.0213071
-0.0379764
0.0210307
-0.035304
0.0201755
-0.0328973
0.0187861
-0.0307312
0.0169201
-0.0287985
0.0146545
-0.027112
0.0120881
-0.025699
0.00934819
-0.0246062
0.00659355
-0.0239055
0.00401209
-0.0236716
0.00181684
-0.0239474
0.000246286
-0.0247707
-0.000426413
-0.0261736
-0.0273443
0.0181739
-0.0481713
0.0198221
-0.044269
0.0206716
-0.0407929
0.020805
-0.0377362
0.0202632
-0.0350208
0.0190898
-0.0325865
0.0173402
-0.030409
0.0150897
-0.0284895
0.0124389
-0.0268558
0.00952134
-0.0255582
0.00650863
-0.024673
0.00360896
-0.0243008
0.00106351
-0.0245432
-0.000860191
-0.0254646
-0.00187552
-0.0271187
-0.00167401
-0.0295577
-0.0319174
0.0182193
-0.0481796
0.019722
-0.0442441
0.0204027
-0.0407111
0.0202876
-0.0376097
0.0194204
-0.0348643
0.0178534
-0.0324088
0.0156581
-0.0302236
0.0129322
-0.028323
0.00980762
-0.0267565
0.00646502
-0.0256124
0.00313072
-0.0250032
7.26331e-05
-0.0250635
-0.00240686
-0.0259239
-0.00398169
-0.0276688
-0.00431989
-0.0303567
-0.00309211
-0.0340384
-0.0378219
0.0182432
-0.0484852
0.0196824
-0.0443583
0.0201492
-0.0407431
0.0197248
-0.0376151
0.0184564
-0.0348457
0.0164071
-0.0323663
0.0136689
-0.0301689
0.0103644
-0.0282826
0.00667294
-0.0267995
0.00283216
-0.0258541
-0.000864895
-0.0256048
-0.00407991
-0.0262245
-0.00644281
-0.0278714
-0.00756906
-0.0306434
-0.00708942
-0.0345857
-0.00467187
-0.0397168
-0.0451375
0.018351
-0.0487143
0.0196376
-0.0445832
0.0198565
-0.0409297
0.0190621
-0.0377779
0.0173103
-0.0349768
0.0146821
-0.0324606
0.0112908
-0.0302322
0.00730084
-0.0283535
0.00294871
-0.0269725
-0.0014579
-0.0262821
-0.00554601
-0.0264969
-0.00889562
-0.0278312
-0.0110648
-0.0304638
-0.0116173
-0.0344895
-0.0101623
-0.039915
-0.00638781
-0.0466904
-0.0539132
0.0184217
-0.0493028
0.0195586
-0.0449864
0.0194742
-0.0412948
0.0182367
-0.0381165
0.0159094
-0.0352655
0.0125934
-0.0326862
0.00842824
-0.0303946
0.00363522
-0.0285127
-0.00147797
-0.0272572
-0.00651672
-0.0268948
-0.0110126
-0.0277058
-0.0144537
-0.0299453
-0.0163257
-0.0337972
-0.0161511
-0.0393272
-0.0135371
-0.0464711
-0.00823356
-0.0550545
-0.0641881
0.0183979
-0.0499418
0.0193576
-0.0456069
0.0189249
-0.0418756
0.0171654
-0.0386468
0.0141558
-0.0357083
0.0100202
-0.033018
0.00494631
-0.0306253
-0.000776655
-0.0287288
-0.00675062
-0.0276347
-0.0124746
-0.0277001
-0.0173704
-0.0292765
-0.0208288
-0.0326514
-0.0222648
-0.0379932
-0.0211768
-0.0452995
-0.0172022
-0.0543897
-0.0101916
-0.0649043
-0.0759831
0.0181927
-0.0510447
0.018946
-0.0464811
0.0180989
-0.0426881
0.0157304
-0.0393772
0.0119345
-0.0363055
0.00685788
-0.0334418
0.000754586
-0.0309074
-0.00600308
-0.0289904
-0.012908
-0.0281116
-0.0193363
-0.0287333
-0.0245865
-0.0312826
-0.0279475
-0.0360638
-0.0287638
-0.0432066
-0.0265312
-0.0525831
-0.0209726
-0.0638192
-0.0120974
-0.0763097
-0.0891564
-0.222125
-0.125216
0.230581
-0.213206
-0.141489
-0.20312
-0.157898
-0.192675
-0.174044
-0.181128
-0.189585
-0.169404
-0.204086
-0.15675
-0.217197
-0.144161
-0.228587
-0.130881
-0.237958
-0.117908
-0.245135
-0.104504
-0.24995
-0.0915807
-0.252392
-0.078667
-0.25226
-0.0663341
-0.249964
-0.0543522
-0.245381
-0.0429871
-0.238871
-0.0323167
-0.230482
-0.0223189
-0.220416
-0.0131575
-0.208895
-0.00470414
-0.196078
0.00283112
-0.182342
0.00960305
-0.167693
0.015513
-0.15252
0.0206516
-0.136923
0.0250323
-0.121205
0.0286808
-0.105603
0.0317013
-0.0903214
0.0340756
-0.0756584
0.0359987
-0.0617663
0.0373997
-0.0488829
0.0385346
-0.0371242
0.0393105
-0.0266304
0.0400231
-0.017458
0.0405562
-0.00963712
0.0412443
-0.00314956
0.0419296
0.00207512
0.0429817
0.00612459
0.0442103
0.0091054
0.046034
0.0111726
0.0481609
0.0124792
0.0131617
-0.198609
-0.133439
0.204947
-0.191335
-0.149749
-0.183179
-0.166181
-0.17418
-0.182368
-0.164425
-0.197929
-0.15401
-0.212433
-0.143032
-0.225534
-0.131642
-0.236856
-0.119927
-0.246164
-0.108048
-0.253208
-0.0960801
-0.257908
-0.0842355
-0.260108
-0.0725268
-0.259802
-0.0611907
-0.25717
-0.0502261
-0.252319
-0.0397928
-0.24544
-0.0299377
-0.236688
-0.0207285
-0.226233
-0.0122204
-0.214303
-0.00442493
-0.201095
0.00258803
-0.18692
0.00886537
-0.171892
0.014374
-0.156316
0.0191605
-0.140364
0.0232458
-0.124307
0.0266649
-0.108393
0.0294831
-0.0928473
0.0317413
-0.07794
0.0335239
-0.0638614
0.0348827
-0.0508113
0.0359121
-0.0389433
0.036682
-0.0283692
0.0372872
-0.0191666
0.0378128
-0.0113531
0.038351
-0.00491599
0.0389898
0.000219882
0.0398163
0.00414234
0.0409118
0.00696194
0.0423478
0.00884012
0.0441866
0.00993456
0.0103858
-0.174616
-0.138952
0.179211
-0.169036
-0.155354
-0.162518
-0.171877
-0.155112
-0.188164
-0.14691
-0.203804
-0.137999
-0.218382
-0.128506
-0.231523
-0.118537
-0.242874
-0.108227
-0.252173
-0.0976782
-0.259206
-0.0870379
-0.263842
-0.0764196
-0.265955
-0.0659247
-0.265547
-0.0556873
-0.262757
-0.0457899
-0.257737
-0.0363261
-0.250657
-0.0273729
-0.241682
-0.0189855
-0.230995
-0.0112166
-0.21882
-0.00408938
-0.205372
0.00234389
-0.190928
0.00810602
-0.175671
0.0131821
-0.15986
0.0176008
-0.143704
0.0213872
-0.127465
0.0245729
-0.11139
0.0272105
-0.0957208
0.0293458
-0.0807141
0.0310401
-0.0665699
0.0323549
-0.0534829
0.0333588
-0.0416085
0.0341261
-0.0310601
0.0347304
-0.0219107
0.0352535
-0.0141832
0.0357686
-0.00785457
0.0363581
-0.0028587
0.0370952
0.00090088
0.0380409
0.00354433
0.0392526
0.00523327
0.0407884
0.00611908
0.00635467
-0.151269
-0.142042
0.1544
-0.147133
-0.158556
-0.142036
-0.175195
-0.136042
-0.191597
-0.12924
-0.207341
-0.121728
-0.222015
-0.113622
-0.235232
-0.105032
-0.246653
-0.0960794
-0.256004
-0.0868739
-0.263083
-0.0775471
-0.267736
-0.068198
-0.269864
-0.0589326
-0.269456
-0.0498574
-0.266642
-0.041064
-0.261583
-0.0326334
-0.254449
-0.0246336
-0.24541
-0.0171231
-0.23465
-0.0101454
-0.222399
-0.0037321
-0.208876
0.00207917
-0.194345
0.00729514
-0.179024
0.0119109
-0.163155
0.0159463
-0.146964
0.0194248
-0.13071
0.0223758
-0.11464
0.0248423
-0.099002
0.0268658
-0.0840451
0.0284965
-0.0699721
0.0297881
-0.0569752
0.0307987
-0.0452087
0.0315909
-0.034786
0.0322291
-0.0257774
0.0327792
-0.0182048
0.0333089
-0.0120449
0.0338903
-0.00723525
0.0345774
-0.00366251
0.035418
-0.00120279
0.0364692
0.000291992
0.0377774
0.000978507
0.00101413
-0.129467
-0.143152
0.131534
-0.126416
-0.15974
-0.122428
-0.17646
-0.117576
-0.192941
-0.111949
-0.208761
-0.105648
-0.223508
-0.0987794
-0.236796
-0.0914516
-0.248289
-0.0837719
-0.257719
-0.0758516
-0.264877
-0.0677985
-0.26961
-0.0597076
-0.271826
-0.0516706
-0.271512
-0.0437768
-0.268792
-0.0361133
-0.26382
-0.0287484
-0.256777
-0.021744
-0.247828
-0.0151496
-0.237161
-0.00900842
-0.225004
-0.00334662
-0.211585
0.00180273
-0.19715
0.00644081
-0.181946
0.0105681
-0.166204
0.0141994
-0.15016
0.0173556
-0.134069
0.0200624
-0.118177
0.0223563
-0.102736
0.0242697
-0.087983
0.0258436
-0.0741236
0.0271216
-0.061346
0.0281509
-0.049802
0.0289824
-0.0396035
0.0296677
-0.0308169
0.0302608
-0.0234631
0.0308277
-0.0175285
0.031412
-0.0129276
0.0320691
-0.0095595
0.0328458
-0.00729461
0.0337853
-0.00598547
0.0349274
-0.00547771
-0.00561566
-0.109944
-0.142815
0.111412
-0.107556
-0.15938
-0.1043
-0.176087
-0.100255
-0.192556
-0.095514
-0.208367
-0.0901735
-0.223115
-0.0843346
-0.236418
-0.0780972
-0.247947
-0.0715584
-0.257438
-0.0648171
-0.264679
-0.0579637
-0.269521
-0.0510812
-0.271876
-0.0442433
-0.271731
-0.0375232
-0.269203
-0.030994
-0.264436
-0.0247122
-0.257618
-0.0187293
-0.24891
-0.013083
-0.238502
-0.007813
-0.226611
-0.0029389
-0.213477
0.00151344
-0.199329
0.00554205
-0.184429
0.00915249
-0.16901
0.0123566
-0.153302
0.0151715
-0.13756
0.0176193
-0.122026
0.0197298
-0.106953
0.0215253
-0.0925621
0.0230375
-0.0790608
0.0242994
-0.0666314
0.0253469
-0.0554223
0.0262184
-0.0455414
0.0269522
-0.0370501
0.0276033
-0.0299815
0.0282052
-0.0242982
0.0288086
-0.0199304
0.0294624
-0.0167759
0.0302116
-0.0147039
0.0310986
-0.013568
0.0321626
-0.0132172
-0.0135027
-0.0932099
-0.141605
0.0945519
-0.0910428
-0.157996
-0.0881123
-0.174542
-0.0845078
-0.190851
-0.0803242
-0.206517
-0.0756567
-0.221143
-0.0705992
-0.234359
-0.0652425
-0.245841
-0.0596717
-0.255333
-0.0539693
-0.262624
-0.0482081
-0.267572
-0.0424538
-0.270087
-0.0367599
-0.270162
-0.0311804
-0.267903
-0.02577
-0.263444
-0.0205707
-0.256974
-0.0156206
-0.248648
-0.0109437
-0.23866
-0.00657027
-0.227208
-0.00251437
-0.214538
0.00121045
-0.200872
0.00459998
-0.186471
0.00766534
-0.171572
0.0104164
-0.156396
0.012867
-0.141195
0.0150363
-0.126204
0.0169427
-0.111669
0.0186032
-0.0978005
0.0200389
-0.0848014
0.0212726
-0.0728476
0.0223291
-0.0620818
0.023233
-0.0526048
0.0240216
-0.0444845
0.0247237
-0.0377406
0.0253774
-0.0323412
0.0260271
-0.0282211
0.0267198
-0.0252805
0.0275044
-0.0233923
0.0284298
-0.0224143
0.0295452
-0.0222017
-0.0226214
-0.0795399
-0.140084
0.0811968
-0.0771696
-0.156111
-0.0741668
-0.172301
-0.0706338
-0.188259
-0.0666709
-0.203596
-0.0623731
-0.217931
-0.0578287
-0.230909
-0.0531203
-0.242217
-0.0483195
-0.25161
-0.0434911
-0.258882
-0.0386888
-0.263895
-0.033958
-0.266562
-0.0293294
-0.266881
-0.0248355
-0.264946
-0.0205086
-0.26088
-0.0163742
-0.254866
-0.012453
-0.247053
-0.00875591
-0.237633
-0.00529462
-0.226792
-0.00207912
-0.214765
0.000892116
-0.201775
0.00361645
-0.188068
0.00610841
-0.173889
0.00837842
-0.159445
0.010437
-0.144976
0.012301
-0.130716
0.0139776
-0.116889
0.015479
-0.103701
0.0168173
-0.0913472
0.0180053
-0.0799932
0.0190565
-0.0697737
0.0199902
-0.0607874
0.0208295
-0.0530984
0.0215987
-0.0467217
0.0223347
-0.0416332
0.0230807
-0.0377714
0.0238879
-0.0350433
0.0248149
-0.0333307
0.0259277
-0.0325017
0.0272944
-0.0324202
-0.0329678
-0.0689874
-0.138769
0.0713338
-0.0660416
-0.154219
-0.0626079
-0.169823
-0.0588052
-0.185201
-0.054743
-0.199986
-0.0505196
-0.213823
-0.0462209
-0.226375
-0.0419219
-0.237344
-0.0376817
-0.2465
-0.0335476
-0.253645
-0.0295536
-0.258651
-0.0257222
-0.261433
-0.0220604
-0.261993
-0.0185771
-0.260413
-0.0152801
-0.256803
-0.0121762
-0.251336
-0.00926505
-0.244154
-0.00654384
-0.235439
-0.00400126
-0.225371
-0.00163837
-0.214162
0.000558394
-0.202038
0.00259499
-0.189224
0.00448509
-0.17596
0.00624387
-0.162445
0.00787986
-0.148901
0.0094048
-0.135553
0.0108215
-0.122605
0.012136
-0.110256
0.0133528
-0.0986867
0.0144766
-0.0880536
0.0155134
-0.0784821
0.0164766
-0.0700682
0.0173805
-0.0628688
0.0182515
-0.0569029
0.0191267
-0.0521518
0.0200551
-0.0485615
0.0210993
-0.0460509
0.0223357
-0.0445162
0.0238518
-0.0438391
0.025741
-0.0438951
-0.0445884
-0.0614345
-0.138113
0.0647633
-0.0576129
-0.152754
-0.0534501
-0.167521
-0.0490848
-0.182065
-0.04464
-0.196051
-0.040222
-0.209153
-0.0359183
-0.221058
-0.0317981
-0.231491
-0.0279097
-0.240242
-0.0242845
-0.247125
-0.0209375
-0.252021
-0.0178669
-0.254853
-0.0150571
-0.255625
-0.0124922
-0.254406
-0.0101545
-0.251295
-0.00802969
-0.246448
-0.00609488
-0.239998
-0.00432918
-0.232112
-0.00270238
-0.222967
-0.00119554
-0.212747
0.000212687
-0.201668
0.0015408
-0.189938
0.00280108
-0.17778
0.00401624
-0.165388
0.00519539
-0.152957
0.00634525
-0.140699
0.0074687
-0.1288
0.00856681
-0.117444
0.00963906
-0.106798
0.0106846
-0.097006
0.011707
-0.0881849
0.0127131
-0.0804231
0.0137191
-0.0737765
0.0147544
-0.0682685
0.0158636
-0.0638883
0.0171089
-0.0605941
0.0185665
-0.0583164
0.0203331
-0.0569709
0.0225243
-0.056461
0.0252743
-0.0566858
-0.0575731
-0.0566636
-0.138504
0.0611933
-0.0517405
-0.152091
-0.0466159
-0.165754
-0.0414512
-0.179196
-0.0363875
-0.192118
-0.0315434
-0.204227
-0.0270115
-0.215244
-0.0228574
-0.224923
-0.0191217
-0.233076
-0.015822
-0.239537
-0.0129553
-0.244199
-0.0104986
-0.246991
-0.00841402
-0.247923
-0.00666114
-0.24705
-0.00519705
-0.244459
-0.00398408
-0.240283
-0.00297671
-0.234649
-0.00213272
-0.227704
-0.00140601
-0.219612
-0.000751931
-0.210542
-0.000140106
-0.200677
0.000459416
-0.190213
0.0010648
-0.179344
0.00170273
-0.168258
0.00238838
-0.157125
0.00312709
-0.146131
0.00392334
-0.135447
0.00477705
-0.125238
0.00568608
-0.115653
0.00664958
-0.106824
0.00766964
-0.0988569
0.00875647
-0.0918347
0.00993276
-0.0858141
0.0112333
-0.0808201
0.0127131
-0.0768534
0.0144491
-0.0738879
0.0165405
-0.0718721
0.0191106
-0.070745
0.0223075
-0.070437
0.0263046
-0.070877
-0.072009
-0.0544231
-0.140293
0.0603333
-0.0482291
-0.152552
-0.0419648
-0.164836
-0.0358168
-0.176897
-0.0299463
-0.188478
-0.0244859
-0.199325
-0.0195354
-0.209199
-0.0151595
-0.217891
-0.0113937
-0.22524
-0.00824442
-0.231102
-0.0056945
-0.235384
-0.00370251
-0.238029
-0.0022089
-0.239048
-0.00115108
-0.238485
-0.000462541
-0.236413
-8.12137e-05
-0.232943
6.10407e-05
-0.228191
2.91783e-05
-0.222282
-0.00011396
-0.215359
-0.000305636
-0.207575
-0.00049374
-0.199084
-0.000640018
-0.190051
-0.000712991
-0.180647
-0.000684743
-0.17104
-0.000529441
-0.16138
-0.000237337
-0.15182
0.000200072
-0.142513
0.000786317
-0.133604
0.00152309
-0.125221
0.00241335
-0.117481
0.00346673
-0.110481
0.00469995
-0.104297
0.0061412
-0.0989824
0.00783924
-0.0945713
0.00986451
-0.0910759
0.0123128
-0.0884881
0.0153048
-0.0867767
0.0189905
-0.0859085
0.0235481
-0.0858443
0.0291686
-0.0865314
-0.0879442
-0.0544671
-0.143821
0.0619269
-0.0468529
-0.154443
-0.0393061
-0.165052
-0.0320332
-0.175436
-0.0252113
-0.185386
-0.0189851
-0.194692
-0.0134613
-0.203161
-0.00870522
-0.210625
-0.00474964
-0.216953
-0.0015934
-0.222029
0.000791037
-0.225774
0.00246539
-0.228152
0.00350356
-0.22917
0.00398816
-0.228863
0.00400739
-0.227291
0.00364663
-0.224544
0.00299607
-0.22072
0.0021427
-0.215921
0.0011686
-0.210267
0.000150574
-0.203885
-0.000840623
-0.196904
-0.0017468
-0.189456
-0.00252197
-0.181681
-0.0031323
-0.173716
-0.00354228
-0.165693
-0.00372934
-0.157733
-0.00367675
-0.149964
-0.00337176
-0.142507
-0.0028032
-0.13547
-0.00195596
-0.128956
-0.000814276
-0.123044
0.000651194
-0.117807
0.00248652
-0.113299
0.00475534
-0.109559
0.00754232
-0.106608
0.010958
-0.104457
0.0151421
-0.103098
0.0202656
-0.102529
0.0265112
-0.102724
0.034084
-0.103662
-0.105344
-0.0565647
-0.149443
0.0657696
-0.0473744
-0.158072
-0.0384148
-0.166672
-0.0299007
-0.175058
-0.0220159
-0.183071
-0.0149102
-0.190548
-0.0086946
-0.197342
-0.00343366
-0.203332
0.00083894
-0.208416
0.00413244
-0.212511
0.00648784
-0.215559
0.00797909
-0.217542
0.00869071
-0.218459
0.00872249
-0.218342
0.00818185
-0.217237
0.00717431
-0.215209
0.00580979
-0.212341
0.00419551
-0.208708
0.0024327
-0.204403
0.000615645
-0.199522
-0.00116973
-0.194165
-0.00284637
-0.188433
-0.00434909
-0.182432
-0.00562577
-0.176264
-0.00663072
-0.170033
-0.00732377
-0.163833
-0.00767298
-0.157762
-0.00764977
-0.151915
-0.00722588
-0.14638
-0.0063755
-0.141234
-0.00506206
-0.136548
-0.00323944
-0.132386
-0.000847188
-0.1288
0.00219328
-0.125831
0.00598082
-0.12351
0.010634
-0.121858
0.0163021
-0.120895
0.0231466
-0.120629
0.0313464
-0.121058
0.0410922
-0.122181
-0.124023
-0.0605431
-0.157556
0.0717448
-0.0495825
-0.163775
-0.0390642
-0.169979
-0.0291949
-0.176006
-0.0201545
-0.181745
-0.0120856
-0.187086
-0.00509303
-0.191925
0.000757425
-0.196185
0.00544148
-0.199801
0.00897693
-0.202723
0.0114155
-0.204914
0.012836
-0.206366
0.0133363
-0.207079
0.0130289
-0.207078
0.012035
-0.206394
0.010479
-0.205073
0.00848314
-0.203168
0.00617372
-0.200737
0.00366922
-0.197838
0.00108187
-0.194536
-0.00148397
-0.190898
-0.00393248
-0.186993
-0.0061786
-0.182891
-0.00814639
-0.17866
-0.00976978
-0.17437
-0.0109868
-0.170086
-0.011742
-0.165874
-0.0119853
-0.161801
-0.0116681
-0.157928
-0.010739
-0.154312
-0.00914107
-0.151009
-0.00680984
-0.148068
-0.0036704
-0.145534
0.000366286
-0.143447
0.00540342
-0.141841
0.0115576
-0.140741
0.0189601
-0.140179
0.027745
-0.14017
0.0380552
-0.140726
0.0500348
-0.141861
-0.143613
-0.0663134
-0.16861
0.079841
-0.0533352
-0.171925
-0.0410769
-0.17528
-0.0297204
-0.178536
-0.0194292
-0.181623
-0.0103283
-0.184486
-0.00250565
-0.18707
0.00399014
-0.189337
0.00915019
-0.191261
0.013002
-0.192818
0.0156062
-0.193991
0.0170476
-0.194779
0.0174359
-0.195186
0.0168916
-0.195223
0.0155462
-0.19491
0.0135356
-0.194267
0.0109943
-0.193323
0.0080595
-0.192108
0.00486603
-0.190651
0.00154332
-0.188983
-0.00178504
-0.187139
-0.0050021
-0.185152
-0.00799859
-0.183056
-0.0106728
-0.180885
-0.012929
-0.178676
-0.0146768
-0.176459
-0.0158304
-0.17427
-0.016309
-0.172142
-0.0160339
-0.170109
-0.0149263
-0.168202
-0.0129061
-0.166455
-0.00989045
-0.164897
-0.00579373
-0.163558
-0.000526976
-0.162465
0.00600125
-0.161643
0.0138844
-0.161115
0.023207
-0.160902
0.0340502
-0.161019
0.0464789
-0.161478
0.060551
-0.162302
-0.163541
-0.0738942
0.0899731
-0.0586007
-0.044366
-0.0313589
-0.0197088
-0.0095093
-0.000810194
0.00637071
0.0120466
0.0162616
0.0190913
0.0206305
0.0209929
0.0203047
0.018702
0.0163263
0.0133222
0.00983449
0.00600956
0.00199282
-0.00207289
-0.00604749
-0.00979414
-0.0131781
-0.0160702
-0.0183418
-0.0198691
-0.0205315
-0.0202135
-0.0188044
-0.0162
-0.0123045
-0.00703225
-0.00031076
0.00791758
0.0176918
0.0290264
0.0419093
0.0563006
0.0721083
0.00254995
-0.0960895
0.00853368
-0.118112
0.0112718
-0.126577
0.012234
-0.132807
0.0116331
-0.135497
0.0103621
-0.136063
0.00916426
-0.135104
0.00844407
-0.133255
0.00817801
-0.130482
0.00811706
-0.126637
0.00795947
-0.121773
0.0074024
-0.116172
0.00602169
-0.110388
0.00304238
-0.104729
-0.00243752
-0.0992212
-0.0101749
-0.0944118
-0.0886856
0.00377228
-0.0982584
0.00743009
-0.11893
0.00922506
-0.124428
0.00937829
-0.128076
0.0085913
-0.129078
0.00757976
-0.128887
0.00688582
-0.127944
0.0065345
-0.126374
0.00628221
-0.123878
0.00582611
-0.120242
0.00489613
-0.115539
0.00329526
-0.110104
0.000776369
-0.104417
-0.00308671
-0.0985757
-0.00857477
-0.0927196
-0.0158404
-0.0874854
-0.0817744
0.00361915
-0.0998362
0.00611907
-0.11837
0.00715541
-0.121522
0.00684735
-0.123105
0.00602488
-0.123051
0.00530206
-0.122609
0.00485844
-0.121795
0.00450021
-0.120364
0.00392255
-0.117902
0.00285088
-0.114218
0.00111504
-0.109475
-0.00124416
-0.104203
-0.00452296
-0.0985219
-0.00887076
-0.0926518
-0.014265
-0.0868758
-0.0211311
-0.0813529
-0.0756578
0.00309897
-0.100547
0.004639
-0.11671
0.0049058
-0.117915
0.00427592
-0.118076
0.0035792
-0.117592
0.00312885
-0.117202
0.002776
-0.116462
0.00219521
-0.114949
0.00109892
-0.112281
-0.000644228
-0.108414
-0.00300774
-0.103657
-0.00609919
-0.0983893
-0.0100486
-0.0926895
-0.0149924
-0.0867509
-0.0207976
-0.081103
-0.0273589
-0.0758533
-0.0699093
0.00235985
-0.100263
0.0030567
-0.114146
0.00274233
-0.113851
0.00199545
-0.113228
0.00147339
-0.11276
0.00111558
-0.112468
0.000597523
-0.111645
-0.000419809
-0.109849
-0.00213178
-0.106834
-0.00455569
-0.102726
-0.00758469
-0.0979445
-0.0113395
-0.0926276
-0.0158088
-0.0869704
-0.0208584
-0.0812715
-0.0263645
-0.0760316
-0.0327364
-0.0708064
-0.0654227
0.00152836
-0.0989793
0.00149413
-0.110859
0.000819937
-0.109601
0.000126415
-0.108756
-0.000296554
-0.108477
-0.000779241
-0.108165
-0.00170055
-0.10706
-0.00332659
-0.104826
-0.0057135
-0.101422
-0.00874827
-0.0971316
-0.0123984
-0.0922846
-0.0165932
-0.0870436
-0.0212477
-0.0816052
-0.0261594
-0.0763712
-0.0315077
-0.0714457
-0.0375895
-0.0662524
-0.0615411
0.000743407
-0.0968237
0.000113575
-0.107047
-0.000677564
-0.105446
-0.00126337
-0.104729
-0.00176142
-0.104562
-0.00261725
-0.104014
-0.0041425
-0.102455
-0.00646857
-0.0997234
-0.00952149
-0.0959747
-0.013125
-0.0915865
-0.0172301
-0.0867521
-0.0217319
-0.0816791
-0.0265132
-0.0765654
-0.0315547
-0.0717034
-0.0369433
-0.0670792
-0.0423253
-0.0625456
-0.057955
9.2218e-05
-0.0940054
-0.000928837
-0.102968
-0.0016919
-0.101565
-0.00228276
-0.101045
-0.00308592
-0.100772
-0.00453005
-0.0997687
-0.0067849
-0.0976563
-0.00981819
-0.0944698
-0.0134363
-0.0905186
-0.0175155
-0.0861028
-0.0219205
-0.0814186
-0.0265348
-0.0766458
-0.0312347
-0.0719811
-0.0360234
-0.0675801
-0.0410047
-0.0633193
-0.0462049
-0.0591201
-0.0551123
-0.000455414
-0.0906953
-0.00174145
-0.0987937
-0.0024845
-0.0979721
-0.00324362
-0.0975431
-0.00455769
-0.0968866
-0.00670021
-0.0952852
-0.00966655
-0.0926335
-0.0132845
-0.089128
-0.017329
-0.0851243
-0.0216632
-0.0808274
-0.0261528
-0.0764241
-0.0306918
-0.0720583
-0.0352089
-0.0678846
-0.0397867
-0.0638977
-0.0445022
-0.0599727
-0.049354
-0.056102
-0.0526552
-0.00100951
-0.0869456
-0.00246057
-0.0946632
-0.00330988
-0.0945604
-0.00446045
-0.0939997
-0.00641886
-0.0927529
-0.00925654
-0.0905333
-0.0128104
-0.0874646
-0.0168127
-0.0838426
-0.0211066
-0.0799064
-0.0255411
-0.0758493
-0.0300096
-0.0718079
-0.0344331
-0.0678923
-0.0388301
-0.064154
-0.0432441
-0.0605571
-0.0476221
-0.0570676
-0.0518192
-0.0537647
-0.050517
-0.0015492
-0.0828205
-0.00316648
-0.0906052
-0.00432225
-0.0911411
-0.00607514
-0.0901986
-0.00871911
-0.08831
-0.0121337
-0.0855985
-0.016049
-0.0823328
-0.0202487
-0.0787502
-0.0245746
-0.0750271
-0.0289175
-0.0713029
-0.0332032
-0.0676743
-0.0373962
-0.0642083
-0.0415288
-0.0608838
-0.0456004
-0.0576938
-0.0496062
-0.0546042
-0.0535482
-0.0516834
-0.0489201
-0.00192079
-0.0785291
-0.00385052
-0.0864967
-0.00556465
-0.0874692
-0.00803956
-0.0860123
-0.011301
-0.0836053
-0.0151061
-0.0806363
-0.0191951
-0.0773866
-0.0234012
-0.0739969
-0.0276032
-0.0705938
-0.031733
-0.06726
-0.0357526
-0.0640582
-0.0396821
-0.0609939
-0.0435115
-0.0580724
-0.0472451
-0.0552693
-0.0508701
-0.0525647
-0.0544146
-0.0499832
-0.0476456
-0.0021889
-0.074208
-0.00450755
-0.0822782
-0.00701257
-0.0833147
-0.010189
-0.0814516
-0.0139017
-0.0787851
-0.0179038
-0.0758115
-0.0220216
-0.072736
-0.0261234
-0.0696542
-0.0301302
-0.0666365
-0.0340015
-0.0637246
-0.0377527
-0.0609222
-0.0413898
-0.0582415
-0.0449156
-0.0556884
-0.0483222
-0.0532469
-0.0515582
-0.0509387
-0.0545867
-0.0487717
-0.046672
-0.00249341
-0.0698462
-0.00527171
-0.0778907
-0.00855334
-0.0786915
-0.0122665
-0.0766703
-0.0162312
-0.0740289
-0.0202808
-0.0712476
-0.0243085
-0.0684695
-0.0282268
-0.0657678
-0.0319917
-0.0631676
-0.0356015
-0.0606658
-0.0390568
-0.058262
-0.0423653
-0.0559589
-0.0455396
-0.0537559
-0.0485584
-0.0516695
-0.05141
-0.0497101
-0.0540839
-0.0478833
-0.0461687
-0.00282891
-0.0654318
-0.00613365
-0.0732745
-0.00998268
-0.0738058
-0.014014
-0.0718758
-0.0180849
-0.0694649
-0.0220955
-0.0670085
-0.0259848
-0.0646091
-0.0297083
-0.0623216
-0.0332551
-0.0601355
-0.0366141
-0.0580465
-0.0397833
-0.0560435
-0.0427663
-0.0541224
-0.0455602
-0.0522879
-0.0481685
-0.050549
-0.050598
-0.0489118
-0.0528568
-0.04738
-0.0459971
-0.00319516
-0.0609477
-0.00700245
-0.0684573
-0.0111866
-0.0688855
-0.0153397
-0.0672534
-0.0194312
-0.0651626
-0.0233676
-0.0631101
-0.0271064
-0.0611458
-0.0306391
-0.0592894
-0.0339654
-0.0575209
-0.0370833
-0.0558371
-0.0399834
-0.0542327
-0.0426596
-0.0526998
-0.0451151
-0.0512331
-0.047357
-0.0498368
-0.0493803
-0.0485288
-0.0511748
-0.0473177
-0.0461726
-0.00348103
-0.0564835
-0.00767782
-0.0635533
-0.012055
-0.0640675
-0.016295
-0.0628279
-0.0203681
-0.0611475
-0.0242034
-0.0595633
-0.0277853
-0.0580691
-0.031124
-0.0566576
-0.0342204
-0.0553179
-0.0370756
-0.0540457
-0.0396871
-0.0528384
-0.0420496
-0.0516909
-0.0441619
-0.0505932
-0.0460318
-0.0495401
-0.0476705
-0.048546
-0.0490715
-0.0476372
-0.0468065
-0.00366323
-0.0521486
-0.00809489
-0.0587168
-0.0125973
-0.0594142
-0.0169214
-0.0585933
-0.0209327
-0.0574517
-0.024649
-0.0563736
-0.0280818
-0.0553585
-0.0312356
-0.0544057
-0.0341115
-0.0535069
-0.0367121
-0.0526563
-0.0390389
-0.0518519
-0.0410916
-0.0510906
-0.0428654
-0.050366
-0.044361
-0.049668
-0.0455945
-0.0489952
-0.0465869
-0.0483693
-0.0478359
-0.0038639
-0.0479276
-0.00845043
-0.0540262
-0.0129861
-0.0550126
-0.0172843
-0.0546521
-0.0212082
-0.0540923
-0.0248066
-0.053531
-0.0280886
-0.0530074
-0.0310608
-0.0525229
-0.0337265
-0.0520725
-0.0360894
-0.0516496
-0.0381534
-0.0512518
-0.0399188
-0.0508798
-0.0413819
-0.0505314
-0.0425379
-0.0501972
-0.0433877
-0.0498707
-0.0439398
-0.0495655
-0.0492874
-0.0038805
-0.044006
-0.00856456
-0.0495363
-0.0131465
-0.0508449
-0.0173868
-0.0510303
-0.0212458
-0.0510401
-0.0247492
-0.0510065
-0.0279079
-0.0509835
-0.0307252
-0.0509795
-0.033203
-0.0509914
-0.035341
-0.0510144
-0.0371403
-0.0510449
-0.0386046
-0.0510809
-0.0397375
-0.0511206
-0.0405371
-0.0511603
-0.0410023
-0.0511924
-0.0411509
-0.0512125
-0.0512312
-0.00395968
-0.0403205
-0.00868114
-0.0453046
-0.0132345
-0.0469817
-0.0174148
-0.0477251
-0.0212055
-0.0482941
-0.02461
-0.0488004
-0.0276389
-0.0492909
-0.0302963
-0.0497805
-0.0325829
-0.0502695
-0.0344983
-0.0507539
-0.0360436
-0.051229
-0.0372214
-0.0516913
-0.038034
-0.0521394
-0.0384822
-0.0525712
-0.0385685
-0.0529777
-0.038309
-0.0533411
-0.053679
-0.00397595
-0.036932
-0.00870465
-0.0413575
-0.0131515
-0.0434965
-0.0172613
-0.0447428
-0.0209815
-0.0458527
-0.0243016
-0.0468961
-0.027224
-0.0479062
-0.029748
-0.0489016
-0.0318706
-0.0498843
-0.0335898
-0.0508498
-0.0349046
-0.0517918
-0.0358149
-0.0527065
-0.0363241
-0.0535889
-0.0364413
-0.0544313
-0.0361664
-0.055234
-0.0354901
-0.055989
-0.0566481
-0.00401764
-0.0338111
-0.00859982
-0.0378436
-0.0129676
-0.0403567
-0.016949
-0.0421366
-0.0205732
-0.0437382
-0.0238008
-0.0452999
-0.0266216
-0.0468252
-0.0290265
-0.0483316
-0.0310087
-0.0498185
-0.032562
-0.0512808
-0.0336796
-0.0527128
-0.0343554
-0.0541097
-0.0345885
-0.0554615
-0.0343834
-0.0567553
-0.0337372
-0.0579987
-0.0326519
-0.059179
-0.0601967
-0.00400098
-0.0310097
-0.00843187
-0.0347609
-0.0126415
-0.0376345
-0.0164778
-0.0399173
-0.0199679
-0.0419841
-0.023085
-0.0440272
-0.0257983
-0.0460535
-0.0280957
-0.0480613
-0.0299606
-0.0500546
-0.0313751
-0.052029
-0.0323264
-0.0539735
-0.0328011
-0.0558837
-0.0327906
-0.0577449
-0.0322951
-0.0595351
-0.0313178
-0.061259
-0.0298624
-0.0629034
-0.0643736
-0.0038167
-0.0286858
-0.00804272
-0.0321527
-0.0121062
-0.0353081
-0.0158417
-0.0380316
-0.0192389
-0.0405418
-0.0222692
-0.0430491
-0.0248959
-0.0455674
-0.0270921
-0.0480849
-0.0288352
-0.0506006
-0.0301028
-0.0531094
-0.0308762
-0.0555963
-0.0311432
-0.0580498
-0.030895
-0.0604518
-0.0301246
-0.062778
-0.0288293
-0.0650286
-0.0269968
-0.0672
-0.0691483
-0.00370149
-0.0267562
-0.00763981
-0.0300876
-0.0115111
-0.0334094
-0.0151137
-0.0364983
-0.0184
-0.0394177
-0.0213343
-0.042365
-0.0238719
-0.0453623
-0.0259741
-0.0483908
-0.0276098
-0.0514413
-0.0287497
-0.0545058
-0.0293664
-0.0575667
-0.0294376
-0.0606072
-0.0289486
-0.0636006
-0.0278877
-0.0665191
-0.026234
-0.069372
-0.0239972
-0.0721244
-0.0745856
-0.00352814
-0.0252598
-0.00717403
-0.0285501
-0.0108085
-0.031963
-0.0142399
-0.0353365
-0.0173957
-0.0386131
-0.0202257
-0.0419671
-0.0226736
-0.045425
-0.0246876
-0.0489625
-0.0262246
-0.0525605
-0.0272446
-0.0562068
-0.0277108
-0.0598793
-0.0275956
-0.0635515
-0.0268749
-0.0671918
-0.0255274
-0.0707693
-0.0235513
-0.0742726
-0.0209486
-0.0776628
-0.0807905
-0.00324906
-0.0242763
-0.00656007
-0.0275556
-0.00990498
-0.0309941
-0.0131148
-0.034569
-0.0161047
-0.0381371
-0.0188124
-0.0418485
-0.0211665
-0.0457371
-0.0230991
-0.0497736
-0.0245513
-0.0539281
-0.0254691
-0.0581824
-0.0258038
-0.0625072
-0.025515
-0.0668666
-0.0245661
-0.0712238
-0.0229354
-0.075532
-0.0206205
-0.0797594
-0.01761
-0.0838748
-0.0876923
-0.00284966
-0.0238923
-0.00573993
-0.0271544
-0.00872045
-0.0305409
-0.0116422
-0.0342255
-0.0144159
-0.0380035
-0.0169687
-0.0420065
-0.019213
-0.0462811
-0.0210631
-0.0507941
-0.0224405
-0.0555065
-0.0232736
-0.0603913
-0.0234971
-0.0654108
-0.0230542
-0.0705189
-0.0218997
-0.0756654
-0.0199988
-0.0807914
-0.017319
-0.0858615
-0.0138561
-0.0908146
-0.0953851
-0.00230877
-0.0242069
-0.00466858
-0.0274115
-0.00719244
-0.0306489
-0.00974035
-0.0343438
-0.0122282
-0.0382334
-0.0145758
-0.0424433
-0.0166806
-0.0470399
-0.0184363
-0.0519916
-0.0197418
-0.0572514
-0.0205031
-0.062783
-0.0206337
-0.0685388
-0.0200577
-0.0744596
-0.0187142
-0.080478
-0.0165497
-0.0865254
-0.0135421
-0.0925329
-0.00968055
-0.0984262
-0.10401
-0.001593
-0.0253432
-0.00329502
-0.0283991
-0.00525394
-0.0313684
-0.00733552
-0.0349562
-0.00945699
-0.038846
-0.0115341
-0.0431624
-0.0134531
-0.0479987
-0.0150879
-0.0533327
-0.0163129
-0.0591143
-0.0170074
-0.0652991
-0.0170593
-0.0718281
-0.0163681
-0.0786272
-0.0148488
-0.0856109
-0.0124326
-0.0926913
-0.00909617
-0.0997512
-0.00480867
-0.106721
-0.113381
-0.000672341
-0.0274448
-0.00158431
-0.0301835
-0.00284881
-0.0327592
-0.00436329
-0.0360905
-0.00602833
-0.0398558
-0.0077578
-0.044164
-0.00943029
-0.0491407
-0.0109032
-0.054782
-0.0120257
-0.0610426
-0.0126479
-0.0678738
-0.0126272
-0.0752055
-0.0118329
-0.0829481
-0.0101527
-0.0909941
-0.00749898
-0.0992269
-0.00380823
-0.107502
0.000956358
-0.115719
-0.12353
0.000462289
-0.0306545
0.000490355
-0.0328389
6.14618e-05
-0.0348814
-0.000772108
-0.0377749
-0.00188678
-0.0412673
-0.00318275
-0.0454416
-0.00453491
-0.0504458
-0.00578981
-0.0563013
-0.00677322
-0.0629798
-0.00730442
-0.0704351
-0.00720639
-0.0785892
-0.00631308
-0.0873369
-0.00447959
-0.0965451
-0.00158881
-0.106065
0.00244442
-0.115714
0.00764907
-0.125334
-0.134635
0.00179248
-0.0350882
0.00293095
-0.0364496
0.00347017
-0.0377756
0.00345045
-0.0400445
0.00299537
-0.0430867
0.0022277
-0.0469826
0.00127913
-0.051887
0.000311482
-0.0578479
-0.000481198
-0.0648657
-0.000888368
-0.0729059
-0.000695713
-0.0818897
0.000303167
-0.0916985
0.00229363
-0.102172
0.00542893
-0.113125
0.00981112
-0.124317
0.0154947
-0.135534
-0.146485
0.0032998
-0.0408354
0.00571967
-0.0410928
0.00735916
-0.0414728
0.00828029
-0.0429179
0.00860907
-0.045323
0.00847898
-0.0487754
0.00802733
-0.0534318
0.00742563
-0.0593718
0.00688642
-0.0666329
0.00664953
-0.0752032
0.0069686
-0.0850121
0.00809452
-0.0959321
0.010258
-0.107776
0.0136504
-0.120311
0.0184147
-0.133243
0.0246257
-0.146281
-0.158922
0.00496816
-0.047964
0.00881327
-0.0468125
0.0116812
-0.0459934
0.0136576
-0.0463932
0.0148853
-0.0479665
0.0155063
-0.0508007
0.0156596
-0.0550492
0.0155212
-0.0608265
0.0153169
-0.068216
0.0153134
-0.0772426
0.0158049
-0.0878566
0.0170904
-0.0999282
0.0194504
-0.113244
0.0231213
-0.127518
0.0282833
-0.14239
0.0350146
-0.157458
-0.172211
0.00674508
-0.0564857
0.0121199
-0.0536098
0.0163212
-0.0513307
0.0194605
-0.0504567
0.0216913
-0.05099
0.0231663
-0.0530207
0.0240312
-0.0566965
0.0244643
-0.0621639
0.0246951
-0.0695548
0.0250093
-0.0789454
0.0257376
-0.0903249
0.0272294
-0.103574
0.0298215
-0.118457
0.0338071
-0.134634
0.0393953
-0.151648
0.0466967
-0.168989
-0.186197
0.00860239
-0.0663838
0.0155703
-0.0614454
0.0211897
-0.0574578
0.0255875
-0.0550817
0.0289137
-0.0543523
0.0313267
-0.0553744
0.0329857
-0.0583008
0.0340792
-0.0633086
0.0348413
-0.0705741
0.0355694
-0.0802327
0.0366231
-0.0923294
0.0383991
-0.106773
0.0412924
-0.123315
0.0456543
-0.141558
0.0517449
-0.160942
0.0597161
-0.180832
-0.200338
0.0105089
-0.0776134
0.0190936
-0.0702444
0.0261779
-0.0643146
0.0319159
-0.0602323
0.0364457
-0.0580307
0.0399087
-0.0578296
0.0424621
-0.0598054
0.0443028
-0.0641794
0.0456796
-0.0711806
0.046909
-0.0810094
0.0483776
-0.093774
0.0505217
-0.109424
0.0537893
-0.127709
0.0585853
-0.148175
0.0652247
-0.170152
0.0738646
-0.19283
-0.215148
0.0123015
0.0224272
0.0309172
0.0379654
0.0437227
0.04832
0.0519028
0.0546433
0.0567711
0.0586083
0.0605742
0.0631614
0.0668847
0.0722129
0.0795074
0.0889428
0.0636125
-0.0311429
-0.0599529
0.068768
-0.0072991
0.0703844
0.0380934
0.0639629
0.0940239
0.0513968
0.122926
0.0381531
0.126947
0.0269482
0.120015
0.013097
0.0963459
-0.00498176
0.0515471
-0.0261702
-0.00426879
-0.0482667
-0.0560179
-0.0701689
-0.0979875
-0.0915433
-0.131339
-0.112588
-0.160044
-0.133357
-0.187079
-0.153657
-0.213687
-0.172609
-0.240127
-0.189046
-0.265503
-0.202134
-0.288976
-0.3102
-0.211501
0.0637865
-0.0398319
-0.0590775
0.0685532
-0.0154652
0.0705734
0.0331461
0.0663997
0.0955791
0.0568495
0.129961
0.0453127
0.135846
0.0345081
0.127845
0.0214441
0.105927
0.00343774
0.0654627
-0.0186918
0.0131612
-0.0418265
-0.0380806
-0.0650582
-0.0802296
-0.0873894
-0.114441
-0.109037
-0.143406
-0.130191
-0.170102
-0.150877
-0.195955
-0.170202
-0.222204
-0.186873
-0.248455
-0.199587
-0.273999
-0.297907
-0.207751
0.062488
-0.0492592
-0.0578243
0.0667765
-0.0240024
0.0690742
0.0270286
0.0673083
0.0938259
0.0607718
0.133119
0.0522617
0.140946
0.0428042
0.133699
0.031255
0.113554
0.0137728
0.0786422
-0.00880836
0.0310765
-0.0329022
-0.0189078
-0.057342
-0.060769
-0.0807967
-0.0957515
-0.103222
-0.12521
-0.124808
-0.151871
-0.145609
-0.177314
-0.165255
-0.203255
-0.182704
-0.230061
-0.195678
-0.258355
-0.285898
-0.203321
0.0598834
-0.0583626
-0.0561915
0.0633811
-0.032455
0.0641936
0.0216542
0.0656937
0.0880609
0.063625
0.1311
0.0583496
0.142185
0.0513575
0.13659
0.0416349
0.119027
0.0258034
0.0900412
0.00355765
0.0487391
-0.0214424
0.00146238
-0.0463014
-0.0404137
-0.0707531
-0.0754463
-0.0939827
-0.105502
-0.116105
-0.132367
-0.13722
-0.157655
-0.157191
-0.183368
-0.174923
-0.210896
-0.188653
-0.241623
-0.272911
-0.1971
0.0561441
-0.0663764
-0.0540491
0.0575151
-0.0393393
0.0569785
0.0170402
0.0610248
0.0791594
0.0633858
0.124097
0.0623367
0.138716
0.0585698
0.135886
0.0512627
0.121861
0.0384292
0.0983896
0.0185404
0.0641725
-0.00649971
0.0221749
-0.031705
-0.0192575
-0.0564932
-0.0542347
-0.0802009
-0.0846785
-0.102667
-0.111868
-0.123896
-0.137271
-0.143649
-0.163174
-0.161271
-0.19144
-0.176389
-0.223245
-0.257358
-0.187293
0.0507278
-0.0722625
-0.0511248
0.0482784
-0.0428129
0.0474005
0.0123317
0.0541549
0.0671137
0.0611156
0.112087
0.0640663
0.130905
0.0639301
0.131306
0.0598652
0.12133
0.050825
0.102964
0.0349599
0.0757508
0.0122116
0.0409061
-0.0131552
0.00249206
-0.0374884
-0.0329576
-0.0609311
-0.0635531
-0.0831157
-0.0910839
-0.103749
-0.116961
-0.122754
-0.143293
-0.140538
-0.171505
-0.15751
-0.20283
-0.237889
-0.172289
0.0440775
-0.0750269
-0.0478189
0.0375347
-0.0424559
0.0372503
0.00674364
0.0455323
0.0532533
0.0566596
0.0956496
0.0634435
0.119052
0.0668042
0.123099
0.0666655
0.116844
0.0617346
0.103515
0.0506239
0.0827791
0.0329027
0.0549257
0.0100352
0.0221503
-0.0138961
-0.0116115
-0.0367711
-0.0424972
-0.0584089
-0.0703612
-0.0785491
-0.096712
-0.0971977
-0.123421
-0.114834
-0.151484
-0.132422
-0.181693
-0.214966
-0.150681
0.036888
-0.0745219
-0.0439837
0.0278543
-0.0397289
0.0279041
0.000679018
0.0361132
0.0393211
0.0495807
0.0767456
0.0601375
0.103342
0.0667476
0.11162
0.0700149
0.109008
0.0693435
0.0999518
0.0632975
0.084978
0.0510333
0.063806
0.0333541
0.0370031
0.0122924
0.00728769
-0.00963441
-0.0219581
-0.0308124
-0.0496918
-0.0506417
-0.0764246
-0.0691453
-0.103432
-0.0865885
-0.1315
-0.104003
-0.160696
-0.190905
-0.123489
0.0303399
-0.071184
-0.0402226
0.0200004
-0.0356827
0.018953
-0.00429549
0.0269835
0.0255552
0.0409041
0.0573887
0.0541782
0.0849435
0.0638296
0.0971755
0.0700468
0.0983558
0.0728842
0.0930767
0.0713872
0.082889
0.0647158
0.0674103
0.0523019
0.0469477
0.0356472
0.0221556
0.0166246
-0.0039552
-0.00317786
-0.0300657
-0.0224009
-0.0564738
-0.0407163
-0.0834475
-0.0581928
-0.111404
-0.0755477
-0.139792
-0.167625
-0.0944024
0.0241758
-0.065392
-0.0363454
0.0137039
-0.0313669
0.0120358
-0.0085321
0.0182048
0.01376
0.0312306
0.0390407
0.0458612
0.0653211
0.0578487
0.0805566
0.0667292
0.0852399
0.0724544
0.0835555
0.0747469
0.0772918
0.0728687
0.0665347
0.0658819
0.0517965
0.0537818
0.0327994
0.038534
0.0105812
0.0215626
-0.0130077
0.00379893
-0.0377868
-0.0138635
-0.064006
-0.0313529
-0.0912842
-0.0487706
-0.118923
-0.144977
-0.0671995
0.0190291
-0.0575603
-0.0329618
0.00900946
-0.0272546
0.00656296
-0.0117618
0.0103743
0.00453947
0.0203756
0.0239322
0.0353954
0.0455317
0.049026
0.0625316
0.0598688
0.0704186
0.0680896
0.071817
0.0732395
0.0691337
0.074761
0.0625662
0.0725076
0.0522168
0.0657489
0.0383896
0.0548177
0.0210536
0.0410414
0.00105441
0.0257776
-0.0214712
0.00949807
-0.0459044
-0.00762109
-0.0715876
-0.0253831
-0.0978629
-0.122365
-0.0440311
0.014587
-0.0481098
-0.0297664
0.00538214
-0.0236109
0.00231218
-0.0140429
0.00410647
-0.002354
0.0105252
0.0127075
0.0235814
0.0280042
0.0371526
0.0448658
0.0493356
0.0545606
0.0592998
0.0586418
0.0668361
0.058895
0.0712442
0.0560089
0.0720145
0.0498926
0.069493
0.0399904
0.0632384
0.0270513
0.0537422
0.0109781
0.0415633
-0.00817236
0.0272192
-0.0297544
0.011191
-0.0530901
-0.00648632
-0.077091
-0.0997795
-0.0254057
0.0103704
-0.0376453
-0.0261115
0.00227634
-0.0206507
-0.00138804
-0.015324
-0.00132117
-0.00713299
0.00313714
0.00381529
0.0111136
0.0159162
0.0237604
0.0284739
0.0356425
0.0393426
0.0459787
0.0454214
0.054572
0.0479093
0.0609132
0.0478047
0.064332
0.0451736
0.0651704
0.0384416
0.0630641
0.0290568
0.0577985
0.0167618
0.049291
0.00147073
0.0378359
-0.0165607
0.0236695
-0.0366091
0.00695342
-0.0575247
-0.0777786
-0.0117131
0.00636319
-0.0275548
-0.0212154
-0.000697194
-0.0182327
-0.00497739
-0.0155206
-0.00637269
-0.0100025
-0.00432693
-0.00223767
0.000698747
0.00718578
0.00945627
0.0163574
0.0202198
0.0256074
0.0302756
0.0328202
0.0389615
0.0371399
0.046041
0.0391348
0.0513295
0.0388134
0.0544877
0.0347495
0.0552548
0.0283044
0.0533669
0.0192145
0.0483932
0.00755097
0.0402133
-0.00675176
0.0287861
-0.0230603
0.014257
-0.0404216
-0.0575829
-0.00296162
0.00286725
-0.0187231
-0.0159005
-0.00380547
-0.0156648
-0.00870607
-0.0145826
-0.0113782
-0.0111052
-0.0114256
-0.00573243
-0.00856152
0.0010554
-0.00331695
0.00816374
0.00442842
0.0152687
0.0130692
0.0219769
0.0211607
0.0272674
0.0284131
0.0305485
0.0346783
0.0316808
0.0391697
0.0298695
0.0418836
0.0256855
0.0424881
0.0191845
0.0405432
0.0105371
0.0355441
-0.000266788
0.0272749
-0.0128914
0.0157142
-0.0265861
-0.0403544
0.00108947
-0.000962744
-0.0119193
-0.00945587
-0.00743723
-0.0127301
-0.0128501
-0.0125908
-0.0166454
-0.0105693
-0.018376
-0.00705708
-0.0176688
-0.00246269
-0.0149647
0.00293125
-0.0105159
0.0086087
-0.00426396
0.0138615
0.00263274
0.018881
0.00949685
0.022589
0.0160255
0.0244653
0.0215148
0.0241095
0.0256623
0.0216833
0.0280865
0.0173143
0.0285049
0.0110662
0.0262813
0.00327487
0.0210239
-0.00597541
0.0125472
-0.0161471
-0.0265298
0.000946355
-0.00557233
-0.0068941
-0.00247292
-0.0119847
-0.00928326
-0.0177255
-0.00972063
-0.0223299
-0.00870088
-0.0253603
-0.0065893
-0.0266427
-0.0035331
-0.0261015
0.0002808
-0.0238358
0.00450759
-0.0201176
0.00860793
-0.014705
0.0122544
-0.00841867
0.0154261
-0.00187918
0.0173968
0.00424427
0.0178084
0.00944689
0.0166518
0.0132702
0.0140014
0.0152347
0.00993557
0.0150463
0.00459797
0.0122545
-0.00177627
0.00657187
-0.00881829
-0.0161258
-0.00198517
-0.011644
-0.00280802
0.0051224
-0.0177935
-0.00553401
-0.0235518
-0.00629084
-0.0284977
-0.00597604
-0.0323046
-0.00486189
-0.0346797
-0.00306402
-0.0355308
-0.000571604
-0.0346557
0.00215721
-0.0321355
0.00486231
-0.0281031
0.0072636
-0.0226627
0.0093064
-0.0164993
0.0108401
-0.0102673
0.0114705
-0.00455911
0.0111208
0.000101497
0.00979109
0.00323606
0.00750869
0.00444726
0.00433098
0.00344448
0.000381493
0.000135413
-0.00417354
-0.00905371
-0.00545398
-0.0194932
0.000225581
0.0145808
-0.0248671
-0.00202137
-0.0301463
-0.00282326
-0.034967
-0.00288605
-0.0389501
-0.00249946
-0.0418206
-0.0016769
-0.0431736
-0.000540588
-0.0428396
0.000683631
-0.0408571
0.00193994
-0.0374208
0.00310049
-0.0327056
0.00408644
-0.0270616
0.00491765
-0.021065
0.00542145
-0.0152582
0.00548249
-0.0101743
0.00508685
-0.00629486
0.00420583
-0.0039371
0.00272797
-0.00333629
0.000691026
-0.00462657
-0.00184348
-0.00474692
-0.00779328
-0.0279403
0.0267993
-0.0313266
-0.0354854
-0.039651
-0.0433497
-0.0461233
-0.0476386
-0.0477911
-0.0465355
-0.0439575
-0.0402256
-0.0354921
-0.0300855
-0.0244538
-0.0190625
-0.0144095
-0.0111077
-0.00973521
-0.0108118
-0.0147309
0.00512564
-0.0189487
0.011171
-0.0125755
0.0201675
-0.0127935
0.0331399
-0.0128772
0.049398
-0.012788
0.0679828
-0.0145179
0.0880011
-0.0195488
0.108661
-0.0284984
0.129258
-0.041703
0.150029
-0.0601063
0.172147
-0.0842634
0.196148
-0.113036
0.220291
-0.142001
0.241753
-0.166304
0.25933
-0.18388
0.274677
-0.196567
0.289371
-0.205697
0.304505
-0.212396
0.320992
-0.218274
-0.223829
0.000966623
-0.0188835
0.0079294
-0.018102
0.0185584
-0.0215341
0.0326688
-0.0246091
0.0504271
-0.0276499
0.0708553
-0.0315146
0.0932107
-0.0379314
0.117243
-0.0480209
0.143228
-0.062657
0.171026
-0.0823765
0.200083
-0.10733
0.227279
-0.133822
0.249727
-0.157668
0.266257
-0.17574
0.279472
-0.189745
0.291319
-0.200872
0.303127
-0.209833
0.316131
-0.217661
0.330594
-0.224992
-0.231669
-0.00468496
-0.0130447
-0.000695932
-0.0204832
0.0103627
-0.0304747
0.0273258
-0.0388983
0.0482808
-0.0453402
0.0729745
-0.0523295
0.100641
-0.0610936
0.13104
-0.0732893
0.163503
-0.0893768
0.195744
-0.108284
0.225169
-0.129863
0.247939
-0.149185
0.26373
-0.16559
0.275077
-0.178812
0.284678
-0.19073
0.293914
-0.201218
0.303914
-0.210738
0.314959
-0.219474
0.326759
-0.227492
-0.23438
-0.0074466
-0.00432622
-0.00451203
-0.0216434
0.00880262
-0.0414488
0.0304595
-0.0575956
0.0578144
-0.0690752
0.0883984
-0.0786048
0.120574
-0.0882564
0.152781
-0.0997753
0.183317
-0.113496
0.210555
-0.12843
0.23122
-0.142797
0.245509
-0.15515
0.255833
-0.16705
0.264949
-0.178591
0.273542
-0.189583
0.282242
-0.199851
0.291128
-0.209312
0.299997
-0.217867
0.30854
-0.225477
-0.23178
-0.00585926
0.00291698
0.000574977
-0.0261452
0.0212216
-0.059544
0.0490684
-0.0822129
0.0787412
-0.0947943
0.107841
-0.102994
0.135585
-0.110514
0.160575
-0.118499
0.181945
-0.127831
0.199441
-0.138146
0.212673
-0.147542
0.224272
-0.157606
0.23477
-0.167813
0.244392
-0.17796
0.253184
-0.187686
0.261128
-0.196759
0.268167
-0.205067
0.274242
-0.212508
0.279283
-0.219036
-0.224352
-0.00250577
0.00691058
0.0101337
-0.0367061
0.0361424
-0.0828068
0.0634128
-0.106006
0.0878336
-0.114957
0.109511
-0.119596
0.129011
-0.124102
0.146857
-0.129592
0.162797
-0.136189
0.176637
-0.143604
0.189707
-0.151474
0.201579
-0.159642
0.212102
-0.167875
0.221079
-0.175935
0.228487
-0.183651
0.234387
-0.190882
0.238842
-0.197524
0.241896
-0.203466
0.243562
-0.208634
-0.21277
0.000554468
0.00793779
0.0194081
-0.0533496
0.0454874
-0.105966
0.0667945
-0.123617
0.0844767
-0.128112
0.100632
-0.130358
0.116146
-0.133335
0.13113
-0.137406
0.145343
-0.142358
0.158509
-0.147886
0.170396
-0.153686
0.180747
-0.159597
0.189414
-0.16551
0.196359
-0.171311
0.201589
-0.176887
0.205133
-0.182135
0.207023
-0.186959
0.207288
-0.191258
0.205947
-0.194953
-0.197849
0.00341423
0.00618726
0.0258404
-0.0734517
0.0483379
-0.125395
0.0643472
-0.135742
0.0786309
-0.137642
0.0925581
-0.138626
0.10618
-0.140373
0.119262
-0.142979
0.131457
-0.14614
0.142455
-0.149606
0.152079
-0.153227
0.160205
-0.156913
0.16673
-0.160595
0.171579
-0.164203
0.174706
-0.16767
0.176082
-0.170923
0.175697
-0.173899
0.173559
-0.176523
0.169699
-0.178748
-0.180452
0.00670566
0.00121395
0.029534
-0.0938619
0.0477971
-0.140468
0.0612785
-0.145189
0.0737378
-0.14517
0.0857455
-0.144767
0.0972986
-0.14511
0.108168
-0.146087
0.118101
-0.147391
0.1269
-0.148849
0.134415
-0.150381
0.140523
-0.151942
0.145112
-0.153495
0.148084
-0.155007
0.149366
-0.156445
0.148909
-0.157781
0.14669
-0.15899
0.142717
-0.160039
0.13703
-0.160923
-0.161523
0.0121378
-0.00913756
0.0321091
-0.111343
0.0464322
-0.151509
0.0581675
-0.15278
0.0687586
-0.1507
0.0788793
-0.148877
0.0884943
-0.147752
0.0973489
-0.147015
0.105265
-0.146458
0.112106
-0.145972
0.117748
-0.145513
0.122074
-0.145063
0.124982
-0.144622
0.126393
-0.144199
0.12624
-0.143793
0.124468
-0.1434
0.12104
-0.143031
0.115948
-0.142691
0.109189
-0.142388
-0.142064
0.0151759
-0.0224891
0.033088
-0.126716
0.04445
-0.15953
0.0547159
-0.158832
0.0637584
-0.154606
0.0721271
-0.151156
0.0798723
-0.148444
0.0868433
-0.145984
0.092928
-0.143629
0.0980065
-0.141286
0.101995
-0.13897
0.104835
-0.136708
0.106451
-0.134509
0.106766
-0.132397
0.105711
-0.130397
0.103229
-0.128535
0.0992749
-0.126846
0.0937999
-0.125342
0.0867588
-0.124041
-0.12293
0.0158769
-0.0365201
0.032805
-0.14108
0.0428343
-0.166191
0.0515399
-0.163298
0.0587871
-0.156693
0.0653139
-0.151576
0.0712522
-0.147325
0.076452
-0.143195
0.0808301
-0.139129
0.0843876
-0.135142
0.0870722
-0.13122
0.0888144
-0.127394
0.0895563
-0.123706
0.0892358
-0.120195
0.0877873
-0.1169
0.0851512
-0.113868
0.0812577
-0.111135
0.0760254
-0.108713
0.0693944
-0.106645
-0.104816
0.0175742
-0.0522441
0.033293
-0.154234
0.0418802
-0.171416
0.0483344
-0.165528
0.0535356
-0.156764
0.0582665
-0.150248
0.0623968
-0.144468
0.065927
-0.138833
0.0689086
-0.133361
0.0712788
-0.127977
0.0730039
-0.122718
0.074038
-0.117626
0.0743255
-0.112751
0.0738047
-0.108147
0.0724094
-0.103864
0.0700618
-0.0999487
0.0666712
-0.0964368
0.0621595
-0.0933583
0.0563629
-0.0906762
-0.0883066
0.0201198
-0.0705266
0.0342361
-0.16581
0.040747
-0.174603
0.0446135
-0.165228
0.0478668
-0.154967
0.0506667
-0.147095
0.0532232
-0.140175
0.055418
-0.13331
0.0573082
-0.126717
0.0588526
-0.120246
0.0600061
-0.113952
0.0607155
-0.10789
0.060919
-0.102122
0.06055
-0.0967104
0.0595322
-0.0917126
0.0577737
-0.0871706
0.0551802
-0.0831256
0.0516269
-0.0795817
0.0469736
-0.076488
-0.0737752
0.0232569
-0.0919766
0.0351285
-0.175188
0.0391485
-0.175369
0.0402916
-0.162299
0.0416102
-0.15136
0.0427391
-0.142432
0.0439678
-0.134755
0.045151
-0.127019
0.0463065
-0.11963
0.0473748
-0.112381
0.0482918
-0.105344
0.0489871
-0.0985874
0.0493908
-0.092191
0.0494228
-0.0862236
0.0489897
-0.0807399
0.0479941
-0.0757881
0.0463292
-0.0714053
0.0438744
-0.0675846
0.0405068
-0.0642713
-0.0613871
0.0276806
-0.117898
0.0354843
-0.180569
0.0365024
-0.173231
0.0352877
-0.157142
0.0348721
-0.146187
0.0346557
-0.136634
0.0348509
-0.128556
0.035346
-0.120346
0.036072
-0.112471
0.0369459
-0.104733
0.0378902
-0.0972303
0.03882
-0.0900407
0.0396364
-0.0832472
0.0402333
-0.0769244
0.0405098
-0.0711428
0.0403656
-0.0659582
0.0396864
-0.0613978
0.0383532
-0.0574498
0.0362464
-0.0540553
-0.051134
0.0329305
-0.149133
0.0354667
-0.180774
0.0332953
-0.168027
0.0299797
-0.150047
0.0277993
-0.139453
0.0266087
-0.130112
0.0260495
-0.121905
0.0261011
-0.113584
0.0266254
-0.105521
0.0275271
-0.0975811
0.0287026
-0.0898718
0.0300299
-0.0824712
0.0313869
-0.0754761
0.0326584
-0.06898
0.0337292
-0.0630623
0.0344794
-0.0577796
0.0347863
-0.0531584
0.0345267
-0.0491845
0.0335824
-0.0457989
-0.0429288
0.0357898
-0.183306
0.0335454
-0.176309
0.0285815
-0.160178
0.0243398
-0.142215
0.0207276
-0.131523
0.0187848
-0.123123
0.0176725
-0.11504
0.0174285
-0.106922
0.017891
-0.0989614
0.0189367
-0.091082
0.0204229
-0.0833899
0.0222191
-0.075991
0.0241947
-0.0689955
0.0262135
-0.0625018
0.0281338
-0.0565918
0.0298115
-0.0513237
0.0311041
-0.0467266
0.0318781
-0.0427923
0.0320145
-0.03947
-0.0366849
0.0383648
-0.220149
0.033067
-0.168918
0.0225594
-0.146952
0.0179061
-0.134181
0.0138621
-0.123421
0.0112856
-0.115813
0.00973833
-0.108106
0.00925912
-0.100446
0.00966036
-0.0928197
0.010818
-0.0852307
0.0126018
-0.0777964
0.0148729
-0.070629
0.0174791
-0.0638379
0.0202573
-0.0575205
0.0230391
-0.0517602
0.0256557
-0.0466184
0.0279412
-0.0421277
0.0297388
-0.0382856
0.0309088
-0.0350519
-0.0323537
0.0450127
-0.263748
0.0314979
-0.153453
0.0185124
-0.131431
0.0118002
-0.124317
0.00732385
-0.115164
0.0040929
-0.108178
0.00216161
-0.101172
0.00137195
-0.0941
0.00161121
-0.0870103
0.00278982
-0.0799484
0.00478025
-0.073009
0.00742996
-0.0662937
0.0105731
-0.0599103
0.0140293
-0.0539509
0.0176082
-0.0484959
0.0211164
-0.0436069
0.0243607
-0.0393175
0.0271523
-0.0356265
0.0293194
-0.0325049
-0.0299046
-0.209167
-0.0737463
0.282085
-0.164537
-0.0453973
-0.131062
-0.0341563
-0.106387
-0.025249
-0.0864035
-0.0204301
-0.0688318
-0.0178761
-0.0532406
-0.0157404
-0.0386265
-0.0145992
-0.0245107
-0.0139317
-0.0106013
-0.0135549
0.00368465
-0.0137634
0.0187248
-0.0143559
0.035474
-0.015913
0.0540589
-0.0176101
0.0747494
-0.0195939
0.0984973
-0.0225486
0.126116
-0.0263388
0.160162
-0.0327106
0.202885
-0.0413582
-0.0594967
-0.19326
-0.0871562
0.205529
-0.167217
-0.0724799
-0.143018
-0.059265
-0.119855
-0.0491676
-0.0983993
-0.0424621
-0.0785789
-0.0380762
-0.0600085
-0.0344793
-0.042598
-0.0319572
-0.0256256
-0.0306257
-0.00829535
-0.0303802
0.00927633
-0.0306082
0.0277448
-0.0318845
0.0470397
-0.0340683
0.0667313
-0.0359798
0.0866308
-0.0380099
0.106285
-0.0405822
0.125292
-0.0436147
0.142153
-0.04776
0.155148
-0.0524921
-0.0559228
-0.183888
-0.0938478
0.189097
-0.169267
-0.0884371
-0.149518
-0.0801687
-0.127861
-0.0717694
-0.106061
-0.0649693
-0.084843
-0.0597445
-0.0644543
-0.0550452
-0.0446992
-0.0516065
-0.0252534
-0.0496783
-0.005953
-0.0490014
0.013299
-0.0489018
0.0327459
-0.050106
0.0519717
-0.0518188
0.0706863
-0.0529909
0.0883535
-0.0537711
0.104349
-0.0544981
0.117935
-0.0549801
0.127557
-0.0550529
0.13214
-0.0546749
-0.0527784
-0.183415
-0.104064
0.191784
-0.17028
-0.103218
-0.152743
-0.0991132
-0.132442
-0.0932054
-0.11084
-0.0874046
-0.0889211
-0.0821741
-0.0672342
-0.0769033
-0.0459367
-0.0727264
-0.025027
-0.0700589
-0.00456543
-0.0685863
0.0155244
-0.0677777
0.03507
-0.0681162
0.0536735
-0.0685868
0.0708718
-0.06808
0.0862466
-0.0667931
0.0993103
-0.0649992
0.109705
-0.0626386
0.117162
-0.0596396
0.121682
-0.0562293
-0.0523938
-0.186497
-0.114977
0.195186
-0.173609
-0.118069
-0.156733
-0.117647
-0.136778
-0.114479
-0.114986
-0.110143
-0.0923677
-0.105347
-0.0695977
-0.0998186
-0.0470711
-0.0949822
-0.0250327
-0.0914104
-0.00371154
-0.0888121
0.0168328
-0.0868323
0.0362123
-0.0856324
0.0540293
-0.0841926
0.0698873
-0.0814096
0.0835185
-0.0776135
0.0946884
-0.0731138
0.103339
-0.0680303
0.109578
-0.062457
0.113424
-0.0565357
-0.0505184
-0.190752
-0.126233
0.199404
-0.177992
-0.133104
-0.161273
-0.136266
-0.14127
-0.135968
-0.119053
-0.133402
-0.0956446
-0.129329
-0.0718296
-0.123729
-0.0481962
-0.118227
-0.0251798
-0.113559
-0.00315631
-0.109502
0.0176586
-0.105866
0.0367831
-0.102554
0.0538402
-0.0986563
0.0685395
-0.0931598
0.0807575
-0.0865652
0.0904608
-0.0792749
0.0977821
-0.0715769
0.102974
-0.0636861
0.106346
-0.0558033
-0.0481483
-0.195725
-0.137783
0.204299
-0.182984
-0.148419
-0.166193
-0.155178
-0.145915
-0.157875
-0.123123
-0.157301
-0.0988565
-0.154161
-0.0740051
-0.148595
-0.0493214
-0.142377
-0.0254076
-0.136402
-0.00277349
-0.130545
0.0182265
-0.124783
0.0370677
-0.11885
0.0533995
-0.112016
0.0670544
-0.103456
0.0780344
-0.0938405
0.0864701
-0.0837034
0.0926368
-0.0734787
0.0968956
-0.0634681
0.0996287
-0.053894
-0.0449304
-0.200788
-0.149437
0.209108
-0.188096
-0.163962
-0.171169
-0.174419
-0.150532
-0.18025
-0.127106
-0.181863
-0.10196
-0.179824
-0.0760913
-0.174362
-0.0504026
-0.167355
-0.0256537
-0.15985
-0.00248299
-0.151853
0.0186397
-0.143513
0.0371736
-0.1345
0.0527921
-0.124299
0.0654511
-0.112369
0.0752643
-0.0995422
0.0825029
-0.086508
0.0875628
-0.0738265
0.0908974
-0.0618572
0.0929514
-0.0508141
-0.0408024
-0.2055
-0.161023
0.21342
-0.192944
-0.179612
-0.175905
-0.193928
-0.154909
-0.203052
-0.130856
-0.207036
-0.10486
-0.206248
-0.0780238
-0.200941
-0.0513917
-0.193067
-0.0258761
-0.183812
-0.00224285
-0.173337
0.0189387
-0.161992
0.0371237
-0.149474
0.052024
-0.135525
0.0637002
-0.119951
0.0723735
-0.103744
0.0784458
-0.0877744
0.082426
-0.0727076
0.0848573
-0.0589374
0.0862474
-0.046643
-0.0358365
-0.209528
-0.172383
0.216924
-0.197215
-0.195223
-0.180139
-0.213581
-0.158838
-0.226175
-0.134218
-0.232708
-0.107445
-0.233307
-0.0797275
-0.228201
-0.0522419
-0.219384
-0.0260473
-0.208174
-0.00203498
-0.194902
0.0191349
-0.180154
0.0369213
-0.163742
0.0510857
-0.145711
0.0617774
-0.126248
0.0693275
-0.106525
0.0742619
-0.0876016
0.0771982
-0.0702346
0.0787664
-0.0548295
0.0795347
-0.0415039
-0.0301493
-0.212619
-0.183375
0.219391
-0.200659
-0.210635
-0.183648
-0.233221
-0.162135
-0.249468
-0.137047
-0.25872
-0.109607
-0.260833
-0.0811255
-0.25597
-0.0529077
-0.246146
-0.0261472
-0.232796
-0.00185462
-0.216441
0.0192258
-0.19793
0.0365612
-0.177282
0.0499695
-0.154883
0.0596785
-0.131326
0.0661317
-0.107986
0.0699711
-0.0861189
0.0719175
-0.0665548
0.0726834
-0.0496907
0.0728923
-0.0355567
-0.0238884
-0.214585
-0.193873
0.220659
-0.203081
-0.225689
-0.186249
-0.252672
-0.16464
-0.272745
-0.139208
-0.28488
-0.111241
-0.288624
-0.0821453
-0.284046
-0.0533446
-0.27316
-0.0261572
-0.257514
-0.0017007
-0.237831
0.0192062
-0.21525
0.0360402
-0.190078
0.0486769
-0.163085
0.0574211
-0.135277
0.0628216
-0.108262
0.0656271
-0.083488
0.0666544
-0.0618468
0.0666926
-0.0437071
0.0664142
-0.0289848
-0.017223
-0.215292
-0.203767
0.220611
-0.204332
-0.240232
-0.187794
-0.27175
-0.166216
-0.295809
-0.140587
-0.310967
-0.112259
-0.316444
-0.0827225
-0.312195
-0.053512
-0.300208
-0.0260584
-0.282141
-0.0015709
-0.258934
0.0190735
-0.232048
0.035362
-0.202132
0.0472237
-0.170378
0.0550394
-0.138224
0.0594512
-0.107521
0.0613019
-0.0799022
0.061495
-0.0563168
0.0608885
-0.0370857
0.0601932
-0.0219828
-0.0103494
-0.214647
-0.212962
0.219177
-0.204308
-0.25412
-0.188173
-0.29027
-0.166759
-0.318446
-0.141096
-0.33674
-0.112591
-0.344034
-0.0828027
-0.340164
-0.0533757
-0.327049
-0.0258342
-0.306473
-0.00146083
-0.279606
0.018829
-0.248255
0.0345367
-0.21346
0.0456378
-0.176854
0.0525776
-0.140317
0.0560833
-0.105957
0.0570744
-0.0755828
0.0565311
-0.0501952
0.0553707
-0.0300528
0.0543295
-0.0147559
-0.00346501
-0.212604
-0.221372
0.216324
-0.202949
-0.267217
-0.187318
-0.308052
-0.166201
-0.34044
-0.140671
-0.361945
-0.112174
-0.371131
-0.0823438
-0.367676
-0.0529098
-0.353427
-0.0254719
-0.330294
-0.00136477
-0.299696
0.0184766
-0.26381
0.0335749
-0.224092
0.0439455
-0.182629
0.0500813
-0.141736
0.0527806
-0.103796
0.0530216
-0.0707752
0.0518487
-0.043731
0.0502276
-0.0228453
0.0489219
-0.00752726
0.00324423
-0.209161
-0.228925
0.212066
-0.200237
-0.2794
-0.185194
-0.324928
-0.164502
-0.361574
-0.139265
-0.386337
-0.110968
-0.397461
-0.0813168
-0.394443
-0.052098
-0.379069
-0.0249635
-0.35338
-0.00127759
-0.319054
0.0180241
-0.278656
0.0324904
-0.234074
0.042169
-0.187835
0.0475867
-0.142684
0.0495942
-0.101285
0.0492069
-0.0657451
0.0475182
-0.0371872
0.0455318
-0.0157083
0.0440404
-0.000522626
0.00959655
-0.204365
-0.235557
0.206457
-0.196195
-0.290573
-0.181806
-0.34075
-0.161656
-0.381641
-0.136851
-0.409685
-0.108955
-0.422739
-0.0797063
-0.42017
-0.0509323
-0.403697
-0.0243084
-0.3755
-0.00119875
-0.337534
0.0174779
-0.29275
0.0312982
-0.243461
0.0403364
-0.192623
0.0451278
-0.143374
0.0465592
-0.0986805
0.0456715
-0.0607702
0.0435873
-0.0308381
0.0413288
-0.00888791
0.0397219
0.00603912
0.0154126
-0.198289
-0.241238
0.199603
-0.19089
-0.300642
-0.177197
-0.355389
-0.157676
-0.400465
-0.133446
-0.431756
-0.106138
-0.446692
-0.0775082
-0.44457
-0.0494104
-0.427029
-0.0235101
-0.396421
-0.00113248
-0.354991
0.0168367
-0.306053
0.030003
-0.252325
0.0384595
-0.197158
0.0427333
-0.144044
0.0437064
-0.0962435
0.0424429
-0.0561283
0.0400774
-0.0249535
0.0376379
-0.00262867
0.0359751
0.0119507
0.0205248
-0.191057
-0.245938
0.191628
-0.184419
-0.309544
-0.171445
-0.36874
-0.152607
-0.417899
-0.129086
-0.452324
-0.102527
-0.469074
-0.0747278
-0.46736
-0.0475331
-0.448791
-0.0225651
-0.415915
-0.00107488
-0.371284
0.0160984
-0.318527
0.0286007
-0.260737
0.0365276
-0.201601
0.0404008
-0.144943
0.0410507
-0.0942564
0.0395372
-0.0520996
0.0369888
-0.0197866
0.0344569
0.00283037
0.0327833
0.0170237
0.0247832
-0.182816
0.182686
-0.176897
-0.164641
-0.146538
-0.123814
-0.0981502
-0.0713831
-0.0453078
-0.0214577
-0.00100507
0.015279
0.0271027
0.0345529
0.0381093
0.0385587
0.0369265
0.0343044
0.0317517
0.0301058
-0.0760192
-0.0653153
-0.0799569
-0.0626869
-0.0861445
-0.0603085
-0.0936157
-0.0583122
-0.101546
-0.0564163
-0.108812
-0.0546428
-0.11461
-0.0530723
-0.117965
-0.0517367
-0.118456
-0.0506927
-0.115601
-0.0498258
-0.109527
-0.0491583
-0.0998708
-0.0488926
-0.0859605
-0.0487174
-0.0674103
-0.0475907
-0.0457059
-0.0444923
-0.0239568
-0.0371168
-0.00670731
-0.0246505
-0.000164535
-0.00538614
-0.00329083
0.014654
0.0212919
-0.114792
-0.0789717
-0.112235
-0.0749082
-0.11184
-0.0714445
-0.113121
-0.0686322
-0.115379
-0.0663927
-0.11802
-0.0646396
-0.120552
-0.0633516
-0.122501
-0.0625488
-0.123437
-0.0622563
-0.122802
-0.0625042
-0.119994
-0.0633758
-0.11466
-0.0648531
-0.106368
-0.0667276
-0.0936353
-0.0690374
-0.0751175
-0.0706569
-0.0504102
-0.0683711
-0.0223257
-0.0581823
0.0022911
-0.0343816
0.00863585
0.00493746
0.0274731
-0.148084
-0.0971068
-0.14276
-0.091922
-0.139325
-0.0876251
-0.137327
-0.0841897
-0.136305
-0.081541
-0.135773
-0.0796152
-0.135279
-0.0783625
-0.134428
-0.0777525
-0.132884
-0.0777681
-0.130344
-0.0784231
-0.126533
-0.0797974
-0.121114
-0.0819629
-0.113521
-0.0849668
-0.103326
-0.0887433
-0.0893866
-0.0929127
-0.0692491
-0.0956071
-0.0419067
-0.0914143
-0.0113415
-0.0696698
0.0069954
-0.0170296
0.0318283
-0.167325
-0.115501
-0.162542
-0.110215
-0.158892
-0.105838
-0.156102
-0.102323
-0.15387
-0.0996212
-0.151866
-0.0977013
-0.149738
-0.0965421
-0.147159
-0.0961032
-0.143845
-0.0963428
-0.139549
-0.0972617
-0.134084
-0.0989036
-0.127306
-0.10133
-0.11896
-0.104731
-0.108551
-0.109313
-0.0956442
-0.114672
-0.0792302
-0.119552
-0.0560222
-0.120851
-0.0248113
-0.10586
0.000723277
-0.0463804
0.029784
-0.170079
-0.130357
-0.168931
-0.126476
-0.167683
-0.123237
-0.166223
-0.120667
-0.164439
-0.118722
-0.162181
-0.117415
-0.159306
-0.116736
-0.155646
-0.116684
-0.151029
-0.117247
-0.145328
-0.118407
-0.138479
-0.120175
-0.130481
-0.12258
-0.12136
-0.125824
-0.11094
-0.130346
-0.0985894
-0.136238
-0.0835353
-0.142418
-0.0642358
-0.14659
-0.035692
-0.139537
-0.00667337
-0.0793198
0.0202773
-0.157937
-0.140107
-0.161946
-0.139003
-0.164577
-0.138106
-0.16581
-0.137576
-0.165676
-0.137322
-0.1642
-0.137382
-0.161402
-0.137766
-0.15731
-0.138491
-0.151958
-0.139564
-0.145381
-0.140995
-0.137633
-0.142809
-0.128805
-0.145031
-0.119101
-0.147787
-0.108763
-0.151514
-0.0975672
-0.156806
-0.0843125
-0.163593
-0.0678649
-0.169547
-0.0444716
-0.168102
-0.0144616
-0.113268
0.0029797
-0.136123
-0.14563
-0.144685
-0.148205
-0.150908
-0.150451
-0.154848
-0.152686
-0.156594
-0.154797
-0.156284
-0.156796
-0.154073
-0.158691
-0.150138
-0.160501
-0.144669
-0.162253
-0.137861
-0.163979
-0.129917
-0.165729
-0.121033
-0.167568
-0.111449
-0.169614
-0.10157
-0.172172
-0.0916879
-0.175989
-0.0811499
-0.181968
-0.068051
-0.18907
-0.0500571
-0.191187
-0.0193699
-0.147822
-0.0191666
-0.108735
-0.149671
-0.119677
-0.155933
-0.127877
-0.16148
-0.133447
-0.16661
-0.13649
-0.171234
-0.137179
-0.175306
-0.135736
-0.17881
-0.132418
-0.181753
-0.127507
-0.184159
-0.121303
-0.186076
-0.114109
-0.187578
-0.106213
-0.188779
-0.0978889
-0.18984
-0.0894542
-0.191058
-0.0813484
-0.19309
-0.0738251
-0.197055
-0.0649087
-0.204173
-0.0526415
-0.208347
-0.0256731
-0.178499
-0.0474974
-0.075666
-0.154969
-0.0863731
-0.164229
-0.0945781
-0.172554
-0.100382
-0.180115
-0.103896
-0.186823
-0.10529
-0.192588
-0.104786
-0.197359
-0.102649
-0.20112
-0.09917
-0.20389
-0.0946591
-0.205725
-0.0894314
-0.206719
-0.0838117
-0.207003
-0.0780719
-0.206821
-0.0723382
-0.206643
-0.0670988
-0.206793
-0.0629667
-0.208292
-0.0588231
-0.214121
-0.0526201
-0.219135
-0.0322556
-0.202336
-0.0822388
-0.031822
-0.163077
-0.0403953
-0.174105
-0.0472708
-0.184153
-0.0525091
-0.193187
-0.0562084
-0.201088
-0.0585025
-0.207739
-0.0595565
-0.21307
-0.0595682
-0.217047
-0.0587592
-0.219683
-0.0573616
-0.221041
-0.0556066
-0.221239
-0.0537105
-0.220445
-0.0518885
-0.218926
-0.0503699
-0.217165
-0.0494036
-0.215488
-0.0493731
-0.214809
-0.0502375
-0.218553
-0.0502471
-0.22331
-0.037448
-0.218303
-0.121955
0.0316758
-0.173178
0.0254371
-0.184615
0.0196866
-0.195036
0.0144352
-0.204318
0.00965214
-0.212301
0.00528607
-0.218853
0.00126919
-0.223893
-0.00247178
-0.22739
-0.00601895
-0.229362
-0.00946328
-0.229876
-0.0129045
-0.229058
-0.0164403
-0.227095
-0.0201709
-0.224272
-0.0242583
-0.221029
-0.028827
-0.217751
-0.0339337
-0.21544
-0.0398782
-0.217299
-0.0468769
-0.22002
-0.0424265
-0.225565
-0.166397
0.124418
-0.181647
0.118216
-0.192236
0.111253
-0.201807
0.103582
-0.21019
0.0952753
-0.217243
0.0864159
-0.222843
0.0770905
-0.226917
0.0673839
-0.229437
0.0573735
-0.23042
0.0471302
-0.22994
0.0367155
-0.228124
0.0261819
-0.225164
0.0155518
-0.22133
0.00475739
-0.21699
-0.00623809
-0.212577
-0.0173649
-0.209216
-0.0298103
-0.208872
-0.0444328
-0.208582
-0.0504879
-0.221929
-0.218623
0.24883
0.238352
0.226174
0.212452
0.197365
0.181112
0.163909
0.14598
0.127562
0.108882
0.0901417
0.0715054
0.0530801
0.0349041
0.0169776
-0.001077
-0.0214802
-0.0436041
-0.0620158
)
;

boundaryField
{
    inlet
    {
        type            calculated;
        value           nonuniform List<scalar> 
41
(
-0.182927
-0.182927
-0.182927
-0.182927
-0.182927
-0.182927
-0.182927
-0.182927
-0.182927
-0.182927
-0.182927
-0.182927
-0.182927
-0.182927
-0.182927
-0.182927
-0.182927
-0.182927
-0.182927
-0.182927
-0.182927
-0.182927
-0.182927
-0.182927
-0.182927
-0.182927
-0.182927
-0.182927
-0.182927
-0.182927
-0.182927
-0.182927
-0.182927
-0.182927
-0.182927
-0.182927
-0.182927
-0.182927
-0.182927
-0.182927
-0.182927
)
;
    }
    outlet
    {
        type            calculated;
        value           nonuniform List<scalar> 
41
(
0.181357
0.186467
0.188204
0.189035
0.189769
0.190508
0.19125
0.19193
0.192451
0.192728
0.19279
0.192746
0.192736
0.193034
0.193839
0.194829
0.195033
0.192364
0.183946
0.168377
0.153736
0.157518
0.166451
0.169185
0.169997
0.171528
0.173691
0.175991
0.178168
0.180097
0.181709
0.182987
0.183959
0.184662
0.185128
0.185365
0.185438
0.185358
0.18501
0.183642
0.178935
)
;
    }
    dymWall
    {
        type            calculated;
        value           nonuniform List<scalar> 
73
(
-3.25261e-19
-1.6263e-19
5.42101e-20
-5.42101e-20
-1.6263e-19
5.42101e-20
5.42101e-20
-8.13152e-20
0
-6.77626e-21
3.38813e-21
1.35525e-20
2.71051e-20
-2.71051e-20
1.0842e-19
0
5.42101e-20
0
-4.33681e-19
2.1684e-19
-8.67362e-19
-8.67362e-19
0
0
0
0
2.1684e-19
-2.1684e-19
-1.0842e-19
5.42101e-20
0
0
0
-2.1684e-19
0
4.33681e-19
4.33681e-19
-4.33681e-19
0
0
-4.33681e-19
-4.33681e-19
-4.33681e-19
2.1684e-19
0
0
-4.93038e-32
0
-2.1684e-19
0
-4.33681e-19
0
0
0
-8.67362e-19
8.67362e-19
0
4.33681e-19
4.33681e-19
0
-2.1684e-19
2.1684e-19
0
5.42101e-20
2.1684e-19
-2.1684e-19
0
-8.67362e-19
-8.67362e-19
8.67362e-19
0
0
0
)
;
    }
    AMI1
    {
        type            cyclicAMI;
        value           nonuniform List<scalar> 
73
(
0.0244139
-0.000270293
-0.0415996
-0.0891693
-0.11186
-0.115419
-0.111019
-0.0854254
-0.037262
0.0207767
0.0726579
0.113905
0.146567
0.175231
0.202766
0.230149
0.256883
0.281668
0.303853
0.323399
0.339134
0.346131
0.338773
0.316499
0.283282
0.243893
0.203081
0.164217
0.129668
0.100813
0.0781455
0.0611988
0.0491499
0.0410971
0.0360996
0.0332516
0.0318523
0.0314022
0.0313236
0.0307244
-0.249639
-0.317252
-0.380724
-0.433807
-0.47121
-0.489656
-0.488269
-0.468719
-0.433781
-0.38628
-0.33013
-0.268767
-0.206121
-0.14629
-0.0929891
-0.0489676
-0.0155976
0.0072729
0.0210834
0.0280537
0.0751495
0.120061
0.155811
0.173528
0.171161
0.152443
0.125014
0.0949696
0.0624902
0.0216957
-0.0383049
-0.129768
-0.257474
)
;
    }
    AMI2
    {
        type            cyclicAMI;
        value           nonuniform List<scalar> 
162
(
-0.014304
-0.0104127
-0.00224255
0.0016025
0.0173175
0.0224965
0.0413483
0.0461116
0.0555286
0.0562798
0.0593154
0.057764
0.059435
0.0549262
0.049435
0.0411026
0.0271988
0.0163921
-0.0020816
-0.0121123
-0.0294557
-0.0370651
-0.0511217
-0.0570297
-0.0676404
-0.0729014
-0.0813456
-0.0867885
-0.093858
-0.100162
-0.106263
-0.113521
-0.118954
-0.1267
-0.131398
-0.139098
-0.14281
-0.150427
-0.152781
-0.160677
-0.161246
-0.173594
-0.17208
-0.178254
-0.173998
-0.175521
-0.168387
-0.164864
-0.155371
-0.148129
-0.137373
-0.127865
-0.116815
-0.10662
-0.0960543
-0.0862146
-0.0766994
-0.0679415
-0.0598376
-0.0525668
-0.0460644
-0.040425
-0.0354857
-0.0313839
-0.0277262
-0.0250313
-0.0223376
-0.0207908
-0.0189089
-0.0181926
-0.0169415
-0.0167576
-0.0159582
-0.0160858
-0.0156317
-0.015919
-0.0157156
-0.0160153
-0.0158905
-0.0160296
-0.0156219
0.113924
0.130648
0.146764
0.163374
0.178568
0.193577
0.206358
0.218329
0.227435
0.235257
0.239894
0.242986
0.242957
0.241264
0.236991
0.230999
0.223159
0.213578
0.202673
0.190317
0.177234
0.163069
0.148472
0.133359
0.118117
0.102977
0.0880684
0.0738183
0.0601711
0.0476356
0.0360052
0.0257734
0.0166119
0.00896504
0.00236591
-0.00276282
-0.00703673
-0.0100041
-0.0124316
-0.0137658
-0.0148935
-0.0203834
-0.024481
-0.0291904
-0.0352139
-0.039445
-0.0437631
-0.0482331
-0.0513642
-0.0540947
-0.0561865
-0.0573054
-0.0577721
-0.057564
-0.0565148
-0.0548883
-0.0528041
-0.0502042
-0.0473064
-0.0442435
-0.0409957
-0.0377132
-0.0344687
-0.0311808
-0.0279278
-0.0246638
-0.0212339
-0.0176791
-0.0139288
-0.00968439
-0.004882
0.000437238
0.00670646
0.0141206
0.0225351
0.0321549
0.043394
0.0558882
0.0693065
0.0845121
0.100752
)
;
    }
    walls
    {
        type            calculated;
        value           uniform 0;
    }
    front
    {
        type            empty;
        value           nonuniform 0();
    }
    back
    {
        type            empty;
        value           nonuniform 0();
    }
}


// ************************************************************************* //
