/*--------------------------------*- C++ -*----------------------------------*\
  =========                 |
  \\      /  F ield         | OpenFOAM: The Open Source CFD Toolbox
   \\    /   O peration     | Website:  https://openfoam.org
    \\  /    A nd           | Version:  6
     \\/     M anipulation  |
\*---------------------------------------------------------------------------*/
FoamFile
{
    version     2.0;
    format      ascii;
    class       vectorField;
    location    "1.29/polyMesh";
    object      points;
}
// * * * * * * * * * * * * * * * * * * * * * * * * * * * * * * * * * * * * * //


1631
(
(-10 7.5 0)
(-10 -7.5 0)
(10 -7.5 0)
(10 7.5 0)
(10 7.5 0)
(-10 7.5 0)
(-10 -7.5 0)
(10 -7.5 0)
(-10 6.71053 0)
(-10 5.92105 0)
(-10 5.13158 0)
(-10 4.34211 0)
(-10 3.55263 0)
(-10 2.76316 0)
(-10 1.97368 0)
(-10 1.18421 0)
(-10 0.394737 0)
(-10 -0.394737 0)
(-10 -1.18421 0)
(-10 -1.97368 0)
(-10 -2.76316 0)
(-10 -3.55263 0)
(-10 -4.34211 0)
(-10 -5.13158 0)
(-10 -5.92105 0)
(-10 -6.71053 0)
(-8.94737 -7.5 0)
(-7.89474 -7.5 0)
(-6.84211 -7.5 0)
(-5.78947 -7.5 0)
(-4.73684 -7.5 0)
(-3.68421 -7.5 0)
(-2.63158 -7.5 0)
(-1.57895 -7.5 0)
(-0.526316 -7.5 0)
(0.526316 -7.5 0)
(1.57895 -7.5 0)
(2.63158 -7.5 0)
(3.68421 -7.5 0)
(4.73684 -7.5 0)
(5.78947 -7.5 0)
(6.84211 -7.5 0)
(7.89474 -7.5 0)
(8.94737 -7.5 0)
(10 -6.71053 0)
(10 -5.92105 0)
(10 -5.13158 0)
(10 -4.34211 0)
(10 -3.55263 0)
(10 -2.76316 0)
(10 -1.97368 0)
(10 -1.18421 0)
(10 -0.394737 0)
(10 0.394737 0)
(10 1.18421 0)
(10 1.97368 0)
(10 2.76316 0)
(10 3.55263 0)
(10 4.34211 0)
(10 5.13158 0)
(10 5.92105 0)
(10 6.71053 0)
(8.94737 7.5 0)
(7.89474 7.5 0)
(6.84211 7.5 0)
(5.78947 7.5 0)
(4.73684 7.5 0)
(3.68421 7.5 0)
(2.63158 7.5 0)
(1.57895 7.5 0)
(0.526316 7.5 0)
(-0.526316 7.5 0)
(-1.57895 7.5 0)
(-2.63158 7.5 0)
(-3.68421 7.5 0)
(-4.73684 7.5 0)
(-5.78947 7.5 0)
(-6.84211 7.5 0)
(-7.89474 7.5 0)
(-8.94737 7.5 0)
(8.94737 7.5 0)
(7.89474 7.5 0)
(6.84211 7.5 0)
(5.78947 7.5 0)
(4.73684 7.5 0)
(3.68421 7.5 0)
(2.63158 7.5 0)
(1.57895 7.5 0)
(0.526316 7.5 0)
(-0.526316 7.5 0)
(-1.57895 7.5 0)
(-2.63158 7.5 0)
(-3.68421 7.5 0)
(-4.73684 7.5 0)
(-5.78947 7.5 0)
(-6.84211 7.5 0)
(-7.89474 7.5 0)
(-8.94737 7.5 0)
(-10 6.71053 0)
(-10 5.92105 0)
(-10 5.13158 0)
(-10 4.34211 0)
(-10 3.55263 0)
(-10 2.76316 0)
(-10 1.97368 0)
(-10 1.18421 0)
(-10 0.394737 0)
(-10 -0.394737 0)
(-10 -1.18421 0)
(-10 -1.97368 0)
(-10 -2.76316 0)
(-10 -3.55263 0)
(-10 -4.34211 0)
(-10 -5.13158 0)
(-10 -5.92105 0)
(-10 -6.71053 0)
(-8.94737 -7.5 0)
(-7.89474 -7.5 0)
(-6.84211 -7.5 0)
(-5.78947 -7.5 0)
(-4.73684 -7.5 0)
(-3.68421 -7.5 0)
(-2.63158 -7.5 0)
(-1.57895 -7.5 0)
(-0.526316 -7.5 0)
(0.526316 -7.5 0)
(1.57895 -7.5 0)
(2.63158 -7.5 0)
(3.68421 -7.5 0)
(4.73684 -7.5 0)
(5.78947 -7.5 0)
(6.84211 -7.5 0)
(7.89474 -7.5 0)
(8.94737 -7.5 0)
(10 -6.71053 0)
(10 -5.92105 0)
(10 -5.13158 0)
(10 -4.34211 0)
(10 -3.55263 0)
(10 -2.76316 0)
(10 -1.97368 0)
(10 -1.18421 0)
(10 -0.394737 0)
(10 0.394737 0)
(10 1.18421 0)
(10 1.97368 0)
(10 2.76316 0)
(10 3.55263 0)
(10 4.34211 0)
(10 5.13158 0)
(10 5.92105 0)
(10 6.71053 0)
(8.78076 6.8637 0)
(7.57957 7.00028 0)
(6.41253 7.10546 0)
(5.29205 7.16784 0)
(4.22547 7.18066 0)
(3.2143 7.14254 0)
(2.25406 7.0576 0)
(1.33473 6.93505 0)
(0.441858 6.78817 0)
(-0.441858 6.63288 0)
(-1.33473 6.486 0)
(-2.25406 6.36345 0)
(-3.2143 6.27851 0)
(-4.22547 6.24039 0)
(-5.29205 6.25321 0)
(-6.41253 6.31559 0)
(-7.57957 6.42077 0)
(-8.78076 6.55735 0)
(8.6322 6.21081 0)
(7.29855 6.46916 0)
(6.02951 6.66812 0)
(4.84853 6.78612 0)
(3.76951 6.81038 0)
(2.79532 6.73827 0)
(1.91745 6.57759 0)
(1.11697 6.34578 0)
(0.366553 6.06793 0)
(-0.366553 5.77417 0)
(-1.11697 5.49633 0)
(-1.91745 5.26451 0)
(-2.79532 5.10384 0)
(-3.76951 5.03173 0)
(-4.84853 5.05598 0)
(-6.02951 5.17399 0)
(-7.29855 5.37295 0)
(-8.6322 5.6313 0)
(8.5178 5.52651 0)
(7.08214 5.87864 0)
(5.73455 6.14982 0)
(4.50697 6.31066 0)
(3.41838 6.34372 0)
(2.47266 6.24543 0)
(1.65823 6.02644 0)
(0.949277 5.71047 0)
(0.30856 5.33178 0)
(-0.30856 4.93138 0)
(-0.949277 4.55269 0)
(-1.65823 4.23672 0)
(-2.47266 4.01773 0)
(-3.41838 3.91944 0)
(-4.50697 3.9525 0)
(-5.73455 4.11334 0)
(-7.08214 4.38451 0)
(-8.5178 4.73665 0)
(8.44994 4.79942 0)
(6.95379 5.20717 0)
(5.55961 5.52118 0)
(4.3044 5.70743 0)
(3.21012 5.74571 0)
(2.28129 5.6319 0)
(1.50448 5.37831 0)
(0.849818 5.01244 0)
(0.274165 4.57392 0)
(-0.274165 4.11029 0)
(-0.849818 3.67177 0)
(-1.50448 3.3059 0)
(-2.28129 3.05231 0)
(-3.21012 2.9385 0)
(-4.3044 2.97679 0)
(-5.55961 3.16303 0)
(-6.95379 3.47704 0)
(-8.44994 3.88479 0)
(8.436 4.02277 0)
(6.92741 4.44196 0)
(5.52364 4.76478 0)
(4.26275 4.95624 0)
(3.16731 4.9956 0)
(2.24195 4.87859 0)
(1.47288 4.6179 0)
(0.829372 4.24176 0)
(0.267094 3.79095 0)
(-0.267094 3.31431 0)
(-0.829372 2.8635 0)
(-1.47288 2.48737 0)
(-2.24195 2.22667 0)
(-3.16731 2.10966 0)
(-4.26275 2.14902 0)
(-5.52364 2.34049 0)
(-6.92741 2.66331 0)
(-8.436 3.0825 0)
(8.47746 3.19517 0)
(7.00584 3.58037 0)
(5.63055 3.87701 0)
(4.38655 4.05295 0)
(3.29458 4.08912 0)
(2.3589 3.9816 0)
(1.56684 3.74204 0)
(0.890154 3.39641 0)
(0.288114 2.98215 0)
(-0.288114 2.54416 0)
(-0.890154 2.12991 0)
(-1.56684 1.78427 0)
(-2.3589 1.54472 0)
(-3.29458 1.4372 0)
(-4.38655 1.47337 0)
(-5.63055 1.6493 0)
(-7.00584 1.94595 0)
(-8.47746 2.33114 0)
(8.56985 2.32076 0)
(7.18061 2.63023 0)
(5.86876 2.86854 0)
(4.66238 3.00989 0)
(3.57814 3.03895 0)
(2.61947 2.95257 0)
(1.77617 2.76011 0)
(1.02558 2.48243 0)
(0.334946 2.14962 0)
(-0.334946 1.79775 0)
(-1.02558 1.46494 0)
(-1.77617 1.18726 0)
(-2.61947 0.994801 0)
(-3.57814 0.90842 0)
(-4.66238 0.937478 0)
(-5.86876 1.07882 0)
(-7.18061 1.31714 0)
(-8.56985 1.62661 0)
(8.70315 1.40874 0)
(7.43276 1.60893 0)
(6.21244 1.7631 0)
(5.06034 1.85454 0)
(3.98727 1.87334 0)
(2.99542 1.81746 0)
(2.07821 1.69296 0)
(1.22097 1.51332 0)
(0.402517 1.29803 0)
(-0.402517 1.07039 0)
(-1.22097 0.855097 0)
(-2.07821 0.675463 0)
(-2.99542 0.550961 0)
(-3.98727 0.49508 0)
(-5.06034 0.513878 0)
(-6.21244 0.605317 0)
(-7.43276 0.759487 0)
(-8.70315 0.959683 0)
(8.86291 0.472384 0)
(7.73497 0.541617 0)
(6.62435 0.594933 0)
(5.53732 0.626555 0)
(4.47762 0.633055 0)
(3.44601 0.613731 0)
(2.44021 0.570674 0)
(1.45515 0.508553 0)
(0.483503 0.434097 0)
(-0.483503 0.355376 0)
(-1.45515 0.280921 0)
(-2.44021 0.218799 0)
(-3.44601 0.175743 0)
(-4.47762 0.156418 0)
(-5.53732 0.162919 0)
(-6.62435 0.194541 0)
(-7.73497 0.247857 0)
(-8.86291 0.31709 0)
(9.03183 -0.472384 0)
(8.0545 -0.541617 0)
(7.05986 -0.594933 0)
(6.04162 -0.626555 0)
(4.99606 -0.633055 0)
(3.92241 -0.613731 0)
(2.82295 -0.570674 0)
(1.70275 -0.508553 0)
(0.569129 -0.434097 0)
(-0.569129 -0.355376 0)
(-1.70275 -0.280921 0)
(-2.82295 -0.218799 0)
(-3.92241 -0.175743 0)
(-4.99606 -0.156418 0)
(-6.04162 -0.162919 0)
(-7.05986 -0.194541 0)
(-8.0545 -0.247857 0)
(-9.03183 -0.31709 0)
(9.19159 -1.40874 0)
(8.35671 -1.60893 0)
(7.47178 -1.7631 0)
(6.5186 -1.85454 0)
(5.48642 -1.87334 0)
(4.373 -1.81746 0)
(3.18495 -1.69296 0)
(1.93693 -1.51332 0)
(0.650115 -1.29803 0)
(-0.650115 -1.07039 0)
(-1.93693 -0.855097 0)
(-3.18495 -0.675463 0)
(-4.373 -0.550961 0)
(-5.48642 -0.49508 0)
(-6.5186 -0.513878 0)
(-7.47178 -0.605317 0)
(-8.35671 -0.759487 0)
(-9.19159 -0.959683 0)
(9.32489 -2.32076 0)
(8.60886 -2.63023 0)
(7.81546 -2.86854 0)
(6.91657 -3.00989 0)
(5.89554 -3.03895 0)
(4.74895 -2.95257 0)
(3.48698 -2.76011 0)
(2.13232 -2.48243 0)
(0.717685 -2.14962 0)
(-0.717685 -1.79775 0)
(-2.13232 -1.46494 0)
(-3.48698 -1.18726 0)
(-4.74895 -0.994801 0)
(-5.89554 -0.90842 0)
(-6.91657 -0.937478 0)
(-7.81546 -1.07882 0)
(-8.60886 -1.31714 0)
(-9.32489 -1.62661 0)
(9.41728 -3.19517 0)
(8.78363 -3.58037 0)
(8.05366 -3.87701 0)
(7.1924 -4.05295 0)
(6.1791 -4.08912 0)
(5.00952 -3.9816 0)
(3.69632 -3.74204 0)
(2.26774 -3.39641 0)
(0.764518 -2.98215 0)
(-0.764518 -2.54416 0)
(-2.26774 -2.12991 0)
(-3.69632 -1.78427 0)
(-5.00952 -1.54472 0)
(-6.1791 -1.4372 0)
(-7.1924 -1.47337 0)
(-8.05366 -1.6493 0)
(-8.78363 -1.94595 0)
(-9.41728 -2.33114 0)
(9.45874 -4.02277 0)
(8.86207 -4.44196 0)
(8.16057 -4.76478 0)
(7.31619 -4.95624 0)
(6.30638 -4.9956 0)
(5.12647 -4.87859 0)
(3.79028 -4.6179 0)
(2.32852 -4.24176 0)
(0.785538 -3.79095 0)
(-0.785538 -3.31431 0)
(-2.32852 -2.8635 0)
(-3.79028 -2.48737 0)
(-5.12647 -2.22667 0)
(-6.30638 -2.10966 0)
(-7.31619 -2.14902 0)
(-8.16057 -2.34049 0)
(-8.86207 -2.66331 0)
(-9.45874 -3.0825 0)
(9.44479 -4.79942 0)
(8.83568 -5.20717 0)
(8.1246 -5.52118 0)
(7.27455 -5.70743 0)
(6.26356 -5.74571 0)
(5.08713 -5.6319 0)
(3.75867 -5.37831 0)
(2.30808 -5.01244 0)
(0.778467 -4.57392 0)
(-0.778467 -4.11029 0)
(-2.30808 -3.67177 0)
(-3.75867 -3.3059 0)
(-5.08713 -3.05231 0)
(-6.26356 -2.9385 0)
(-7.27455 -2.97679 0)
(-8.1246 -3.16303 0)
(-8.83568 -3.47704 0)
(-9.44479 -3.88479 0)
(9.37694 -5.52651 0)
(8.70733 -5.87864 0)
(7.94966 -6.14982 0)
(7.07197 -6.31066 0)
(6.05531 -6.34372 0)
(4.89576 -6.24543 0)
(3.60493 -6.02644 0)
(2.20862 -5.71047 0)
(0.744072 -5.33178 0)
(-0.744072 -4.93138 0)
(-2.20862 -4.55269 0)
(-3.60493 -4.23672 0)
(-4.89576 -4.01773 0)
(-6.05531 -3.91944 0)
(-7.07197 -3.9525 0)
(-7.94966 -4.11334 0)
(-8.70733 -4.38451 0)
(-9.37694 -4.73665 0)
(9.26254 -6.21081 0)
(8.49092 -6.46916 0)
(7.6547 -6.66812 0)
(6.73042 -6.78612 0)
(5.70417 -6.81038 0)
(4.5731 -6.73827 0)
(3.34571 -6.57759 0)
(2.04092 -6.34578 0)
(0.686079 -6.06793 0)
(-0.686079 -5.77417 0)
(-2.04092 -5.49633 0)
(-3.34571 -5.26451 0)
(-4.5731 -5.10384 0)
(-5.70417 -5.03173 0)
(-6.73042 -5.05598 0)
(-7.6547 -5.17399 0)
(-8.49092 -5.37295 0)
(-9.26254 -5.6313 0)
(9.11398 -6.8637 0)
(8.20991 -7.00028 0)
(7.27168 -7.10546 0)
(6.2869 -7.16784 0)
(5.24822 -7.18066 0)
(4.15412 -7.14254 0)
(3.0091 -7.0576 0)
(1.82317 -6.93505 0)
(0.610774 -6.78817 0)
(-0.610774 -6.63288 0)
(-1.82317 -6.486 0)
(-3.0091 -6.36345 0)
(-4.15412 -6.27851 0)
(-5.24822 -6.24039 0)
(-6.2869 -6.25321 0)
(-7.27168 -6.31559 0)
(-8.20991 -6.42077 0)
(-9.11398 -6.55735 0)
(-8.78076 6.55735 0)
(-7.57957 6.42077 0)
(-6.41253 6.31559 0)
(-5.29205 6.25321 0)
(-4.22547 6.24039 0)
(-3.2143 6.27851 0)
(-2.25406 6.36345 0)
(-1.33473 6.486 0)
(-0.441858 6.63288 0)
(0.441858 6.78817 0)
(1.33473 6.93505 0)
(2.25406 7.0576 0)
(3.2143 7.14254 0)
(4.22547 7.18066 0)
(5.29205 7.16784 0)
(6.41253 7.10546 0)
(7.57957 7.00028 0)
(8.78076 6.8637 0)
(-8.6322 5.6313 0)
(-7.29855 5.37295 0)
(-6.02951 5.17399 0)
(-4.84853 5.05598 0)
(-3.76951 5.03173 0)
(-2.79532 5.10384 0)
(-1.91745 5.26451 0)
(-1.11697 5.49633 0)
(-0.366553 5.77417 0)
(0.366553 6.06793 0)
(1.11697 6.34578 0)
(1.91745 6.57759 0)
(2.79532 6.73827 0)
(3.76951 6.81038 0)
(4.84853 6.78612 0)
(6.02951 6.66812 0)
(7.29855 6.46916 0)
(8.6322 6.21081 0)
(-8.5178 4.73665 0)
(-7.08214 4.38451 0)
(-5.73455 4.11334 0)
(-4.50697 3.9525 0)
(-3.41838 3.91944 0)
(-2.47266 4.01773 0)
(-1.65823 4.23672 0)
(-0.949277 4.55269 0)
(-0.30856 4.93138 0)
(0.30856 5.33178 0)
(0.949277 5.71047 0)
(1.65823 6.02644 0)
(2.47266 6.24543 0)
(3.41838 6.34372 0)
(4.50697 6.31066 0)
(5.73455 6.14982 0)
(7.08214 5.87864 0)
(8.5178 5.52651 0)
(-8.44994 3.88479 0)
(-6.95379 3.47704 0)
(-5.55961 3.16303 0)
(-4.3044 2.97679 0)
(-3.21012 2.9385 0)
(-2.28129 3.05231 0)
(-1.50448 3.3059 0)
(-0.849818 3.67177 0)
(-0.274165 4.11029 0)
(0.274165 4.57392 0)
(0.849818 5.01244 0)
(1.50448 5.37831 0)
(2.28129 5.6319 0)
(3.21012 5.74571 0)
(4.3044 5.70743 0)
(5.55961 5.52118 0)
(6.95379 5.20717 0)
(8.44994 4.79942 0)
(-8.436 3.0825 0)
(-6.92741 2.66331 0)
(-5.52364 2.34049 0)
(-4.26275 2.14902 0)
(-3.16731 2.10966 0)
(-2.24195 2.22667 0)
(-1.47288 2.48737 0)
(-0.829372 2.8635 0)
(-0.267094 3.31431 0)
(0.267094 3.79095 0)
(0.829372 4.24176 0)
(1.47288 4.6179 0)
(2.24195 4.87859 0)
(3.16731 4.9956 0)
(4.26275 4.95624 0)
(5.52364 4.76478 0)
(6.92741 4.44196 0)
(8.436 4.02277 0)
(-8.47746 2.33114 0)
(-7.00584 1.94595 0)
(-5.63055 1.6493 0)
(-4.38655 1.47337 0)
(-3.29458 1.4372 0)
(-2.3589 1.54472 0)
(-1.56684 1.78427 0)
(-0.890154 2.12991 0)
(-0.288114 2.54416 0)
(0.288114 2.98215 0)
(0.890154 3.39641 0)
(1.56684 3.74204 0)
(2.3589 3.9816 0)
(3.29458 4.08912 0)
(4.38655 4.05295 0)
(5.63055 3.87701 0)
(7.00584 3.58037 0)
(8.47746 3.19517 0)
(-8.56985 1.62661 0)
(-7.18061 1.31714 0)
(-5.86876 1.07882 0)
(-4.66238 0.937478 0)
(-3.57814 0.90842 0)
(-2.61947 0.994801 0)
(-1.77617 1.18726 0)
(-1.02558 1.46494 0)
(-0.334946 1.79775 0)
(0.334946 2.14962 0)
(1.02558 2.48243 0)
(1.77617 2.76011 0)
(2.61947 2.95257 0)
(3.57814 3.03895 0)
(4.66238 3.00989 0)
(5.86876 2.86854 0)
(7.18061 2.63023 0)
(8.56985 2.32076 0)
(-8.70315 0.959683 0)
(-7.43276 0.759487 0)
(-6.21244 0.605317 0)
(-5.06034 0.513878 0)
(-3.98727 0.49508 0)
(-2.99542 0.550961 0)
(-2.07821 0.675463 0)
(-1.22097 0.855097 0)
(-0.402517 1.07039 0)
(0.402517 1.29803 0)
(1.22097 1.51332 0)
(2.07821 1.69296 0)
(2.99542 1.81746 0)
(3.98727 1.87334 0)
(5.06034 1.85454 0)
(6.21244 1.7631 0)
(7.43276 1.60893 0)
(8.70315 1.40874 0)
(-8.86291 0.31709 0)
(-7.73497 0.247857 0)
(-6.62435 0.194541 0)
(-5.53732 0.162919 0)
(-4.47762 0.156418 0)
(-3.44601 0.175743 0)
(-2.44021 0.218799 0)
(-1.45515 0.280921 0)
(-0.483503 0.355376 0)
(0.483503 0.434097 0)
(1.45515 0.508553 0)
(2.44021 0.570674 0)
(3.44601 0.613731 0)
(4.47762 0.633055 0)
(5.53732 0.626555 0)
(6.62435 0.594933 0)
(7.73497 0.541617 0)
(8.86291 0.472384 0)
(-9.03183 -0.31709 0)
(-8.0545 -0.247857 0)
(-7.05986 -0.194541 0)
(-6.04162 -0.162919 0)
(-4.99606 -0.156418 0)
(-3.92241 -0.175743 0)
(-2.82295 -0.218799 0)
(-1.70275 -0.280921 0)
(-0.569129 -0.355376 0)
(0.569129 -0.434097 0)
(1.70275 -0.508553 0)
(2.82295 -0.570674 0)
(3.92241 -0.613731 0)
(4.99606 -0.633055 0)
(6.04162 -0.626555 0)
(7.05986 -0.594933 0)
(8.0545 -0.541617 0)
(9.03183 -0.472384 0)
(-9.19159 -0.959683 0)
(-8.35671 -0.759487 0)
(-7.47178 -0.605317 0)
(-6.5186 -0.513878 0)
(-5.48642 -0.49508 0)
(-4.373 -0.550961 0)
(-3.18495 -0.675463 0)
(-1.93693 -0.855097 0)
(-0.650115 -1.07039 0)
(0.650115 -1.29803 0)
(1.93693 -1.51332 0)
(3.18495 -1.69296 0)
(4.373 -1.81746 0)
(5.48642 -1.87334 0)
(6.5186 -1.85454 0)
(7.47178 -1.7631 0)
(8.35671 -1.60893 0)
(9.19159 -1.40874 0)
(-9.32489 -1.62661 0)
(-8.60886 -1.31714 0)
(-7.81546 -1.07882 0)
(-6.91657 -0.937478 0)
(-5.89554 -0.90842 0)
(-4.74895 -0.994801 0)
(-3.48698 -1.18726 0)
(-2.13232 -1.46494 0)
(-0.717685 -1.79775 0)
(0.717685 -2.14962 0)
(2.13232 -2.48243 0)
(3.48698 -2.76011 0)
(4.74895 -2.95257 0)
(5.89554 -3.03895 0)
(6.91657 -3.00989 0)
(7.81546 -2.86854 0)
(8.60886 -2.63023 0)
(9.32489 -2.32076 0)
(-9.41728 -2.33114 0)
(-8.78363 -1.94595 0)
(-8.05366 -1.6493 0)
(-7.1924 -1.47337 0)
(-6.1791 -1.4372 0)
(-5.00952 -1.54472 0)
(-3.69632 -1.78427 0)
(-2.26774 -2.12991 0)
(-0.764518 -2.54416 0)
(0.764518 -2.98215 0)
(2.26774 -3.39641 0)
(3.69632 -3.74204 0)
(5.00952 -3.9816 0)
(6.1791 -4.08912 0)
(7.1924 -4.05295 0)
(8.05366 -3.87701 0)
(8.78363 -3.58037 0)
(9.41728 -3.19517 0)
(-9.45874 -3.0825 0)
(-8.86207 -2.66331 0)
(-8.16057 -2.34049 0)
(-7.31619 -2.14902 0)
(-6.30638 -2.10966 0)
(-5.12647 -2.22667 0)
(-3.79028 -2.48737 0)
(-2.32852 -2.8635 0)
(-0.785538 -3.31431 0)
(0.785538 -3.79095 0)
(2.32852 -4.24176 0)
(3.79028 -4.6179 0)
(5.12647 -4.87859 0)
(6.30638 -4.9956 0)
(7.31619 -4.95624 0)
(8.16057 -4.76478 0)
(8.86207 -4.44196 0)
(9.45874 -4.02277 0)
(-9.44479 -3.88479 0)
(-8.83568 -3.47704 0)
(-8.1246 -3.16303 0)
(-7.27455 -2.97679 0)
(-6.26356 -2.9385 0)
(-5.08713 -3.05231 0)
(-3.75867 -3.3059 0)
(-2.30808 -3.67177 0)
(-0.778467 -4.11029 0)
(0.778467 -4.57392 0)
(2.30808 -5.01244 0)
(3.75867 -5.37831 0)
(5.08713 -5.6319 0)
(6.26356 -5.74571 0)
(7.27455 -5.70743 0)
(8.1246 -5.52118 0)
(8.83568 -5.20717 0)
(9.44479 -4.79942 0)
(-9.37694 -4.73665 0)
(-8.70733 -4.38451 0)
(-7.94966 -4.11334 0)
(-7.07197 -3.9525 0)
(-6.05531 -3.91944 0)
(-4.89576 -4.01773 0)
(-3.60493 -4.23672 0)
(-2.20862 -4.55269 0)
(-0.744072 -4.93138 0)
(0.744072 -5.33178 0)
(2.20862 -5.71047 0)
(3.60493 -6.02644 0)
(4.89576 -6.24543 0)
(6.05531 -6.34372 0)
(7.07197 -6.31066 0)
(7.94966 -6.14982 0)
(8.70733 -5.87864 0)
(9.37694 -5.52651 0)
(-9.26254 -5.6313 0)
(-8.49092 -5.37295 0)
(-7.6547 -5.17399 0)
(-6.73042 -5.05598 0)
(-5.70417 -5.03173 0)
(-4.5731 -5.10384 0)
(-3.34571 -5.26451 0)
(-2.04092 -5.49633 0)
(-0.686079 -5.77417 0)
(0.686079 -6.06793 0)
(2.04092 -6.34578 0)
(3.34571 -6.57759 0)
(4.5731 -6.73827 0)
(5.70417 -6.81038 0)
(6.73042 -6.78612 0)
(7.6547 -6.66812 0)
(8.49092 -6.46916 0)
(9.26254 -6.21081 0)
(-9.11398 -6.55735 0)
(-8.20991 -6.42077 0)
(-7.27168 -6.31559 0)
(-6.2869 -6.25321 0)
(-5.24822 -6.24039 0)
(-4.15412 -6.27851 0)
(-3.0091 -6.36345 0)
(-1.82317 -6.486 0)
(-0.610774 -6.63288 0)
(0.610774 -6.78817 0)
(1.82317 -6.93505 0)
(3.0091 -7.0576 0)
(4.15412 -7.14254 0)
(5.24822 -7.18066 0)
(6.2869 -7.16784 0)
(7.27168 -7.10546 0)
(8.20991 -7.00028 0)
(9.11398 -6.8637 0)
(-7.78413 -0.848597 0)
(-0.693866 0.00273327 0)
(-8.35919 -0.530453 0)
(-8.25812 5.75508 0)
(-0.239196 -6.49862 0)
(-2.44023 4.89642 0)
(-8.02828 0.384478 0)
(-4.0928 -0.675537 0)
(-6.99889 -1.96367 0)
(-8.66767 -3.87938 0)
(-5.95963 2.26833 0)
(-2.79314 0.00408616 0)
(0.198895 4.8939 0)
(1.97746 3.71683 0)
(0.564566 0.888334 0)
(7.77744 1.06605 0)
(8.57577 -1.33334 0)
(7.14367 -2.74142 0)
(7.67448 -6.45047 0)
(9.04519 -4.12286 0)
(2.25522 -2.03997 0)
(4.60214 -7.08088 0)
(-7.26629 0.666551 0)
(-7.37598 -1.57725 0)
(6.41631 -2.01363 0)
(-0.90956 -5.84754 0)
(-5.38604 1.69347 0)
(-4.92537 -0.898822 0)
(4.30532 -6.77832 0)
(8.67229 -3.76693 0)
(7.93542 -0.692297 0)
(-8.99674 6.45259 0)
(-2.68405 4.13734 0)
(-9.45742 6.95465 0)
(-9.51442 -6.97577 0)
(9.56615 -7.0281 0)
(9.36969 7.17922 0)
(-9.35922 6.0724 0)
(-9.34366 5.18036 0)
(-9.37985 4.55901 0)
(-9.29606 3.9118 0)
(-9.27746 2.94264 0)
(-9.34257 2.02911 0)
(-9.39861 1.29039 0)
(-9.46856 0.565222 0)
(-9.54499 -0.153978 0)
(-9.61906 -0.879967 0)
(-9.70239 -1.45354 0)
(-9.72696 -2.18097 0)
(-9.75549 -2.86358 0)
(-9.76173 -3.56446 0)
(-9.75727 -4.45435 0)
(-9.76145 -5.3281 0)
(-9.71289 -6.16887 0)
(-8.50808 -7.14316 0)
(-7.59803 -7.07866 0)
(-6.58182 -7.04518 0)
(-5.60796 -6.65606 0)
(-4.45664 -6.75081 0)
(-3.3391 -7.00538 0)
(-2.21757 -7.11992 0)
(-1.112 -7.16858 0)
(-0.069276 -6.96989 0)
(1.12107 -7.24355 0)
(2.10877 -7.27437 0)
(3.31069 -7.30492 0)
(4.49265 -7.37829 0)
(5.36604 -7.38434 0)
(6.63273 -7.26434 0)
(7.61851 -7.21237 0)
(8.59947 -7.21791 0)
(9.67306 -6.41447 0)
(9.7546 -5.71183 0)
(9.7334 -5.10482 0)
(9.7725 -4.05975 0)
(9.74905 -3.18468 0)
(9.75011 -2.53099 0)
(9.68416 -1.90078 0)
(9.61964 -1.04244 0)
(9.54499 -0.18434 0)
(9.46839 0.676155 0)
(9.36077 1.71814 0)
(9.45849 2.57621 0)
(9.31362 3.27052 0)
(9.27093 4.16882 0)
(9.31842 5.09921 0)
(9.48363 5.71183 0)
(9.4245 6.40641 0)
(8.23319 7.29561 0)
(7.1928 7.23123 0)
(5.97845 7.29209 0)
(5.00783 7.3128 0)
(3.93324 7.37783 0)
(2.98143 7.34285 0)
(1.96369 7.20821 0)
(1.02455 7.19027 0)
(1.0248e-11 6.98245 0)
(-0.957427 6.97587 0)
(-2.08693 7.01497 0)
(-3.00482 7.08244 0)
(-4.04939 6.99094 0)
(-5.16119 7.02916 0)
(-6.04532 7.0411 0)
(-7.13132 7.07178 0)
(-8.45016 7.05858 0)
(8.12311 6.78445 0)
(6.81552 6.82481 0)
(5.52356 6.84567 0)
(4.40782 6.91556 0)
(3.60509 7.04934 0)
(2.52426 6.89037 0)
(1.57455 6.61021 0)
(0.788704 6.45289 0)
(7.35343e-12 6.1285 0)
(-0.867611 6.00021 0)
(-1.74317 5.96746 0)
(-2.61952 6.00147 0)
(-3.43604 5.53128 0)
(-4.62395 5.92872 0)
(-5.64895 5.8712 0)
(-6.81989 5.80995 0)
(-8.29814 6.09699 0)
(7.86925 6.03241 0)
(6.58131 6.44804 0)
(5.25083 6.50487 0)
(4.06106 6.53207 0)
(3.15395 6.59232 0)
(2.1967 6.49799 0)
(1.43962 6.16133 0)
(0.643991 5.8924 0)
(6.5366e-05 5.33399 0)
(-0.675113 5.17924 0)
(-1.36878 4.76648 0)
(-2.22567 4.70546 0)
(-3.07011 4.36842 0)
(-4.22758 4.5512 0)
(-5.16879 4.48141 0)
(-6.45184 4.48935 0)
(-7.91992 5.18477 0)
(7.59583 5.35017 0)
(6.30368 5.71573 0)
(5.01321 6.02393 0)
(3.67629 6.06636 0)
(2.83617 6.10591 0)
(1.94457 5.84434 0)
(1.20001 5.46355 0)
(0.61905 5.23009 0)
(0.0765484 4.73533 0)
(-0.574074 4.19133 0)
(-1.21768 3.92881 0)
(-1.89152 3.71879 0)
(-2.8638 3.59742 0)
(-3.8736 3.65346 0)
(-4.91343 3.45717 0)
(-6.30514 3.76675 0)
(-7.81703 4.17193 0)
(7.66877 4.43515 0)
(6.20576 4.82945 0)
(4.76766 5.34745 0)
(3.60376 5.45751 0)
(2.68077 5.28438 0)
(1.84401 5.23805 0)
(1.05308 4.78533 0)
(0.541258 4.4175 0)
(0.0286047 3.93067 0)
(-0.56541 3.32948 0)
(-1.19675 3.08891 0)
(-1.85429 2.93748 0)
(-2.69691 2.74899 0)
(-3.7086 2.70499 0)
(-5.04362 2.64841 0)
(-6.21247 2.9816 0)
(-7.67471 3.36062 0)
(7.69166 3.82799 0)
(6.27129 3.97722 0)
(4.95619 4.58367 0)
(3.82342 4.62714 0)
(2.74229 4.40891 0)
(1.8754 4.33697 0)
(1.12531 4.04923 0)
(0.555603 3.6074 0)
(0.0253703 3.04362 0)
(-0.560983 2.6066 0)
(-1.12185 2.42959 0)
(-1.87537 1.979 0)
(-2.72655 1.78663 0)
(-3.73644 1.75429 0)
(-4.89792 1.78514 0)
(-6.16582 2.21496 0)
(-7.67974 2.66285 0)
(7.70274 3.11976 0)
(6.29469 3.20937 0)
(5.13447 3.36402 0)
(3.91277 3.6818 0)
(2.99432 3.49615 0)
(1.9374 3.41699 0)
(1.21823 3.16088 0)
(0.60164 2.97759 0)
(0.000118675 2.36879 0)
(-0.708905 1.92303 0)
(-1.31693 1.53811 0)
(-2.08113 1.27997 0)
(-2.92774 1.1899 0)
(-4.02049 1.0282 0)
(-5.15683 1.24309 0)
(-6.49809 1.54475 0)
(-7.79138 1.78953 0)
(7.92785 1.85913 0)
(6.5195 2.33637 0)
(5.42655 2.39653 0)
(4.31322 2.28232 0)
(3.19601 2.50206 0)
(2.30255 2.46472 0)
(1.45147 2.37415 0)
(0.725599 1.95038 0)
(6.28898e-05 1.7776 0)
(-0.837924 1.25217 0)
(-1.47765 1.10123 0)
(-2.39519 0.8547 0)
(-3.17225 0.823272 0)
(-4.29583 0.689621 0)
(-5.37729 0.821675 0)
(-6.64768 1.00342 0)
(-8.0013 1.00855 0)
(8.13886 0.903632 0)
(6.90457 1.41517 0)
(5.71724 1.43091 0)
(4.81381 1.10329 0)
(3.74337 1.049 0)
(2.63199 1.45946 0)
(1.71711 1.33901 0)
(0.838609 0.921577 0)
(1.29345e-12 0.982153 0)
(-1.00546 0.616727 0)
(-1.70111 0.587867 0)
(-2.62716 0.49536 0)
(-3.60124 0.416454 0)
(-4.63029 0.405395 0)
(-5.99618 0.366257 0)
(-6.92273 0.489775 0)
(-8.15822 0.473564 0)
(8.41004 -0.165934 0)
(7.3214 -0.08982 0)
(6.18648 0.094962 0)
(5.26843 -0.0124508 0)
(4.27387 -0.15753 0)
(3.16175 -0.0105009 0)
(1.98912 0.0837276 0)
(0.948471 0.0727142 0)
(9.74863e-17 -8.77994e-17 0)
(-1.01391 -0.0779636 0)
(-2.10715 -0.0797643 0)
(-3.09093 0.0575984 0)
(-4.17776 0.0513706 0)
(-5.26655 -0.00106069 0)
(-6.3203 -0.00329579 0)
(-7.27792 0.105408 0)
(-8.52889 -0.0411178 0)
(8.66421 -1.17992 0)
(7.66159 -1.09857 0)
(6.78356 -1.21968 0)
(5.73704 -1.07798 0)
(4.71247 -1.25838 0)
(3.58704 -1.18319 0)
(2.34848 -0.819182 0)
(1.18278 -0.715475 0)
(-0.105764 -0.715286 0)
(-1.16205 -0.679274 0)
(-2.49399 -0.626688 0)
(-3.6591 -0.358129 0)
(-4.7129 -0.335734 0)
(-5.72127 -0.344381 0)
(-6.67276 -0.266695 0)
(-7.65836 -0.335292 0)
(-8.67731 -0.688857 0)
(8.88058 -1.99715 0)
(8.08565 -2.24594 0)
(7.22573 -2.57821 0)
(6.10538 -2.22179 0)
(5.05008 -2.15652 0)
(3.88102 -2.04536 0)
(2.58608 -1.8973 0)
(1.35572 -1.78684 0)
(0.00331317 -1.38275 0)
(-1.49754 -1.3221 0)
(-2.69905 -1.02559 0)
(-3.9661 -0.756451 0)
(-5.1742 -0.696643 0)
(-6.10837 -0.656549 0)
(-7.18593 -0.69748 0)
(-7.9734 -0.80307 0)
(-8.88102 -1.14837 0)
(9.0133 -2.71289 0)
(8.33274 -3.10788 0)
(7.52429 -3.47519 0)
(6.5839 -3.58422 0)
(5.49543 -3.5568 0)
(4.2435 -3.29565 0)
(2.91525 -3.11371 0)
(1.46938 -2.64602 0)
(-0.129642 -2.27228 0)
(-1.47015 -1.88517 0)
(-2.83308 -1.60466 0)
(-4.25547 -1.29523 0)
(-5.49392 -1.27417 0)
(-6.58575 -1.1556 0)
(-7.48725 -1.23157 0)
(-8.39147 -1.45179 0)
(-9.11921 -1.87874 0)
(9.08168 -3.69737 0)
(8.49422 -4.30224 0)
(7.68345 -4.21551 0)
(6.78853 -4.55201 0)
(5.69529 -4.52258 0)
(4.39442 -4.46467 0)
(3.05524 -4.12978 0)
(1.41282 -3.51267 0)
(0.00382987 -2.96729 0)
(-1.53866 -2.52384 0)
(-2.9131 -2.26302 0)
(-4.45088 -2.05192 0)
(-5.69566 -1.79254 0)
(-6.85139 -1.86454 0)
(-7.65761 -1.81644 0)
(-8.49469 -2.12312 0)
(-9.19717 -2.4598 0)
(9.16082 -4.403 0)
(8.52739 -5.00502 0)
(7.75805 -5.27333 0)
(6.69618 -5.39421 0)
(5.68773 -5.21417 0)
(4.47041 -5.25334 0)
(2.99208 -4.8573 0)
(1.57227 -4.34425 0)
(-9.23173e-12 -3.75469 0)
(-1.56576 -3.28294 0)
(-3.20198 -2.96214 0)
(-4.47672 -2.72692 0)
(-5.79579 -2.39881 0)
(-6.83434 -2.49931 0)
(-7.80135 -2.49529 0)
(-8.52745 -2.87355 0)
(-9.17063 -3.25824 0)
(9.06228 -5.3494 0)
(8.50841 -5.63273 0)
(7.59367 -6.09691 0)
(6.63912 -6.09648 0)
(5.52561 -5.9698 0)
(4.19255 -5.81744 0)
(2.80208 -5.50685 0)
(1.52182 -5.17645 0)
(0.20469 -4.79565 0)
(-1.65888 -4.19492 0)
(-3.01968 -3.69692 0)
(-4.26956 -3.56264 0)
(-5.55937 -3.68911 0)
(-6.70808 -3.40026 0)
(-7.66396 -3.39888 0)
(-8.48935 -3.66956 0)
(-9.12094 -4.27327 0)
(9.01512 -5.87883 0)
(8.22137 -6.31793 0)
(7.34756 -6.60599 0)
(6.31704 -6.66544 0)
(5.33648 -6.56165 0)
(4.10341 -6.43036 0)
(2.75758 -6.13563 0)
(1.43015 -5.87339 0)
(0.126036 -5.49646 0)
(-1.44752 -5.40181 0)
(-2.95476 -4.76924 0)
(-4.04243 -4.56776 0)
(-5.29345 -4.63012 0)
(-6.32956 -4.7438 0)
(-7.38045 -4.54771 0)
(-8.22536 -4.73959 0)
(-8.97445 -5.01825 0)
(8.7985 -6.59204 0)
(8.00327 -6.7047 0)
(7.00464 -6.94913 0)
(5.90526 -7.09152 0)
(4.82389 -7.03744 0)
(3.73901 -6.82543 0)
(2.56724 -6.74051 0)
(1.29841 -6.53349 0)
(-0.116368 -6.13554 0)
(-1.22948 -6.25025 0)
(-2.56695 -5.88497 0)
(-3.78866 -5.73914 0)
(-5.07089 -5.54821 0)
(-6.01256 -5.62711 0)
(-6.89636 -5.96681 0)
(-7.83417 -6.07237 0)
(-8.78167 -5.97495 0)
(-9.52459 7.2845 0)
(9.52145 7.34357 0)
(8.37253 7.40087 0)
(7.29152 7.42153 0)
(6.23328 7.4373 0)
(5.16675 7.4443 0)
(4.11656 7.44266 0)
(3.08322 7.43383 0)
(2.04471 7.41133 0)
(1.02201 7.39312 0)
(1.17375e-11 7.35901 0)
(-1.02147 7.32734 0)
(-2.05146 7.31499 0)
(-3.08115 7.29088 0)
(-4.12371 7.28445 0)
(-5.17552 7.27569 0)
(-6.22669 7.2825 0)
(-7.29592 7.29776 0)
(-8.37961 7.32635 0)
(-9.74578 7.14433 0)
(-9.78211 -7.1448 0)
(-9.77367 6.27676 0)
(-9.75225 5.46366 0)
(-9.73741 4.66142 0)
(-9.72891 3.86599 0)
(-9.73183 3.07782 0)
(-9.74328 2.29809 0)
(-9.76354 1.52626 0)
(-9.78959 0.760741 0)
(-9.8188 -0.00187848 0)
(-9.848 -0.764505 0)
(-9.87416 -1.52275 0)
(-9.89478 -2.29954 0)
(-9.90649 -3.08426 0)
(-9.90839 -3.86351 0)
(-9.90371 -4.65096 0)
(-9.88786 -5.46425 0)
(-9.86474 -6.2809 0)
(-9.56064 -7.2965 0)
(9.5593 -7.33024 0)
(-8.46468 -7.32132 0)
(-7.44075 -7.29792 0)
(-6.40479 -7.28259 0)
(-5.35611 -7.27355 0)
(-4.30441 -7.27513 0)
(-3.23907 -7.279 0)
(-2.16157 -7.30967 0)
(-1.0824 -7.33407 0)
(0.00480753 -7.34551 0)
(1.0816 -7.3918 0)
(2.15902 -7.41562 0)
(3.23373 -7.43469 0)
(4.31433 -7.43813 0)
(5.35082 -7.445 0)
(6.40121 -7.43754 0)
(7.43705 -7.4221 0)
(8.46095 -7.40546 0)
(9.78703 -7.14785 0)
(9.75094 7.1807 0)
(9.8617 -6.36073 0)
(9.88788 -5.58269 0)
(9.90136 -4.82104 0)
(9.91066 -4.01591 0)
(9.90593 -3.23657 0)
(9.89445 -2.43737 0)
(9.87403 -1.63174 0)
(9.848 -0.818334 0)
(9.8188 -0.00201329 0)
(9.78942 0.815226 0)
(9.76375 1.62968 0)
(9.74982 2.43221 0)
(9.73274 3.24476 0)
(9.72939 4.02969 0)
(9.7362 4.81369 0)
(9.7587 5.58269 0)
(9.7775 6.35473 0)
(9.54264 7.1311 0)
(-9.44097 7.04199 0)
(-9.57535 -7.11255 0)
(9.50095 -7.2031 0)
(8.32601 7.16714 0)
(7.13244 7.33573 0)
(6.22118 7.36416 0)
(4.97923 7.3813 0)
(3.96077 7.30824 0)
(2.96095 7.32435 0)
(1.90201 7.30713 0)
(0.912277 7.26613 0)
(1.11835e-11 7.22232 0)
(-0.980656 7.09992 0)
(-1.85182 7.03196 0)
(-2.87811 6.73405 0)
(-3.89919 6.89245 0)
(-4.91382 6.7586 0)
(-6.08088 6.77839 0)
(-7.18939 6.82218 0)
(-8.18473 7.0477 0)
(-9.46411 6.37568 0)
(-9.36905 5.53167 0)
(-9.30508 4.53764 0)
(-9.30035 3.56897 0)
(-9.37495 2.97156 0)
(-9.3299 2.34915 0)
(-9.38098 1.58801 0)
(-9.44538 0.857663 0)
(-9.51934 0.136187 0)
(-9.59478 -0.584505 0)
(-9.66249 -1.38398 0)
(-9.73172 -2.20352 0)
(-9.7611 -3.10979 0)
(-9.76232 -3.89642 0)
(-9.71587 -4.56507 0)
(-9.67089 -5.39861 0)
(-9.59478 -6.33052 0)
(-8.5833 -6.83176 0)
(-7.54929 -6.82915 0)
(-6.55021 -6.77992 0)
(-5.44687 -7.05198 0)
(-4.48994 -7.01942 0)
(-3.40194 -6.83329 0)
(-2.31465 -6.78842 0)
(-1.15969 -6.88811 0)
(0.0887336 -7.19326 0)
(1.12902 -7.21352 0)
(2.37231 -7.28927 0)
(3.40238 -7.36187 0)
(4.48135 -7.28356 0)
(5.61177 -7.31593 0)
(6.48462 -7.37608 0)
(7.50335 -7.34637 0)
(8.43147 -7.30071 0)
(9.62793 -6.48395 0)
(9.68332 -5.59529 0)
(9.75004 -4.85459 0)
(9.73787 -4.22185 0)
(9.76098 -3.52336 0)
(9.71977 -2.55051 0)
(9.66373 -1.55018 0)
(9.59486 -0.69619 0)
(9.51932 0.162793 0)
(9.44158 1.03929 0)
(9.44865 1.69765 0)
(9.28458 2.4333 0)
(9.30534 3.5443 0)
(9.36927 4.13897 0)
(9.31365 4.77118 0)
(9.29744 5.59477 0)
(9.43393 6.42467 0)
(-8.05449 5.90576 0)
(-6.81628 5.80778 0)
(-5.69827 5.61848 0)
(-4.46393 5.49668 0)
(-3.47018 5.61619 0)
(-2.43606 5.4044 0)
(-1.5882 5.84911 0)
(-0.798069 6.24984 0)
(8.48592e-12 6.48862 0)
(0.82713 6.62108 0)
(1.71309 6.85972 0)
(2.48557 6.84955 0)
(3.3732 6.95756 0)
(4.62544 7.08628 0)
(5.71655 7.03816 0)
(6.82394 6.82953 0)
(8.01334 6.50404 0)
(-7.87928 5.05676 0)
(-6.57766 4.98564 0)
(-5.37618 4.64796 0)
(-4.01027 4.30168 0)
(-3.11554 4.68179 0)
(-2.3139 4.52472 0)
(-1.38565 4.84472 0)
(-0.675113 5.17924 0)
(8.35619e-06 5.69094 0)
(0.721419 5.84534 0)
(1.39143 6.25543 0)
(2.23667 6.40562 0)
(2.97847 6.51592 0)
(4.18603 6.69226 0)
(5.24755 6.49991 0)
(6.45432 6.18066 0)
(7.86808 6.03439 0)
(-7.60424 4.00042 0)
(-6.31872 3.84607 0)
(-5.10827 3.61218 0)
(-3.78038 3.20917 0)
(-2.76557 3.33692 0)
(-1.95532 3.47794 0)
(-1.23076 4.01756 0)
(-0.591576 4.41093 0)
(0.00698703 4.84891 0)
(0.529075 5.07508 0)
(1.23312 5.63663 0)
(1.92825 5.78263 0)
(2.78354 5.95079 0)
(3.95764 6.05718 0)
(4.99554 5.97123 0)
(6.30368 5.71573 0)
(7.81074 5.47011 0)
(-7.66894 3.08022 0)
(-6.17305 2.6383 0)
(-4.71816 2.59866 0)
(-3.68826 2.31209 0)
(-2.67836 2.35131 0)
(-1.83515 2.54415 0)
(-1.10569 2.95378 0)
(-0.495921 3.56487 0)
(-0.0434236 3.97277 0)
(0.541258 4.4175 0)
(1.21838 4.88282 0)
(1.84039 5.17864 0)
(2.68286 5.33311 0)
(3.74533 5.35148 0)
(4.92779 5.14882 0)
(6.22082 5.18981 0)
(7.6741 4.71795 0)
(-7.70865 2.31552 0)
(-6.10502 2.01949 0)
(-4.94885 1.91784 0)
(-3.73644 1.75429 0)
(-2.72573 1.79107 0)
(-1.87539 1.97886 0)
(-1.22374 2.21921 0)
(-0.5501 2.87354 0)
(-0.0450738 3.16642 0)
(0.559365 3.53713 0)
(1.22482 3.98186 0)
(1.8754 4.33697 0)
(2.70036 4.73528 0)
(3.71343 4.41797 0)
(4.81732 4.40728 0)
(6.22474 4.37439 0)
(7.6868 3.82382 0)
(-7.79138 1.78953 0)
(-6.37708 1.37346 0)
(-5.03744 1.34063 0)
(-3.88162 1.28438 0)
(-2.9226 1.19988 0)
(-1.99425 1.49643 0)
(-1.27157 1.69993 0)
(-0.544132 2.02102 0)
(0.00227673 2.37503 0)
(0.645118 2.56539 0)
(1.34864 2.99126 0)
(2.12909 3.47444 0)
(2.82958 3.62349 0)
(3.93724 3.60652 0)
(5.1111 3.45532 0)
(6.42261 3.3912 0)
(7.91865 2.86323 0)
(-7.91326 1.29975 0)
(-6.67034 0.845493 0)
(-5.4745 0.707529 0)
(-4.29583 0.689621 0)
(-3.35472 0.628287 0)
(-2.35879 0.771474 0)
(-1.56497 0.904578 0)
(-0.644767 1.32406 0)
(8.09097e-06 1.41571 0)
(0.734287 1.8904 0)
(1.56332 1.91341 0)
(2.42426 2.07773 0)
(3.38233 2.35487 0)
(4.36036 2.53826 0)
(5.42092 2.4014 0)
(6.7506 2.07468 0)
(8.05788 2.04155 0)
(-8.0229 0.651153 0)
(-7.08136 0.374909 0)
(-5.7072 0.350049 0)
(-4.86972 0.241188 0)
(-3.82452 0.256876 0)
(-2.81954 0.305913 0)
(-1.88598 0.458554 0)
(-0.775446 0.654731 0)
(9.89761e-13 0.704005 0)
(0.824929 0.944925 0)
(1.82316 0.963363 0)
(2.82822 0.904326 0)
(3.76721 1.32636 0)
(4.63346 1.54605 0)
(5.96585 1.14415 0)
(7.03064 1.01549 0)
(8.06024 1.231 0)
(-8.30602 0.120064 0)
(-7.44885 -0.0910784 0)
(-6.3608 -0.0328681 0)
(-5.26402 -0.000268532 0)
(-4.1545 -0.0203234 0)
(-3.04279 -0.0251443 0)
(-2.17189 0.0300733 0)
(-0.968067 0.0739536 0)
(1.61286e-16 -1.40845e-16 0)
(1.12165 -0.136274 0)
(2.19574 -0.15598 0)
(3.15887 -0.00265861 0)
(4.0876 0.290663 0)
(5.32069 -0.131911 0)
(6.43873 -0.205368 0)
(7.49233 -0.0369848 0)
(8.49298 0.0620755 0)
(-8.58892 -0.502273 0)
(-7.81667 -0.538729 0)
(-6.88805 -0.440203 0)
(-5.73453 -0.264206 0)
(-4.7668 -0.372455 0)
(-3.65746 -0.486099 0)
(-2.3474 -0.390021 0)
(-1.30382 -0.57306 0)
(0.0517691 -0.90933 0)
(1.25531 -1.1536 0)
(2.47745 -1.30359 0)
(3.57934 -1.16144 0)
(4.75278 -1.36228 0)
(5.85159 -1.54915 0)
(6.78516 -1.22103 0)
(7.85078 -1.14259 0)
(8.53367 -0.84244 0)
(-8.86046 -1.09494 0)
(-8.06373 -0.960896 0)
(-7.15132 -0.779615 0)
(-6.34047 -0.761115 0)
(-5.10311 -0.748209 0)
(-4.14357 -0.907629 0)
(-2.67732 -0.978769 0)
(-1.29541 -1.27011 0)
(0.000493701 -1.66393 0)
(1.3646 -1.84698 0)
(2.68713 -2.3271 0)
(4.04568 -2.57237 0)
(5.24333 -2.7158 0)
(6.33034 -2.6622 0)
(7.04629 -2.18021 0)
(8.11601 -2.34527 0)
(8.85479 -1.93239 0)
(-9.01118 -1.74024 0)
(-8.34452 -1.56342 0)
(-7.59223 -1.35062 0)
(-6.58267 -1.15611 0)
(-5.45696 -1.05481 0)
(-4.26067 -1.33624 0)
(-3.04587 -1.64676 0)
(-1.50167 -2.1312 0)
(0.0624832 -2.49864 0)
(1.49336 -2.87157 0)
(2.9172 -3.11504 0)
(4.25972 -3.36262 0)
(5.49363 -3.54986 0)
(6.5822 -3.58149 0)
(7.49228 -3.40439 0)
(8.35419 -3.40947 0)
(9.0711 -3.14386 0)
(-9.12347 -2.50343 0)
(-8.49531 -2.12205 0)
(-7.74938 -1.94651 0)
(-6.85617 -1.63152 0)
(-5.69655 -1.79125 0)
(-4.44307 -1.99637 0)
(-3.12066 -2.31001 0)
(-1.55755 -2.85828 0)
(0.000458214 -3.32209 0)
(1.61969 -3.7636 0)
(3.02296 -3.80386 0)
(4.54307 -4.30205 0)
(5.68963 -4.51097 0)
(6.77386 -4.45407 0)
(7.74202 -4.65496 0)
(8.53411 -4.13278 0)
(9.12563 -3.94821 0)
(-9.17063 -3.25824 0)
(-8.52987 -2.78678 0)
(-7.68494 -2.65656 0)
(-6.85129 -2.45652 0)
(-5.636 -2.60389 0)
(-4.4794 -2.64773 0)
(-3.0069 -3.1907 0)
(-1.56216 -3.5644 0)
(-9.89261e-12 -4.03284 0)
(1.56499 -4.39849 0)
(3.1933 -4.80457 0)
(4.47357 -4.9793 0)
(5.83172 -5.40486 0)
(6.95666 -5.38422 0)
(7.75805 -5.27333 0)
(8.52868 -4.93168 0)
(9.16644 -4.71355 0)
(-9.06335 -4.01884 0)
(-8.43449 -3.98565 0)
(-7.58844 -3.76464 0)
(-6.7061 -3.40819 0)
(-5.63459 -3.3421 0)
(-4.42453 -3.65798 0)
(-2.97923 -4.01788 0)
(-1.4459 -4.3666 0)
(-0.189997 -4.68226 0)
(1.51417 -5.25402 0)
(3.17088 -5.59644 0)
(4.53153 -5.87961 0)
(5.62517 -6.12975 0)
(6.80387 -6.01021 0)
(7.68285 -5.8061 0)
(8.38975 -5.76144 0)
(9.12135 -5.45349 0)
(-8.97489 -5.03082 0)
(-8.22422 -4.73981 0)
(-7.38051 -4.5475 0)
(-6.50185 -4.20047 0)
(-5.41058 -4.24804 0)
(-4.13189 -4.80348 0)
(-2.72636 -5.04698 0)
(-1.37901 -5.18061 0)
(-0.0711301 -5.62584 0)
(1.43015 -5.87339 0)
(2.91098 -6.25255 0)
(4.06513 -6.51687 0)
(5.33733 -6.5623 0)
(6.52766 -6.55958 0)
(7.48487 -6.40387 0)
(8.19893 -6.36409 0)
(8.93514 -6.17673 0)
(-8.7797 -5.98371 0)
(-7.9998 -5.54784 0)
(-7.1015 -5.40584 0)
(-6.00964 -5.63483 0)
(-4.81689 -5.83774 0)
(-3.78784 -5.73746 0)
(-2.56717 -5.88953 0)
(-1.37081 -5.90802 0)
(-0.0663498 -6.40773 0)
(1.31422 -6.46342 0)
(2.56724 -6.74051 0)
(3.92018 -6.90873 0)
(4.91907 -6.90426 0)
(6.1056 -6.92284 0)
(7.00629 -6.9505 0)
(7.84677 -6.92751 0)
(8.78423 -6.6309 0)
)


// ************************************************************************* //
