/*--------------------------------*- C++ -*----------------------------------*\
  =========                 |
  \\      /  F ield         | OpenFOAM: The Open Source CFD Toolbox
   \\    /   O peration     | Website:  https://openfoam.org
    \\  /    A nd           | Version:  6
     \\/     M anipulation  |
\*---------------------------------------------------------------------------*/
FoamFile
{
    version     2.0;
    format      ascii;
    class       volScalarField;
    location    "3.73";
    object      e;
}
// * * * * * * * * * * * * * * * * * * * * * * * * * * * * * * * * * * * * * //

dimensions      [0 2 -2 0 0 0 0];

internalField   nonuniform List<scalar> 
10000
(
1006.29
1006.29
1006.29
1006.29
1006.29
1006.29
1006.29
1006.29
1006.29
1006.29
1006.29
1006.29
1006.29
1006.29
1006.29
1006.29
1006.29
1006.29
1006.29
1006.29
1006.29
1006.29
1006.29
1006.29
1006.29
1006.29
1006.29
1006.29
1006.29
1006.29
1006.29
1006.29
1006.29
1006.29
1006.29
1006.29
1006.29
1006.29
1006.29
1006.29
1006.29
1006.29
1006.29
1006.29
1006.29
1006.29
1006.29
1006.29
1006.29
1006.29
1006.29
1006.29
1006.29
1006.29
1006.29
1006.29
1006.29
1006.29
1006.29
1006.29
1006.29
1006.29
1006.29
1006.29
1006.29
1006.29
1006.29
1006.29
1006.29
1006.29
1006.29
1006.29
1006.29
1006.29
1006.29
1006.29
1006.29
1006.29
1006.29
1006.29
1006.29
1006.29
1006.29
1006.29
1006.29
1006.29
1006.29
1006.29
1006.29
1006.29
1006.29
1006.29
1006.29
1006.29
1006.29
1006.29
1006.29
1006.29
1006.29
1006.29
1006.29
1006.29
1006.29
1006.29
1006.29
1006.29
1006.29
1006.29
1006.29
1006.29
1006.29
1006.29
1006.29
1006.29
1006.29
1006.29
1006.29
1006.29
1006.29
1006.29
1006.29
1006.29
1006.29
1006.29
1006.29
1006.29
1006.29
1006.29
1006.29
1006.29
1006.29
1006.29
1006.29
1006.29
1006.29
1006.29
1006.29
1006.29
1006.29
1006.29
1006.29
1006.29
1006.29
1006.29
1006.29
1006.29
1006.29
1006.29
1006.29
1006.29
1006.29
1006.29
1006.29
1006.29
1006.29
1006.29
1006.29
1006.29
1006.29
1006.29
1006.29
1006.29
1006.29
1006.29
1006.29
1006.29
1006.29
1006.29
1006.29
1006.29
1006.29
1006.29
1006.29
1006.29
1006.29
1006.29
1006.29
1006.29
1006.29
1006.29
1006.29
1006.29
1006.29
1006.29
1006.29
1006.29
1006.29
1006.29
1006.29
1006.29
1006.29
1006.29
1006.29
1006.29
1006.29
1006.29
1006.29
1006.29
1006.29
1006.29
1006.29
1006.29
1006.29
1006.29
1006.29
1006.29
1006.29
1006.29
1006.29
1006.29
1006.29
1006.29
1006.29
1006.29
1006.29
1006.29
1006.29
1006.29
1006.29
1006.29
1006.29
1006.29
1006.29
1006.29
1006.29
1006.29
1006.29
1006.29
1006.29
1006.29
1006.29
1006.29
1006.29
1006.29
1006.29
1006.29
1006.29
1006.29
1006.29
1006.29
1006.29
1006.29
1006.29
1006.29
1006.29
1006.29
1006.29
1006.29
1006.29
1006.29
1006.29
1006.29
1006.29
1006.29
1006.29
1006.29
1006.29
1006.29
1006.29
1006.29
1006.29
1006.29
1006.29
1006.29
1006.29
1006.29
1006.29
1006.29
1006.29
1006.29
1006.29
1006.29
1006.29
1006.29
1006.29
1006.29
1006.29
1006.29
1006.29
1006.29
1006.29
1006.29
1006.29
1006.29
1006.29
1006.29
1006.29
1006.29
1006.29
1006.29
1006.29
1006.29
1006.29
1006.29
1006.29
1006.29
1006.29
1006.29
1006.29
1006.29
1006.29
1006.29
1006.29
1006.29
1006.29
1006.29
1006.29
1006.29
1006.29
1006.29
1006.29
1006.29
1006.29
1006.29
1006.29
1006.29
1006.29
1006.29
1006.29
1006.29
1006.29
1006.29
1006.29
1006.29
1006.29
1006.29
1006.29
1006.29
1006.29
1006.29
1006.29
1006.29
1006.29
1006.29
1006.29
1006.29
1006.29
1006.29
1006.29
1006.29
1006.29
1006.29
1006.29
1006.29
1006.29
1006.29
1006.29
1006.29
1006.29
1006.29
1006.29
1006.29
1006.29
1006.29
1006.29
1006.29
1006.29
1006.29
1006.29
1006.29
1006.29
1006.29
1006.29
1006.29
1006.29
1006.29
1006.29
1006.29
1006.29
1006.29
1006.29
1006.29
1006.29
1006.29
1006.29
1006.29
1006.29
1006.29
1006.29
1006.29
1006.29
1006.29
1006.29
1006.29
1006.29
1006.29
1006.29
1006.29
1006.29
1006.29
1006.29
1006.29
1006.29
1006.29
1006.29
1006.29
1006.29
1006.29
1006.29
1006.29
1006.29
1006.29
1006.29
1006.29
1006.29
1006.29
1006.29
1006.29
1006.29
1006.29
1006.29
1006.29
1006.29
1006.29
1006.29
1006.29
1006.29
1006.29
1006.29
1006.29
1006.29
1006.29
1006.29
1006.29
1006.29
1006.29
1006.29
1006.29
1006.29
1006.29
1006.29
1006.29
1006.29
1006.29
1006.29
1006.29
1006.29
1006.29
1006.29
1006.29
1006.29
1006.29
1006.29
1006.29
1006.29
1006.29
1006.29
1006.29
1006.29
1006.29
1006.29
1006.29
1006.29
1006.29
1006.29
1006.29
1006.29
1006.29
1006.29
1006.29
1006.29
1006.29
1006.29
1006.29
1006.29
1006.29
1006.29
1006.29
1006.29
1006.29
1006.29
1006.29
1006.29
1006.29
1006.29
1006.29
1006.29
1006.29
1006.29
1006.29
1006.29
1006.29
1006.29
1006.29
1006.29
1006.29
1006.29
1006.29
1006.29
1006.29
1006.29
1006.29
1006.29
1006.29
1006.29
1006.29
1006.29
1006.29
1006.29
1006.29
1006.29
1006.29
1006.29
1006.29
1006.29
1006.29
1006.29
1006.29
1006.29
1006.29
1006.29
1006.29
1006.29
1006.29
1006.29
1006.29
1006.29
1006.29
1006.29
1006.29
1006.29
1006.29
1006.29
1006.29
1006.29
1006.29
1006.29
1006.29
1006.29
1006.29
1006.29
1006.29
1006.29
1006.29
1006.29
1006.29
1006.29
1006.29
1006.29
1006.29
1006.29
1006.29
1006.29
1006.29
1006.29
1006.29
1006.29
1006.29
1006.29
1006.29
1006.29
1006.29
1006.29
1006.29
1006.29
1006.29
1006.29
1006.29
1006.29
1006.29
1006.29
1006.29
1006.29
1006.29
1006.29
1006.29
1006.29
1006.29
1006.29
1006.29
1006.29
1006.29
1006.29
1006.29
1006.29
1006.29
1006.29
1006.29
1006.29
1006.29
1006.29
1006.29
1006.29
1006.29
1006.29
1006.29
1006.29
1006.29
1006.29
1006.29
1006.29
1006.29
1006.29
1006.29
1006.29
1006.29
1006.29
1006.29
1006.29
1006.29
1006.29
1006.29
1006.29
1006.29
1006.29
1006.29
1006.29
1006.29
1006.29
1006.29
1006.29
1006.29
1006.29
1006.29
1006.29
1006.29
1006.29
1006.29
1006.29
1006.29
1006.29
1006.29
1006.29
1006.29
1006.29
1006.29
1006.29
1006.29
1006.29
1006.29
1006.29
1006.29
1006.29
1006.29
1006.29
1006.29
1006.29
1006.29
1006.29
1006.29
1006.29
1006.29
1006.29
1006.29
1006.29
1006.29
1006.29
1006.29
1006.29
1006.29
1006.29
1006.29
1006.29
1006.29
1006.29
1006.29
1006.29
1006.29
1006.29
1006.29
1006.29
1006.29
1006.29
1006.29
1006.29
1006.29
1006.29
1006.29
1006.29
1006.29
1006.29
1006.29
1006.29
1006.29
1006.29
1006.29
1006.29
1006.29
1006.29
1006.29
1006.29
1006.29
1006.29
1006.29
1006.29
1006.29
1006.29
1006.29
1006.29
1006.29
1006.29
1006.29
1006.29
1006.29
1006.29
1006.29
1006.29
1006.29
1006.29
1006.29
1006.29
1006.29
1006.29
1006.29
1006.29
1006.29
1006.29
1006.29
1006.29
1006.29
1006.29
1006.29
1006.29
1006.29
1006.29
1006.29
1006.29
1006.29
1006.29
1006.29
1006.29
1006.29
1006.29
1006.29
1006.29
1006.29
1006.29
1006.29
1006.29
1006.29
1006.29
1006.29
1006.29
1006.29
1006.29
1006.29
1006.29
1006.29
1006.29
1006.29
1006.29
1006.29
1006.29
1006.29
1006.29
1006.29
1006.29
1006.29
1006.29
1006.29
1006.29
1006.29
1006.29
1006.29
1006.29
1006.29
1006.29
1006.29
1006.29
1006.29
1006.29
1006.29
1006.29
1006.29
1006.29
1006.29
1006.29
1006.29
1006.29
1006.29
1006.29
1006.29
1006.29
1006.29
1006.29
1006.29
1006.29
1006.29
1006.29
1006.29
1006.29
1006.29
1006.29
1006.29
1006.29
1006.29
1006.29
1006.29
1006.29
1006.29
1006.29
1006.29
1006.29
1006.29
1006.29
1006.29
1006.29
1006.29
1006.29
1006.29
1006.29
1006.29
1006.29
1006.29
1006.29
1006.29
1006.29
1006.29
1006.29
1006.29
1006.29
1006.29
1006.29
1006.29
1006.29
1006.29
1006.29
1006.29
1006.29
1006.29
1006.29
1006.29
1006.29
1006.29
1006.29
1006.29
1006.29
1006.29
1006.29
1006.29
1006.29
1006.29
1006.29
1006.29
1006.29
1006.29
1006.29
1006.29
1006.29
1006.29
1006.29
1006.29
1006.29
1006.29
1006.29
1006.29
1006.29
1006.29
1006.29
1006.29
1006.29
1006.29
1006.29
1006.29
1006.29
1006.29
1006.29
1006.29
1006.29
1006.29
1006.29
1006.29
1006.29
1006.29
1006.29
1006.3
1006.3
1006.3
1006.29
1006.29
1006.29
1006.29
1006.29
1006.29
1006.29
1006.29
1006.29
1006.29
1006.29
1006.29
1006.29
1006.29
1006.29
1006.29
1006.29
1006.29
1006.29
1006.29
1006.29
1006.29
1006.29
1006.29
1006.29
1006.29
1006.29
1006.29
1006.29
1006.29
1006.29
1006.29
1006.29
1006.29
1006.29
1006.29
1006.29
1006.29
1006.29
1006.29
1006.29
1006.29
1006.29
1006.29
1006.29
1006.29
1006.29
1006.29
1006.29
1006.29
1006.29
1006.29
1006.29
1006.29
1006.29
1006.29
1006.29
1006.29
1006.29
1006.29
1006.29
1006.29
1006.29
1006.29
1006.29
1006.29
1006.29
1006.29
1006.29
1006.29
1006.29
1006.29
1006.29
1006.29
1006.29
1006.29
1006.29
1006.29
1006.29
1006.29
1006.29
1006.29
1006.29
1006.29
1006.29
1006.29
1006.29
1006.29
1006.29
1006.29
1006.29
1006.29
1006.29
1006.3
1006.3
1006.3
1006.3
1006.3
1006.3
1006.3
1006.3
1006.3
1006.3
1006.3
1006.29
1006.29
1006.29
1006.29
1006.29
1006.29
1006.29
1006.29
1006.29
1006.29
1006.29
1006.29
1006.29
1006.29
1006.29
1006.29
1006.29
1006.29
1006.29
1006.29
1006.29
1006.29
1006.29
1006.29
1006.29
1006.29
1006.29
1006.29
1006.29
1006.29
1006.29
1006.29
1006.29
1006.29
1006.29
1006.29
1006.29
1006.29
1006.29
1006.29
1006.29
1006.29
1006.29
1006.29
1006.29
1006.29
1006.29
1006.29
1006.29
1006.29
1006.29
1006.29
1006.29
1006.29
1006.29
1006.29
1006.29
1006.29
1006.29
1006.29
1006.29
1006.29
1006.29
1006.29
1006.29
1006.29
1006.29
1006.29
1006.29
1006.29
1006.29
1006.29
1006.29
1006.29
1006.29
1006.29
1006.29
1006.29
1006.29
1006.29
1006.29
1006.29
1006.29
1006.29
1006.29
1006.29
1006.3
1006.3
1006.3
1006.3
1006.3
1006.3
1006.3
1006.3
1006.3
1006.3
1006.3
1006.3
1006.3
1006.3
1006.3
1006.3
1006.3
1006.29
1006.29
1006.29
1006.29
1006.29
1006.29
1006.29
1006.29
1006.29
1006.29
1006.29
1006.29
1006.29
1006.29
1006.29
1006.29
1006.29
1006.29
1006.29
1006.29
1006.29
1006.29
1006.29
1006.29
1006.29
1006.29
1006.29
1006.29
1006.29
1006.29
1006.29
1006.29
1006.29
1006.29
1006.29
1006.29
1006.29
1006.29
1006.29
1006.29
1006.29
1006.29
1006.29
1006.29
1006.29
1006.29
1006.29
1006.29
1006.29
1006.29
1006.29
1006.29
1006.29
1006.29
1006.29
1006.29
1006.29
1006.29
1006.29
1006.29
1006.29
1006.29
1006.29
1006.29
1006.29
1006.29
1006.29
1006.29
1006.29
1006.29
1006.29
1006.29
1006.29
1006.29
1006.29
1006.29
1006.29
1006.29
1006.29
1006.29
1006.29
1006.29
1006.3
1006.3
1006.3
1006.3
1006.3
1006.3
1006.31
1006.31
1006.31
1006.31
1006.31
1006.31
1006.31
1006.3
1006.3
1006.3
1006.3
1006.3
1006.3
1006.29
1006.29
1006.29
1006.29
1006.29
1006.29
1006.29
1006.29
1006.29
1006.29
1006.29
1006.29
1006.29
1006.29
1006.29
1006.29
1006.29
1006.29
1006.29
1006.29
1006.29
1006.29
1006.29
1006.29
1006.29
1006.29
1006.29
1006.29
1006.29
1006.29
1006.29
1006.29
1006.29
1006.29
1006.29
1006.29
1006.29
1006.29
1006.29
1006.29
1006.29
1006.29
1006.29
1006.29
1006.29
1006.29
1006.29
1006.29
1006.29
1006.29
1006.29
1006.29
1006.29
1006.29
1006.29
1006.29
1006.29
1006.29
1006.29
1006.29
1006.29
1006.29
1006.29
1006.29
1006.29
1006.29
1006.29
1006.29
1006.29
1006.29
1006.29
1006.29
1006.29
1006.29
1006.29
1006.29
1006.29
1006.29
1006.29
1006.3
1006.3
1006.3
1006.3
1006.3
1006.31
1006.31
1006.31
1006.31
1006.31
1006.31
1006.31
1006.31
1006.31
1006.31
1006.31
1006.31
1006.31
1006.3
1006.3
1006.3
1006.3
1006.3
1006.29
1006.29
1006.29
1006.29
1006.29
1006.29
1006.29
1006.29
1006.29
1006.29
1006.29
1006.29
1006.29
1006.29
1006.29
1006.29
1006.29
1006.29
1006.29
1006.29
1006.29
1006.29
1006.29
1006.29
1006.29
1006.29
1006.29
1006.29
1006.29
1006.29
1006.29
1006.29
1006.29
1006.29
1006.29
1006.29
1006.29
1006.29
1006.29
1006.29
1006.29
1006.29
1006.29
1006.29
1006.29
1006.29
1006.29
1006.29
1006.29
1006.29
1006.29
1006.29
1006.29
1006.29
1006.29
1006.29
1006.29
1006.29
1006.29
1006.29
1006.29
1006.29
1006.29
1006.29
1006.29
1006.29
1006.29
1006.29
1006.29
1006.29
1006.29
1006.29
1006.29
1006.29
1006.29
1006.29
1006.3
1006.3
1006.3
1006.3
1006.31
1006.31
1006.31
1006.31
1006.31
1006.31
1006.31
1006.31
1006.31
1006.31
1006.31
1006.31
1006.31
1006.31
1006.31
1006.31
1006.31
1006.3
1006.3
1006.3
1006.3
1006.29
1006.29
1006.29
1006.29
1006.29
1006.29
1006.29
1006.29
1006.29
1006.29
1006.29
1006.29
1006.29
1006.29
1006.29
1006.29
1006.29
1006.29
1006.29
1006.29
1006.29
1006.29
1006.29
1006.29
1006.29
1006.29
1006.29
1006.29
1006.29
1006.29
1006.29
1006.29
1006.29
1006.29
1006.29
1006.29
1006.29
1006.29
1006.29
1006.29
1006.29
1006.29
1006.29
1006.29
1006.29
1006.29
1006.29
1006.29
1006.29
1006.29
1006.29
1006.29
1006.29
1006.29
1006.29
1006.29
1006.29
1006.29
1006.29
1006.29
1006.29
1006.29
1006.29
1006.29
1006.29
1006.29
1006.29
1006.29
1006.29
1006.29
1006.29
1006.29
1006.29
1006.29
1006.3
1006.3
1006.3
1006.31
1006.31
1006.31
1006.31
1006.31
1006.31
1006.31
1006.31
1006.31
1006.31
1006.31
1006.31
1006.31
1006.31
1006.31
1006.31
1006.31
1006.31
1006.31
1006.31
1006.31
1006.3
1006.3
1006.3
1006.29
1006.29
1006.29
1006.29
1006.29
1006.29
1006.29
1006.29
1006.29
1006.29
1006.29
1006.29
1006.29
1006.29
1006.29
1006.29
1006.29
1006.29
1006.29
1006.29
1006.29
1006.29
1006.29
1006.29
1006.29
1006.29
1006.29
1006.29
1006.29
1006.29
1006.29
1006.29
1006.29
1006.29
1006.29
1006.29
1006.29
1006.29
1006.29
1006.29
1006.29
1006.29
1006.29
1006.29
1006.29
1006.29
1006.29
1006.29
1006.29
1006.29
1006.29
1006.29
1006.29
1006.29
1006.29
1006.29
1006.29
1006.29
1006.29
1006.29
1006.29
1006.29
1006.29
1006.29
1006.29
1006.29
1006.29
1006.29
1006.29
1006.29
1006.29
1006.29
1006.3
1006.3
1006.3
1006.31
1006.31
1006.31
1006.31
1006.31
1006.31
1006.31
1006.31
1006.31
1006.3
1006.3
1006.3
1006.3
1006.3
1006.31
1006.31
1006.31
1006.31
1006.31
1006.31
1006.31
1006.31
1006.31
1006.3
1006.3
1006.3
1006.29
1006.29
1006.29
1006.29
1006.29
1006.29
1006.29
1006.29
1006.29
1006.29
1006.29
1006.29
1006.29
1006.29
1006.29
1006.29
1006.29
1006.29
1006.29
1006.29
1006.29
1006.29
1006.29
1006.29
1006.29
1006.29
1006.29
1006.29
1006.29
1006.29
1006.29
1006.29
1006.29
1006.29
1006.29
1006.29
1006.29
1006.29
1006.29
1006.29
1006.29
1006.29
1006.29
1006.29
1006.29
1006.29
1006.29
1006.29
1006.29
1006.29
1006.29
1006.29
1006.29
1006.29
1006.29
1006.29
1006.29
1006.29
1006.29
1006.29
1006.29
1006.29
1006.29
1006.29
1006.29
1006.29
1006.29
1006.29
1006.29
1006.29
1006.3
1006.3
1006.3
1006.31
1006.31
1006.31
1006.31
1006.31
1006.31
1006.31
1006.3
1006.3
1006.3
1006.29
1006.29
1006.29
1006.29
1006.29
1006.29
1006.3
1006.3
1006.31
1006.31
1006.31
1006.31
1006.31
1006.31
1006.31
1006.3
1006.3
1006.3
1006.29
1006.29
1006.29
1006.29
1006.29
1006.29
1006.29
1006.29
1006.29
1006.29
1006.29
1006.29
1006.29
1006.29
1006.29
1006.29
1006.29
1006.29
1006.29
1006.29
1006.29
1006.29
1006.29
1006.29
1006.29
1006.29
1006.29
1006.29
1006.29
1006.29
1006.29
1006.29
1006.29
1006.29
1006.29
1006.29
1006.29
1006.29
1006.29
1006.29
1006.29
1006.29
1006.29
1006.29
1006.29
1006.29
1006.29
1006.29
1006.29
1006.29
1006.29
1006.29
1006.29
1006.29
1006.29
1006.29
1006.29
1006.29
1006.29
1006.29
1006.29
1006.29
1006.29
1006.29
1006.29
1006.29
1006.29
1006.29
1006.3
1006.3
1006.3
1006.31
1006.31
1006.31
1006.31
1006.31
1006.31
1006.31
1006.3
1006.29
1006.28
1006.27
1006.27
1006.26
1006.26
1006.26
1006.27
1006.27
1006.28
1006.29
1006.3
1006.3
1006.31
1006.31
1006.31
1006.31
1006.31
1006.31
1006.3
1006.3
1006.3
1006.29
1006.29
1006.29
1006.29
1006.29
1006.29
1006.29
1006.29
1006.29
1006.29
1006.29
1006.29
1006.29
1006.29
1006.29
1006.29
1006.29
1006.29
1006.29
1006.29
1006.29
1006.29
1006.29
1006.29
1006.29
1006.29
1006.29
1006.29
1006.29
1006.29
1006.29
1006.29
1006.29
1006.29
1006.29
1006.29
1006.29
1006.29
1006.29
1006.29
1006.29
1006.29
1006.29
1006.29
1006.29
1006.29
1006.29
1006.29
1006.29
1006.29
1006.29
1006.29
1006.29
1006.29
1006.29
1006.29
1006.29
1006.29
1006.29
1006.29
1006.29
1006.29
1006.29
1006.29
1006.29
1006.29
1006.29
1006.3
1006.3
1006.31
1006.31
1006.31
1006.31
1006.31
1006.31
1006.31
1006.3
1006.28
1006.27
1006.25
1006.23
1006.22
1006.21
1006.21
1006.21
1006.22
1006.24
1006.25
1006.26
1006.28
1006.29
1006.3
1006.31
1006.31
1006.31
1006.31
1006.31
1006.31
1006.3
1006.3
1006.29
1006.29
1006.29
1006.29
1006.29
1006.29
1006.29
1006.29
1006.29
1006.29
1006.29
1006.29
1006.29
1006.29
1006.29
1006.29
1006.29
1006.29
1006.29
1006.29
1006.29
1006.29
1006.29
1006.29
1006.29
1006.29
1006.29
1006.29
1006.29
1006.29
1006.29
1006.29
1006.29
1006.29
1006.29
1006.29
1006.29
1006.29
1006.29
1006.29
1006.29
1006.29
1006.29
1006.29
1006.29
1006.29
1006.29
1006.29
1006.29
1006.29
1006.29
1006.29
1006.29
1006.29
1006.29
1006.29
1006.29
1006.29
1006.29
1006.29
1006.29
1006.29
1006.29
1006.29
1006.29
1006.29
1006.3
1006.3
1006.31
1006.31
1006.31
1006.32
1006.31
1006.31
1006.31
1006.3
1006.28
1006.26
1006.23
1006.2
1006.16
1006.14
1006.12
1006.11
1006.12
1006.14
1006.16
1006.19
1006.22
1006.25
1006.27
1006.28
1006.3
1006.31
1006.31
1006.31
1006.31
1006.31
1006.3
1006.3
1006.3
1006.29
1006.29
1006.29
1006.29
1006.29
1006.29
1006.29
1006.29
1006.29
1006.29
1006.29
1006.29
1006.29
1006.29
1006.29
1006.29
1006.29
1006.29
1006.29
1006.29
1006.29
1006.29
1006.29
1006.29
1006.29
1006.29
1006.29
1006.29
1006.29
1006.29
1006.29
1006.29
1006.29
1006.29
1006.29
1006.29
1006.29
1006.29
1006.29
1006.29
1006.29
1006.29
1006.29
1006.29
1006.29
1006.29
1006.29
1006.29
1006.29
1006.29
1006.29
1006.29
1006.29
1006.29
1006.29
1006.29
1006.29
1006.29
1006.29
1006.29
1006.29
1006.29
1006.29
1006.29
1006.3
1006.3
1006.31
1006.31
1006.31
1006.31
1006.31
1006.31
1006.31
1006.3
1006.28
1006.25
1006.21
1006.16
1006.09
1006.03
1005.98
1005.94
1005.93
1005.95
1005.99
1006.04
1006.09
1006.14
1006.19
1006.23
1006.26
1006.28
1006.3
1006.31
1006.31
1006.31
1006.31
1006.31
1006.3
1006.3
1006.29
1006.29
1006.29
1006.29
1006.29
1006.29
1006.29
1006.29
1006.29
1006.29
1006.29
1006.29
1006.29
1006.29
1006.29
1006.29
1006.29
1006.29
1006.29
1006.29
1006.29
1006.29
1006.29
1006.29
1006.29
1006.29
1006.29
1006.29
1006.29
1006.29
1006.29
1006.29
1006.29
1006.29
1006.29
1006.29
1006.29
1006.29
1006.29
1006.29
1006.29
1006.29
1006.29
1006.29
1006.29
1006.29
1006.29
1006.29
1006.29
1006.29
1006.29
1006.29
1006.29
1006.29
1006.29
1006.29
1006.29
1006.29
1006.29
1006.29
1006.29
1006.29
1006.29
1006.29
1006.3
1006.3
1006.31
1006.31
1006.31
1006.31
1006.31
1006.31
1006.3
1006.28
1006.25
1006.2
1006.13
1006.03
1005.91
1005.8
1005.7
1005.63
1005.61
1005.63
1005.7
1005.8
1005.9
1006
1006.09
1006.16
1006.21
1006.25
1006.28
1006.3
1006.31
1006.31
1006.31
1006.31
1006.3
1006.3
1006.3
1006.29
1006.29
1006.29
1006.29
1006.29
1006.29
1006.29
1006.29
1006.29
1006.29
1006.29
1006.29
1006.29
1006.29
1006.29
1006.29
1006.29
1006.29
1006.29
1006.29
1006.29
1006.29
1006.29
1006.29
1006.29
1006.29
1006.29
1006.29
1006.29
1006.29
1006.29
1006.29
1006.29
1006.29
1006.29
1006.29
1006.29
1006.29
1006.29
1006.29
1006.29
1006.29
1006.29
1006.29
1006.29
1006.29
1006.29
1006.29
1006.29
1006.29
1006.29
1006.29
1006.29
1006.29
1006.29
1006.29
1006.29
1006.29
1006.29
1006.29
1006.29
1006.29
1006.3
1006.3
1006.31
1006.31
1006.31
1006.31
1006.31
1006.31
1006.31
1006.29
1006.26
1006.21
1006.12
1005.98
1005.8
1005.6
1005.38
1005.19
1005.06
1005.02
1005.07
1005.2
1005.38
1005.58
1005.76
1005.92
1006.04
1006.14
1006.2
1006.25
1006.28
1006.3
1006.31
1006.31
1006.31
1006.31
1006.3
1006.3
1006.29
1006.29
1006.29
1006.29
1006.29
1006.29
1006.29
1006.29
1006.29
1006.29
1006.29
1006.29
1006.29
1006.29
1006.29
1006.29
1006.29
1006.29
1006.29
1006.29
1006.29
1006.29
1006.29
1006.29
1006.29
1006.29
1006.29
1006.29
1006.29
1006.29
1006.29
1006.29
1006.29
1006.29
1006.29
1006.29
1006.29
1006.29
1006.29
1006.29
1006.29
1006.29
1006.29
1006.29
1006.29
1006.29
1006.29
1006.29
1006.29
1006.29
1006.29
1006.29
1006.29
1006.29
1006.29
1006.29
1006.29
1006.29
1006.29
1006.29
1006.29
1006.29
1006.3
1006.3
1006.31
1006.31
1006.31
1006.31
1006.31
1006.31
1006.3
1006.28
1006.23
1006.13
1005.97
1005.74
1005.42
1005.05
1004.66
1004.31
1004.08
1004.01
1004.1
1004.33
1004.66
1005.01
1005.34
1005.63
1005.85
1006.01
1006.13
1006.2
1006.25
1006.28
1006.3
1006.31
1006.31
1006.31
1006.3
1006.3
1006.3
1006.29
1006.29
1006.29
1006.29
1006.29
1006.29
1006.29
1006.29
1006.29
1006.29
1006.29
1006.29
1006.29
1006.29
1006.29
1006.29
1006.29
1006.29
1006.29
1006.29
1006.29
1006.29
1006.29
1006.29
1006.29
1006.29
1006.29
1006.29
1006.29
1006.29
1006.29
1006.29
1006.29
1006.29
1006.29
1006.29
1006.29
1006.29
1006.29
1006.29
1006.29
1006.29
1006.29
1006.29
1006.29
1006.29
1006.29
1006.29
1006.29
1006.29
1006.29
1006.29
1006.29
1006.29
1006.29
1006.29
1006.29
1006.29
1006.29
1006.29
1006.3
1006.3
1006.31
1006.31
1006.31
1006.31
1006.31
1006.31
1006.31
1006.3
1006.27
1006.18
1006.01
1005.73
1005.32
1004.78
1004.12
1003.44
1002.84
1002.43
1002.3
1002.47
1002.88
1003.45
1004.07
1004.65
1005.14
1005.53
1005.81
1006
1006.13
1006.21
1006.26
1006.29
1006.3
1006.31
1006.31
1006.31
1006.3
1006.3
1006.29
1006.29
1006.29
1006.29
1006.29
1006.29
1006.29
1006.29
1006.29
1006.29
1006.29
1006.29
1006.29
1006.29
1006.29
1006.29
1006.29
1006.29
1006.29
1006.29
1006.29
1006.29
1006.29
1006.29
1006.29
1006.29
1006.29
1006.29
1006.29
1006.29
1006.29
1006.29
1006.29
1006.29
1006.29
1006.29
1006.29
1006.29
1006.29
1006.29
1006.29
1006.29
1006.29
1006.29
1006.29
1006.29
1006.29
1006.29
1006.29
1006.29
1006.29
1006.29
1006.29
1006.29
1006.29
1006.29
1006.29
1006.29
1006.29
1006.29
1006.3
1006.3
1006.31
1006.31
1006.31
1006.31
1006.31
1006.31
1006.32
1006.31
1006.24
1006.09
1005.8
1005.34
1004.65
1003.73
1002.62
1001.46
1000.44
999.752
999.539
999.829
1000.54
1001.51
1002.55
1003.54
1004.37
1005.01
1005.48
1005.8
1006.01
1006.14
1006.22
1006.27
1006.29
1006.3
1006.31
1006.31
1006.3
1006.3
1006.3
1006.29
1006.29
1006.29
1006.29
1006.29
1006.29
1006.29
1006.29
1006.29
1006.29
1006.29
1006.29
1006.29
1006.29
1006.29
1006.29
1006.29
1006.29
1006.29
1006.29
1006.29
1006.29
1006.29
1006.29
1006.29
1006.29
1006.29
1006.29
1006.29
1006.29
1006.29
1006.29
1006.29
1006.29
1006.29
1006.29
1006.29
1006.29
1006.29
1006.29
1006.29
1006.29
1006.29
1006.29
1006.29
1006.29
1006.29
1006.29
1006.29
1006.29
1006.29
1006.29
1006.29
1006.29
1006.29
1006.29
1006.29
1006.29
1006.29
1006.3
1006.31
1006.31
1006.31
1006.31
1006.3
1006.3
1006.32
1006.33
1006.31
1006.19
1005.94
1005.47
1004.71
1003.58
1002.06
1000.24
998.331
996.661
995.55
995.216
995.705
996.882
998.482
1000.21
1001.82
1003.18
1004.23
1004.99
1005.5
1005.84
1006.05
1006.17
1006.24
1006.28
1006.3
1006.31
1006.31
1006.3
1006.3
1006.3
1006.29
1006.29
1006.29
1006.29
1006.29
1006.29
1006.29
1006.29
1006.29
1006.29
1006.29
1006.29
1006.29
1006.29
1006.29
1006.29
1006.29
1006.29
1006.29
1006.29
1006.29
1006.29
1006.29
1006.29
1006.29
1006.29
1006.29
1006.29
1006.29
1006.29
1006.29
1006.29
1006.29
1006.29
1006.29
1006.29
1006.29
1006.29
1006.29
1006.29
1006.29
1006.29
1006.29
1006.29
1006.29
1006.29
1006.29
1006.29
1006.29
1006.29
1006.29
1006.29
1006.29
1006.29
1006.29
1006.29
1006.29
1006.29
1006.3
1006.3
1006.31
1006.32
1006.31
1006.3
1006.29
1006.31
1006.34
1006.35
1006.3
1006.12
1005.71
1004.97
1003.76
1001.95
999.519
996.609
993.585
990.95
989.205
988.689
989.48
991.365
993.926
996.689
999.261
1001.41
1003.07
1004.25
1005.06
1005.58
1005.9
1006.09
1006.2
1006.26
1006.29
1006.3
1006.31
1006.31
1006.3
1006.3
1006.29
1006.29
1006.29
1006.29
1006.29
1006.29
1006.29
1006.29
1006.29
1006.29
1006.29
1006.29
1006.29
1006.29
1006.29
1006.29
1006.29
1006.29
1006.29
1006.29
1006.29
1006.29
1006.29
1006.29
1006.29
1006.29
1006.29
1006.29
1006.29
1006.29
1006.29
1006.29
1006.29
1006.29
1006.29
1006.29
1006.29
1006.29
1006.29
1006.29
1006.29
1006.29
1006.29
1006.29
1006.29
1006.29
1006.29
1006.29
1006.29
1006.29
1006.29
1006.29
1006.29
1006.29
1006.29
1006.29
1006.29
1006.29
1006.3
1006.3
1006.31
1006.32
1006.31
1006.29
1006.28
1006.31
1006.37
1006.39
1006.29
1005.99
1005.36
1004.22
1002.34
999.541
995.775
991.299
986.674
982.651
979.976
979.18
980.395
983.307
987.274
991.555
995.537
998.855
1001.39
1003.2
1004.43
1005.21
1005.69
1005.98
1006.14
1006.23
1006.28
1006.3
1006.31
1006.31
1006.3
1006.3
1006.3
1006.29
1006.29
1006.29
1006.29
1006.29
1006.29
1006.29
1006.29
1006.29
1006.29
1006.29
1006.29
1006.29
1006.29
1006.29
1006.29
1006.29
1006.29
1006.29
1006.29
1006.29
1006.29
1006.29
1006.29
1006.29
1006.29
1006.29
1006.29
1006.29
1006.29
1006.29
1006.29
1006.29
1006.29
1006.29
1006.29
1006.29
1006.29
1006.29
1006.29
1006.29
1006.29
1006.29
1006.29
1006.29
1006.29
1006.29
1006.29
1006.29
1006.29
1006.29
1006.29
1006.29
1006.29
1006.29
1006.29
1006.3
1006.3
1006.3
1006.32
1006.32
1006.31
1006.28
1006.27
1006.33
1006.41
1006.43
1006.27
1005.81
1004.86
1003.15
1000.33
996.123
990.506
983.88
977.043
971.059
967.049
965.838
967.643
971.992
977.928
984.342
990.31
995.277
999.062
1001.75
1003.56
1004.71
1005.41
1005.83
1006.06
1006.19
1006.26
1006.29
1006.3
1006.31
1006.3
1006.3
1006.3
1006.29
1006.29
1006.29
1006.29
1006.29
1006.29
1006.29
1006.29
1006.29
1006.29
1006.29
1006.29
1006.29
1006.29
1006.29
1006.29
1006.29
1006.29
1006.29
1006.29
1006.29
1006.29
1006.29
1006.29
1006.29
1006.29
1006.29
1006.29
1006.29
1006.29
1006.29
1006.29
1006.29
1006.29
1006.29
1006.29
1006.29
1006.29
1006.29
1006.29
1006.29
1006.29
1006.29
1006.29
1006.29
1006.29
1006.29
1006.29
1006.29
1006.29
1006.29
1006.29
1006.29
1006.29
1006.29
1006.29
1006.3
1006.3
1006.3
1006.32
1006.33
1006.3
1006.25
1006.27
1006.36
1006.47
1006.47
1006.23
1005.55
1004.17
1001.69
997.59
991.505
983.46
974.007
964.19
955.516
949.689
947.963
950.615
956.915
965.468
974.701
983.304
990.473
995.937
999.809
1002.4
1004.04
1005.04
1005.63
1005.96
1006.14
1006.23
1006.28
1006.3
1006.3
1006.3
1006.3
1006.3
1006.29
1006.29
1006.29
1006.29
1006.29
1006.29
1006.29
1006.29
1006.29
1006.29
1006.29
1006.29
1006.29
1006.29
1006.29
1006.29
1006.29
1006.29
1006.29
1006.29
1006.29
1006.29
1006.29
1006.29
1006.29
1006.29
1006.29
1006.29
1006.29
1006.29
1006.29
1006.29
1006.29
1006.29
1006.29
1006.29
1006.29
1006.29
1006.29
1006.29
1006.29
1006.29
1006.29
1006.29
1006.29
1006.29
1006.29
1006.29
1006.29
1006.29
1006.29
1006.29
1006.29
1006.29
1006.29
1006.29
1006.3
1006.3
1006.3
1006.33
1006.34
1006.29
1006.23
1006.26
1006.4
1006.55
1006.53
1006.17
1005.21
1003.28
999.788
994.044
985.605
974.547
961.507
947.801
935.639
927.591
925.395
929.277
938.11
949.944
962.65
974.485
984.38
991.95
997.326
1000.91
1003.19
1004.57
1005.38
1005.83
1006.07
1006.2
1006.26
1006.29
1006.3
1006.3
1006.3
1006.3
1006.29
1006.29
1006.29
1006.29
1006.29
1006.29
1006.29
1006.29
1006.29
1006.29
1006.29
1006.29
1006.29
1006.29
1006.29
1006.29
1006.29
1006.29
1006.29
1006.29
1006.29
1006.29
1006.29
1006.29
1006.29
1006.29
1006.29
1006.29
1006.29
1006.29
1006.29
1006.29
1006.29
1006.29
1006.29
1006.29
1006.29
1006.29
1006.29
1006.29
1006.29
1006.29
1006.29
1006.29
1006.29
1006.29
1006.29
1006.29
1006.29
1006.29
1006.29
1006.29
1006.29
1006.29
1006.29
1006.3
1006.3
1006.29
1006.3
1006.34
1006.35
1006.27
1006.19
1006.25
1006.45
1006.64
1006.6
1006.09
1004.8
1002.19
997.448
989.722
978.522
963.91
946.49
927.992
911.72
901.294
898.805
904.304
916.223
931.96
948.698
964.213
977.201
987.193
994.333
999.118
1002.16
1004
1005.07
1005.67
1006
1006.16
1006.25
1006.29
1006.3
1006.3
1006.3
1006.3
1006.3
1006.29
1006.29
1006.29
1006.29
1006.29
1006.29
1006.29
1006.29
1006.29
1006.29
1006.29
1006.29
1006.29
1006.29
1006.29
1006.29
1006.29
1006.29
1006.29
1006.29
1006.29
1006.29
1006.29
1006.29
1006.29
1006.29
1006.29
1006.29
1006.29
1006.29
1006.29
1006.29
1006.29
1006.29
1006.29
1006.29
1006.29
1006.29
1006.29
1006.29
1006.29
1006.29
1006.29
1006.29
1006.29
1006.29
1006.29
1006.29
1006.29
1006.29
1006.29
1006.29
1006.29
1006.28
1006.3
1006.31
1006.28
1006.29
1006.36
1006.36
1006.24
1006.15
1006.25
1006.52
1006.76
1006.68
1006
1004.33
1000.93
994.746
984.804
970.584
951.981
929.51
905.626
885.039
872.244
869.421
876.571
891.943
912.225
933.598
953.166
969.433
981.966
990.987
997.081
1000.97
1003.34
1004.72
1005.49
1005.9
1006.12
1006.23
1006.28
1006.3
1006.3
1006.3
1006.3
1006.3
1006.29
1006.29
1006.29
1006.29
1006.29
1006.29
1006.29
1006.29
1006.29
1006.29
1006.29
1006.29
1006.29
1006.29
1006.29
1006.29
1006.29
1006.29
1006.29
1006.29
1006.29
1006.29
1006.29
1006.29
1006.29
1006.29
1006.29
1006.29
1006.29
1006.29
1006.29
1006.29
1006.29
1006.29
1006.29
1006.29
1006.29
1006.29
1006.29
1006.29
1006.29
1006.29
1006.29
1006.29
1006.29
1006.29
1006.29
1006.29
1006.29
1006.29
1006.29
1006.29
1006.29
1006.28
1006.3
1006.31
1006.28
1006.29
1006.38
1006.37
1006.22
1006.1
1006.24
1006.6
1006.89
1006.78
1005.94
1003.85
999.578
991.853
979.628
962.319
939.512
911.71
882.444
857.74
842.344
838.349
846.379
865.221
890.823
917.761
941.964
961.685
976.729
987.575
994.961
999.718
1002.63
1004.33
1005.29
1005.81
1006.07
1006.21
1006.27
1006.29
1006.3
1006.3
1006.3
1006.3
1006.29
1006.29
1006.29
1006.29
1006.29
1006.29
1006.29
1006.29
1006.29
1006.29
1006.29
1006.29
1006.29
1006.29
1006.29
1006.29
1006.29
1006.29
1006.29
1006.29
1006.29
1006.29
1006.29
1006.29
1006.29
1006.29
1006.29
1006.29
1006.29
1006.29
1006.29
1006.29
1006.29
1006.29
1006.29
1006.29
1006.29
1006.29
1006.29
1006.29
1006.29
1006.29
1006.29
1006.29
1006.29
1006.29
1006.29
1006.29
1006.29
1006.28
1006.28
1006.29
1006.29
1006.28
1006.31
1006.32
1006.26
1006.28
1006.4
1006.4
1006.19
1006.04
1006.22
1006.67
1007.04
1006.91
1005.93
1003.43
998.268
989.023
974.642
954.417
927.555
894.764
860.794
832.361
813.62
806.722
814.029
835.849
867.455
901.123
930.871
954.414
971.939
984.439
992.971
998.513
1001.94
1003.95
1005.09
1005.7
1006.02
1006.18
1006.26
1006.29
1006.3
1006.3
1006.3
1006.3
1006.29
1006.29
1006.29
1006.29
1006.29
1006.29
1006.29
1006.29
1006.29
1006.29
1006.29
1006.29
1006.29
1006.29
1006.29
1006.29
1006.29
1006.29
1006.29
1006.29
1006.29
1006.29
1006.29
1006.29
1006.29
1006.29
1006.29
1006.29
1006.29
1006.29
1006.29
1006.29
1006.29
1006.29
1006.29
1006.29
1006.29
1006.29
1006.29
1006.29
1006.29
1006.29
1006.29
1006.29
1006.29
1006.29
1006.29
1006.29
1006.29
1006.28
1006.28
1006.3
1006.29
1006.27
1006.31
1006.33
1006.25
1006.27
1006.42
1006.43
1006.17
1005.97
1006.18
1006.73
1007.19
1007.09
1005.99
1003.13
997.157
986.555
970.332
947.626
917.318
880.544
843.096
811.517
788.815
777.52
782.445
806.105
843.457
884.295
920.203
947.927
967.933
981.884
991.333
997.494
1001.33
1003.61
1004.91
1005.61
1005.98
1006.16
1006.25
1006.29
1006.3
1006.3
1006.3
1006.3
1006.29
1006.29
1006.29
1006.29
1006.29
1006.29
1006.29
1006.29
1006.29
1006.29
1006.29
1006.29
1006.29
1006.29
1006.29
1006.29
1006.29
1006.29
1006.29
1006.29
1006.29
1006.29
1006.29
1006.29
1006.29
1006.29
1006.29
1006.29
1006.29
1006.29
1006.29
1006.29
1006.29
1006.29
1006.29
1006.29
1006.29
1006.29
1006.29
1006.29
1006.29
1006.29
1006.29
1006.29
1006.29
1006.29
1006.29
1006.28
1006.29
1006.29
1006.28
1006.3
1006.29
1006.26
1006.32
1006.34
1006.25
1006.24
1006.43
1006.47
1006.17
1005.9
1006.11
1006.77
1007.34
1007.3
1006.17
1003.04
996.409
984.737
967.14
942.635
909.912
870.667
831.326
797.712
771.798
756.492
758.48
782.343
823.451
869.943
911.217
942.774
965.016
980.14
990.226
996.783
1000.89
1003.35
1004.76
1005.54
1005.94
1006.15
1006.24
1006.28
1006.3
1006.3
1006.3
1006.3
1006.29
1006.29
1006.29
1006.29
1006.29
1006.29
1006.29
1006.29
1006.29
1006.29
1006.29
1006.29
1006.29
1006.29
1006.29
1006.29
1006.29
1006.29
1006.29
1006.29
1006.29
1006.29
1006.29
1006.29
1006.29
1006.29
1006.29
1006.29
1006.29
1006.29
1006.29
1006.29
1006.29
1006.29
1006.29
1006.29
1006.29
1006.29
1006.29
1006.29
1006.29
1006.29
1006.29
1006.29
1006.29
1006.29
1006.29
1006.28
1006.29
1006.29
1006.28
1006.3
1006.3
1006.25
1006.31
1006.36
1006.25
1006.21
1006.43
1006.52
1006.2
1005.83
1006.01
1006.75
1007.48
1007.56
1006.47
1003.23
996.174
983.801
965.397
939.941
906.107
866.131
826.591
792.62
765.772
748.9
748.918
771.463
813.094
861.877
906.03
939.939
963.603
979.403
989.772
996.469
1000.67
1003.21
1004.68
1005.49
1005.92
1006.13
1006.24
1006.28
1006.3
1006.3
1006.3
1006.3
1006.29
1006.29
1006.29
1006.29
1006.29
1006.29
1006.29
1006.29
1006.29
1006.29
1006.29
1006.29
1006.29
1006.29
1006.29
1006.29
1006.29
1006.29
1006.29
1006.29
1006.29
1006.29
1006.29
1006.29
1006.29
1006.29
1006.29
1006.29
1006.29
1006.29
1006.29
1006.29
1006.29
1006.29
1006.29
1006.29
1006.29
1006.29
1006.29
1006.29
1006.29
1006.29
1006.29
1006.29
1006.29
1006.29
1006.29
1006.28
1006.29
1006.29
1006.27
1006.3
1006.31
1006.25
1006.3
1006.38
1006.26
1006.17
1006.41
1006.58
1006.26
1005.79
1005.87
1006.67
1007.56
1007.84
1006.9
1003.73
996.554
983.895
965.276
939.747
906.161
867.111
828.861
796.15
770.811
755.27
754.966
775.284
814.443
861.957
906.004
940.218
964.067
979.824
990.039
996.592
1000.71
1003.21
1004.67
1005.48
1005.91
1006.13
1006.23
1006.28
1006.3
1006.3
1006.3
1006.3
1006.29
1006.29
1006.29
1006.29
1006.29
1006.29
1006.29
1006.29
1006.29
1006.29
1006.29
1006.29
1006.29
1006.29
1006.29
1006.29
1006.29
1006.29
1006.29
1006.29
1006.29
1006.29
1006.29
1006.29
1006.29
1006.29
1006.29
1006.29
1006.29
1006.29
1006.29
1006.29
1006.29
1006.29
1006.29
1006.29
1006.29
1006.29
1006.29
1006.29
1006.29
1006.29
1006.29
1006.29
1006.29
1006.29
1006.29
1006.28
1006.29
1006.29
1006.27
1006.29
1006.32
1006.25
1006.27
1006.4
1006.29
1006.14
1006.35
1006.62
1006.37
1005.79
1005.71
1006.5
1007.57
1008.1
1007.43
1004.55
997.593
985.096
966.807
941.977
909.817
873.008
837.078
806.539
784.079
771.686
772.305
790.125
825.087
868.97
910.694
943.513
966.398
981.393
991.012
997.143
1001
1003.35
1004.73
1005.51
1005.92
1006.14
1006.24
1006.28
1006.3
1006.3
1006.3
1006.3
1006.29
1006.29
1006.29
1006.29
1006.29
1006.29
1006.29
1006.29
1006.29
1006.29
1006.29
1006.29
1006.29
1006.29
1006.29
1006.29
1006.29
1006.29
1006.29
1006.29
1006.29
1006.29
1006.29
1006.29
1006.29
1006.29
1006.29
1006.29
1006.29
1006.29
1006.29
1006.29
1006.29
1006.29
1006.29
1006.29
1006.29
1006.29
1006.29
1006.29
1006.29
1006.29
1006.29
1006.29
1006.29
1006.28
1006.29
1006.28
1006.28
1006.3
1006.27
1006.28
1006.33
1006.26
1006.24
1006.4
1006.35
1006.12
1006.27
1006.63
1006.51
1005.87
1005.56
1006.22
1007.46
1008.29
1007.99
1005.62
999.244
987.394
969.929
946.394
916.51
882.804
849.716
821.57
802.269
793.413
795.421
811.11
841.652
880.905
918.95
949.159
970.212
983.89
992.565
998.051
1001.5
1003.61
1004.86
1005.57
1005.95
1006.15
1006.24
1006.28
1006.3
1006.3
1006.3
1006.3
1006.29
1006.29
1006.29
1006.29
1006.29
1006.29
1006.29
1006.29
1006.29
1006.29
1006.29
1006.29
1006.29
1006.29
1006.29
1006.29
1006.29
1006.29
1006.29
1006.29
1006.29
1006.29
1006.29
1006.29
1006.29
1006.29
1006.29
1006.29
1006.29
1006.29
1006.29
1006.29
1006.29
1006.29
1006.29
1006.29
1006.29
1006.29
1006.29
1006.29
1006.29
1006.29
1006.29
1006.29
1006.29
1006.28
1006.29
1006.29
1006.28
1006.3
1006.28
1006.27
1006.33
1006.29
1006.21
1006.37
1006.41
1006.14
1006.16
1006.58
1006.65
1006.04
1005.47
1005.87
1007.17
1008.34
1008.51
1006.78
1001.35
990.659
974.496
952.718
925.654
895.531
865.449
839.727
823.412
817.543
820.793
835.061
861.91
896.426
929.964
956.596
975.093
987.017
994.506
999.205
1002.15
1003.96
1005.04
1005.66
1005.99
1006.17
1006.25
1006.29
1006.3
1006.3
1006.3
1006.3
1006.29
1006.29
1006.29
1006.29
1006.29
1006.29
1006.29
1006.29
1006.29
1006.29
1006.29
1006.29
1006.29
1006.29
1006.29
1006.29
1006.29
1006.29
1006.29
1006.29
1006.29
1006.29
1006.29
1006.29
1006.29
1006.29
1006.29
1006.29
1006.29
1006.29
1006.29
1006.29
1006.29
1006.29
1006.29
1006.29
1006.29
1006.29
1006.29
1006.29
1006.29
1006.29
1006.29
1006.29
1006.29
1006.28
1006.29
1006.29
1006.28
1006.29
1006.29
1006.26
1006.32
1006.32
1006.2
1006.32
1006.46
1006.22
1006.08
1006.45
1006.74
1006.3
1005.53
1005.52
1006.68
1008.18
1008.9
1007.9
1003.64
994.587
980.219
960.604
936.764
910.44
883.412
860.295
846.698
842.982
847.079
860.388
884.164
914.057
942.69
965.163
980.61
990.48
996.633
1000.47
1002.88
1004.36
1005.25
1005.76
1006.04
1006.19
1006.26
1006.29
1006.3
1006.3
1006.3
1006.3
1006.29
1006.29
1006.29
1006.29
1006.29
1006.29
1006.29
1006.29
1006.29
1006.29
1006.29
1006.29
1006.29
1006.29
1006.29
1006.29
1006.29
1006.29
1006.29
1006.29
1006.29
1006.29
1006.29
1006.29
1006.29
1006.29
1006.29
1006.29
1006.29
1006.29
1006.29
1006.29
1006.29
1006.29
1006.29
1006.29
1006.29
1006.29
1006.29
1006.29
1006.29
1006.29
1006.29
1006.29
1006.29
1006.28
1006.29
1006.29
1006.28
1006.29
1006.3
1006.26
1006.29
1006.35
1006.23
1006.25
1006.46
1006.33
1006.06
1006.27
1006.72
1006.58
1005.78
1005.3
1006.06
1007.71
1009.02
1008.81
1005.85
998.741
986.559
969.522
949.276
926.794
902.951
882.668
871.401
869.106
873.702
886.118
906.912
932.12
955.705
973.883
986.184
993.947
998.749
1001.74
1003.61
1004.77
1005.47
1005.88
1006.1
1006.21
1006.27
1006.29
1006.3
1006.3
1006.3
1006.3
1006.29
1006.29
1006.29
1006.29
1006.29
1006.29
1006.29
1006.29
1006.29
1006.29
1006.29
1006.29
1006.29
1006.29
1006.29
1006.29
1006.29
1006.29
1006.29
1006.29
1006.29
1006.29
1006.29
1006.29
1006.29
1006.29
1006.29
1006.29
1006.29
1006.29
1006.29
1006.29
1006.29
1006.29
1006.29
1006.29
1006.29
1006.29
1006.29
1006.29
1006.29
1006.29
1006.29
1006.29
1006.29
1006.29
1006.28
1006.29
1006.28
1006.28
1006.3
1006.27
1006.26
1006.35
1006.28
1006.2
1006.4
1006.43
1006.13
1006.11
1006.57
1006.77
1006.17
1005.33
1005.49
1006.96
1008.7
1009.33
1007.76
1002.68
992.83
978.77
962.367
943.684
923.197
905.81
896.528
895.235
900.044
911.358
929.025
949.481
968.023
981.998
991.302
997.108
1000.68
1002.89
1004.28
1005.15
1005.67
1005.98
1006.15
1006.24
1006.28
1006.3
1006.3
1006.3
1006.3
1006.3
1006.29
1006.29
1006.29
1006.29
1006.29
1006.29
1006.29
1006.29
1006.29
1006.29
1006.29
1006.29
1006.29
1006.29
1006.29
1006.29
1006.29
1006.29
1006.29
1006.29
1006.29
1006.29
1006.29
1006.29
1006.29
1006.29
1006.29
1006.29
1006.29
1006.29
1006.29
1006.29
1006.29
1006.29
1006.29
1006.29
1006.29
1006.29
1006.29
1006.29
1006.29
1006.29
1006.29
1006.29
1006.29
1006.29
1006.28
1006.29
1006.29
1006.27
1006.3
1006.3
1006.25
1006.32
1006.33
1006.2
1006.3
1006.47
1006.27
1006.04
1006.33
1006.78
1006.55
1005.65
1005.22
1006.12
1007.86
1009.25
1009.14
1005.94
998.414
987.618
975.128
960.153
942.991
928.469
921.182
920.788
925.431
935.169
949.479
965.286
979.06
989.129
995.71
999.791
1002.3
1003.87
1004.86
1005.47
1005.85
1006.07
1006.19
1006.26
1006.29
1006.3
1006.3
1006.3
1006.3
1006.29
1006.29
1006.29
1006.29
1006.29
1006.29
1006.29
1006.29
1006.29
1006.29
1006.29
1006.29
1006.29
1006.29
1006.29
1006.29
1006.29
1006.29
1006.29
1006.29
1006.29
1006.29
1006.29
1006.29
1006.29
1006.29
1006.29
1006.29
1006.29
1006.29
1006.29
1006.29
1006.29
1006.29
1006.29
1006.29
1006.29
1006.29
1006.29
1006.29
1006.29
1006.29
1006.29
1006.29
1006.29
1006.28
1006.29
1006.28
1006.28
1006.29
1006.28
1006.28
1006.3
1006.26
1006.28
1006.35
1006.25
1006.23
1006.42
1006.4
1006.11
1006.15
1006.6
1006.73
1006.11
1005.39
1005.53
1006.76
1008.54
1009.61
1007.99
1002.79
995.452
986.79
975.18
961.096
949.634
944.621
944.919
948.759
956.333
967.117
978.577
988.166
994.931
999.257
1001.93
1003.59
1004.64
1005.31
1005.73
1005.99
1006.14
1006.23
1006.27
1006.3
1006.3
1006.3
1006.3
1006.3
1006.29
1006.29
1006.29
1006.29
1006.29
1006.29
1006.29
1006.29
1006.29
1006.29
1006.29
1006.29
1006.29
1006.29
1006.29
1006.29
1006.29
1006.29
1006.29
1006.29
1006.29
1006.29
1006.29
1006.29
1006.29
1006.29
1006.29
1006.29
1006.29
1006.29
1006.29
1006.29
1006.29
1006.29
1006.29
1006.29
1006.29
1006.29
1006.29
1006.29
1006.29
1006.29
1006.29
1006.29
1006.29
1006.29
1006.29
1006.29
1006.28
1006.29
1006.29
1006.28
1006.3
1006.29
1006.26
1006.32
1006.31
1006.23
1006.33
1006.43
1006.25
1006.12
1006.36
1006.64
1006.46
1005.86
1005.46
1005.96
1007.49
1008.88
1008.34
1005.58
1001.8
996.474
987.498
976.462
968.547
965.718
965.945
968.271
973.457
980.978
988.725
994.944
999.188
1001.86
1003.51
1004.55
1005.22
1005.65
1005.93
1006.1
1006.2
1006.26
1006.29
1006.3
1006.3
1006.3
1006.3
1006.3
1006.29
1006.29
1006.29
1006.29
1006.29
1006.29
1006.29
1006.29
1006.29
1006.29
1006.29
1006.29
1006.29
1006.29
1006.29
1006.29
1006.29
1006.29
1006.29
1006.29
1006.29
1006.29
1006.29
1006.29
1006.29
1006.29
1006.29
1006.29
1006.29
1006.29
1006.29
1006.29
1006.29
1006.29
1006.29
1006.29
1006.29
1006.29
1006.29
1006.29
1006.29
1006.29
1006.29
1006.29
1006.29
1006.29
1006.29
1006.29
1006.29
1006.28
1006.29
1006.28
1006.29
1006.3
1006.27
1006.29
1006.33
1006.27
1006.27
1006.37
1006.36
1006.22
1006.21
1006.41
1006.53
1006.29
1005.85
1005.83
1006.52
1007.28
1007.34
1006.92
1006.05
1002.78
995.861
988.423
984.126
982.47
981.725
982.506
985.857
990.911
995.85
999.595
1002.06
1003.61
1004.58
1005.21
1005.62
1005.89
1006.07
1006.18
1006.24
1006.28
1006.3
1006.3
1006.31
1006.3
1006.3
1006.3
1006.29
1006.29
1006.29
1006.29
1006.29
1006.29
1006.29
1006.29
1006.29
1006.29
1006.29
1006.29
1006.29
1006.29
1006.29
1006.29
1006.29
1006.29
1006.29
1006.29
1006.29
1006.29
1006.29
1006.29
1006.29
1006.29
1006.29
1006.29
1006.29
1006.29
1006.29
1006.29
1006.29
1006.29
1006.29
1006.29
1006.29
1006.29
1006.29
1006.29
1006.29
1006.29
1006.29
1006.29
1006.29
1006.29
1006.29
1006.29
1006.29
1006.28
1006.29
1006.29
1006.28
1006.29
1006.29
1006.27
1006.3
1006.32
1006.27
1006.3
1006.37
1006.33
1006.22
1006.25
1006.4
1006.45
1006.31
1006.09
1005.94
1005.96
1006.44
1007.4
1007.5
1004.88
1000.33
996.756
994.82
993.005
991.405
991.675
994.181
997.589
1000.55
1002.6
1003.91
1004.74
1005.28
1005.65
1005.89
1006.05
1006.16
1006.23
1006.27
1006.29
1006.3
1006.31
1006.31
1006.3
1006.3
1006.29
1006.29
1006.29
1006.29
1006.29
1006.29
1006.29
1006.29
1006.29
1006.29
1006.29
1006.29
1006.29
1006.29
1006.29
1006.29
1006.29
1006.29
1006.29
1006.29
1006.29
1006.29
1006.29
1006.29
1006.29
1006.29
1006.29
1006.29
1006.29
1006.29
1006.29
1006.29
1006.29
1006.29
1006.29
1006.29
1006.29
1006.29
1006.29
1006.29
1006.29
1006.29
1006.29
1006.29
1006.29
1006.29
1006.29
1006.29
1006.29
1006.29
1006.29
1006.28
1006.29
1006.28
1006.28
1006.29
1006.28
1006.28
1006.31
1006.3
1006.28
1006.33
1006.35
1006.29
1006.23
1006.29
1006.42
1006.44
1006.21
1005.86
1005.85
1006.49
1007.15
1006.53
1004.56
1002.73
1001.62
1000.11
997.987
996.829
997.648
999.736
1001.86
1003.4
1004.39
1005.01
1005.43
1005.72
1005.92
1006.06
1006.15
1006.22
1006.26
1006.29
1006.3
1006.31
1006.31
1006.3
1006.3
1006.3
1006.29
1006.29
1006.29
1006.29
1006.29
1006.29
1006.29
1006.29
1006.29
1006.29
1006.29
1006.29
1006.29
1006.29
1006.29
1006.29
1006.29
1006.29
1006.29
1006.29
1006.29
1006.29
1006.29
1006.29
1006.29
1006.29
1006.29
1006.29
1006.29
1006.29
1006.29
1006.29
1006.29
1006.29
1006.29
1006.29
1006.29
1006.29
1006.29
1006.29
1006.29
1006.29
1006.29
1006.29
1006.29
1006.29
1006.29
1006.29
1006.29
1006.29
1006.29
1006.28
1006.29
1006.29
1006.28
1006.29
1006.29
1006.28
1006.29
1006.31
1006.3
1006.3
1006.32
1006.32
1006.29
1006.3
1006.33
1006.3
1006.2
1006.18
1006.4
1006.61
1006.26
1005.38
1004.74
1004.46
1003.63
1001.96
1000.66
1000.75
1001.95
1003.32
1004.31
1004.93
1005.33
1005.61
1005.82
1005.97
1006.08
1006.16
1006.22
1006.26
1006.28
1006.3
1006.31
1006.31
1006.31
1006.3
1006.3
1006.3
1006.29
1006.29
1006.29
1006.29
1006.29
1006.29
1006.29
1006.29
1006.29
1006.29
1006.29
1006.29
1006.29
1006.29
1006.29
1006.29
1006.29
1006.29
1006.29
1006.29
1006.29
1006.29
1006.29
1006.29
1006.29
1006.29
1006.29
1006.29
1006.29
1006.29
1006.29
1006.29
1006.29
1006.29
1006.29
1006.29
1006.29
1006.29
1006.29
1006.29
1006.29
1006.29
1006.29
1006.29
1006.29
1006.29
1006.29
1006.29
1006.29
1006.29
1006.29
1006.29
1006.28
1006.29
1006.29
1006.28
1006.29
1006.29
1006.29
1006.3
1006.31
1006.3
1006.3
1006.32
1006.33
1006.32
1006.27
1006.23
1006.29
1006.44
1006.49
1006.21
1005.79
1005.67
1005.74
1005.32
1004.23
1003.3
1003.26
1003.92
1004.68
1005.18
1005.46
1005.64
1005.8
1005.93
1006.04
1006.12
1006.18
1006.22
1006.26
1006.28
1006.29
1006.3
1006.31
1006.31
1006.31
1006.3
1006.3
1006.29
1006.29
1006.29
1006.29
1006.29
1006.29
1006.29
1006.29
1006.29
1006.29
1006.29
1006.29
1006.29
1006.29
1006.29
1006.29
1006.29
1006.29
1006.29
1006.29
1006.29
1006.29
1006.29
1006.29
1006.29
1006.29
1006.29
1006.29
1006.29
1006.29
1006.29
1006.29
1006.29
1006.29
1006.29
1006.29
1006.29
1006.29
1006.29
1006.29
1006.29
1006.29
1006.29
1006.29
1006.29
1006.29
1006.29
1006.29
1006.29
1006.29
1006.29
1006.29
1006.29
1006.29
1006.29
1006.29
1006.29
1006.29
1006.29
1006.29
1006.29
1006.3
1006.31
1006.31
1006.32
1006.32
1006.3
1006.28
1006.3
1006.36
1006.34
1006.2
1006.08
1006.19
1006.33
1006.09
1005.45
1004.96
1004.98
1005.34
1005.66
1005.79
1005.84
1005.88
1005.96
1006.04
1006.11
1006.16
1006.2
1006.23
1006.26
1006.28
1006.29
1006.3
1006.31
1006.31
1006.31
1006.3
1006.3
1006.3
1006.29
1006.29
1006.29
1006.29
1006.29
1006.29
1006.29
1006.29
1006.29
1006.29
1006.29
1006.29
1006.29
1006.29
1006.29
1006.29
1006.29
1006.29
1006.29
1006.29
1006.29
1006.29
1006.29
1006.29
1006.29
1006.29
1006.29
1006.29
1006.29
1006.29
1006.29
1006.29
1006.29
1006.29
1006.29
1006.29
1006.29
1006.29
1006.29
1006.29
1006.29
1006.29
1006.29
1006.29
1006.29
1006.29
1006.29
1006.29
1006.29
1006.29
1006.29
1006.29
1006.29
1006.29
1006.29
1006.29
1006.29
1006.29
1006.29
1006.29
1006.29
1006.3
1006.31
1006.31
1006.31
1006.31
1006.31
1006.32
1006.33
1006.29
1006.22
1006.22
1006.34
1006.42
1006.26
1005.95
1005.8
1005.91
1006.09
1006.15
1006.1
1006.04
1006.04
1006.08
1006.13
1006.17
1006.2
1006.23
1006.25
1006.26
1006.28
1006.29
1006.3
1006.31
1006.31
1006.31
1006.31
1006.3
1006.3
1006.3
1006.29
1006.29
1006.29
1006.29
1006.29
1006.29
1006.29
1006.29
1006.29
1006.29
1006.29
1006.29
1006.29
1006.29
1006.29
1006.29
1006.29
1006.29
1006.29
1006.29
1006.29
1006.29
1006.29
1006.29
1006.29
1006.29
1006.29
1006.29
1006.29
1006.29
1006.29
1006.29
1006.29
1006.29
1006.29
1006.29
1006.29
1006.29
1006.29
1006.29
1006.29
1006.29
1006.29
1006.29
1006.29
1006.29
1006.29
1006.29
1006.29
1006.29
1006.29
1006.29
1006.29
1006.29
1006.29
1006.29
1006.29
1006.29
1006.29
1006.29
1006.29
1006.29
1006.3
1006.31
1006.31
1006.31
1006.32
1006.32
1006.3
1006.27
1006.29
1006.35
1006.35
1006.24
1006.13
1006.15
1006.26
1006.33
1006.28
1006.19
1006.14
1006.14
1006.17
1006.2
1006.22
1006.24
1006.25
1006.26
1006.27
1006.28
1006.29
1006.3
1006.31
1006.31
1006.31
1006.31
1006.31
1006.3
1006.3
1006.29
1006.29
1006.29
1006.29
1006.29
1006.29
1006.29
1006.29
1006.29
1006.29
1006.29
1006.29
1006.29
1006.29
1006.29
1006.29
1006.29
1006.29
1006.29
1006.29
1006.29
1006.29
1006.29
1006.29
1006.29
1006.29
1006.29
1006.29
1006.29
1006.29
1006.29
1006.29
1006.29
1006.29
1006.29
1006.29
1006.29
1006.29
1006.29
1006.29
1006.29
1006.29
1006.29
1006.29
1006.29
1006.29
1006.29
1006.29
1006.29
1006.29
1006.29
1006.29
1006.29
1006.29
1006.29
1006.29
1006.29
1006.29
1006.29
1006.29
1006.29
1006.29
1006.29
1006.3
1006.3
1006.31
1006.32
1006.32
1006.3
1006.3
1006.32
1006.33
1006.3
1006.24
1006.23
1006.29
1006.34
1006.33
1006.26
1006.21
1006.19
1006.21
1006.23
1006.25
1006.26
1006.26
1006.27
1006.27
1006.28
1006.29
1006.29
1006.3
1006.31
1006.31
1006.31
1006.31
1006.31
1006.3
1006.3
1006.3
1006.29
1006.29
1006.29
1006.29
1006.29
1006.29
1006.29
1006.29
1006.29
1006.29
1006.29
1006.29
1006.29
1006.29
1006.29
1006.29
1006.29
1006.29
1006.29
1006.29
1006.29
1006.29
1006.29
1006.29
1006.29
1006.29
1006.29
1006.29
1006.29
1006.29
1006.29
1006.29
1006.29
1006.29
1006.29
1006.29
1006.29
1006.29
1006.29
1006.29
1006.29
1006.29
1006.29
1006.29
1006.29
1006.29
1006.29
1006.29
1006.29
1006.29
1006.29
1006.29
1006.29
1006.29
1006.29
1006.29
1006.29
1006.29
1006.29
1006.29
1006.29
1006.29
1006.29
1006.29
1006.3
1006.31
1006.31
1006.31
1006.31
1006.32
1006.32
1006.3
1006.28
1006.29
1006.32
1006.33
1006.29
1006.25
1006.24
1006.25
1006.27
1006.28
1006.28
1006.28
1006.28
1006.28
1006.28
1006.29
1006.29
1006.3
1006.3
1006.31
1006.31
1006.31
1006.31
1006.31
1006.3
1006.3
1006.3
1006.29
1006.29
1006.29
1006.29
1006.29
1006.29
1006.29
1006.29
1006.29
1006.29
1006.29
1006.29
1006.29
1006.29
1006.29
1006.29
1006.29
1006.29
1006.29
1006.29
1006.29
1006.29
1006.29
1006.29
1006.29
1006.29
1006.29
1006.29
1006.29
1006.29
1006.29
1006.29
1006.29
1006.29
1006.29
1006.29
1006.29
1006.29
1006.29
1006.29
1006.29
1006.29
1006.29
1006.29
1006.29
1006.29
1006.29
1006.29
1006.29
1006.29
1006.29
1006.29
1006.29
1006.29
1006.29
1006.29
1006.29
1006.29
1006.29
1006.29
1006.29
1006.29
1006.29
1006.29
1006.29
1006.3
1006.3
1006.31
1006.31
1006.32
1006.31
1006.31
1006.31
1006.32
1006.32
1006.3
1006.28
1006.27
1006.28
1006.3
1006.3
1006.3
1006.29
1006.29
1006.29
1006.29
1006.29
1006.29
1006.3
1006.3
1006.3
1006.31
1006.31
1006.31
1006.31
1006.31
1006.31
1006.3
1006.3
1006.29
1006.29
1006.29
1006.29
1006.29
1006.29
1006.29
1006.29
1006.29
1006.29
1006.29
1006.29
1006.29
1006.29
1006.29
1006.29
1006.29
1006.29
1006.29
1006.29
1006.29
1006.29
1006.29
1006.29
1006.29
1006.29
1006.29
1006.29
1006.29
1006.29
1006.29
1006.29
1006.29
1006.29
1006.29
1006.29
1006.29
1006.29
1006.29
1006.29
1006.29
1006.29
1006.29
1006.29
1006.29
1006.29
1006.29
1006.29
1006.29
1006.29
1006.29
1006.29
1006.29
1006.29
1006.29
1006.29
1006.29
1006.29
1006.29
1006.29
1006.29
1006.29
1006.29
1006.29
1006.29
1006.29
1006.29
1006.3
1006.3
1006.31
1006.31
1006.31
1006.32
1006.32
1006.31
1006.3
1006.3
1006.3
1006.31
1006.31
1006.3
1006.3
1006.29
1006.29
1006.29
1006.3
1006.3
1006.3
1006.3
1006.3
1006.31
1006.31
1006.31
1006.31
1006.31
1006.31
1006.31
1006.3
1006.3
1006.3
1006.29
1006.29
1006.29
1006.29
1006.29
1006.29
1006.29
1006.29
1006.29
1006.29
1006.29
1006.29
1006.29
1006.29
1006.29
1006.29
1006.29
1006.29
1006.29
1006.29
1006.29
1006.29
1006.29
1006.29
1006.29
1006.29
1006.29
1006.29
1006.29
1006.29
1006.29
1006.29
1006.29
1006.29
1006.29
1006.29
1006.29
1006.29
1006.29
1006.29
1006.29
1006.29
1006.29
1006.29
1006.29
1006.29
1006.29
1006.29
1006.29
1006.29
1006.29
1006.29
1006.29
1006.29
1006.29
1006.29
1006.29
1006.29
1006.29
1006.29
1006.29
1006.29
1006.29
1006.29
1006.29
1006.29
1006.29
1006.29
1006.3
1006.3
1006.31
1006.31
1006.31
1006.31
1006.31
1006.31
1006.31
1006.31
1006.31
1006.3
1006.3
1006.3
1006.3
1006.3
1006.3
1006.3
1006.3
1006.31
1006.31
1006.31
1006.31
1006.31
1006.31
1006.31
1006.31
1006.31
1006.3
1006.3
1006.3
1006.29
1006.29
1006.29
1006.29
1006.29
1006.29
1006.29
1006.29
1006.29
1006.29
1006.29
1006.29
1006.29
1006.29
1006.29
1006.29
1006.29
1006.29
1006.29
1006.29
1006.29
1006.29
1006.29
1006.29
1006.29
1006.29
1006.29
1006.29
1006.29
1006.29
1006.29
1006.29
1006.29
1006.29
1006.29
1006.29
1006.29
1006.29
1006.29
1006.29
1006.29
1006.29
1006.29
1006.29
1006.29
1006.29
1006.29
1006.29
1006.29
1006.29
1006.29
1006.29
1006.29
1006.28
1006.29
1006.29
1006.29
1006.29
1006.29
1006.29
1006.29
1006.29
1006.29
1006.29
1006.29
1006.29
1006.29
1006.29
1006.29
1006.29
1006.3
1006.3
1006.31
1006.31
1006.31
1006.32
1006.32
1006.31
1006.31
1006.31
1006.31
1006.31
1006.31
1006.31
1006.31
1006.31
1006.31
1006.31
1006.31
1006.31
1006.31
1006.31
1006.31
1006.31
1006.31
1006.31
1006.3
1006.3
1006.3
1006.29
1006.29
1006.29
1006.29
1006.29
1006.29
1006.29
1006.29
1006.29
1006.29
1006.29
1006.29
1006.29
1006.29
1006.29
1006.29
1006.29
1006.29
1006.29
1006.29
1006.29
1006.29
1006.29
1006.29
1006.29
1006.29
1006.29
1006.29
1006.29
1006.29
1006.29
1006.29
1006.29
1006.29
1006.29
1006.29
1006.29
1006.29
1006.29
1006.29
1006.29
1006.29
1006.29
1006.29
1006.29
1006.29
1006.29
1006.29
1006.29
1006.29
1006.29
1006.29
1006.29
1006.29
1006.29
1006.29
1006.29
1006.29
1006.29
1006.29
1006.29
1006.29
1006.29
1006.29
1006.29
1006.29
1006.29
1006.29
1006.29
1006.29
1006.29
1006.3
1006.3
1006.3
1006.31
1006.31
1006.31
1006.31
1006.31
1006.31
1006.31
1006.31
1006.31
1006.31
1006.31
1006.31
1006.31
1006.31
1006.31
1006.31
1006.31
1006.31
1006.31
1006.31
1006.31
1006.31
1006.3
1006.3
1006.3
1006.29
1006.29
1006.29
1006.29
1006.29
1006.29
1006.29
1006.29
1006.29
1006.29
1006.29
1006.29
1006.29
1006.29
1006.29
1006.29
1006.29
1006.29
1006.29
1006.29
1006.29
1006.29
1006.29
1006.29
1006.29
1006.29
1006.29
1006.29
1006.29
1006.29
1006.29
1006.29
1006.29
1006.29
1006.29
1006.29
1006.29
1006.29
1006.29
1006.29
1006.29
1006.29
1006.29
1006.29
1006.29
1006.29
1006.29
1006.29
1006.29
1006.29
1006.29
1006.29
1006.29
1006.29
1006.29
1006.29
1006.29
1006.29
1006.29
1006.29
1006.29
1006.29
1006.29
1006.29
1006.29
1006.29
1006.29
1006.29
1006.29
1006.29
1006.29
1006.29
1006.29
1006.3
1006.3
1006.3
1006.3
1006.31
1006.31
1006.31
1006.31
1006.31
1006.31
1006.31
1006.31
1006.31
1006.31
1006.31
1006.31
1006.31
1006.31
1006.31
1006.31
1006.31
1006.31
1006.31
1006.3
1006.3
1006.3
1006.29
1006.29
1006.29
1006.29
1006.29
1006.29
1006.29
1006.29
1006.29
1006.29
1006.29
1006.29
1006.29
1006.29
1006.29
1006.29
1006.29
1006.29
1006.29
1006.29
1006.29
1006.29
1006.29
1006.29
1006.29
1006.29
1006.29
1006.29
1006.29
1006.29
1006.29
1006.29
1006.29
1006.29
1006.29
1006.29
1006.29
1006.29
1006.29
1006.29
1006.29
1006.29
1006.29
1006.29
1006.29
1006.29
1006.29
1006.29
1006.29
1006.29
1006.29
1006.29
1006.29
1006.29
1006.29
1006.29
1006.29
1006.29
1006.29
1006.29
1006.29
1006.29
1006.29
1006.29
1006.29
1006.29
1006.29
1006.29
1006.29
1006.29
1006.29
1006.29
1006.29
1006.29
1006.29
1006.29
1006.3
1006.3
1006.3
1006.31
1006.31
1006.31
1006.31
1006.31
1006.31
1006.31
1006.31
1006.31
1006.31
1006.31
1006.31
1006.31
1006.31
1006.31
1006.31
1006.3
1006.3
1006.3
1006.3
1006.29
1006.29
1006.29
1006.29
1006.29
1006.29
1006.29
1006.29
1006.29
1006.29
1006.29
1006.29
1006.29
1006.29
1006.29
1006.29
1006.29
1006.29
1006.29
1006.29
1006.29
1006.29
1006.29
1006.29
1006.29
1006.29
1006.29
1006.29
1006.29
1006.29
1006.29
1006.29
1006.29
1006.29
1006.29
1006.29
1006.29
1006.29
1006.29
1006.29
1006.29
1006.29
1006.29
1006.29
1006.29
1006.29
1006.29
1006.29
1006.29
1006.29
1006.29
1006.29
1006.29
1006.29
1006.29
1006.29
1006.29
1006.29
1006.29
1006.29
1006.29
1006.29
1006.29
1006.29
1006.29
1006.29
1006.29
1006.29
1006.29
1006.29
1006.29
1006.29
1006.29
1006.29
1006.29
1006.29
1006.29
1006.29
1006.3
1006.3
1006.3
1006.3
1006.3
1006.31
1006.31
1006.31
1006.31
1006.31
1006.31
1006.31
1006.31
1006.31
1006.31
1006.31
1006.3
1006.3
1006.3
1006.3
1006.29
1006.29
1006.29
1006.29
1006.29
1006.29
1006.29
1006.29
1006.29
1006.29
1006.29
1006.29
1006.29
1006.29
1006.29
1006.29
1006.29
1006.29
1006.29
1006.29
1006.29
1006.29
1006.29
1006.29
1006.29
1006.29
1006.29
1006.29
1006.29
1006.29
1006.29
1006.29
1006.29
1006.29
1006.29
1006.29
1006.29
1006.29
1006.29
1006.29
1006.29
1006.29
1006.29
1006.29
1006.29
1006.29
1006.29
1006.29
1006.29
1006.29
1006.29
1006.29
1006.29
1006.29
1006.29
1006.29
1006.29
1006.29
1006.29
1006.29
1006.29
1006.29
1006.29
1006.29
1006.29
1006.29
1006.29
1006.29
1006.29
1006.29
1006.29
1006.29
1006.29
1006.29
1006.29
1006.29
1006.29
1006.29
1006.29
1006.29
1006.29
1006.29
1006.3
1006.3
1006.3
1006.3
1006.3
1006.3
1006.3
1006.3
1006.3
1006.3
1006.3
1006.3
1006.3
1006.3
1006.3
1006.3
1006.29
1006.29
1006.29
1006.29
1006.29
1006.29
1006.29
1006.29
1006.29
1006.29
1006.29
1006.29
1006.29
1006.29
1006.29
1006.29
1006.29
1006.29
1006.29
1006.29
1006.29
1006.29
1006.29
1006.29
1006.29
1006.29
1006.29
1006.29
1006.29
1006.29
1006.29
1006.29
1006.29
1006.29
1006.29
1006.29
1006.29
1006.29
1006.29
1006.29
1006.29
1006.29
1006.29
1006.29
1006.29
1006.29
1006.29
1006.29
1006.29
1006.29
1006.29
1006.29
1006.29
1006.29
1006.29
1006.29
1006.29
1006.29
1006.29
1006.29
1006.29
1006.29
1006.29
1006.29
1006.29
1006.29
1006.29
1006.29
1006.29
1006.29
1006.29
1006.29
1006.29
1006.29
1006.29
1006.29
1006.29
1006.29
1006.29
1006.29
1006.29
1006.29
1006.29
1006.29
1006.29
1006.29
1006.3
1006.3
1006.3
1006.3
1006.3
1006.3
1006.3
1006.3
1006.3
1006.3
1006.3
1006.3
1006.29
1006.29
1006.29
1006.29
1006.29
1006.29
1006.29
1006.29
1006.29
1006.29
1006.29
1006.29
1006.29
1006.29
1006.29
1006.29
1006.29
1006.29
1006.29
1006.29
1006.29
1006.29
1006.29
1006.29
1006.29
1006.29
1006.29
1006.29
1006.29
1006.29
1006.29
1006.29
1006.29
1006.29
1006.29
1006.29
1006.29
1006.29
1006.29
1006.29
1006.29
1006.29
1006.29
1006.29
1006.29
1006.29
1006.29
1006.29
1006.29
1006.29
1006.29
1006.29
1006.29
1006.29
1006.29
1006.29
1006.29
1006.29
1006.29
1006.29
1006.29
1006.29
1006.29
1006.29
1006.29
1006.29
1006.29
1006.29
1006.29
1006.29
1006.29
1006.29
1006.29
1006.29
1006.29
1006.29
1006.29
1006.29
1006.29
1006.29
1006.29
1006.29
1006.29
1006.29
1006.29
1006.29
1006.29
1006.29
1006.29
1006.29
1006.29
1006.29
1006.29
1006.3
1006.3
1006.3
1006.29
1006.29
1006.29
1006.29
1006.29
1006.29
1006.29
1006.29
1006.29
1006.29
1006.29
1006.29
1006.29
1006.29
1006.29
1006.29
1006.29
1006.29
1006.29
1006.29
1006.29
1006.29
1006.29
1006.29
1006.29
1006.29
1006.29
1006.29
1006.29
1006.29
1006.29
1006.29
1006.29
1006.29
1006.29
1006.29
1006.29
1006.29
1006.29
1006.29
1006.29
1006.29
1006.29
1006.29
1006.29
1006.29
1006.29
1006.29
1006.29
1006.29
1006.29
1006.29
1006.29
1006.29
1006.29
1006.29
1006.29
1006.29
1006.29
1006.29
1006.29
1006.29
1006.29
1006.29
1006.29
1006.29
1006.29
1006.29
1006.29
1006.29
1006.29
1006.29
1006.29
1006.29
1006.29
1006.29
1006.29
1006.29
1006.29
1006.29
1006.29
1006.29
1006.29
1006.29
1006.29
1006.29
1006.29
1006.29
1006.29
1006.29
1006.29
1006.29
1006.29
1006.29
1006.29
1006.29
1006.29
1006.29
1006.29
1006.29
1006.29
1006.29
1006.29
1006.29
1006.29
1006.29
1006.29
1006.29
1006.29
1006.29
1006.29
1006.29
1006.29
1006.29
1006.29
1006.29
1006.29
1006.29
1006.29
1006.29
1006.29
1006.29
1006.29
1006.29
1006.29
1006.29
1006.29
1006.29
1006.29
1006.29
1006.29
1006.29
1006.29
1006.29
1006.29
1006.29
1006.29
1006.29
1006.29
1006.29
1006.29
1006.29
1006.29
1006.29
1006.29
1006.29
1006.29
1006.29
1006.29
1006.29
1006.29
1006.29
1006.29
1006.29
1006.29
1006.29
1006.29
1006.29
1006.29
1006.29
1006.29
1006.29
1006.29
1006.29
1006.29
1006.29
1006.29
1006.29
1006.29
1006.29
1006.29
1006.29
1006.29
1006.29
1006.29
1006.29
1006.29
1006.29
1006.29
1006.29
1006.29
1006.29
1006.29
1006.29
1006.29
1006.29
1006.29
1006.29
1006.29
1006.29
1006.29
1006.29
1006.29
1006.29
1006.29
1006.29
1006.29
1006.29
1006.29
1006.29
1006.29
1006.29
1006.29
1006.29
1006.29
1006.29
1006.29
1006.29
1006.29
1006.29
1006.29
1006.29
1006.29
1006.29
1006.29
1006.29
1006.29
1006.29
1006.29
1006.29
1006.29
1006.29
1006.29
1006.29
1006.29
1006.29
1006.29
1006.29
1006.29
1006.29
1006.29
1006.29
1006.29
1006.29
1006.29
1006.29
1006.29
1006.29
1006.29
1006.29
1006.29
1006.29
1006.29
1006.29
1006.29
1006.29
1006.29
1006.29
1006.29
1006.29
1006.29
1006.29
1006.29
1006.29
1006.29
1006.29
1006.29
1006.29
1006.29
1006.29
1006.29
1006.29
1006.29
1006.29
1006.29
1006.29
1006.29
1006.29
1006.29
1006.29
1006.29
1006.29
1006.29
1006.29
1006.29
1006.29
1006.29
1006.29
1006.29
1006.29
1006.29
1006.29
1006.29
1006.29
1006.29
1006.29
1006.29
1006.29
1006.29
1006.29
1006.29
1006.29
1006.29
1006.29
1006.29
1006.29
1006.29
1006.29
1006.29
1006.29
1006.29
1006.29
1006.29
1006.29
1006.29
1006.29
1006.29
1006.29
1006.29
1006.29
1006.29
1006.29
1006.29
1006.29
1006.29
1006.29
1006.29
1006.29
1006.29
1006.29
1006.29
1006.29
1006.29
1006.29
1006.29
1006.29
1006.29
1006.29
1006.29
1006.29
1006.29
1006.29
1006.29
1006.29
1006.29
1006.29
1006.29
1006.29
1006.29
1006.29
1006.29
1006.29
1006.29
1006.29
1006.29
1006.29
1006.29
1006.29
1006.29
1006.29
1006.29
1006.29
1006.29
1006.29
1006.29
1006.29
1006.29
1006.29
1006.29
1006.29
1006.29
1006.29
1006.29
1006.29
1006.29
1006.29
1006.29
1006.29
1006.29
1006.29
1006.29
1006.29
1006.29
1006.29
1006.29
1006.29
1006.29
1006.29
1006.29
1006.29
1006.29
1006.29
1006.29
1006.29
1006.29
1006.29
1006.29
1006.29
1006.29
1006.29
1006.29
1006.29
1006.29
1006.29
1006.29
1006.29
1006.29
1006.29
1006.29
1006.29
1006.29
1006.29
1006.29
1006.29
1006.29
1006.29
1006.29
1006.29
1006.29
1006.29
1006.29
1006.29
1006.29
1006.29
1006.29
1006.29
1006.29
1006.29
1006.29
1006.29
1006.29
1006.29
1006.29
1006.29
1006.29
1006.29
1006.29
1006.29
1006.29
1006.29
1006.29
1006.29
1006.29
1006.29
1006.29
1006.29
1006.29
1006.29
1006.29
1006.29
1006.29
1006.29
1006.29
1006.29
1006.29
1006.29
1006.29
1006.29
1006.29
1006.29
1006.29
1006.29
1006.29
1006.29
1006.29
1006.29
1006.29
1006.29
1006.29
1006.29
1006.29
1006.29
1006.29
1006.29
1006.29
1006.29
1006.29
1006.29
1006.29
1006.29
1006.29
1006.29
1006.29
1006.29
1006.29
1006.29
1006.29
1006.29
1006.29
1006.29
1006.29
1006.29
1006.29
1006.29
1006.29
1006.29
1006.29
1006.29
1006.29
1006.29
1006.29
1006.29
1006.29
1006.29
1006.29
1006.29
1006.29
1006.29
1006.29
1006.29
1006.29
1006.29
1006.29
1006.29
1006.29
1006.29
1006.29
1006.29
1006.29
1006.29
1006.29
1006.29
1006.29
1006.29
1006.29
1006.29
1006.29
1006.29
1006.29
1006.29
1006.29
1006.29
1006.29
1006.29
1006.29
1006.29
1006.29
1006.29
1006.29
1006.29
1006.29
1006.29
1006.29
1006.29
1006.29
1006.29
1006.29
1006.29
1006.29
1006.29
1006.29
1006.29
1006.29
1006.29
1006.29
1006.29
1006.29
1006.29
1006.29
1006.29
1006.29
1006.29
1006.29
1006.29
1006.29
1006.29
1006.29
1006.29
1006.29
1006.29
1006.29
1006.29
1006.29
1006.29
1006.29
1006.29
1006.29
1006.29
1006.29
1006.29
1006.29
1006.29
1006.29
1006.29
1006.29
1006.29
1006.29
1006.29
1006.29
1006.29
1006.29
1006.29
1006.29
1006.29
1006.29
1006.29
1006.29
1006.29
1006.29
1006.29
1006.29
1006.29
1006.29
1006.29
1006.29
1006.29
1006.29
1006.29
1006.29
1006.29
1006.29
1006.29
1006.29
1006.29
1006.29
1006.29
1006.29
1006.29
1006.29
1006.29
1006.29
1006.29
1006.29
1006.29
1006.29
1006.29
1006.29
1006.29
1006.29
1006.29
1006.29
1006.29
1006.29
1006.29
1006.29
1006.29
1006.29
1006.29
1006.29
1006.29
1006.29
1006.29
1006.29
1006.29
1006.29
1006.29
1006.29
1006.29
1006.29
1006.29
1006.29
1006.29
1006.29
1006.29
1006.29
1006.29
1006.29
1006.29
1006.29
1006.29
1006.29
1006.29
1006.29
1006.29
1006.29
1006.29
1006.29
1006.29
1006.29
1006.29
1006.29
1006.29
1006.29
1006.29
1006.29
1006.29
1006.29
1006.29
1006.29
1006.29
1006.29
1006.29
1006.29
1006.29
1006.29
1006.29
1006.29
1006.29
1006.29
1006.29
1006.29
1006.29
1006.29
1006.29
1006.29
1006.29
1006.29
1006.29
1006.29
1006.29
1006.29
1006.29
1006.29
1006.29
1006.29
1006.29
1006.29
1006.29
1006.29
1006.29
1006.29
1006.29
1006.29
1006.29
1006.29
1006.29
1006.29
1006.29
1006.29
1006.29
1006.29
1006.29
1006.29
1006.29
1006.29
1006.29
1006.29
1006.29
1006.29
1006.29
1006.29
1006.29
1006.29
1006.29
1006.29
1006.29
1006.29
1006.29
1006.29
1006.29
1006.29
1006.29
1006.29
1006.29
1006.29
1006.29
1006.29
1006.29
1006.29
1006.29
1006.29
1006.29
1006.29
1006.29
1006.29
1006.29
1006.29
1006.29
1006.29
1006.29
1006.29
1006.29
1006.29
1006.29
1006.29
1006.29
1006.29
1006.29
1006.29
1006.29
1006.29
1006.29
1006.29
1006.29
1006.29
1006.29
1006.29
1006.29
1006.29
1006.29
1006.29
1006.29
1006.29
1006.29
1006.29
1006.29
1006.29
1006.29
1006.29
1006.29
1006.29
1006.29
1006.29
1006.29
1006.29
1006.29
1006.29
1006.29
1006.29
1006.29
1006.29
1006.29
1006.29
1006.29
1006.29
1006.29
1006.29
1006.29
1006.29
1006.29
1006.29
1006.29
1006.29
1006.29
1006.29
1006.29
1006.29
1006.29
1006.29
1006.29
1006.29
1006.29
1006.29
1006.29
1006.29
1006.29
1006.29
1006.29
1006.29
1006.29
1006.29
1006.29
1006.29
1006.29
1006.29
1006.29
1006.29
1006.29
1006.29
1006.29
1006.29
1006.29
1006.29
1006.29
1006.29
1006.29
1006.29
1006.29
1006.29
1006.29
1006.29
1006.29
1006.29
1006.29
1006.29
1006.29
1006.29
1006.29
1006.29
1006.29
1006.29
1006.29
1006.29
1006.29
1006.29
1006.29
1006.29
1006.29
1006.29
1006.29
1006.29
1006.29
1006.29
1006.29
1006.29
1006.29
1006.29
1006.29
1006.29
1006.29
1006.29
1006.29
1006.29
1006.29
1006.29
1006.29
1006.29
1006.29
1006.29
1006.29
1006.29
1006.29
1006.29
1006.29
1006.29
1006.29
1006.29
1006.29
1006.29
1006.29
1006.29
1006.29
1006.29
1006.29
1006.29
1006.29
1006.29
1006.29
1006.29
1006.29
1006.29
1006.29
1006.29
1006.29
1006.29
1006.29
1006.29
1006.29
1006.29
1006.29
1006.29
1006.29
1006.29
1006.29
1006.29
1006.29
1006.29
1006.29
1006.29
1006.29
1006.29
1006.29
1006.29
1006.29
1006.29
1006.29
1006.29
1006.29
1006.29
1006.29
1006.29
1006.29
1006.29
1006.29
1006.29
1006.29
1006.29
1006.29
1006.29
1006.29
1006.29
1006.29
1006.29
1006.29
1006.29
1006.29
1006.29
1006.29
1006.29
1006.29
1006.29
1006.29
1006.29
1006.29
1006.29
1006.29
1006.29
1006.29
1006.29
1006.29
1006.29
1006.29
1006.29
1006.29
1006.29
1006.29
1006.29
1006.29
1006.29
1006.29
1006.29
1006.29
1006.29
1006.29
1006.29
1006.29
1006.29
1006.29
1006.29
1006.29
1006.29
1006.29
1006.29
1006.29
1006.29
1006.29
1006.29
1006.29
1006.29
1006.29
1006.29
1006.29
1006.29
1006.29
1006.29
1006.29
1006.29
1006.29
1006.29
1006.29
1006.29
1006.29
1006.29
1006.29
1006.29
1006.29
1006.29
1006.29
1006.29
1006.29
1006.29
1006.29
1006.29
1006.29
1006.29
1006.29
1006.29
1006.29
1006.29
1006.29
1006.29
1006.29
1006.29
1006.29
1006.29
1006.29
1006.29
1006.29
1006.29
1006.29
1006.29
1006.29
1006.29
1006.29
1006.29
1006.29
1006.29
1006.29
1006.29
1006.29
1006.29
1006.29
1006.29
1006.29
1006.29
1006.29
1006.29
1006.29
1006.29
1006.29
1006.29
1006.29
1006.29
1006.29
1006.29
1006.29
1006.29
1006.29
1006.29
1006.29
1006.29
1006.29
1006.29
1006.29
1006.29
1006.29
1006.29
1006.29
1006.29
1006.29
1006.29
1006.29
1006.29
1006.29
1006.29
1006.29
1006.29
1006.29
1006.29
1006.29
1006.29
1006.29
1006.29
1006.29
1006.29
1006.29
1006.29
1006.29
1006.29
1006.29
1006.29
1006.29
1006.29
1006.29
1006.29
1006.29
1006.29
1006.29
1006.29
1006.29
1006.29
1006.29
1006.29
1006.29
1006.29
1006.29
1006.29
1006.29
1006.29
1006.29
1006.29
1006.29
1006.29
1006.29
1006.29
1006.29
1006.29
1006.29
1006.29
1006.29
1006.29
1006.29
1006.29
1006.29
1006.29
1006.29
1006.29
1006.29
1006.29
1006.29
1006.29
1006.29
1006.29
1006.29
1006.29
1006.29
1006.29
1006.29
1006.29
1006.29
1006.29
1006.29
1006.29
1006.29
1006.29
1006.29
1006.29
1006.29
1006.29
1006.29
1006.29
1006.29
1006.29
1006.29
1006.29
1006.29
1006.29
1006.29
1006.29
1006.29
1006.29
1006.29
1006.29
1006.29
1006.29
1006.29
1006.29
1006.29
1006.29
1006.29
1006.29
1006.29
1006.29
1006.29
1006.29
1006.29
1006.29
1006.29
1006.29
1006.29
1006.29
1006.29
1006.29
1006.29
1006.29
1006.29
1006.29
1006.29
1006.29
1006.29
1006.29
1006.29
1006.29
1006.29
1006.29
1006.29
1006.29
1006.29
1006.29
1006.29
1006.29
1006.29
1006.29
1006.29
1006.29
1006.29
1006.29
1006.29
1006.29
1006.29
1006.29
1006.29
1006.29
1006.29
1006.29
1006.29
1006.29
1006.29
1006.29
1006.29
1006.29
1006.29
1006.29
1006.29
1006.29
1006.29
1006.29
1006.29
1006.29
1006.29
1006.29
1006.29
1006.29
1006.29
1006.29
1006.29
1006.29
1006.29
1006.29
1006.29
1006.29
1006.29
1006.29
1006.29
1006.29
1006.29
1006.29
1006.29
1006.29
1006.29
1006.29
1006.29
1006.29
1006.29
1006.29
1006.29
1006.29
1006.29
1006.29
1006.29
1006.29
1006.29
1006.29
1006.29
1006.29
1006.29
1006.29
1006.29
1006.29
1006.29
1006.29
1006.29
1006.29
1006.29
1006.29
1006.29
1006.29
1006.29
1006.29
1006.29
1006.29
1006.29
1006.29
1006.29
1006.29
1006.29
1006.29
1006.29
1006.29
1006.29
1006.29
1006.29
1006.29
1006.29
1006.29
1006.29
1006.29
1006.29
1006.29
1006.29
1006.29
1006.29
1006.29
1006.29
1006.29
1006.29
1006.29
1006.29
1006.29
1006.29
1006.29
1006.29
1006.29
1006.29
1006.29
1006.29
1006.29
1006.29
1006.29
1006.29
1006.29
1006.29
1006.29
1006.29
1006.29
1006.29
1006.29
1006.29
1006.29
1006.29
1006.29
1006.29
1006.29
1006.29
1006.29
1006.29
1006.29
1006.29
1006.29
1006.29
1006.29
1006.29
1006.29
1006.29
1006.29
1006.29
1006.29
1006.29
1006.29
1006.29
1006.29
1006.29
1006.29
1006.29
1006.29
1006.29
1006.29
1006.29
1006.29
1006.29
1006.29
1006.29
1006.29
1006.29
1006.29
1006.29
1006.29
1006.29
1006.29
1006.29
1006.29
1006.29
1006.29
1006.29
1006.29
1006.29
1006.29
1006.29
1006.29
1006.29
1006.29
1006.29
1006.29
1006.29
1006.29
1006.29
1006.29
1006.29
1006.29
1006.29
1006.29
1006.29
1006.29
1006.29
1006.29
1006.29
1006.29
1006.29
1006.29
1006.29
1006.29
1006.29
1006.29
1006.29
1006.29
1006.29
1006.29
1006.29
1006.29
1006.29
1006.29
1006.29
1006.29
1006.29
1006.29
1006.29
1006.29
1006.29
1006.29
1006.29
1006.29
1006.29
1006.29
1006.29
1006.29
1006.29
1006.29
1006.29
1006.29
1006.29
1006.29
1006.29
1006.29
1006.29
1006.29
1006.29
1006.29
1006.29
1006.29
1006.29
1006.29
1006.29
1006.29
1006.29
1006.29
1006.29
1006.29
1006.29
1006.29
1006.29
1006.29
1006.29
1006.29
1006.29
1006.29
1006.29
1006.29
1006.29
1006.29
1006.29
1006.29
1006.29
1006.29
1006.29
1006.29
1006.29
1006.29
1006.29
1006.29
1006.29
1006.29
1006.29
1006.29
1006.29
1006.29
1006.29
1006.29
1006.29
1006.29
1006.29
1006.29
1006.29
1006.29
1006.29
1006.29
1006.29
1006.29
1006.29
1006.29
1006.29
1006.29
1006.29
1006.29
1006.29
1006.29
1006.29
1006.29
1006.29
1006.29
1006.29
1006.29
1006.29
1006.29
1006.29
1006.29
1006.29
1006.29
1006.29
1006.29
1006.29
1006.29
1006.29
1006.29
1006.29
1006.29
1006.29
1006.29
1006.29
1006.29
1006.29
1006.29
1006.29
1006.29
1006.29
1006.29
1006.29
1006.29
1006.29
1006.29
1006.29
1006.29
1006.29
1006.29
1006.29
1006.29
1006.29
1006.29
1006.29
1006.29
1006.29
1006.29
1006.29
1006.29
1006.29
1006.29
1006.29
1006.29
1006.29
1006.29
1006.29
1006.29
1006.29
1006.29
1006.29
1006.29
1006.29
1006.29
1006.29
1006.29
1006.29
1006.29
1006.29
1006.29
1006.29
1006.29
1006.29
1006.29
1006.29
1006.29
1006.29
1006.29
1006.29
1006.29
1006.29
1006.29
1006.29
1006.29
1006.29
1006.29
1006.29
1006.29
1006.29
1006.29
1006.29
1006.29
1006.29
1006.29
1006.29
1006.29
1006.29
1006.29
1006.29
1006.29
1006.29
1006.29
1006.29
1006.29
1006.29
1006.29
1006.29
1006.29
1006.29
1006.29
1006.29
1006.29
1006.29
1006.29
1006.29
1006.29
1006.29
1006.29
1006.29
1006.29
1006.29
1006.29
1006.29
1006.29
1006.29
1006.29
1006.29
1006.29
1006.29
1006.29
1006.29
1006.29
1006.29
1006.29
1006.29
1006.29
1006.29
1006.29
1006.29
1006.29
1006.29
1006.29
1006.29
1006.29
1006.29
1006.29
1006.29
1006.29
1006.29
1006.29
1006.29
1006.29
1006.29
1006.29
1006.29
1006.29
1006.29
1006.29
1006.29
1006.29
1006.29
1006.29
1006.29
1006.29
1006.29
1006.29
1006.29
1006.29
1006.29
1006.29
1006.29
1006.29
1006.29
1006.29
1006.29
1006.29
1006.29
1006.29
1006.29
1006.29
1006.29
1006.29
1006.29
1006.29
1006.29
1006.29
1006.29
1006.29
1006.29
1006.29
1006.29
1006.29
1006.29
1006.29
1006.29
1006.29
1006.29
1006.29
1006.29
1006.29
1006.29
1006.29
1006.29
1006.29
1006.29
1006.29
1006.29
1006.29
1006.29
1006.29
1006.29
1006.29
1006.29
1006.29
1006.29
1006.29
1006.29
1006.29
1006.29
1006.29
1006.29
1006.29
1006.29
1006.29
1006.29
1006.29
1006.29
1006.29
1006.29
1006.29
1006.29
1006.29
1006.29
1006.29
1006.29
1006.29
1006.29
1006.29
1006.29
1006.29
1006.29
1006.29
1006.29
1006.29
1006.29
1006.29
1006.29
1006.29
1006.29
1006.29
1006.29
1006.29
1006.29
1006.29
1006.29
1006.29
1006.29
1006.29
1006.29
1006.29
1006.29
1006.29
1006.29
1006.29
1006.29
1006.29
1006.29
1006.29
1006.29
1006.29
1006.29
1006.29
1006.29
1006.29
1006.29
1006.29
1006.29
1006.29
1006.29
1006.29
1006.29
1006.29
1006.29
1006.29
1006.29
1006.29
1006.29
1006.29
1006.29
1006.29
1006.29
1006.29
1006.29
1006.29
1006.29
1006.29
1006.29
1006.29
1006.29
1006.29
1006.29
1006.29
1006.29
1006.29
1006.29
1006.29
1006.29
1006.29
1006.29
1006.29
1006.29
1006.29
1006.29
1006.29
1006.29
1006.29
1006.29
1006.29
1006.29
1006.29
1006.29
1006.29
1006.29
1006.29
1006.29
1006.29
1006.29
1006.29
1006.29
1006.29
1006.29
1006.29
1006.29
1006.29
1006.29
1006.29
1006.29
1006.29
1006.29
1006.29
1006.29
1006.29
1006.29
1006.29
1006.29
1006.29
1006.29
1006.29
1006.29
1006.29
1006.29
1006.29
1006.29
1006.29
1006.29
1006.29
1006.29
1006.29
1006.29
1006.29
1006.29
1006.29
1006.29
1006.29
1006.29
1006.29
1006.29
1006.29
1006.29
1006.29
1006.29
1006.29
1006.29
1006.29
1006.29
1006.29
1006.29
1006.29
1006.29
1006.29
1006.29
1006.29
1006.29
1006.29
1006.29
1006.29
1006.29
1006.29
1006.29
1006.29
1006.29
1006.29
1006.29
1006.29
1006.29
1006.29
1006.29
1006.29
1006.29
1006.29
1006.29
1006.29
1006.29
1006.29
1006.29
1006.29
1006.29
1006.29
1006.29
1006.29
1006.29
1006.29
1006.29
1006.29
1006.29
1006.29
1006.29
1006.29
1006.29
1006.29
1006.29
1006.29
1006.29
1006.29
1006.29
1006.29
1006.29
1006.29
1006.29
1006.29
1006.29
1006.29
1006.29
1006.29
1006.29
1006.29
1006.29
1006.29
1006.29
1006.29
1006.29
1006.29
1006.29
1006.29
1006.29
1006.29
1006.29
1006.29
1006.29
1006.29
1006.29
1006.29
1006.29
1006.29
1006.29
1006.29
1006.29
1006.29
1006.29
1006.29
1006.29
1006.29
1006.29
1006.29
1006.29
1006.29
1006.29
1006.29
1006.29
1006.29
1006.29
1006.29
1006.29
1006.29
1006.29
1006.29
1006.29
1006.29
1006.29
1006.29
1006.29
1006.29
1006.29
1006.29
1006.29
1006.29
1006.29
1006.29
1006.29
1006.29
1006.29
1006.29
1006.29
1006.29
1006.29
1006.29
1006.29
1006.29
1006.29
1006.29
1006.29
1006.29
1006.29
1006.29
1006.29
1006.29
1006.29
1006.29
1006.29
1006.29
1006.29
1006.29
1006.29
1006.29
1006.29
1006.29
1006.29
1006.29
1006.29
1006.29
1006.29
1006.29
1006.29
1006.29
1006.29
1006.29
1006.29
1006.29
1006.29
1006.29
1006.29
1006.29
1006.29
1006.29
1006.29
1006.29
1006.29
1006.29
1006.29
1006.29
1006.29
1006.29
1006.29
1006.29
1006.29
1006.29
1006.29
1006.29
1006.29
1006.29
1006.29
1006.29
1006.29
1006.29
1006.29
1006.29
1006.29
1006.29
1006.29
1006.29
1006.29
1006.29
1006.29
1006.29
1006.29
1006.29
1006.29
1006.29
1006.29
1006.29
1006.29
1006.29
1006.29
1006.29
1006.29
1006.29
1006.29
1006.29
1006.29
1006.29
1006.29
1006.29
1006.29
1006.29
1006.29
1006.29
1006.29
1006.29
1006.29
1006.29
1006.29
1006.29
1006.29
1006.29
1006.29
1006.29
1006.29
1006.29
1006.29
1006.29
1006.29
1006.29
1006.29
1006.29
1006.29
1006.29
1006.29
1006.29
1006.29
1006.29
1006.29
1006.29
1006.29
1006.29
1006.29
1006.29
1006.29
1006.29
1006.29
1006.29
1006.29
1006.29
1006.29
1006.29
1006.29
1006.29
1006.29
1006.29
1006.29
1006.29
1006.29
1006.29
1006.29
1006.29
1006.29
1006.29
1006.29
1006.29
1006.29
1006.29
1006.29
1006.29
1006.29
1006.29
1006.29
1006.29
1006.29
1006.29
1006.29
1006.29
1006.29
1006.29
1006.29
1006.29
1006.29
1006.29
1006.29
1006.29
1006.29
1006.29
1006.29
1006.29
1006.29
1006.29
1006.29
1006.29
1006.29
1006.29
1006.29
1006.29
1006.29
1006.29
1006.29
1006.29
1006.29
1006.29
1006.29
1006.29
1006.29
1006.29
1006.29
1006.29
1006.29
1006.29
1006.29
1006.29
1006.29
1006.29
1006.29
1006.29
1006.29
1006.29
1006.29
1006.29
1006.29
1006.29
1006.29
1006.29
1006.29
1006.29
1006.29
1006.29
1006.29
1006.29
1006.29
1006.29
1006.29
1006.29
1006.29
1006.29
1006.29
1006.29
1006.29
1006.29
1006.29
1006.29
1006.29
1006.29
1006.29
1006.29
1006.29
1006.29
1006.29
1006.29
1006.29
1006.29
1006.29
1006.29
1006.29
1006.29
1006.29
1006.29
1006.29
1006.29
1006.29
1006.29
1006.29
1006.29
1006.29
1006.29
1006.29
1006.29
1006.29
1006.29
1006.29
1006.29
1006.29
1006.29
1006.29
1006.29
1006.29
1006.29
1006.29
1006.29
1006.29
1006.29
1006.29
1006.29
1006.29
1006.29
1006.29
1006.29
1006.29
1006.29
1006.29
1006.29
1006.29
1006.29
1006.29
1006.29
1006.29
1006.29
1006.29
1006.29
1006.29
1006.29
1006.29
1006.29
1006.29
1006.29
1006.29
1006.29
1006.29
1006.29
1006.29
1006.29
1006.29
1006.29
1006.29
1006.29
1006.29
1006.29
1006.29
1006.29
1006.29
1006.29
1006.29
1006.29
1006.29
1006.29
1006.29
1006.29
1006.29
1006.29
1006.29
1006.29
1006.29
1006.29
1006.29
1006.29
1006.29
1006.29
1006.29
1006.29
1006.29
1006.29
1006.29
1006.29
1006.29
1006.29
1006.29
1006.29
1006.29
1006.29
1006.29
1006.29
1006.29
1006.29
1006.29
1006.29
1006.29
1006.29
1006.29
1006.29
1006.29
1006.29
1006.29
1006.29
1006.29
1006.29
1006.29
1006.29
1006.29
1006.29
1006.29
1006.29
1006.29
1006.29
1006.29
1006.29
1006.29
1006.29
1006.29
1006.29
1006.29
1006.29
1006.29
1006.29
1006.29
1006.29
1006.29
1006.29
1006.29
1006.29
1006.29
1006.29
1006.29
1006.29
1006.29
1006.29
1006.29
1006.29
1006.29
1006.29
1006.29
1006.29
1006.29
1006.29
1006.29
1006.29
1006.29
1006.29
1006.29
1006.29
1006.29
1006.29
1006.29
1006.29
1006.29
1006.29
1006.29
1006.29
1006.29
1006.29
1006.29
1006.29
1006.29
1006.29
1006.29
1006.29
1006.29
1006.29
1006.29
1006.29
1006.29
1006.29
1006.29
1006.29
1006.29
1006.29
1006.29
1006.29
1006.29
1006.29
1006.29
1006.29
1006.29
1006.29
1006.29
1006.29
1006.29
1006.29
1006.29
1006.29
1006.29
1006.29
1006.29
1006.29
1006.29
1006.29
1006.29
1006.29
1006.29
1006.29
1006.29
1006.29
1006.29
1006.29
1006.29
1006.29
1006.29
1006.29
1006.29
1006.29
1006.29
1006.29
1006.29
1006.29
1006.29
1006.29
1006.29
1006.29
1006.29
1006.29
1006.29
1006.29
1006.29
1006.29
1006.29
1006.29
1006.29
1006.29
1006.29
1006.29
1006.29
1006.29
1006.29
1006.29
1006.29
1006.29
1006.29
1006.29
1006.29
1006.29
1006.29
1006.29
1006.29
1006.29
1006.29
1006.29
1006.29
1006.29
1006.29
1006.29
1006.29
1006.29
1006.29
1006.29
1006.29
1006.29
1006.29
1006.29
1006.29
1006.29
1006.29
1006.29
1006.29
1006.29
1006.29
1006.29
1006.29
1006.29
1006.29
1006.29
1006.29
1006.29
1006.29
1006.29
1006.29
1006.29
1006.29
1006.29
1006.29
1006.29
1006.29
1006.29
1006.29
1006.29
1006.29
1006.29
1006.29
1006.29
1006.29
1006.29
1006.29
1006.29
1006.29
1006.29
1006.29
1006.29
1006.29
1006.29
1006.29
1006.29
1006.29
1006.29
1006.29
1006.29
1006.29
1006.29
1006.29
1006.29
1006.29
1006.29
1006.29
1006.29
1006.29
1006.29
1006.29
1006.29
1006.29
1006.29
1006.29
1006.29
1006.29
1006.29
1006.29
1006.29
1006.29
1006.29
1006.29
1006.29
1006.29
1006.29
1006.29
1006.29
1006.29
1006.29
1006.29
1006.29
1006.29
1006.29
1006.29
1006.29
1006.29
1006.29
1006.29
1006.29
1006.29
1006.29
1006.29
1006.29
1006.29
1006.29
1006.29
1006.29
1006.29
1006.29
1006.29
1006.29
1006.29
1006.29
1006.29
1006.29
1006.29
1006.29
1006.29
1006.29
1006.29
1006.29
1006.29
1006.29
1006.29
1006.29
1006.29
1006.29
1006.29
1006.29
1006.29
1006.29
1006.29
1006.29
1006.29
1006.29
1006.29
1006.29
1006.29
1006.29
1006.29
1006.29
1006.29
1006.29
1006.29
1006.29
1006.29
1006.29
1006.29
1006.29
1006.29
1006.29
1006.29
1006.29
1006.29
1006.29
1006.29
1006.29
1006.29
1006.29
1006.29
1006.29
1006.29
1006.29
1006.29
1006.29
1006.29
1006.29
1006.29
1006.29
1006.29
1006.29
1006.29
1006.29
1006.29
1006.29
1006.29
1006.29
1006.29
1006.29
1006.29
1006.29
1006.29
1006.29
1006.29
1006.29
1006.29
1006.29
1006.29
1006.29
1006.29
1006.29
1006.29
1006.29
1006.29
1006.29
1006.29
1006.29
1006.29
1006.29
1006.29
1006.29
1006.29
1006.29
1006.29
1006.29
1006.29
1006.29
1006.29
1006.29
1006.29
1006.29
1006.29
1006.29
1006.29
1006.29
1006.29
1006.29
1006.29
1006.29
1006.29
1006.29
1006.29
1006.29
1006.29
1006.29
1006.29
1006.29
1006.29
1006.29
1006.29
1006.29
1006.29
1006.29
1006.29
1006.29
1006.29
1006.29
1006.29
1006.29
1006.29
1006.29
1006.29
1006.29
1006.29
1006.29
1006.29
1006.29
1006.29
1006.29
1006.29
1006.29
1006.29
1006.29
1006.29
1006.29
1006.29
1006.29
1006.29
1006.29
1006.29
1006.29
1006.29
1006.29
1006.29
1006.29
1006.29
1006.29
1006.29
1006.29
1006.29
1006.29
1006.29
1006.29
1006.29
1006.29
1006.29
1006.29
1006.29
1006.29
1006.29
1006.29
1006.29
1006.29
1006.29
1006.29
1006.29
1006.29
1006.29
1006.29
1006.29
1006.29
1006.29
1006.29
1006.29
1006.29
1006.29
1006.29
1006.29
1006.29
1006.29
1006.29
1006.29
1006.29
1006.29
1006.29
1006.29
1006.29
1006.29
1006.29
1006.29
1006.29
1006.29
1006.29
1006.29
1006.29
1006.29
1006.29
1006.29
1006.29
1006.29
1006.29
1006.29
1006.29
1006.29
1006.29
1006.29
1006.29
1006.29
1006.29
1006.29
1006.29
1006.29
1006.29
1006.29
1006.29
1006.29
1006.29
1006.29
1006.29
1006.29
1006.29
1006.29
1006.29
1006.29
1006.29
1006.29
1006.29
1006.29
1006.29
1006.29
1006.29
1006.29
1006.29
1006.29
1006.29
1006.29
1006.29
1006.29
1006.29
1006.29
1006.29
1006.29
1006.29
1006.29
1006.29
1006.29
1006.29
1006.29
1006.29
1006.29
1006.29
1006.29
1006.29
1006.29
1006.29
1006.29
1006.29
1006.29
1006.29
1006.29
1006.29
1006.29
1006.29
1006.29
1006.29
1006.29
1006.29
1006.29
1006.29
1006.29
1006.29
1006.29
1006.29
1006.29
1006.29
1006.29
1006.29
1006.29
1006.29
1006.29
1006.29
1006.29
1006.29
1006.29
1006.29
1006.29
1006.29
1006.29
1006.29
1006.29
1006.29
1006.29
1006.29
1006.29
1006.29
1006.29
1006.29
1006.29
1006.29
1006.29
1006.29
1006.29
1006.29
1006.29
1006.29
1006.29
1006.29
1006.29
1006.29
1006.29
1006.29
1006.29
1006.29
1006.29
1006.29
1006.29
1006.29
1006.29
1006.29
1006.29
1006.29
1006.29
1006.29
1006.29
1006.29
1006.29
1006.29
1006.29
1006.29
1006.29
1006.29
1006.29
1006.29
1006.29
1006.29
1006.29
1006.29
1006.29
1006.29
1006.29
1006.29
1006.29
1006.29
1006.29
1006.29
1006.29
1006.29
1006.29
1006.29
1006.29
1006.29
1006.29
1006.29
1006.29
1006.29
1006.29
1006.29
1006.29
1006.29
1006.29
1006.29
1006.29
1006.29
1006.29
1006.29
1006.29
1006.29
1006.29
1006.29
1006.29
1006.29
1006.29
1006.29
1006.29
1006.29
1006.29
1006.29
1006.29
1006.29
1006.29
1006.29
1006.29
1006.29
1006.29
1006.29
1006.29
1006.29
1006.29
1006.29
1006.29
1006.29
1006.29
1006.29
1006.29
1006.29
1006.29
1006.29
1006.29
1006.29
1006.29
1006.29
1006.29
1006.29
1006.29
1006.29
1006.29
1006.29
1006.29
1006.29
1006.29
1006.29
1006.29
1006.29
1006.29
1006.29
1006.29
1006.29
1006.29
1006.29
1006.29
1006.29
1006.29
1006.29
1006.29
1006.29
1006.29
1006.29
1006.29
1006.29
1006.29
1006.29
1006.29
1006.29
1006.29
1006.29
1006.29
1006.29
1006.29
1006.29
1006.29
)
;

boundaryField
{
    emptyPatches_empt
    {
        type            empty;
    }
    top_cyc
    {
        type            cyclic;
    }
    bottom_cyc
    {
        type            cyclic;
    }
    inlet_cyc
    {
        type            cyclic;
    }
    outlet_cyc
    {
        type            cyclic;
    }
}


// ************************************************************************* //
