/*--------------------------------*- C++ -*----------------------------------*\
  =========                 |
  \\      /  F ield         | OpenFOAM: The Open Source CFD Toolbox
   \\    /   O peration     | Website:  https://openfoam.org
    \\  /    A nd           | Version:  6
     \\/     M anipulation  |
\*---------------------------------------------------------------------------*/
FoamFile
{
    version     2.0;
    format      ascii;
    class       volScalarField;
    location    "1.48";
    object      rho;
}
// * * * * * * * * * * * * * * * * * * * * * * * * * * * * * * * * * * * * * //

dimensions      [1 -3 0 0 0 0 0];

internalField   nonuniform List<scalar> 
5835
(
1.80937e-05
1.18686e-05
2.87824e-05
1.20267e-05
1.19479e-05
1.18596e-05
1.18567e-05
1.19091e-05
1.18563e-05
1.18988e-05
1.18571e-05
1.20192e-05
1.18571e-05
1.18574e-05
1.27443e-05
1.18584e-05
3.69e-05
3.61343e-05
1.18657e-05
1.18583e-05
4.06608e-05
1.18572e-05
3.88404e-05
1.23551e-05
1.18571e-05
1.1858e-05
1.28395e-05
1.18596e-05
1.18905e-05
1.18567e-05
1.18619e-05
1.18611e-05
1.18567e-05
1.18573e-05
1.18621e-05
1.18575e-05
1.18596e-05
1.18567e-05
1.18572e-05
1.18575e-05
1.18726e-05
1.18584e-05
1.18577e-05
1.18579e-05
1.18574e-05
1.18627e-05
1.18569e-05
1.18648e-05
1.18655e-05
1.1857e-05
1.1858e-05
1.18573e-05
1.18571e-05
1.1857e-05
1.1857e-05
1.18571e-05
1.1857e-05
1.18569e-05
1.18582e-05
1.18592e-05
1.18657e-05
1.18569e-05
1.18838e-05
1.18743e-05
1.18573e-05
1.18607e-05
1.18571e-05
1.18603e-05
1.18581e-05
1.18639e-05
1.18597e-05
1.18572e-05
1.18596e-05
1.18568e-05
1.18583e-05
1.18568e-05
1.18572e-05
1.18616e-05
1.18586e-05
1.18569e-05
1.18567e-05
1.18623e-05
1.18691e-05
2.97995e-05
1.769e-05
1.18565e-05
1.19231e-05
1.1861e-05
1.19134e-05
1.20307e-05
1.18565e-05
1.19066e-05
1.18566e-05
1.18698e-05
1.18682e-05
1.18605e-05
1.18625e-05
1.18704e-05
1.23284e-05
1.18571e-05
1.18593e-05
1.18632e-05
1.18574e-05
1.18609e-05
1.20566e-05
1.18618e-05
1.18569e-05
1.22468e-05
1.18604e-05
1.18704e-05
1.1865e-05
1.18591e-05
1.22544e-05
1.18701e-05
1.18613e-05
1.18569e-05
1.18613e-05
1.18652e-05
1.18636e-05
1.19356e-05
1.19226e-05
1.18569e-05
1.1857e-05
1.18617e-05
1.18611e-05
1.1868e-05
1.18714e-05
1.18648e-05
1.18669e-05
1.18579e-05
1.18696e-05
1.18589e-05
1.18585e-05
1.18695e-05
1.18747e-05
1.18609e-05
5.16603e-05
1.18583e-05
5.39085e-05
1.18643e-05
1.1857e-05
1.18608e-05
4.8444e-05
5.03686e-05
5.55531e-05
5.53782e-05
2.43365e-05
2.94222e-05
1.18676e-05
1.18978e-05
3.02319e-05
1.18819e-05
1.18566e-05
1.18742e-05
1.53673e-05
1.65369e-05
1.22681e-05
1.18571e-05
1.18803e-05
1.45915e-05
1.18861e-05
1.18569e-05
1.18611e-05
1.18568e-05
1.25528e-05
1.18725e-05
1.19046e-05
1.20998e-05
1.18614e-05
1.18827e-05
1.18564e-05
1.18769e-05
1.18803e-05
1.18566e-05
1.18661e-05
1.18599e-05
1.18673e-05
1.23309e-05
1.18624e-05
1.19331e-05
1.18702e-05
1.18616e-05
1.18591e-05
1.18568e-05
1.18836e-05
1.18566e-05
1.18701e-05
1.18572e-05
1.18831e-05
1.18606e-05
1.18576e-05
1.18572e-05
1.18614e-05
1.18628e-05
1.18722e-05
1.18579e-05
1.18579e-05
1.18582e-05
1.18574e-05
1.18577e-05
4.57187e-05
4.32655e-05
1.18582e-05
1.18578e-05
1.18583e-05
1.18591e-05
1.18569e-05
1.19001e-05
1.18611e-05
1.18609e-05
1.1858e-05
1.1862e-05
1.18687e-05
1.18635e-05
1.18575e-05
1.18574e-05
1.18623e-05
1.1857e-05
1.1857e-05
1.18639e-05
1.1866e-05
1.18568e-05
1.18569e-05
1.19294e-05
1.18707e-05
1.18563e-05
1.18566e-05
5.71636e-05
1.18568e-05
1.18679e-05
1.18593e-05
1.18675e-05
1.18644e-05
1.18705e-05
1.18567e-05
1.18791e-05
3.17422e-05
1.18569e-05
2.96268e-05
1.18864e-05
1.18577e-05
1.19015e-05
1.18602e-05
1.18613e-05
1.18641e-05
1.18562e-05
1.18662e-05
1.18566e-05
1.18565e-05
1.18648e-05
1.18612e-05
1.18772e-05
1.1862e-05
1.18563e-05
1.18725e-05
1.18901e-05
1.18618e-05
1.19509e-05
1.18566e-05
1.18775e-05
1.18602e-05
1.21519e-05
1.20736e-05
1.18594e-05
1.22135e-05
1.18568e-05
1.1857e-05
1.18581e-05
1.21788e-05
1.21132e-05
1.18582e-05
1.18579e-05
1.18618e-05
1.18648e-05
1.18676e-05
1.18563e-05
1.18603e-05
1.18572e-05
1.18735e-05
1.18568e-05
1.18582e-05
1.18572e-05
1.30708e-05
1.18632e-05
1.18569e-05
1.18569e-05
1.18569e-05
1.18575e-05
1.18692e-05
1.18591e-05
3.54359e-05
1.85225e-05
1.18772e-05
2.11139e-05
1.1857e-05
1.1857e-05
1.18995e-05
1.18584e-05
1.18617e-05
3.37993e-05
1.18621e-05
5.44472e-05
5.63386e-05
3.25489e-05
1.7261e-05
3.25029e-05
1.18585e-05
3.20942e-05
1.18567e-05
2.54086e-05
5.69137e-05
2.33709e-05
4.14132e-05
1.25963e-05
1.18615e-05
1.18598e-05
1.1863e-05
1.21644e-05
1.18567e-05
1.1881e-05
1.18774e-05
1.18563e-05
1.186e-05
1.26394e-05
1.18578e-05
1.33722e-05
1.18572e-05
1.18567e-05
3.73121e-05
1.18873e-05
1.18567e-05
1.24542e-05
1.1857e-05
1.18729e-05
1.18606e-05
1.1861e-05
1.18601e-05
1.18577e-05
1.18567e-05
1.18576e-05
1.18592e-05
4.02592e-05
1.20752e-05
3.90371e-05
1.18663e-05
1.18571e-05
1.18573e-05
1.18565e-05
1.18572e-05
1.18606e-05
1.3783e-05
1.18563e-05
1.18564e-05
1.18894e-05
1.18564e-05
1.18897e-05
1.18827e-05
1.18651e-05
1.32545e-05
1.18565e-05
1.2054e-05
1.18731e-05
1.18651e-05
1.18747e-05
1.54849e-05
1.18689e-05
1.18595e-05
1.18565e-05
1.18875e-05
1.18619e-05
1.18721e-05
1.18656e-05
1.18964e-05
1.18565e-05
1.23016e-05
1.1862e-05
1.18713e-05
1.18584e-05
1.18599e-05
1.18569e-05
1.18576e-05
1.18569e-05
1.18632e-05
1.18579e-05
1.18573e-05
1.18586e-05
1.18602e-05
1.18593e-05
1.1858e-05
1.18619e-05
1.18585e-05
1.18578e-05
1.18566e-05
1.18587e-05
1.18608e-05
1.18662e-05
1.18915e-05
1.18575e-05
1.18571e-05
1.18615e-05
1.18585e-05
1.18573e-05
1.18661e-05
1.18566e-05
1.18741e-05
1.19024e-05
1.18577e-05
1.18738e-05
1.21663e-05
1.18577e-05
1.18701e-05
1.1862e-05
1.1883e-05
1.19927e-05
1.18583e-05
1.18977e-05
1.25408e-05
1.1868e-05
1.18653e-05
1.18705e-05
1.18739e-05
1.18641e-05
1.18569e-05
1.18786e-05
1.18619e-05
1.18654e-05
1.18864e-05
1.18616e-05
1.18679e-05
1.18571e-05
1.18645e-05
1.18709e-05
1.19003e-05
1.1912e-05
1.18692e-05
1.18652e-05
1.18566e-05
1.18581e-05
1.1857e-05
1.18768e-05
1.18566e-05
1.18585e-05
1.1857e-05
1.18861e-05
1.18645e-05
1.18835e-05
1.1862e-05
1.18689e-05
1.18584e-05
1.18834e-05
1.18562e-05
1.1876e-05
1.18562e-05
1.18633e-05
1.18848e-05
1.18566e-05
1.18562e-05
1.18759e-05
1.18684e-05
1.18738e-05
1.18571e-05
1.1858e-05
1.18985e-05
1.18562e-05
1.18775e-05
1.18637e-05
1.18743e-05
1.18892e-05
1.18627e-05
1.18582e-05
1.1861e-05
1.19038e-05
1.18568e-05
1.19223e-05
1.18665e-05
1.18698e-05
1.18568e-05
1.18691e-05
1.18567e-05
1.18573e-05
1.18984e-05
1.18907e-05
1.18566e-05
1.1857e-05
1.18563e-05
1.18691e-05
1.18799e-05
1.18601e-05
1.18661e-05
1.18566e-05
1.18577e-05
1.1857e-05
1.18562e-05
1.18605e-05
1.18967e-05
1.18651e-05
1.18641e-05
1.1861e-05
1.18694e-05
1.18632e-05
1.27649e-05
1.18572e-05
1.18714e-05
1.18573e-05
1.18625e-05
1.18636e-05
1.18659e-05
1.18569e-05
1.19769e-05
1.18599e-05
1.18791e-05
1.1858e-05
1.18596e-05
1.22883e-05
1.18604e-05
1.18591e-05
5.24639e-05
1.18739e-05
1.18601e-05
5.02241e-05
4.96531e-05
4.96069e-05
1.18637e-05
1.18575e-05
1.186e-05
1.18816e-05
2.98978e-05
2.15402e-05
1.18675e-05
1.18801e-05
1.1902e-05
3.01762e-05
4.51424e-05
1.18579e-05
5.55009e-05
1.18695e-05
1.18586e-05
1.18792e-05
3.22011e-05
1.18568e-05
1.4423e-05
1.18882e-05
4.58154e-05
1.18605e-05
1.41327e-05
1.22674e-05
1.18717e-05
1.1863e-05
1.18567e-05
1.18828e-05
1.19022e-05
1.23348e-05
1.18565e-05
1.20771e-05
1.18568e-05
1.18659e-05
1.18583e-05
1.18578e-05
1.18579e-05
1.18589e-05
1.18731e-05
1.18784e-05
5.4641e-05
1.1881e-05
1.19004e-05
1.18619e-05
1.18583e-05
1.19313e-05
1.18559e-05
1.18587e-05
1.18846e-05
1.18722e-05
1.1856e-05
1.18563e-05
1.18627e-05
1.18569e-05
3.97414e-05
1.18591e-05
1.18708e-05
1.18602e-05
1.18571e-05
1.18651e-05
1.18567e-05
1.1857e-05
1.18611e-05
1.18728e-05
1.18674e-05
1.18613e-05
1.18626e-05
1.1856e-05
1.18557e-05
1.18572e-05
1.18655e-05
1.1883e-05
1.18632e-05
1.1856e-05
1.18588e-05
1.18557e-05
1.18639e-05
1.18802e-05
1.18556e-05
1.18671e-05
1.18732e-05
1.18695e-05
1.58884e-05
1.1861e-05
1.18578e-05
1.18917e-05
1.18573e-05
1.1856e-05
1.18565e-05
1.21246e-05
1.26097e-05
1.20867e-05
1.18567e-05
1.21375e-05
1.18556e-05
1.18667e-05
1.18856e-05
4.06165e-05
1.18583e-05
1.22145e-05
1.18642e-05
1.18598e-05
1.24066e-05
1.18604e-05
2.934e-05
1.18586e-05
2.26079e-05
2.7448e-05
1.1865e-05
1.18569e-05
3.16967e-05
3.06216e-05
2.2784e-05
1.18586e-05
1.18579e-05
1.18578e-05
1.18632e-05
1.24091e-05
5.2287e-05
1.18572e-05
1.3207e-05
1.18565e-05
1.18617e-05
1.18608e-05
1.18591e-05
5.35774e-05
4.23755e-05
1.18596e-05
1.22513e-05
1.1857e-05
2.892e-05
1.1857e-05
1.18776e-05
1.18832e-05
3.23661e-05
1.26157e-05
3.506e-05
1.18577e-05
1.18562e-05
1.18723e-05
1.21472e-05
1.21471e-05
1.18623e-05
1.1863e-05
1.18621e-05
1.18553e-05
1.18965e-05
1.36985e-05
1.18893e-05
1.18558e-05
1.35858e-05
1.18555e-05
1.18752e-05
1.1857e-05
1.1863e-05
1.1858e-05
1.18604e-05
1.18581e-05
1.18575e-05
1.1858e-05
1.18574e-05
1.18569e-05
1.18653e-05
1.18563e-05
1.18751e-05
1.1857e-05
1.18584e-05
1.18611e-05
1.19873e-05
1.18816e-05
1.19008e-05
1.18586e-05
1.18594e-05
1.18565e-05
1.18568e-05
1.18612e-05
1.18569e-05
1.18837e-05
1.18602e-05
1.18836e-05
1.18559e-05
1.18559e-05
1.22229e-05
1.22084e-05
1.1903e-05
1.18562e-05
1.18674e-05
1.18725e-05
1.18627e-05
1.18618e-05
1.18594e-05
1.18561e-05
1.18645e-05
1.18668e-05
1.18565e-05
1.18585e-05
1.18558e-05
1.18837e-05
1.19139e-05
1.19054e-05
1.18617e-05
1.18781e-05
1.18573e-05
1.19144e-05
1.18681e-05
1.18609e-05
1.18569e-05
1.18572e-05
1.18618e-05
1.18549e-05
1.1856e-05
1.18662e-05
1.18667e-05
1.18665e-05
1.18557e-05
1.18877e-05
1.18557e-05
1.18551e-05
1.18562e-05
1.18996e-05
1.18729e-05
1.18919e-05
1.18608e-05
1.18555e-05
1.18835e-05
1.18645e-05
1.18815e-05
1.18619e-05
1.18563e-05
1.19294e-05
1.18603e-05
1.1865e-05
1.18683e-05
1.18657e-05
1.18555e-05
1.18591e-05
1.18785e-05
1.18564e-05
1.18728e-05
1.1878e-05
1.19105e-05
1.1861e-05
1.18847e-05
1.18569e-05
1.18555e-05
1.18699e-05
1.18771e-05
1.18663e-05
1.18624e-05
1.18567e-05
1.1893e-05
1.18562e-05
1.18714e-05
1.18575e-05
1.18555e-05
1.18837e-05
1.18771e-05
1.18676e-05
1.18708e-05
1.18781e-05
1.18631e-05
1.18647e-05
1.18729e-05
1.18662e-05
1.18578e-05
1.1857e-05
1.1857e-05
1.18581e-05
1.19144e-05
1.18677e-05
1.18575e-05
1.18604e-05
1.18717e-05
1.1929e-05
1.19029e-05
1.18576e-05
1.18555e-05
1.18572e-05
1.1863e-05
1.18572e-05
1.18825e-05
1.18593e-05
1.18563e-05
1.18638e-05
1.18577e-05
1.18607e-05
1.18656e-05
1.18609e-05
1.18588e-05
1.18555e-05
1.18587e-05
1.1858e-05
1.18581e-05
1.18574e-05
1.18581e-05
1.1886e-05
1.18557e-05
1.18624e-05
1.18585e-05
1.18545e-05
1.18556e-05
1.18635e-05
1.18687e-05
1.18863e-05
1.18904e-05
1.73922e-05
1.9952e-05
2.27846e-05
1.63907e-05
1.18681e-05
1.18578e-05
1.18566e-05
1.18572e-05
1.18573e-05
1.18631e-05
1.18601e-05
1.18581e-05
1.18601e-05
1.18585e-05
1.18582e-05
1.18617e-05
1.18629e-05
1.18591e-05
1.18583e-05
1.18581e-05
1.18572e-05
1.18569e-05
1.186e-05
1.18565e-05
1.18708e-05
1.18647e-05
1.18664e-05
1.1938e-05
1.18758e-05
1.45964e-05
1.18705e-05
1.19054e-05
1.19619e-05
1.18719e-05
1.18559e-05
1.18565e-05
1.61295e-05
1.18562e-05
1.18567e-05
1.18581e-05
1.19031e-05
1.18897e-05
1.18635e-05
1.1874e-05
1.1926e-05
1.19074e-05
1.18754e-05
1.18826e-05
1.1857e-05
1.19148e-05
1.1876e-05
1.1858e-05
1.18959e-05
1.18567e-05
1.18765e-05
1.58984e-05
1.21597e-05
1.19184e-05
1.18682e-05
1.18565e-05
1.19185e-05
1.21409e-05
1.18564e-05
2.05056e-05
1.18588e-05
3.56222e-05
1.18563e-05
1.19325e-05
1.18739e-05
1.18587e-05
1.18567e-05
1.18874e-05
1.18613e-05
1.18792e-05
1.18777e-05
1.51332e-05
1.57189e-05
1.18825e-05
1.18864e-05
1.20483e-05
1.18566e-05
1.51294e-05
1.18568e-05
1.19621e-05
1.18967e-05
1.1857e-05
6.69108e-05
7.12702e-05
1.1857e-05
1.18578e-05
1.18574e-05
6.30285e-05
7.09491e-05
7.39924e-05
1.18691e-05
5.84355e-05
1.18584e-05
1.18568e-05
1.1866e-05
7.23157e-05
5.60312e-05
1.18603e-05
7.05309e-05
5.24471e-05
1.18578e-05
1.18583e-05
1.1857e-05
7.33428e-05
1.18577e-05
1.18571e-05
7.26181e-05
1.18568e-05
5.85704e-05
1.18568e-05
1.18569e-05
1.1857e-05
6.27489e-05
5.33467e-05
6.16106e-05
1.18597e-05
1.18571e-05
1.18635e-05
5.13893e-05
7.12588e-05
7.095e-05
5.86603e-05
5.46869e-05
1.18573e-05
1.1858e-05
6.79143e-05
1.18589e-05
1.18584e-05
5.31281e-05
5.47671e-05
6.3462e-05
1.18577e-05
6.04206e-05
1.18577e-05
1.24605e-05
1.18598e-05
1.18638e-05
1.18651e-05
1.18576e-05
1.1872e-05
1.18579e-05
1.19031e-05
1.18984e-05
1.1909e-05
1.52083e-05
1.58262e-05
1.18716e-05
1.18686e-05
1.21205e-05
1.18757e-05
1.1905e-05
5.06725e-05
1.18584e-05
1.18571e-05
4.6505e-05
1.18569e-05
1.19904e-05
1.18635e-05
1.18569e-05
1.18567e-05
1.18695e-05
1.18592e-05
1.18614e-05
1.18687e-05
1.18638e-05
1.18571e-05
1.1869e-05
1.18602e-05
1.18681e-05
1.1859e-05
1.18572e-05
1.18591e-05
1.18571e-05
1.18754e-05
1.1857e-05
1.18585e-05
1.18574e-05
1.18573e-05
1.18568e-05
1.18682e-05
1.18572e-05
1.18633e-05
1.18613e-05
1.18617e-05
1.18585e-05
1.19165e-05
1.18693e-05
1.18566e-05
1.18593e-05
1.18566e-05
1.42339e-05
3.1006e-05
1.18568e-05
1.1857e-05
1.23445e-05
3.2276e-05
1.18569e-05
1.47787e-05
1.2539e-05
1.18571e-05
1.1857e-05
1.18569e-05
1.18684e-05
1.18587e-05
1.18588e-05
1.18575e-05
1.18676e-05
1.18569e-05
1.18571e-05
1.18572e-05
1.18606e-05
1.18582e-05
1.18669e-05
1.18617e-05
1.18611e-05
1.18645e-05
1.1861e-05
1.1857e-05
1.18789e-05
1.18788e-05
1.18736e-05
1.21879e-05
1.80679e-05
1.18574e-05
1.18733e-05
1.18568e-05
1.18572e-05
1.1871e-05
1.18782e-05
1.18565e-05
1.18574e-05
1.18673e-05
1.18587e-05
1.18559e-05
1.18603e-05
1.18805e-05
1.18577e-05
1.18615e-05
1.18568e-05
1.18684e-05
1.18663e-05
1.18617e-05
1.18684e-05
1.18672e-05
1.18626e-05
1.18905e-05
1.18557e-05
1.18729e-05
1.18561e-05
1.18787e-05
1.18581e-05
1.18728e-05
1.18564e-05
1.1867e-05
1.18655e-05
1.18647e-05
1.18686e-05
1.18804e-05
1.18575e-05
1.1878e-05
1.19262e-05
1.18594e-05
1.1868e-05
1.18634e-05
1.1871e-05
1.18827e-05
1.18588e-05
1.18578e-05
1.18613e-05
1.18692e-05
1.18642e-05
1.18689e-05
1.18817e-05
1.18703e-05
1.1883e-05
1.18778e-05
1.18571e-05
1.18572e-05
1.18737e-05
1.18819e-05
1.18563e-05
1.1863e-05
1.18789e-05
1.18825e-05
1.1857e-05
1.18845e-05
1.18571e-05
1.19029e-05
1.18643e-05
1.18656e-05
1.18571e-05
1.18595e-05
1.18565e-05
1.18814e-05
1.18573e-05
1.18573e-05
1.18574e-05
1.18562e-05
1.18759e-05
1.18567e-05
1.18567e-05
1.18725e-05
1.19037e-05
1.18572e-05
1.1866e-05
1.18574e-05
1.18825e-05
1.18674e-05
1.18557e-05
1.18607e-05
1.18641e-05
1.18648e-05
1.18715e-05
1.19289e-05
1.18596e-05
1.18872e-05
1.18695e-05
1.18568e-05
1.18761e-05
1.18565e-05
1.18646e-05
1.18572e-05
1.1883e-05
1.1864e-05
1.18734e-05
1.1905e-05
1.18549e-05
1.18564e-05
1.18572e-05
1.18583e-05
1.18568e-05
1.18587e-05
1.18562e-05
1.18999e-05
1.18647e-05
1.18568e-05
1.18729e-05
1.18641e-05
1.18569e-05
1.18743e-05
1.18804e-05
1.18646e-05
1.18575e-05
1.1879e-05
1.18618e-05
1.18654e-05
1.18693e-05
1.18636e-05
1.18765e-05
1.1876e-05
1.18743e-05
1.18557e-05
1.18667e-05
1.18759e-05
1.18603e-05
1.1857e-05
1.18783e-05
1.193e-05
1.18715e-05
1.18591e-05
1.18616e-05
1.18761e-05
1.18824e-05
1.18634e-05
1.1869e-05
1.18713e-05
1.18643e-05
1.18577e-05
1.19843e-05
1.18568e-05
1.18762e-05
1.18571e-05
1.1857e-05
1.18733e-05
1.1866e-05
1.18578e-05
1.18721e-05
1.18625e-05
1.18569e-05
1.18602e-05
1.1857e-05
1.1862e-05
1.18697e-05
1.18792e-05
1.18856e-05
1.1856e-05
1.1858e-05
1.18686e-05
1.18593e-05
1.18568e-05
1.18725e-05
1.18563e-05
1.18666e-05
1.21293e-05
1.18637e-05
1.18663e-05
1.18635e-05
1.18682e-05
1.18671e-05
1.20079e-05
1.18569e-05
1.18945e-05
1.18712e-05
1.18717e-05
1.18772e-05
1.18706e-05
1.37897e-05
1.19214e-05
1.19724e-05
1.18569e-05
1.18568e-05
1.18572e-05
1.1862e-05
1.1858e-05
1.18645e-05
1.18885e-05
1.31341e-05
1.18756e-05
1.18624e-05
1.18663e-05
1.1932e-05
1.18652e-05
1.18613e-05
1.18608e-05
1.18922e-05
1.18657e-05
1.18616e-05
1.18617e-05
1.19001e-05
1.2746e-05
1.18649e-05
1.19019e-05
1.18588e-05
1.18627e-05
1.18809e-05
1.18584e-05
1.18575e-05
1.18573e-05
1.18563e-05
1.27994e-05
1.19071e-05
1.18587e-05
1.18615e-05
1.18585e-05
1.18645e-05
1.18593e-05
1.18609e-05
1.18639e-05
1.22811e-05
1.18798e-05
1.18928e-05
1.18794e-05
1.18611e-05
1.18576e-05
1.18708e-05
1.18584e-05
1.19469e-05
1.18822e-05
1.18567e-05
1.18574e-05
1.18823e-05
1.19254e-05
1.18691e-05
1.18567e-05
1.19292e-05
1.18565e-05
1.19335e-05
1.18691e-05
1.19098e-05
1.18902e-05
1.18567e-05
1.18563e-05
1.18593e-05
1.18641e-05
1.18677e-05
1.18587e-05
1.18784e-05
1.18566e-05
1.1857e-05
1.18578e-05
1.18906e-05
1.18576e-05
1.33817e-05
1.19132e-05
1.186e-05
1.18558e-05
1.19299e-05
1.55709e-05
2.39566e-05
1.18573e-05
1.1857e-05
1.18569e-05
1.18581e-05
1.18589e-05
1.18565e-05
1.18632e-05
1.1857e-05
1.18653e-05
1.19322e-05
6.64918e-05
1.18619e-05
1.18561e-05
1.1864e-05
1.31336e-05
1.59672e-05
1.18578e-05
1.18576e-05
2.18056e-05
1.18844e-05
1.18565e-05
1.18575e-05
1.49726e-05
1.18618e-05
1.18592e-05
1.33245e-05
2.80067e-05
4.88189e-05
1.18567e-05
5.45125e-05
1.72593e-05
1.18645e-05
5.10039e-05
1.18598e-05
2.75694e-05
5.03421e-05
1.5325e-05
3.03419e-05
3.15829e-05
1.18608e-05
2.00364e-05
1.21156e-05
3.23896e-05
1.18612e-05
1.27235e-05
1.40889e-05
1.8966e-05
1.18603e-05
1.18602e-05
1.18578e-05
1.18589e-05
1.18571e-05
4.57731e-05
3.72535e-05
1.18571e-05
1.18574e-05
1.18569e-05
1.31923e-05
1.69643e-05
1.18628e-05
1.18581e-05
1.85345e-05
1.18581e-05
1.18609e-05
3.70526e-05
1.18711e-05
1.18587e-05
1.18574e-05
1.60545e-05
1.92345e-05
1.18758e-05
1.18692e-05
1.55274e-05
1.18764e-05
1.44091e-05
1.18628e-05
1.29814e-05
1.18564e-05
1.18583e-05
1.20997e-05
1.21361e-05
1.18572e-05
1.18658e-05
1.37601e-05
1.1857e-05
1.18826e-05
1.18571e-05
1.18657e-05
1.18567e-05
1.18559e-05
1.18565e-05
1.18638e-05
1.1863e-05
1.1869e-05
1.97395e-05
1.18595e-05
1.18634e-05
1.188e-05
1.50727e-05
1.18598e-05
1.18568e-05
1.18588e-05
1.18752e-05
1.18568e-05
1.18593e-05
1.19143e-05
1.18608e-05
1.18606e-05
1.18666e-05
1.18589e-05
1.18643e-05
1.18623e-05
1.18731e-05
1.1856e-05
1.18661e-05
1.29558e-05
1.18604e-05
1.18488e-05
1.23934e-05
1.18573e-05
1.18573e-05
1.18603e-05
1.18715e-05
1.92694e-05
1.90203e-05
1.18598e-05
1.18641e-05
1.1856e-05
1.18574e-05
1.18589e-05
1.18598e-05
1.28272e-05
1.18813e-05
1.18732e-05
1.1862e-05
1.18571e-05
1.18583e-05
1.18606e-05
1.18743e-05
1.18692e-05
2.07624e-05
1.18595e-05
1.18631e-05
1.18572e-05
1.18795e-05
1.18569e-05
1.186e-05
1.25335e-05
1.32848e-05
1.18791e-05
1.18606e-05
1.18573e-05
1.1874e-05
1.51688e-05
2.49795e-05
1.18833e-05
1.18589e-05
1.18591e-05
1.1861e-05
1.18677e-05
1.18815e-05
1.18652e-05
1.1871e-05
1.18642e-05
1.18658e-05
1.18569e-05
1.18754e-05
1.18481e-05
1.18612e-05
1.18644e-05
1.18568e-05
1.18592e-05
1.18573e-05
1.18578e-05
1.18635e-05
1.18596e-05
1.1857e-05
1.18588e-05
1.18635e-05
1.18597e-05
1.18576e-05
1.1857e-05
1.1857e-05
1.18602e-05
1.18599e-05
1.18593e-05
1.18622e-05
1.18597e-05
1.18603e-05
1.18588e-05
1.18569e-05
1.18614e-05
1.18578e-05
1.18575e-05
1.18632e-05
1.18631e-05
1.18576e-05
1.1857e-05
1.18569e-05
1.18589e-05
1.18609e-05
1.18588e-05
1.18571e-05
1.18581e-05
1.18574e-05
1.18586e-05
1.18594e-05
1.18574e-05
1.18579e-05
1.18575e-05
1.18578e-05
1.18632e-05
1.18583e-05
1.18579e-05
1.18627e-05
1.18596e-05
1.18581e-05
1.18581e-05
1.1857e-05
1.18598e-05
1.1857e-05
1.1865e-05
1.18644e-05
2.5466e-05
1.18593e-05
1.1857e-05
1.19329e-05
1.18629e-05
1.18654e-05
1.18657e-05
1.18634e-05
1.18682e-05
1.18617e-05
1.18574e-05
1.18636e-05
1.1858e-05
1.19827e-05
1.1888e-05
1.1858e-05
1.19501e-05
1.18654e-05
1.1869e-05
1.18571e-05
1.18671e-05
1.18721e-05
1.18628e-05
1.18695e-05
1.18687e-05
1.18571e-05
1.1886e-05
1.18572e-05
1.18569e-05
1.18657e-05
1.18806e-05
1.18613e-05
1.18726e-05
1.18587e-05
1.18585e-05
1.18578e-05
1.18764e-05
1.18659e-05
1.18563e-05
1.18575e-05
1.18678e-05
1.18738e-05
1.18651e-05
1.18593e-05
1.18684e-05
1.18564e-05
1.18551e-05
1.18589e-05
1.18574e-05
1.18773e-05
2.66322e-05
1.18715e-05
1.18587e-05
1.18882e-05
1.18807e-05
1.18563e-05
1.1868e-05
1.18604e-05
1.18647e-05
5.29308e-05
1.1859e-05
1.1857e-05
1.18719e-05
1.18554e-05
1.18948e-05
1.18794e-05
1.18712e-05
4.0874e-05
1.18809e-05
1.18575e-05
1.18673e-05
1.18597e-05
1.18782e-05
1.18641e-05
1.18549e-05
1.18783e-05
1.34848e-05
1.18861e-05
1.18684e-05
1.18575e-05
6.40159e-05
1.18578e-05
1.18583e-05
2.55987e-05
1.18566e-05
1.44289e-05
1.18581e-05
1.18572e-05
1.18686e-05
1.18629e-05
1.18583e-05
1.19515e-05
1.18644e-05
1.19117e-05
1.1879e-05
1.18652e-05
1.18634e-05
1.18599e-05
1.18781e-05
1.18659e-05
1.19092e-05
1.19517e-05
1.19035e-05
1.18572e-05
1.21418e-05
1.18601e-05
1.18981e-05
1.18874e-05
1.18615e-05
1.18565e-05
1.18613e-05
1.18624e-05
1.20708e-05
1.18699e-05
1.18673e-05
1.18574e-05
1.18607e-05
1.18551e-05
1.18583e-05
1.18585e-05
1.18571e-05
1.19678e-05
1.18574e-05
1.18711e-05
1.18653e-05
1.1859e-05
1.18569e-05
1.18695e-05
1.18596e-05
1.18626e-05
1.1857e-05
1.18647e-05
1.1857e-05
1.1888e-05
1.18627e-05
1.18627e-05
1.1861e-05
1.20032e-05
1.18675e-05
1.18605e-05
1.1861e-05
1.18601e-05
1.19007e-05
1.1875e-05
1.23566e-05
1.18573e-05
1.19936e-05
1.18729e-05
1.18812e-05
1.1858e-05
1.18608e-05
1.18572e-05
1.18619e-05
1.21912e-05
1.18673e-05
1.18571e-05
1.18581e-05
1.18579e-05
1.18629e-05
1.18605e-05
1.1857e-05
1.18611e-05
1.18582e-05
1.28166e-05
1.39977e-05
1.18571e-05
1.18577e-05
1.18629e-05
1.18573e-05
1.18594e-05
1.1857e-05
1.18589e-05
1.18585e-05
1.18591e-05
1.26065e-05
1.18581e-05
3.1305e-05
1.18625e-05
1.18579e-05
1.18575e-05
1.24893e-05
1.18704e-05
1.36721e-05
1.18566e-05
1.18577e-05
1.18594e-05
1.18614e-05
4.45381e-05
1.18662e-05
1.18572e-05
1.18585e-05
1.31649e-05
1.186e-05
1.18578e-05
1.18624e-05
1.18587e-05
1.18573e-05
1.18586e-05
1.18594e-05
1.18876e-05
1.18572e-05
1.18723e-05
1.18571e-05
1.18607e-05
6.51465e-05
1.18618e-05
5.04584e-05
1.18577e-05
1.18581e-05
1.18624e-05
1.18573e-05
1.1858e-05
1.18574e-05
1.18563e-05
1.18564e-05
1.18634e-05
1.18638e-05
1.18629e-05
1.18742e-05
1.18568e-05
1.1861e-05
1.18619e-05
1.18636e-05
1.18621e-05
1.18567e-05
1.18573e-05
1.18606e-05
1.18681e-05
1.18573e-05
1.18568e-05
1.18957e-05
1.18631e-05
1.1862e-05
1.18578e-05
1.26726e-05
1.18593e-05
6.75138e-05
1.18575e-05
3.21569e-05
1.18583e-05
1.18618e-05
1.1857e-05
1.69551e-05
1.18572e-05
5.23182e-05
1.18569e-05
4.04112e-05
1.18571e-05
2.60407e-05
4.00548e-05
2.29865e-05
1.45443e-05
1.18998e-05
1.1892e-05
4.78423e-05
1.18681e-05
1.18756e-05
6.16479e-05
1.18782e-05
1.18979e-05
4.47004e-05
1.18671e-05
3.74084e-05
3.84592e-05
1.18607e-05
1.18915e-05
1.18591e-05
4.13409e-05
1.18715e-05
2.32576e-05
1.1864e-05
6.85897e-05
1.18575e-05
3.87921e-05
1.18617e-05
1.20758e-05
1.18707e-05
1.18569e-05
1.18627e-05
1.18583e-05
1.18579e-05
1.1861e-05
1.19037e-05
1.19065e-05
1.18831e-05
1.1931e-05
1.18568e-05
1.18567e-05
1.18653e-05
2.34615e-05
1.36791e-05
1.18571e-05
1.1857e-05
6.36788e-05
6.90078e-05
1.18572e-05
1.1857e-05
7.0467e-05
8.10507e-05
1.18592e-05
1.1857e-05
6.6315e-05
7.39547e-05
1.18569e-05
6.64283e-05
8.09799e-05
1.18574e-05
1.18578e-05
1.18582e-05
8.43203e-05
7.99834e-05
1.18597e-05
8.47119e-05
1.18571e-05
8.25704e-05
1.18572e-05
1.18606e-05
6.40286e-05
7.07362e-05
6.92247e-05
1.1857e-05
1.18577e-05
7.05703e-05
6.97914e-05
1.1857e-05
6.6046e-05
1.18586e-05
6.60735e-05
1.18582e-05
1.1857e-05
6.55264e-05
6.42486e-05
1.1858e-05
1.18586e-05
7.01751e-05
1.1857e-05
1.18577e-05
7.14665e-05
6.94477e-05
1.1857e-05
1.18573e-05
7.25651e-05
7.11035e-05
1.18604e-05
1.18569e-05
8.89096e-05
8.53649e-05
1.1857e-05
7.4553e-05
7.61338e-05
1.1857e-05
1.1858e-05
8.52708e-05
1.1857e-05
8.30674e-05
8.59066e-05
1.1857e-05
1.18603e-05
8.82906e-05
1.18571e-05
8.2039e-05
1.1857e-05
8.15074e-05
7.97577e-05
1.1857e-05
1.1857e-05
7.82045e-05
1.41865e-05
1.18902e-05
1.18817e-05
1.40372e-05
1.18733e-05
1.1883e-05
1.1867e-05
1.1878e-05
1.19284e-05
1.18787e-05
1.18576e-05
2.56187e-05
1.58832e-05
1.18819e-05
1.18626e-05
1.1874e-05
1.18577e-05
7.28734e-05
1.18572e-05
1.18572e-05
6.95374e-05
1.18573e-05
7.442e-05
8.28316e-05
1.18573e-05
6.63713e-05
1.18572e-05
6.3775e-05
1.1857e-05
7.35275e-05
1.18579e-05
1.1858e-05
1.18568e-05
8.15084e-05
8.43413e-05
6.94212e-05
7.46516e-05
1.1857e-05
1.18591e-05
1.18576e-05
1.18585e-05
7.26941e-05
1.18662e-05
1.18578e-05
1.18576e-05
1.18582e-05
1.1857e-05
1.18584e-05
7.21414e-05
6.26064e-05
6.82459e-05
7.48801e-05
6.16584e-05
7.84102e-05
1.18577e-05
1.18616e-05
7.38651e-05
1.18588e-05
6.77517e-05
8.45314e-05
6.90448e-05
1.18592e-05
1.18573e-05
7.52782e-05
1.18579e-05
7.40906e-05
1.18572e-05
7.46918e-05
7.17885e-05
1.18574e-05
1.1868e-05
1.18569e-05
1.18766e-05
1.18681e-05
1.18568e-05
1.18561e-05
1.18572e-05
2.00934e-05
1.29565e-05
1.18687e-05
1.18571e-05
1.18574e-05
1.18699e-05
1.1877e-05
1.18799e-05
1.18911e-05
1.18789e-05
1.22659e-05
1.99023e-05
5.28732e-05
1.18574e-05
1.18574e-05
1.18571e-05
5.70352e-05
1.18576e-05
5.77395e-05
6.12176e-05
1.18566e-05
1.18711e-05
1.18589e-05
1.18591e-05
1.18566e-05
1.18732e-05
1.1858e-05
1.18641e-05
1.18643e-05
1.18567e-05
1.18575e-05
1.18572e-05
1.18603e-05
1.18575e-05
1.18656e-05
1.1857e-05
1.18572e-05
1.18587e-05
1.18569e-05
1.18583e-05
1.18572e-05
1.1857e-05
1.18567e-05
1.18703e-05
1.18572e-05
1.18639e-05
1.18668e-05
1.18605e-05
1.18591e-05
1.18697e-05
1.18645e-05
1.18609e-05
1.18572e-05
1.18567e-05
1.1857e-05
2.03869e-05
1.18655e-05
1.58151e-05
1.63543e-05
1.18567e-05
1.1857e-05
1.18663e-05
2.07624e-05
1.19511e-05
1.18571e-05
1.18569e-05
1.18636e-05
1.18574e-05
1.19266e-05
1.18567e-05
1.18603e-05
1.18569e-05
1.18605e-05
1.18573e-05
1.18653e-05
1.18569e-05
1.1857e-05
1.1858e-05
1.18576e-05
1.18569e-05
1.18623e-05
1.18585e-05
1.18595e-05
1.18704e-05
1.18581e-05
1.18732e-05
1.18583e-05
1.18568e-05
1.18614e-05
1.18572e-05
1.18576e-05
1.18587e-05
1.18576e-05
1.18684e-05
1.18689e-05
1.18569e-05
1.18568e-05
1.1865e-05
1.18569e-05
1.18685e-05
1.18607e-05
1.18584e-05
1.18617e-05
1.18565e-05
1.18566e-05
1.18652e-05
1.18699e-05
1.18577e-05
1.18631e-05
1.1869e-05
1.18667e-05
1.18627e-05
1.18568e-05
1.18601e-05
1.18807e-05
1.18695e-05
1.18682e-05
1.18758e-05
1.18643e-05
1.18654e-05
1.18609e-05
1.18588e-05
1.18642e-05
1.18617e-05
1.1868e-05
1.18691e-05
1.18609e-05
1.18658e-05
1.18705e-05
1.18692e-05
1.18722e-05
1.18739e-05
1.18735e-05
1.1879e-05
1.18619e-05
1.18649e-05
1.1886e-05
1.18841e-05
1.18593e-05
1.18572e-05
1.18859e-05
1.18659e-05
1.18756e-05
1.18575e-05
1.18949e-05
1.18666e-05
1.18643e-05
1.19251e-05
1.1872e-05
1.1858e-05
1.19044e-05
1.18573e-05
1.18622e-05
1.18663e-05
1.18582e-05
1.18637e-05
1.18735e-05
1.18856e-05
1.18599e-05
1.18963e-05
1.18581e-05
1.18933e-05
1.1857e-05
1.18768e-05
1.18754e-05
1.1866e-05
1.18663e-05
1.18565e-05
1.18632e-05
1.1864e-05
1.1879e-05
1.18847e-05
1.18676e-05
1.18599e-05
1.18831e-05
1.1857e-05
1.18917e-05
1.18661e-05
1.18568e-05
1.18811e-05
1.18704e-05
1.18741e-05
1.18571e-05
1.1857e-05
1.18571e-05
1.18571e-05
1.18571e-05
1.18685e-05
1.18645e-05
1.18663e-05
1.18589e-05
1.1857e-05
1.18569e-05
1.18566e-05
1.18581e-05
1.18569e-05
1.18599e-05
1.18577e-05
1.18671e-05
1.18613e-05
1.1881e-05
1.18752e-05
1.18576e-05
1.18569e-05
1.18681e-05
1.18701e-05
1.19158e-05
1.18674e-05
1.18595e-05
1.18777e-05
1.18571e-05
1.1875e-05
1.18609e-05
1.18567e-05
1.18872e-05
1.18745e-05
1.18588e-05
1.18651e-05
1.18584e-05
1.1857e-05
1.18604e-05
1.18923e-05
1.18753e-05
1.18683e-05
1.18752e-05
1.18624e-05
1.18641e-05
1.18731e-05
1.18734e-05
1.18647e-05
1.19223e-05
1.18581e-05
1.18673e-05
1.18574e-05
1.18568e-05
1.1857e-05
1.18682e-05
1.18673e-05
1.18745e-05
1.18854e-05
1.18763e-05
1.19117e-05
1.18761e-05
1.18634e-05
1.18569e-05
1.18564e-05
1.18656e-05
1.18715e-05
1.18663e-05
1.18668e-05
1.18568e-05
1.18565e-05
1.18682e-05
1.18573e-05
1.18755e-05
1.18754e-05
1.18662e-05
1.18626e-05
1.18573e-05
1.18637e-05
1.18561e-05
1.19169e-05
1.18573e-05
1.18765e-05
1.18679e-05
1.18562e-05
1.18713e-05
1.1869e-05
1.18621e-05
1.1858e-05
1.188e-05
1.18693e-05
1.18745e-05
1.18734e-05
1.18893e-05
1.18641e-05
1.18684e-05
1.18657e-05
1.18596e-05
1.18969e-05
1.18569e-05
1.18664e-05
1.18612e-05
1.18563e-05
1.1873e-05
1.18618e-05
1.18566e-05
1.18563e-05
1.18604e-05
1.1868e-05
1.19408e-05
1.18619e-05
1.18614e-05
1.1881e-05
1.18764e-05
1.18596e-05
1.18572e-05
1.18765e-05
1.1857e-05
1.18707e-05
1.18675e-05
1.18627e-05
1.18727e-05
1.18566e-05
1.18779e-05
1.18688e-05
1.18654e-05
1.1868e-05
1.18619e-05
1.18758e-05
1.18565e-05
1.18569e-05
1.18638e-05
1.18605e-05
1.18801e-05
1.18602e-05
1.18752e-05
1.18629e-05
1.18659e-05
1.18613e-05
1.18642e-05
1.18734e-05
1.18734e-05
1.18619e-05
1.18587e-05
1.18585e-05
1.18653e-05
1.18579e-05
1.18743e-05
1.18571e-05
1.18648e-05
1.18578e-05
1.18805e-05
1.1867e-05
1.18682e-05
1.18579e-05
1.18697e-05
1.1866e-05
1.1857e-05
1.20376e-05
1.18569e-05
1.18608e-05
1.18668e-05
1.18568e-05
1.18689e-05
1.19886e-05
1.18575e-05
1.1875e-05
1.1868e-05
1.18697e-05
1.18817e-05
1.18687e-05
1.18613e-05
1.18626e-05
1.19787e-05
1.1857e-05
1.18626e-05
1.18643e-05
1.18683e-05
1.18716e-05
1.18812e-05
1.18844e-05
1.18708e-05
1.18836e-05
1.18736e-05
1.18606e-05
1.18764e-05
1.18639e-05
1.18571e-05
1.18574e-05
1.1928e-05
1.18633e-05
1.19088e-05
1.18874e-05
1.39273e-05
1.18571e-05
1.18611e-05
1.18572e-05
1.18579e-05
1.18935e-05
1.36148e-05
1.18564e-05
1.19184e-05
1.18596e-05
1.18634e-05
1.18834e-05
1.34844e-05
1.1866e-05
1.18827e-05
1.18645e-05
1.18565e-05
1.32671e-05
1.18703e-05
1.18717e-05
1.18677e-05
1.18569e-05
1.18578e-05
1.18581e-05
1.18639e-05
1.19279e-05
1.18586e-05
1.18618e-05
1.18732e-05
1.18571e-05
1.18747e-05
1.18905e-05
1.18566e-05
1.18756e-05
1.18659e-05
1.1871e-05
1.18593e-05
1.18614e-05
1.18894e-05
1.18575e-05
1.1857e-05
1.18698e-05
1.18947e-05
1.18569e-05
1.1863e-05
1.18627e-05
1.18572e-05
1.1916e-05
1.18669e-05
1.18621e-05
1.18591e-05
1.19036e-05
1.18687e-05
1.18579e-05
1.18683e-05
1.18575e-05
1.18623e-05
1.18605e-05
1.18598e-05
1.18607e-05
1.19364e-05
1.18624e-05
1.22154e-05
1.18713e-05
1.18685e-05
1.18564e-05
1.18845e-05
1.18725e-05
1.18593e-05
1.18651e-05
1.18704e-05
1.18564e-05
1.18563e-05
1.18828e-05
1.18568e-05
1.18572e-05
1.18669e-05
1.19303e-05
1.18656e-05
1.18722e-05
1.18568e-05
1.18567e-05
1.18603e-05
1.18901e-05
1.18569e-05
1.18569e-05
1.1857e-05
1.18637e-05
1.189e-05
1.18569e-05
1.18636e-05
1.18562e-05
1.19268e-05
1.18705e-05
1.18619e-05
1.18627e-05
1.18612e-05
1.18567e-05
1.18568e-05
1.1875e-05
1.18981e-05
1.18567e-05
1.19024e-05
1.18564e-05
1.18564e-05
1.2163e-05
1.18637e-05
1.18618e-05
1.1861e-05
1.18618e-05
1.18579e-05
1.18753e-05
1.18628e-05
1.18566e-05
1.18666e-05
1.18584e-05
1.18811e-05
1.18567e-05
1.18984e-05
1.18607e-05
1.18663e-05
1.18655e-05
1.18577e-05
1.18668e-05
1.18641e-05
1.18593e-05
1.18722e-05
1.18568e-05
1.18568e-05
1.18596e-05
1.18589e-05
1.18804e-05
1.1862e-05
1.18566e-05
1.84016e-05
1.18579e-05
1.18569e-05
1.18569e-05
1.1864e-05
1.71001e-05
1.45628e-05
1.40793e-05
1.18585e-05
1.18598e-05
1.69399e-05
1.86682e-05
1.18674e-05
1.18655e-05
1.18525e-05
1.18593e-05
1.46211e-05
1.58185e-05
1.18572e-05
1.18657e-05
1.1857e-05
1.18577e-05
1.18607e-05
1.28698e-05
1.18572e-05
1.18567e-05
1.18582e-05
1.1855e-05
3.37151e-05
1.18586e-05
1.18574e-05
1.26848e-05
1.18574e-05
1.18568e-05
4.01009e-05
3.08642e-05
4.6401e-05
1.18568e-05
1.71479e-05
4.13068e-05
1.1872e-05
1.20821e-05
4.11947e-05
3.45924e-05
1.53387e-05
1.57064e-05
1.18739e-05
3.63159e-05
1.66745e-05
1.66212e-05
1.18572e-05
1.18584e-05
1.18732e-05
4.01056e-05
1.20078e-05
1.18653e-05
1.18577e-05
1.18774e-05
4.10801e-05
1.18668e-05
1.18613e-05
1.18628e-05
1.1857e-05
1.18607e-05
1.18576e-05
1.18613e-05
3.61837e-05
4.75648e-05
1.18776e-05
1.18569e-05
1.31164e-05
1.88056e-05
1.79699e-05
1.80647e-05
1.18631e-05
2.06078e-05
2.3691e-05
1.18622e-05
1.18596e-05
1.18686e-05
1.78089e-05
1.18691e-05
1.18601e-05
1.18577e-05
1.18568e-05
2.25438e-05
1.18561e-05
1.20491e-05
1.18611e-05
1.18572e-05
1.18586e-05
1.18656e-05
1.18569e-05
1.18606e-05
1.19146e-05
1.18569e-05
1.25373e-05
1.18574e-05
1.45994e-05
1.55209e-05
1.18607e-05
1.18604e-05
1.18594e-05
1.18572e-05
1.18633e-05
1.48955e-05
1.18601e-05
1.41213e-05
1.18575e-05
1.18713e-05
1.18589e-05
1.64908e-05
1.18578e-05
1.18692e-05
1.74125e-05
1.50216e-05
1.18609e-05
1.18586e-05
1.18572e-05
1.18791e-05
1.18614e-05
1.92608e-05
2.07948e-05
1.1869e-05
1.18654e-05
1.18575e-05
1.18628e-05
1.18669e-05
1.1857e-05
1.18672e-05
1.18664e-05
1.18575e-05
1.1857e-05
1.18576e-05
1.18599e-05
1.18586e-05
1.18589e-05
1.18575e-05
1.1857e-05
1.18588e-05
1.18641e-05
1.18595e-05
1.18649e-05
1.1857e-05
1.1868e-05
1.18588e-05
1.18649e-05
1.18569e-05
1.18575e-05
1.18575e-05
1.18572e-05
1.18644e-05
1.18569e-05
1.18614e-05
1.1861e-05
1.1857e-05
1.18575e-05
1.18583e-05
1.18605e-05
1.18572e-05
1.18624e-05
1.18596e-05
1.18611e-05
1.1862e-05
1.18692e-05
1.18568e-05
1.18599e-05
1.18594e-05
1.18583e-05
1.18582e-05
1.18606e-05
1.18578e-05
1.18614e-05
1.186e-05
1.18594e-05
1.18571e-05
1.18581e-05
1.1857e-05
1.18578e-05
1.18648e-05
1.18587e-05
1.18715e-05
1.18571e-05
1.18611e-05
1.18593e-05
1.1859e-05
1.18584e-05
1.18575e-05
1.18576e-05
1.18571e-05
1.18574e-05
1.1857e-05
1.1862e-05
1.18577e-05
1.18591e-05
1.18577e-05
1.18619e-05
1.18587e-05
1.18722e-05
1.18599e-05
1.18579e-05
1.18573e-05
1.1857e-05
1.18567e-05
1.18643e-05
1.18612e-05
1.18574e-05
1.18707e-05
1.18661e-05
1.18589e-05
1.18567e-05
1.18612e-05
1.25727e-05
1.18591e-05
1.26516e-05
1.1857e-05
1.18874e-05
1.18569e-05
1.1889e-05
1.18576e-05
1.18579e-05
1.21375e-05
1.18622e-05
1.18573e-05
1.21093e-05
1.18775e-05
1.18815e-05
1.18651e-05
1.18611e-05
1.18569e-05
1.18595e-05
1.18598e-05
1.2824e-05
1.18571e-05
1.23916e-05
1.1896e-05
1.18987e-05
1.18648e-05
1.18599e-05
1.18606e-05
1.18637e-05
1.18585e-05
1.73258e-05
1.19628e-05
1.18641e-05
1.18633e-05
1.55035e-05
1.66671e-05
1.18615e-05
1.18588e-05
1.18595e-05
1.18581e-05
1.18598e-05
2.13844e-05
1.98836e-05
1.18644e-05
1.18564e-05
1.43098e-05
1.18781e-05
1.81175e-05
1.60646e-05
1.18594e-05
1.18588e-05
1.18793e-05
1.1972e-05
1.18626e-05
1.18885e-05
1.18666e-05
1.1857e-05
1.18567e-05
1.19775e-05
1.18569e-05
1.19039e-05
1.18678e-05
1.18587e-05
1.18602e-05
1.38771e-05
1.18643e-05
1.18594e-05
1.18526e-05
1.18712e-05
1.18613e-05
1.18572e-05
1.34608e-05
1.18642e-05
1.18576e-05
1.19264e-05
1.19407e-05
1.18635e-05
1.1857e-05
1.18583e-05
1.18669e-05
1.1875e-05
1.18666e-05
1.19087e-05
1.18633e-05
1.18642e-05
1.18723e-05
1.18598e-05
1.18574e-05
1.18581e-05
1.18613e-05
1.18571e-05
1.18605e-05
1.18572e-05
1.18591e-05
1.18608e-05
1.18571e-05
1.18631e-05
1.18581e-05
1.18609e-05
1.18571e-05
1.18628e-05
1.18615e-05
1.18657e-05
1.18613e-05
1.18611e-05
1.18669e-05
1.18776e-05
1.18674e-05
1.18633e-05
1.18579e-05
1.18581e-05
1.18585e-05
1.18578e-05
1.18993e-05
1.1866e-05
1.18619e-05
1.18642e-05
1.18923e-05
1.18671e-05
1.18609e-05
1.18642e-05
1.1898e-05
1.19331e-05
1.19598e-05
1.18629e-05
1.18623e-05
1.18565e-05
1.18666e-05
1.18779e-05
1.18713e-05
1.18594e-05
1.18652e-05
1.18571e-05
1.1859e-05
1.18605e-05
1.18575e-05
1.18641e-05
1.18737e-05
1.18597e-05
1.18582e-05
1.18597e-05
1.18571e-05
1.18797e-05
1.18575e-05
1.18651e-05
1.1857e-05
1.18738e-05
1.18756e-05
1.18601e-05
1.18627e-05
1.18571e-05
1.18586e-05
1.18596e-05
1.18731e-05
1.18625e-05
1.18599e-05
1.18572e-05
1.18798e-05
1.18575e-05
1.18643e-05
1.1857e-05
1.18615e-05
1.18571e-05
1.18586e-05
1.18573e-05
1.18664e-05
1.18615e-05
1.18779e-05
1.18623e-05
1.18564e-05
1.18798e-05
1.18565e-05
1.18781e-05
2.48202e-05
1.18793e-05
2.46611e-05
1.18668e-05
1.18662e-05
1.18569e-05
1.18643e-05
4.79756e-05
5.26893e-05
1.1859e-05
1.18636e-05
1.18626e-05
4.19651e-05
4.52833e-05
1.18756e-05
1.18856e-05
1.18566e-05
1.18701e-05
1.18559e-05
1.1877e-05
1.18921e-05
1.1897e-05
1.18726e-05
1.18618e-05
1.18595e-05
1.18719e-05
1.1858e-05
1.18781e-05
1.18624e-05
1.18589e-05
1.18579e-05
1.1879e-05
1.18738e-05
1.18703e-05
1.18603e-05
1.18803e-05
1.18642e-05
1.18629e-05
1.18838e-05
1.18574e-05
1.18904e-05
1.18561e-05
1.18852e-05
1.18572e-05
1.18817e-05
1.18825e-05
1.18576e-05
1.18579e-05
1.18583e-05
1.18573e-05
1.18797e-05
1.18954e-05
1.18763e-05
1.18569e-05
1.18632e-05
1.19357e-05
1.18686e-05
1.1873e-05
1.18623e-05
1.18623e-05
1.18749e-05
1.19107e-05
1.18757e-05
1.20085e-05
1.18749e-05
1.19991e-05
1.18742e-05
1.18618e-05
1.1862e-05
1.19934e-05
1.18566e-05
1.19375e-05
1.18717e-05
1.19162e-05
1.18909e-05
1.18574e-05
1.20327e-05
1.18757e-05
1.18804e-05
1.18598e-05
1.18778e-05
1.18868e-05
1.20139e-05
1.18672e-05
1.18606e-05
1.18569e-05
1.18694e-05
1.18604e-05
1.18653e-05
1.18571e-05
1.18626e-05
1.18587e-05
1.18592e-05
1.18569e-05
1.18568e-05
1.18612e-05
1.18577e-05
1.18585e-05
1.1858e-05
1.18585e-05
1.18597e-05
1.1857e-05
1.18575e-05
1.18608e-05
1.18573e-05
1.18602e-05
1.18571e-05
1.18569e-05
1.1858e-05
1.18627e-05
1.18693e-05
1.1857e-05
1.18619e-05
1.18612e-05
1.18574e-05
1.18592e-05
1.18574e-05
1.18569e-05
1.18585e-05
1.18569e-05
1.18715e-05
1.18583e-05
1.18571e-05
1.18601e-05
1.18572e-05
1.18569e-05
1.18578e-05
1.18671e-05
1.18579e-05
1.18579e-05
1.18575e-05
1.18587e-05
1.18573e-05
1.1857e-05
1.1857e-05
1.18588e-05
1.18609e-05
1.18569e-05
1.18578e-05
1.18589e-05
1.18578e-05
1.18623e-05
1.19217e-05
1.18731e-05
1.18569e-05
1.18608e-05
1.18707e-05
1.18584e-05
1.24164e-05
1.18582e-05
1.22949e-05
1.18575e-05
1.91987e-05
1.18577e-05
1.18586e-05
2.46131e-05
2.15686e-05
1.18588e-05
1.19986e-05
1.18751e-05
1.18578e-05
1.18581e-05
1.18572e-05
1.18616e-05
1.18595e-05
1.18593e-05
1.18582e-05
1.18571e-05
1.18813e-05
1.1911e-05
1.18598e-05
1.18604e-05
1.18582e-05
1.18618e-05
1.18583e-05
1.18588e-05
1.18593e-05
1.18599e-05
1.18594e-05
1.18589e-05
1.18576e-05
1.18581e-05
1.18604e-05
1.18696e-05
1.19395e-05
1.18576e-05
1.18581e-05
1.18582e-05
1.18651e-05
1.18583e-05
1.18582e-05
1.18591e-05
1.1858e-05
1.18571e-05
1.1861e-05
1.18609e-05
1.37428e-05
1.18624e-05
1.18663e-05
1.18577e-05
1.18576e-05
1.18586e-05
1.22417e-05
1.18645e-05
1.38347e-05
1.27741e-05
1.18726e-05
1.22284e-05
1.18636e-05
1.18584e-05
1.18571e-05
1.18587e-05
1.18571e-05
1.311e-05
1.18652e-05
1.33269e-05
1.18579e-05
1.18586e-05
1.1864e-05
1.18598e-05
1.25655e-05
1.1857e-05
1.18571e-05
1.18802e-05
1.18657e-05
1.18648e-05
1.18625e-05
1.18643e-05
1.18576e-05
1.35069e-05
1.1859e-05
1.18648e-05
1.18573e-05
1.18627e-05
1.26978e-05
1.18593e-05
1.18589e-05
1.18591e-05
1.18616e-05
1.18614e-05
1.18644e-05
1.18581e-05
1.18593e-05
1.18598e-05
1.18622e-05
1.18565e-05
1.18575e-05
1.18604e-05
1.18567e-05
1.18569e-05
1.18582e-05
4.9177e-05
5.065e-05
4.2555e-05
1.18573e-05
4.43531e-05
1.18569e-05
1.18572e-05
2.27551e-05
1.98668e-05
1.18987e-05
1.18868e-05
1.64914e-05
1.18577e-05
1.54484e-05
1.60907e-05
1.18746e-05
1.18746e-05
4.99924e-05
4.52863e-05
3.88124e-05
1.1884e-05
1.18735e-05
3.85943e-05
3.91813e-05
1.18686e-05
4.31928e-05
1.18872e-05
3.25359e-05
1.18778e-05
1.18612e-05
2.95807e-05
1.18596e-05
2.78295e-05
1.18605e-05
2.4734e-05
1.18591e-05
1.18585e-05
1.1864e-05
1.18774e-05
1.18766e-05
1.19088e-05
1.18679e-05
1.18615e-05
1.18599e-05
2.30832e-05
1.40167e-05
1.186e-05
1.18603e-05
1.18626e-05
1.18856e-05
1.18602e-05
1.18931e-05
1.18631e-05
1.24312e-05
2.17502e-05
1.18555e-05
1.1857e-05
1.18812e-05
1.18825e-05
1.18709e-05
1.18607e-05
1.18934e-05
2.11747e-05
1.33705e-05
1.18623e-05
1.18593e-05
1.19085e-05
1.18854e-05
1.18742e-05
1.18826e-05
1.18568e-05
1.18567e-05
1.18596e-05
1.1866e-05
2.25294e-05
1.2525e-05
1.19478e-05
1.1899e-05
1.18762e-05
1.18979e-05
1.18587e-05
1.18568e-05
1.18572e-05
1.18567e-05
1.25109e-05
2.38052e-05
1.18907e-05
1.18595e-05
1.18671e-05
1.18926e-05
1.18676e-05
1.18708e-05
1.1872e-05
1.18571e-05
1.18595e-05
1.18743e-05
1.18562e-05
1.1857e-05
1.18757e-05
1.18563e-05
1.1859e-05
1.18568e-05
1.18829e-05
2.06447e-05
2.10559e-05
1.2534e-05
1.29318e-05
1.18603e-05
1.18655e-05
6.88796e-05
1.18579e-05
7.05083e-05
1.18578e-05
1.18622e-05
1.1857e-05
1.18568e-05
1.18619e-05
1.18648e-05
1.18896e-05
2.24355e-05
1.19116e-05
3.64629e-05
1.21667e-05
1.19679e-05
2.83856e-05
1.18724e-05
1.18795e-05
1.18932e-05
1.18719e-05
1.18694e-05
1.18593e-05
1.18565e-05
1.18679e-05
1.18588e-05
1.6932e-05
5.34019e-05
5.23627e-05
7.25712e-05
8.51482e-05
6.73546e-05
7.57697e-05
4.95429e-05
4.94668e-05
8.42322e-05
7.19777e-05
7.47222e-05
6.55431e-05
1.18677e-05
1.18746e-05
1.18569e-05
1.18567e-05
1.1861e-05
1.18618e-05
1.18603e-05
1.1857e-05
1.18635e-05
1.18613e-05
1.18639e-05
1.18618e-05
1.18895e-05
1.18909e-05
1.18568e-05
1.18591e-05
2.38233e-05
1.1877e-05
1.1857e-05
1.18566e-05
1.186e-05
1.18572e-05
1.18569e-05
1.18971e-05
1.18729e-05
1.18661e-05
1.18585e-05
1.18614e-05
1.18717e-05
1.18748e-05
1.18777e-05
1.1882e-05
1.18753e-05
1.18589e-05
1.18782e-05
1.1873e-05
1.18722e-05
1.18801e-05
1.18813e-05
1.18571e-05
1.18609e-05
1.18649e-05
1.18796e-05
1.18744e-05
1.18795e-05
1.18747e-05
1.18579e-05
1.18643e-05
1.18717e-05
1.18826e-05
1.18562e-05
1.18564e-05
1.18568e-05
1.18624e-05
1.18682e-05
1.18692e-05
1.18678e-05
1.18728e-05
1.24228e-05
1.28286e-05
1.23256e-05
1.1869e-05
1.1875e-05
1.1863e-05
1.1858e-05
1.18927e-05
1.19082e-05
1.18612e-05
1.18584e-05
1.1865e-05
1.18584e-05
1.18586e-05
1.18582e-05
1.18971e-05
1.19156e-05
1.18876e-05
1.18893e-05
1.18744e-05
1.18695e-05
1.186e-05
1.18686e-05
1.18698e-05
1.18756e-05
1.18565e-05
1.18651e-05
1.18628e-05
1.1868e-05
1.18854e-05
1.18678e-05
1.18629e-05
1.18569e-05
1.18764e-05
1.18626e-05
1.18583e-05
1.18622e-05
1.18643e-05
1.18634e-05
1.18627e-05
1.18574e-05
1.18608e-05
1.18597e-05
1.1857e-05
1.18604e-05
1.18617e-05
1.18601e-05
1.18625e-05
1.18685e-05
1.18674e-05
1.18561e-05
1.1859e-05
1.1857e-05
1.1857e-05
1.18591e-05
1.18603e-05
1.18582e-05
1.18609e-05
1.18582e-05
1.18574e-05
1.18659e-05
1.18594e-05
1.18643e-05
1.18569e-05
1.18609e-05
1.18571e-05
1.18783e-05
1.18727e-05
1.18588e-05
1.18568e-05
1.18566e-05
1.18566e-05
1.18568e-05
1.1858e-05
1.18568e-05
1.18573e-05
1.18568e-05
1.1857e-05
1.18567e-05
1.18568e-05
1.18654e-05
1.18664e-05
1.18564e-05
1.18564e-05
1.18733e-05
1.18805e-05
1.18599e-05
1.1857e-05
1.18602e-05
1.18576e-05
1.186e-05
1.1857e-05
1.18879e-05
1.18902e-05
1.19143e-05
1.19308e-05
1.18779e-05
1.18628e-05
1.18586e-05
1.18591e-05
1.18577e-05
1.18578e-05
1.18581e-05
1.18569e-05
1.18569e-05
1.18579e-05
1.18606e-05
1.18604e-05
1.18627e-05
1.18616e-05
1.54304e-05
1.35345e-05
2.13514e-05
1.76754e-05
2.13223e-05
1.93269e-05
1.18578e-05
1.1857e-05
1.18588e-05
1.18574e-05
1.18572e-05
1.18582e-05
1.38391e-05
1.71438e-05
1.19857e-05
1.28869e-05
1.28754e-05
1.6065e-05
1.18585e-05
1.18593e-05
1.18575e-05
1.18581e-05
1.18577e-05
1.18571e-05
1.18613e-05
1.18582e-05
1.18567e-05
1.18573e-05
1.18568e-05
1.18571e-05
1.18572e-05
1.18637e-05
1.18569e-05
1.18618e-05
1.18593e-05
1.18571e-05
1.18629e-05
1.1863e-05
1.18646e-05
1.18673e-05
1.18649e-05
1.186e-05
1.1859e-05
1.18596e-05
1.18619e-05
1.18584e-05
1.18628e-05
1.18588e-05
1.18575e-05
1.18692e-05
1.1872e-05
1.18733e-05
1.18738e-05
1.18711e-05
1.1869e-05
1.18578e-05
1.18629e-05
1.18639e-05
1.18665e-05
1.18607e-05
1.18623e-05
1.18615e-05
1.18586e-05
1.18599e-05
1.18603e-05
1.18571e-05
1.18712e-05
1.18742e-05
1.18673e-05
1.18628e-05
1.18963e-05
1.18967e-05
1.18586e-05
1.18588e-05
1.18575e-05
1.18595e-05
1.18604e-05
1.18644e-05
1.18696e-05
1.18671e-05
1.18719e-05
1.18663e-05
1.18659e-05
1.18587e-05
1.18651e-05
1.18706e-05
1.18745e-05
1.18804e-05
5.3474e-05
4.41727e-05
4.68165e-05
5.19099e-05
1.18876e-05
1.1881e-05
1.18813e-05
1.18831e-05
1.18642e-05
1.18573e-05
1.18683e-05
1.18649e-05
1.18663e-05
1.18748e-05
1.1868e-05
1.18806e-05
1.18658e-05
1.1875e-05
1.18605e-05
1.18604e-05
1.18618e-05
1.18632e-05
1.18633e-05
1.1858e-05
1.18585e-05
1.18615e-05
1.18714e-05
1.18679e-05
1.18728e-05
1.18629e-05
1.18593e-05
1.18571e-05
1.18631e-05
1.18592e-05
1.18575e-05
1.18586e-05
1.18636e-05
1.18587e-05
1.18637e-05
1.18646e-05
1.18637e-05
1.1865e-05
1.18686e-05
1.18784e-05
1.18925e-05
1.18721e-05
1.1864e-05
1.18788e-05
1.18798e-05
1.1881e-05
1.18652e-05
1.18561e-05
1.18644e-05
1.18775e-05
1.1875e-05
1.18802e-05
1.18671e-05
1.18662e-05
1.18654e-05
1.18566e-05
1.18566e-05
1.18589e-05
1.18587e-05
1.18607e-05
1.18588e-05
1.18614e-05
1.18569e-05
1.18681e-05
1.18612e-05
1.18665e-05
1.18618e-05
1.1869e-05
1.18609e-05
1.18697e-05
1.18621e-05
1.18666e-05
1.18759e-05
1.18805e-05
1.18814e-05
1.18917e-05
1.18611e-05
1.18567e-05
1.18563e-05
1.18563e-05
1.18569e-05
1.18573e-05
1.7538e-05
1.39893e-05
1.50194e-05
1.18603e-05
1.18566e-05
1.18576e-05
1.18564e-05
1.18602e-05
1.18575e-05
1.1868e-05
1.18601e-05
1.18575e-05
1.1859e-05
1.18625e-05
1.18575e-05
1.18699e-05
1.20258e-05
1.19269e-05
1.18846e-05
1.18697e-05
1.19407e-05
1.19023e-05
1.19973e-05
1.19131e-05
1.19021e-05
1.1856e-05
1.18575e-05
1.18613e-05
1.18606e-05
1.18561e-05
1.23252e-05
1.30442e-05
1.21904e-05
1.24606e-05
1.20782e-05
1.18564e-05
1.18565e-05
1.18587e-05
1.18605e-05
1.18565e-05
1.18566e-05
1.18608e-05
1.1865e-05
1.18663e-05
1.18683e-05
1.18664e-05
1.18611e-05
1.18563e-05
1.18561e-05
1.1862e-05
1.18561e-05
1.18561e-05
1.18647e-05
1.18562e-05
1.18562e-05
1.18631e-05
1.18563e-05
1.18564e-05
1.18599e-05
1.18566e-05
1.18581e-05
1.18667e-05
1.18783e-05
1.18864e-05
1.18745e-05
1.18598e-05
1.18592e-05
1.1857e-05
1.19013e-05
1.18571e-05
1.19142e-05
1.18667e-05
1.18595e-05
1.18577e-05
1.1857e-05
1.1857e-05
1.18577e-05
1.18576e-05
1.18588e-05
1.1938e-05
1.19117e-05
1.20612e-05
1.19268e-05
1.1879e-05
1.18643e-05
1.19108e-05
1.18875e-05
1.18573e-05
1.18802e-05
1.18564e-05
1.18567e-05
1.18609e-05
1.18631e-05
1.18566e-05
1.18731e-05
1.18718e-05
1.18681e-05
1.18565e-05
1.1856e-05
1.18564e-05
1.18662e-05
1.2645e-05
1.2125e-05
1.3112e-05
1.22117e-05
1.36132e-05
1.21142e-05
1.27252e-05
1.20291e-05
1.18965e-05
1.18592e-05
1.18571e-05
1.18595e-05
1.18575e-05
1.18582e-05
1.1857e-05
1.18583e-05
1.18594e-05
1.18572e-05
1.1859e-05
1.18584e-05
1.1859e-05
1.18726e-05
1.1859e-05
1.18807e-05
1.18791e-05
1.18563e-05
1.18642e-05
1.23714e-05
1.31187e-05
1.22138e-05
1.24758e-05
1.22294e-05
1.23269e-05
1.18816e-05
1.18681e-05
1.18645e-05
1.18928e-05
1.18877e-05
1.18835e-05
1.18594e-05
1.18596e-05
1.18597e-05
1.18581e-05
1.1859e-05
1.18588e-05
1.1857e-05
1.18585e-05
1.18586e-05
1.18582e-05
1.18578e-05
1.18581e-05
1.1857e-05
1.18571e-05
1.29745e-05
1.22071e-05
1.57891e-05
1.42166e-05
1.76517e-05
1.61075e-05
2.84013e-05
2.23885e-05
7.07508e-05
5.2796e-05
5.48353e-05
3.92494e-05
2.82673e-05
2.21015e-05
7.03238e-05
5.25599e-05
5.47222e-05
3.91001e-05
2.93069e-05
1.48206e-05
2.79328e-05
2.38277e-05
5.18716e-05
2.44537e-05
1.1857e-05
1.18591e-05
1.18578e-05
1.18574e-05
1.18587e-05
1.18577e-05
1.33074e-05
1.21942e-05
1.19964e-05
1.18588e-05
1.26004e-05
1.19206e-05
1.18583e-05
1.18594e-05
1.18575e-05
1.18589e-05
1.18574e-05
1.18601e-05
1.18571e-05
1.18575e-05
1.18569e-05
1.18567e-05
1.18573e-05
1.1858e-05
1.18589e-05
1.18598e-05
1.18569e-05
1.18585e-05
1.18574e-05
1.18589e-05
1.18595e-05
1.18587e-05
1.18589e-05
1.18582e-05
1.18592e-05
4.05727e-05
2.84565e-05
2.73042e-05
2.44776e-05
3.47899e-05
2.63243e-05
4.15981e-05
5.33396e-05
4.06274e-05
4.77477e-05
1.18691e-05
1.18625e-05
1.18605e-05
1.18567e-05
1.18566e-05
1.18571e-05
2.22702e-05
3.23058e-05
1.97123e-05
2.39234e-05
2.08204e-05
2.40526e-05
1.18616e-05
1.18718e-05
1.18851e-05
1.18564e-05
1.18808e-05
1.18627e-05
4.90874e-05
4.74469e-05
7.91677e-05
6.95326e-05
8.15647e-05
7.3515e-05
1.21023e-05
1.28669e-05
1.18927e-05
1.21258e-05
1.18587e-05
1.18569e-05
1.18581e-05
1.18583e-05
1.18635e-05
1.18607e-05
1.1862e-05
4.30384e-05
3.94406e-05
8.25178e-05
6.70477e-05
6.91359e-05
5.9804e-05
2.6704e-05
5.29389e-05
3.56545e-05
6.51464e-05
2.53081e-05
5.18048e-05
1.25541e-05
1.45678e-05
1.18736e-05
1.24392e-05
1.19669e-05
1.21297e-05
1.18589e-05
1.18561e-05
1.18566e-05
1.18621e-05
1.18562e-05
1.18565e-05
1.18853e-05
1.18769e-05
1.18715e-05
1.18711e-05
1.18796e-05
1.18917e-05
1.18898e-05
1.18904e-05
1.18569e-05
1.18576e-05
1.18587e-05
1.18589e-05
1.18584e-05
3.35927e-05
3.28011e-05
1.64253e-05
5.96635e-05
2.96847e-05
1.18566e-05
1.18868e-05
1.18599e-05
1.18558e-05
1.18557e-05
3.39413e-05
2.79838e-05
7.66517e-05
5.84814e-05
6.06876e-05
4.48716e-05
1.18597e-05
1.18596e-05
1.18591e-05
1.1857e-05
1.1858e-05
1.1857e-05
1.18587e-05
1.18582e-05
3.11955e-05
2.59205e-05
6.97967e-05
5.41208e-05
5.65106e-05
4.2163e-05
1.1871e-05
1.18569e-05
1.18608e-05
1.18706e-05
1.18689e-05
1.18659e-05
1.1857e-05
1.18687e-05
1.18843e-05
1.18757e-05
1.18891e-05
1.18646e-05
1.19255e-05
1.1876e-05
1.18564e-05
1.18572e-05
1.18573e-05
1.19043e-05
1.18984e-05
1.18664e-05
1.18706e-05
1.18595e-05
1.18568e-05
1.18639e-05
1.18567e-05
1.18589e-05
1.1857e-05
1.18561e-05
1.18561e-05
1.18569e-05
1.18581e-05
1.18695e-05
1.18665e-05
1.18616e-05
1.18579e-05
1.18573e-05
1.18563e-05
1.18743e-05
1.18665e-05
1.18741e-05
1.18614e-05
1.18561e-05
1.18562e-05
1.18647e-05
1.18562e-05
1.18639e-05
1.18583e-05
1.18565e-05
1.18562e-05
1.1857e-05
1.1857e-05
1.18824e-05
1.18862e-05
1.18912e-05
1.18833e-05
1.18896e-05
1.18645e-05
1.18802e-05
1.18718e-05
1.18765e-05
1.18712e-05
1.18666e-05
1.18622e-05
1.18565e-05
1.18564e-05
1.18562e-05
1.18574e-05
1.18576e-05
1.18621e-05
1.18728e-05
1.1869e-05
1.18657e-05
1.18742e-05
1.18692e-05
1.18906e-05
1.18779e-05
1.18656e-05
1.188e-05
1.18573e-05
1.18604e-05
1.18611e-05
1.18594e-05
1.18576e-05
1.1859e-05
1.18661e-05
1.18595e-05
1.18584e-05
1.18583e-05
1.18644e-05
1.18571e-05
1.19433e-05
1.19151e-05
1.43481e-05
1.18671e-05
1.1862e-05
1.1882e-05
1.18824e-05
1.18926e-05
1.18559e-05
1.1859e-05
1.18579e-05
1.18578e-05
1.18563e-05
1.18563e-05
1.18566e-05
1.18676e-05
1.19036e-05
1.1861e-05
1.1871e-05
1.18567e-05
1.18614e-05
1.18561e-05
1.18566e-05
1.18758e-05
1.19058e-05
1.18735e-05
1.19057e-05
1.18652e-05
1.1857e-05
1.1857e-05
1.1857e-05
1.1857e-05
1.1858e-05
1.18579e-05
1.18599e-05
1.1857e-05
1.1857e-05
1.1857e-05
1.18671e-05
1.18607e-05
1.18566e-05
1.18703e-05
1.18604e-05
1.18721e-05
1.18606e-05
1.18746e-05
1.18785e-05
1.18791e-05
1.18711e-05
1.186e-05
1.18605e-05
1.18572e-05
1.1859e-05
1.18575e-05
1.18596e-05
1.18586e-05
1.18584e-05
1.18592e-05
1.18658e-05
1.18569e-05
1.18589e-05
1.18581e-05
1.18632e-05
1.18577e-05
1.18576e-05
1.18746e-05
1.18779e-05
1.18572e-05
1.18569e-05
1.18602e-05
1.18574e-05
1.18573e-05
1.18574e-05
1.1858e-05
1.18581e-05
1.18794e-05
1.19041e-05
1.18822e-05
1.18888e-05
1.18653e-05
1.18657e-05
1.18709e-05
1.18606e-05
1.1881e-05
1.18777e-05
1.19077e-05
1.19149e-05
1.1857e-05
1.18571e-05
1.18579e-05
1.18627e-05
1.18594e-05
1.18652e-05
1.18661e-05
1.18701e-05
1.18568e-05
1.18569e-05
1.18598e-05
1.18615e-05
1.51524e-05
1.69561e-05
1.18743e-05
1.18583e-05
1.18651e-05
1.18692e-05
1.18678e-05
1.18663e-05
1.18639e-05
1.19014e-05
1.18573e-05
1.18709e-05
1.18689e-05
1.18588e-05
1.18572e-05
1.18933e-05
1.18573e-05
1.18567e-05
1.18568e-05
1.18599e-05
1.18567e-05
1.18586e-05
1.18605e-05
1.18567e-05
1.18568e-05
1.18639e-05
1.18745e-05
1.19101e-05
1.19064e-05
1.18792e-05
1.18573e-05
1.18884e-05
1.18727e-05
1.18806e-05
1.18966e-05
1.18872e-05
1.18871e-05
1.18569e-05
1.18572e-05
1.186e-05
1.18576e-05
1.1857e-05
1.18572e-05
1.18754e-05
1.18644e-05
1.18564e-05
1.1879e-05
1.18621e-05
1.18833e-05
1.18678e-05
1.18926e-05
1.19036e-05
1.18868e-05
1.18569e-05
1.18823e-05
1.18714e-05
1.18664e-05
1.18594e-05
1.18609e-05
1.18569e-05
1.18828e-05
1.1867e-05
1.18723e-05
1.18729e-05
1.18643e-05
1.18655e-05
1.18703e-05
1.18772e-05
1.18826e-05
1.18686e-05
1.18806e-05
1.18971e-05
1.18688e-05
1.18558e-05
1.18645e-05
1.18578e-05
1.18635e-05
1.18857e-05
1.19017e-05
1.18879e-05
1.18744e-05
1.18608e-05
1.18652e-05
1.18638e-05
1.18646e-05
1.18662e-05
1.18683e-05
1.18687e-05
1.18577e-05
1.1857e-05
1.18788e-05
1.1857e-05
1.18573e-05
1.19071e-05
1.18651e-05
1.19481e-05
1.18803e-05
1.19269e-05
1.1917e-05
1.18611e-05
1.18626e-05
1.18565e-05
1.18663e-05
1.18647e-05
1.18591e-05
1.18565e-05
1.18556e-05
1.18572e-05
1.18665e-05
1.18637e-05
1.18594e-05
1.18576e-05
1.1862e-05
1.18621e-05
1.18786e-05
1.18577e-05
1.18897e-05
1.18622e-05
1.1866e-05
1.18663e-05
1.18627e-05
1.18611e-05
1.18603e-05
1.18621e-05
1.18723e-05
1.18747e-05
1.18605e-05
1.18561e-05
1.1857e-05
1.1857e-05
1.18626e-05
1.18725e-05
1.18772e-05
1.18654e-05
1.18707e-05
1.18754e-05
1.18579e-05
1.18794e-05
1.18563e-05
1.18739e-05
1.18586e-05
1.1862e-05
1.18629e-05
1.18782e-05
1.18569e-05
1.18663e-05
1.18769e-05
1.1874e-05
1.18628e-05
1.1857e-05
1.18967e-05
1.18592e-05
1.18787e-05
1.18838e-05
1.18733e-05
1.1857e-05
1.18989e-05
1.18673e-05
1.18588e-05
1.18571e-05
1.1857e-05
1.18688e-05
1.18646e-05
1.18568e-05
1.18765e-05
1.18569e-05
1.18735e-05
1.18589e-05
1.18587e-05
1.18651e-05
1.18588e-05
1.18613e-05
1.18644e-05
1.18642e-05
1.18622e-05
1.18749e-05
1.1871e-05
1.18674e-05
1.1888e-05
1.18904e-05
1.1858e-05
1.18625e-05
1.18667e-05
1.18648e-05
1.18653e-05
1.18613e-05
1.18568e-05
1.18565e-05
1.18573e-05
1.18571e-05
1.18587e-05
1.18593e-05
1.18598e-05
1.18644e-05
1.18573e-05
1.18571e-05
1.18576e-05
1.18592e-05
1.18848e-05
1.18665e-05
1.18692e-05
1.18684e-05
1.18868e-05
1.18612e-05
1.18793e-05
1.19e-05
1.1895e-05
1.18898e-05
1.1857e-05
1.18602e-05
1.18577e-05
1.18573e-05
1.18623e-05
1.18664e-05
1.18598e-05
1.18609e-05
1.18636e-05
1.18619e-05
1.18642e-05
1.18603e-05
1.18614e-05
1.18581e-05
1.186e-05
1.18647e-05
1.18642e-05
1.18595e-05
1.18599e-05
1.1865e-05
1.18773e-05
1.18765e-05
1.18575e-05
1.18563e-05
1.18626e-05
1.18664e-05
1.18564e-05
1.18566e-05
1.18588e-05
1.18607e-05
1.18561e-05
1.18572e-05
1.18567e-05
1.18589e-05
1.18593e-05
1.18686e-05
1.18589e-05
1.18709e-05
1.18586e-05
1.18605e-05
1.18603e-05
1.18607e-05
1.18673e-05
1.18681e-05
1.1857e-05
1.18591e-05
1.1863e-05
1.18577e-05
1.18611e-05
1.18625e-05
1.18858e-05
1.18749e-05
1.18568e-05
1.18612e-05
1.18906e-05
1.18717e-05
1.18632e-05
1.18622e-05
1.18576e-05
1.18581e-05
1.18569e-05
1.18671e-05
1.18689e-05
1.18812e-05
1.18802e-05
1.1874e-05
1.188e-05
1.18603e-05
1.18721e-05
1.18735e-05
1.19389e-05
1.19145e-05
1.18571e-05
1.18643e-05
1.18665e-05
1.18708e-05
1.1871e-05
1.18608e-05
1.1862e-05
1.1866e-05
1.18619e-05
1.18586e-05
1.18656e-05
1.18632e-05
1.18686e-05
1.18781e-05
1.18567e-05
1.18618e-05
1.18651e-05
1.1862e-05
1.18747e-05
1.18592e-05
1.18566e-05
1.186e-05
1.18615e-05
1.18574e-05
1.18852e-05
1.19047e-05
1.18797e-05
1.18975e-05
1.18794e-05
1.18654e-05
1.18568e-05
1.18687e-05
1.18647e-05
1.18574e-05
1.18595e-05
1.18565e-05
1.18579e-05
1.18567e-05
1.18588e-05
1.18578e-05
1.18569e-05
1.18761e-05
1.18783e-05
1.18566e-05
1.18567e-05
1.1868e-05
1.18829e-05
1.18901e-05
1.18937e-05
1.18814e-05
1.18571e-05
1.18587e-05
1.18563e-05
1.18581e-05
1.18567e-05
1.18595e-05
1.18685e-05
1.18821e-05
1.18827e-05
1.1885e-05
1.18698e-05
1.18663e-05
1.18649e-05
1.18896e-05
1.18729e-05
1.18768e-05
1.18773e-05
1.18831e-05
1.1875e-05
1.18646e-05
1.18927e-05
1.18686e-05
1.1875e-05
1.18961e-05
1.18556e-05
1.18986e-05
1.18567e-05
1.18754e-05
1.18633e-05
1.1856e-05
1.18575e-05
1.18676e-05
1.18591e-05
1.18578e-05
1.18616e-05
1.18563e-05
1.18571e-05
1.18567e-05
1.18659e-05
1.18569e-05
1.18573e-05
1.18579e-05
1.18618e-05
1.1857e-05
1.18571e-05
1.18766e-05
1.18623e-05
1.18561e-05
1.18647e-05
1.18679e-05
1.18672e-05
1.18607e-05
1.18572e-05
1.18583e-05
1.18565e-05
1.18683e-05
1.18764e-05
1.18566e-05
1.18567e-05
1.18594e-05
1.18616e-05
1.18621e-05
1.1861e-05
1.18694e-05
1.18667e-05
1.18584e-05
1.18602e-05
1.18594e-05
1.18589e-05
1.18601e-05
1.18578e-05
1.19433e-05
1.18915e-05
1.18894e-05
1.18691e-05
1.18587e-05
1.18574e-05
1.18605e-05
1.18595e-05
1.18573e-05
1.18616e-05
1.18746e-05
1.18877e-05
1.18612e-05
1.18644e-05
1.18842e-05
1.18932e-05
1.18954e-05
1.18777e-05
1.18776e-05
1.18758e-05
1.19103e-05
1.19338e-05
1.18963e-05
1.1904e-05
1.18756e-05
1.18571e-05
1.18757e-05
1.18703e-05
1.18931e-05
1.19026e-05
1.18607e-05
1.18659e-05
1.1865e-05
1.18691e-05
2.50218e-05
2.25034e-05
2.76532e-05
2.35026e-05
1.49595e-05
1.28293e-05
1.41684e-05
1.3244e-05
1.18576e-05
1.18565e-05
1.18654e-05
1.1858e-05
1.18567e-05
1.18619e-05
1.18742e-05
1.19055e-05
1.18567e-05
1.18877e-05
1.18569e-05
1.18678e-05
1.18567e-05
1.18566e-05
1.18596e-05
1.18569e-05
1.18568e-05
1.18568e-05
1.18761e-05
6.53283e-05
6.73679e-05
7.19481e-05
8.04724e-05
1.18595e-05
1.18577e-05
1.18593e-05
1.186e-05
7.70692e-05
5.68139e-05
5.96012e-05
4.76524e-05
1.18575e-05
1.18575e-05
1.1857e-05
1.18574e-05
1.1859e-05
1.18562e-05
1.18597e-05
1.18587e-05
1.18562e-05
1.18573e-05
1.18578e-05
1.18567e-05
1.18567e-05
1.1858e-05
1.1944e-05
1.22909e-05
1.18791e-05
1.19531e-05
1.18647e-05
1.18606e-05
1.1864e-05
1.18611e-05
1.18567e-05
1.18566e-05
1.18569e-05
1.1857e-05
1.18571e-05
1.18578e-05
1.1857e-05
1.18571e-05
1.18572e-05
1.18575e-05
1.18569e-05
1.18569e-05
1.1857e-05
1.18569e-05
1.18572e-05
1.18611e-05
1.18906e-05
1.18909e-05
1.18575e-05
1.18788e-05
1.18578e-05
1.18574e-05
1.1857e-05
1.18569e-05
1.18576e-05
1.18574e-05
1.18569e-05
1.18569e-05
1.18579e-05
1.18573e-05
1.18571e-05
1.18571e-05
1.18579e-05
1.18569e-05
1.18572e-05
1.1857e-05
1.18568e-05
1.18573e-05
1.18574e-05
1.1857e-05
1.1857e-05
1.18982e-05
1.18566e-05
1.1857e-05
1.18572e-05
1.18573e-05
1.18639e-05
1.18702e-05
1.18781e-05
1.18701e-05
1.18599e-05
1.18771e-05
1.18737e-05
1.18564e-05
1.18559e-05
1.18575e-05
1.18568e-05
1.78438e-05
2.17863e-05
1.97147e-05
2.70116e-05
1.50592e-05
1.60342e-05
1.63018e-05
1.74822e-05
1.18569e-05
1.18572e-05
1.18569e-05
1.18592e-05
1.1857e-05
2.02759e-05
1.2048e-05
1.18573e-05
1.18585e-05
1.18575e-05
1.18577e-05
1.18913e-05
1.18855e-05
1.18852e-05
1.18771e-05
1.18749e-05
1.18792e-05
1.18713e-05
1.1856e-05
1.18554e-05
1.18721e-05
1.18657e-05
2.13907e-05
2.27662e-05
2.21239e-05
1.18798e-05
1.18785e-05
1.18654e-05
1.18678e-05
1.18571e-05
1.18571e-05
1.18579e-05
1.18569e-05
2.95828e-05
3.51028e-05
3.35074e-05
1.18958e-05
1.18744e-05
1.1857e-05
1.18567e-05
1.18921e-05
1.18572e-05
1.18569e-05
1.18573e-05
1.18571e-05
1.18568e-05
1.18568e-05
1.18617e-05
1.18767e-05
1.18641e-05
1.18574e-05
1.18791e-05
1.18762e-05
1.18648e-05
1.1856e-05
1.22224e-05
1.2353e-05
1.83943e-05
1.92152e-05
1.18782e-05
1.18856e-05
1.18791e-05
1.19048e-05
1.18582e-05
1.1857e-05
1.18568e-05
1.18576e-05
1.18568e-05
1.18568e-05
1.80621e-05
1.91747e-05
2.59638e-05
2.95134e-05
3.03618e-05
3.33762e-05
1.25874e-05
1.35206e-05
1.32997e-05
1.5152e-05
1.1857e-05
1.1857e-05
1.18586e-05
1.18577e-05
1.1859e-05
1.18587e-05
1.18606e-05
1.18609e-05
1.18569e-05
1.18571e-05
1.18576e-05
1.18594e-05
1.1859e-05
1.1858e-05
1.18619e-05
1.18612e-05
1.1857e-05
1.18569e-05
1.18559e-05
1.18583e-05
1.18563e-05
1.18624e-05
1.18645e-05
1.18564e-05
1.18565e-05
1.18562e-05
1.18575e-05
1.1858e-05
2.17377e-05
1.95846e-05
1.6524e-05
1.57386e-05
1.22349e-05
1.31942e-05
1.18889e-05
1.21654e-05
1.20181e-05
1.20914e-05
1.18759e-05
1.18699e-05
1.18631e-05
1.18618e-05
1.18619e-05
1.18665e-05
1.186e-05
1.18628e-05
1.1862e-05
1.18611e-05
1.18683e-05
1.18766e-05
1.1858e-05
1.18581e-05
1.18599e-05
1.18689e-05
1.18852e-05
1.18845e-05
1.18649e-05
1.18703e-05
1.18905e-05
1.18985e-05
1.19522e-05
1.19411e-05
1.19635e-05
1.19511e-05
1.18741e-05
1.18717e-05
1.18609e-05
1.18572e-05
1.18776e-05
1.18749e-05
1.18701e-05
1.18651e-05
1.18623e-05
1.18618e-05
1.18571e-05
1.18585e-05
1.18591e-05
1.18576e-05
1.18622e-05
1.18745e-05
1.18569e-05
1.18756e-05
1.18852e-05
1.18983e-05
1.18639e-05
1.18637e-05
1.18563e-05
1.18568e-05
1.18832e-05
1.18927e-05
1.18589e-05
1.18573e-05
1.18665e-05
1.18609e-05
1.18787e-05
1.18853e-05
1.1896e-05
1.1867e-05
1.18564e-05
1.19032e-05
1.19193e-05
1.19626e-05
1.19507e-05
1.1918e-05
1.18911e-05
1.18897e-05
1.19407e-05
1.19577e-05
1.19143e-05
1.19459e-05
1.18849e-05
1.19053e-05
1.18859e-05
1.18571e-05
1.18699e-05
1.18821e-05
1.1901e-05
1.18713e-05
1.18634e-05
1.18572e-05
1.71866e-05
1.83151e-05
1.83945e-05
2.13457e-05
1.23995e-05
1.32408e-05
1.22889e-05
1.2398e-05
1.2673e-05
1.40968e-05
1.261e-05
1.3839e-05
1.189e-05
1.18573e-05
1.18954e-05
1.18736e-05
1.18747e-05
1.18572e-05
1.19015e-05
1.1871e-05
1.1861e-05
1.1857e-05
1.18582e-05
1.18576e-05
1.18597e-05
1.18593e-05
1.18617e-05
1.1872e-05
1.18789e-05
1.1866e-05
1.18696e-05
1.18603e-05
1.18877e-05
1.18771e-05
1.19063e-05
1.18945e-05
1.18767e-05
1.19123e-05
1.1899e-05
1.18972e-05
1.18835e-05
1.18568e-05
1.18568e-05
1.18574e-05
1.18572e-05
1.18574e-05
1.18578e-05
1.1858e-05
1.18818e-05
1.18806e-05
1.18903e-05
1.18812e-05
1.19113e-05
1.19132e-05
1.18905e-05
1.18575e-05
1.20502e-05
1.19746e-05
1.21328e-05
1.20355e-05
1.21799e-05
1.33366e-05
1.25631e-05
1.25408e-05
1.27575e-05
1.33276e-05
1.58007e-05
1.58055e-05
1.86248e-05
1.89881e-05
1.18576e-05
1.1857e-05
1.18571e-05
1.18578e-05
1.18573e-05
1.18571e-05
1.18572e-05
1.18745e-05
1.18741e-05
1.1857e-05
1.18551e-05
1.1862e-05
1.18566e-05
1.18572e-05
1.18572e-05
1.18595e-05
1.18657e-05
1.18577e-05
1.18574e-05
1.18602e-05
1.18573e-05
1.18712e-05
1.1857e-05
1.18616e-05
1.18585e-05
1.18608e-05
1.18584e-05
1.18729e-05
1.18625e-05
1.18565e-05
1.1857e-05
1.18569e-05
1.187e-05
1.18636e-05
1.18681e-05
1.18573e-05
1.18604e-05
1.18699e-05
1.1878e-05
1.18664e-05
1.1857e-05
1.18767e-05
1.18644e-05
1.18657e-05
1.18651e-05
1.1869e-05
1.18606e-05
1.18686e-05
1.18624e-05
1.18693e-05
1.18891e-05
1.18768e-05
1.18906e-05
1.18785e-05
1.18871e-05
1.18908e-05
1.19062e-05
1.18561e-05
1.18558e-05
1.18557e-05
1.18559e-05
1.18592e-05
1.18613e-05
1.18625e-05
1.1862e-05
1.18567e-05
1.18569e-05
1.1857e-05
1.18568e-05
1.19022e-05
1.19017e-05
1.18727e-05
1.18631e-05
1.18574e-05
1.1857e-05
5.17628e-05
4.28258e-05
1.18619e-05
1.18587e-05
1.18597e-05
1.18592e-05
1.18594e-05
1.18615e-05
1.18602e-05
1.18582e-05
1.18573e-05
1.1857e-05
1.18585e-05
1.1858e-05
1.18585e-05
1.18582e-05
1.18576e-05
1.1857e-05
1.18572e-05
1.18571e-05
1.18571e-05
1.18572e-05
1.18664e-05
1.18571e-05
1.18609e-05
1.18575e-05
1.18573e-05
1.18575e-05
1.18614e-05
1.18598e-05
1.18625e-05
1.18624e-05
1.18589e-05
1.18595e-05
1.19517e-05
1.43177e-05
7.42432e-05
6.75419e-05
6.73455e-05
7.68233e-05
6.58989e-05
8.49817e-05
6.42901e-05
6.26672e-05
5.56653e-05
4.93956e-05
4.62619e-05
4.13082e-05
3.79177e-05
3.92813e-05
3.87674e-05
3.83346e-05
4.19977e-05
1.28763e-05
1.18706e-05
1.18607e-05
1.18615e-05
1.18595e-05
1.1857e-05
1.18589e-05
1.18583e-05
1.1857e-05
1.18576e-05
1.18585e-05
1.18571e-05
1.18585e-05
1.18625e-05
1.18585e-05
1.18607e-05
1.18605e-05
1.26791e-05
1.18674e-05
1.18583e-05
1.1859e-05
1.18586e-05
1.18604e-05
1.18585e-05
1.1857e-05
1.18574e-05
1.18574e-05
1.18572e-05
1.18572e-05
1.1864e-05
1.18657e-05
1.18675e-05
1.18605e-05
1.18668e-05
1.23753e-05
1.18765e-05
1.18673e-05
1.18592e-05
1.18638e-05
1.18636e-05
1.18588e-05
1.18579e-05
1.18575e-05
1.18592e-05
1.18605e-05
1.18593e-05
1.18635e-05
1.18654e-05
1.18682e-05
1.18717e-05
1.18748e-05
1.21066e-05
1.18581e-05
1.18752e-05
1.18645e-05
1.1871e-05
1.18603e-05
1.18591e-05
1.1859e-05
1.18576e-05
1.18593e-05
1.18638e-05
1.18583e-05
1.18613e-05
1.18573e-05
1.18605e-05
1.18702e-05
1.18593e-05
1.21935e-05
1.18614e-05
1.18771e-05
1.18695e-05
1.1862e-05
1.18668e-05
1.18573e-05
1.18583e-05
1.18575e-05
1.18578e-05
1.18569e-05
1.18569e-05
1.1858e-05
1.1858e-05
1.18625e-05
1.1857e-05
1.18581e-05
1.20088e-05
1.18578e-05
1.18654e-05
1.18722e-05
1.18569e-05
1.18614e-05
1.18602e-05
1.18586e-05
1.18572e-05
1.18595e-05
1.18583e-05
1.1857e-05
1.18661e-05
1.18749e-05
1.18618e-05
1.18657e-05
1.18598e-05
1.21248e-05
1.18655e-05
1.18826e-05
1.18628e-05
1.18599e-05
1.18594e-05
1.18583e-05
1.1859e-05
1.18577e-05
1.1857e-05
1.1863e-05
1.18668e-05
1.1859e-05
1.18658e-05
1.18677e-05
1.18637e-05
1.18678e-05
1.26728e-05
1.18642e-05
1.18657e-05
1.18568e-05
1.18626e-05
1.18629e-05
1.18602e-05
1.18586e-05
1.18579e-05
1.18579e-05
1.18587e-05
1.18621e-05
1.186e-05
1.18687e-05
1.18571e-05
1.18615e-05
1.187e-05
1.28484e-05
1.1878e-05
1.18648e-05
1.18568e-05
1.18595e-05
1.18596e-05
1.18593e-05
1.18586e-05
1.18574e-05
1.18578e-05
1.18589e-05
1.18575e-05
1.18611e-05
1.1859e-05
1.18588e-05
1.18591e-05
1.18618e-05
1.39872e-05
1.19223e-05
1.18664e-05
1.18611e-05
1.18601e-05
1.18595e-05
1.18601e-05
1.18587e-05
1.18575e-05
1.1857e-05
1.18601e-05
1.18615e-05
1.18619e-05
1.18657e-05
1.18587e-05
1.18584e-05
1.18574e-05
1.62274e-05
1.20839e-05
1.18712e-05
1.18614e-05
1.1857e-05
1.18638e-05
1.18601e-05
1.18595e-05
1.18578e-05
1.18617e-05
1.18572e-05
1.1859e-05
1.18617e-05
1.18625e-05
1.1864e-05
1.18608e-05
1.18574e-05
2.29731e-05
1.30203e-05
1.19353e-05
1.18682e-05
1.18618e-05
1.18611e-05
1.18637e-05
1.18631e-05
1.18583e-05
1.1857e-05
1.18609e-05
1.18708e-05
1.1871e-05
1.18647e-05
1.18607e-05
1.18604e-05
1.1862e-05
2.67977e-05
1.42534e-05
1.20734e-05
1.18708e-05
1.18749e-05
1.18619e-05
1.18603e-05
1.18605e-05
1.18581e-05
1.18599e-05
1.18694e-05
1.18843e-05
1.18622e-05
1.18667e-05
1.18662e-05
1.18592e-05
1.1857e-05
3.19066e-05
1.52643e-05
1.22703e-05
1.18906e-05
1.18722e-05
1.1882e-05
1.18718e-05
1.18651e-05
1.1857e-05
1.18635e-05
1.18763e-05
1.18831e-05
1.18608e-05
1.18599e-05
1.18677e-05
1.18589e-05
1.18615e-05
3.05134e-05
1.60254e-05
1.24344e-05
1.1915e-05
1.18591e-05
1.18699e-05
1.18719e-05
1.1857e-05
1.18588e-05
1.18625e-05
1.1857e-05
1.18646e-05
1.18672e-05
1.1862e-05
1.18634e-05
1.18587e-05
1.1857e-05
2.87396e-05
1.4428e-05
1.22547e-05
1.18854e-05
1.18607e-05
1.18586e-05
1.18593e-05
1.18735e-05
1.18583e-05
1.18654e-05
1.18646e-05
1.18735e-05
1.18568e-05
1.18673e-05
1.18634e-05
1.18612e-05
1.18586e-05
2.29711e-05
1.35458e-05
1.19982e-05
1.18733e-05
1.18597e-05
1.18656e-05
1.186e-05
1.18605e-05
1.18606e-05
1.1857e-05
1.18642e-05
1.18757e-05
1.18586e-05
1.18636e-05
1.1857e-05
1.18624e-05
1.186e-05
2.0417e-05
1.26276e-05
1.18964e-05
1.18651e-05
1.18701e-05
1.18611e-05
1.18603e-05
1.18618e-05
1.18588e-05
1.18581e-05
1.18637e-05
1.18619e-05
1.18634e-05
1.18641e-05
1.18574e-05
1.18586e-05
1.18586e-05
1.18578e-05
4.05101e-05
1.27122e-05
1.18788e-05
1.18622e-05
1.18611e-05
1.18587e-05
1.18622e-05
1.18599e-05
1.18573e-05
1.1857e-05
1.18569e-05
1.18569e-05
1.18644e-05
1.18568e-05
1.18568e-05
1.18586e-05
1.18568e-05
1.18569e-05
1.18571e-05
1.18573e-05
1.18575e-05
1.18584e-05
1.1857e-05
1.1857e-05
1.18574e-05
1.18574e-05
1.1857e-05
1.1857e-05
1.1857e-05
1.1857e-05
1.18576e-05
1.1858e-05
1.18575e-05
1.18576e-05
1.18578e-05
1.18577e-05
1.18576e-05
1.18574e-05
3.74491e-05
1.18613e-05
1.18579e-05
1.1857e-05
1.18575e-05
1.18572e-05
1.18574e-05
1.18635e-05
1.18605e-05
1.1857e-05
1.18576e-05
1.18664e-05
1.18588e-05
1.18583e-05
1.18637e-05
1.18637e-05
1.18672e-05
1.23799e-05
8.92312e-05
8.66569e-05
9.56086e-05
9.58159e-05
9.58428e-05
9.53153e-05
9.57239e-05
9.58776e-05
9.5288e-05
9.37508e-05
9.17037e-05
8.98101e-05
8.80396e-05
8.74418e-05
8.67049e-05
8.63801e-05
8.68725e-05
8.80258e-05
8.85006e-05
4.55866e-05
1.18588e-05
1.1857e-05
4.90116e-05
1.29237e-05
1.18728e-05
1.186e-05
1.18613e-05
1.18588e-05
1.18593e-05
1.18588e-05
1.1858e-05
1.1857e-05
1.1857e-05
1.18597e-05
1.18586e-05
1.18611e-05
1.18612e-05
1.18575e-05
1.18568e-05
1.18606e-05
1.18603e-05
1.18596e-05
1.18598e-05
1.186e-05
1.18587e-05
1.18591e-05
1.18577e-05
1.18574e-05
1.18575e-05
1.1858e-05
1.1857e-05
1.18571e-05
1.18577e-05
1.18575e-05
1.1857e-05
1.1857e-05
1.1857e-05
1.1857e-05
1.18571e-05
1.18583e-05
1.18589e-05
1.18574e-05
1.18594e-05
1.18587e-05
1.18586e-05
1.18578e-05
1.18609e-05
1.18581e-05
1.18651e-05
1.18599e-05
1.18605e-05
1.1864e-05
1.194e-05
1.39661e-05
6.78955e-05
6.53135e-05
6.79478e-05
7.16966e-05
7.02959e-05
7.17345e-05
7.02633e-05
6.35862e-05
5.57888e-05
4.62895e-05
5.0779e-05
3.72337e-05
3.66619e-05
4.31819e-05
3.68032e-05
3.91242e-05
4.85173e-05
1.1878e-05
1.1868e-05
1.18787e-05
1.18663e-05
1.1857e-05
1.18582e-05
1.1857e-05
1.1857e-05
1.18573e-05
1.18589e-05
1.18584e-05
1.18606e-05
1.18586e-05
1.18608e-05
1.18652e-05
1.18746e-05
1.25701e-05
1.18686e-05
1.18598e-05
1.18727e-05
1.1861e-05
1.18611e-05
1.18705e-05
1.18616e-05
1.18608e-05
1.1857e-05
1.1857e-05
1.18596e-05
1.1857e-05
1.18618e-05
1.18633e-05
1.18605e-05
1.18631e-05
1.2566e-05
1.18754e-05
1.18571e-05
1.18657e-05
1.18664e-05
1.18648e-05
1.18614e-05
1.18573e-05
1.18599e-05
1.18587e-05
1.18578e-05
1.18603e-05
1.18579e-05
1.18775e-05
1.18631e-05
1.18905e-05
1.1857e-05
1.20986e-05
1.18645e-05
1.18761e-05
1.18617e-05
1.18679e-05
1.18685e-05
1.18645e-05
1.18583e-05
1.1859e-05
1.18579e-05
1.18584e-05
1.18596e-05
1.18614e-05
1.18697e-05
1.18615e-05
1.18707e-05
1.18706e-05
1.2193e-05
1.18664e-05
1.18706e-05
1.18659e-05
1.1876e-05
1.18643e-05
1.18582e-05
1.18591e-05
1.1857e-05
1.18573e-05
1.18584e-05
1.18587e-05
1.18612e-05
1.18622e-05
1.18691e-05
1.18654e-05
1.18736e-05
1.21186e-05
1.1862e-05
1.18636e-05
1.18606e-05
1.18623e-05
1.1875e-05
1.18592e-05
1.18576e-05
1.18591e-05
1.18585e-05
1.1857e-05
1.18588e-05
1.18621e-05
1.18596e-05
1.18578e-05
1.18805e-05
1.18719e-05
1.21756e-05
1.1862e-05
1.18656e-05
1.18685e-05
1.18668e-05
1.18677e-05
1.18646e-05
1.18601e-05
1.18579e-05
1.18573e-05
1.18599e-05
1.18569e-05
1.18569e-05
1.18569e-05
1.18716e-05
1.187e-05
1.18635e-05
1.26362e-05
1.186e-05
1.18611e-05
1.18619e-05
1.186e-05
1.18606e-05
1.1863e-05
1.18591e-05
1.1857e-05
1.18575e-05
1.18581e-05
1.18578e-05
1.18571e-05
1.18643e-05
1.18634e-05
1.18661e-05
1.18734e-05
1.28088e-05
1.18575e-05
1.18588e-05
1.18598e-05
1.1857e-05
1.18581e-05
1.1857e-05
1.18602e-05
1.1857e-05
1.18573e-05
1.18592e-05
1.18597e-05
1.18673e-05
1.18608e-05
1.18569e-05
1.1859e-05
1.19332e-05
1.40186e-05
1.18581e-05
1.18576e-05
1.18585e-05
1.18624e-05
1.18606e-05
1.18595e-05
1.18596e-05
1.18622e-05
1.18572e-05
1.18605e-05
1.18613e-05
1.18633e-05
1.18644e-05
1.18658e-05
1.18899e-05
1.21352e-05
1.65019e-05
1.18609e-05
1.1857e-05
1.18631e-05
1.18719e-05
1.18737e-05
1.18612e-05
1.18678e-05
1.18592e-05
1.18581e-05
1.18634e-05
1.18678e-05
1.18647e-05
1.18664e-05
1.18749e-05
1.19447e-05
1.3097e-05
2.12565e-05
1.18599e-05
1.18607e-05
1.18633e-05
1.18681e-05
1.18694e-05
1.19119e-05
1.1857e-05
1.1857e-05
1.18572e-05
1.18727e-05
1.18703e-05
1.18779e-05
1.18707e-05
1.18692e-05
1.21045e-05
1.43455e-05
2.77502e-05
1.18591e-05
1.18595e-05
1.18602e-05
1.18686e-05
1.18645e-05
1.1857e-05
1.18622e-05
1.1857e-05
1.1859e-05
1.18619e-05
1.18731e-05
1.18843e-05
1.18687e-05
1.19122e-05
1.22339e-05
1.55233e-05
3.11808e-05
1.18591e-05
1.18603e-05
1.18656e-05
1.18758e-05
1.18628e-05
1.18798e-05
1.1857e-05
1.18571e-05
1.18606e-05
1.18723e-05
1.18708e-05
1.18618e-05
1.18735e-05
1.18888e-05
1.26102e-05
1.54826e-05
3.09699e-05
1.18591e-05
1.18609e-05
1.18631e-05
1.18692e-05
1.18681e-05
1.18571e-05
1.18613e-05
1.1857e-05
1.18578e-05
1.18569e-05
1.18624e-05
1.18648e-05
1.18659e-05
1.18864e-05
1.21913e-05
1.46217e-05
2.99804e-05
1.18579e-05
1.1864e-05
1.18666e-05
1.18703e-05
1.18677e-05
1.18696e-05
1.18642e-05
1.18634e-05
1.1858e-05
1.18603e-05
1.1857e-05
1.18604e-05
1.1857e-05
1.1869e-05
1.20297e-05
1.3653e-05
2.29372e-05
1.1859e-05
1.1863e-05
1.18653e-05
1.18603e-05
1.18568e-05
1.1868e-05
1.18693e-05
1.18616e-05
1.18584e-05
1.18625e-05
1.1857e-05
1.18617e-05
1.1867e-05
1.18635e-05
1.19013e-05
1.25272e-05
1.98582e-05
)
;

boundaryField
{
    sides
    {
        type            calculated;
        value           uniform 1.1857e-05;
    }
    top
    {
        type            calculated;
        value           uniform 1.1857e-05;
    }
    outlet
    {
        type            calculated;
        value           uniform 1.1857e-05;
    }
    bottom
    {
        type            calculated;
        value           uniform 1.1857e-05;
    }
    inlet
    {
        type            calculated;
        value           uniform 0.00011857;
    }
}


// ************************************************************************* //
