/*--------------------------------*- C++ -*----------------------------------*\
  =========                 |
  \\      /  F ield         | OpenFOAM: The Open Source CFD Toolbox
   \\    /   O peration     | Website:  https://openfoam.org
    \\  /    A nd           | Version:  6
     \\/     M anipulation  |
\*---------------------------------------------------------------------------*/
FoamFile
{
    version     2.0;
    format      ascii;
    class       volScalarField;
    location    "3.77";
    object      mag(U);
}
// * * * * * * * * * * * * * * * * * * * * * * * * * * * * * * * * * * * * * //

dimensions      [0 1 -1 0 0 0 0];

internalField   nonuniform List<scalar> 
10000
(
0.99997
0.99997
0.99997
0.99997
0.99997
0.99997
0.99997
0.99997
0.99997
0.99997
0.99997
0.99997
0.99997
0.99997
0.99997
0.99997
0.99997
0.99997
0.99997
0.99997
0.99997
0.99997
0.99997
0.99997
0.99997
0.99997
0.99997
0.99997
0.99997
0.99997
0.99997
0.99997
0.99997
0.99997
0.99997
0.99997
0.99997
0.99997
0.99997
0.99997
0.99997
0.99997
0.999969
0.99997
0.999971
0.999972
0.999974
0.999977
0.999979
0.999981
0.999983
0.999984
0.999984
0.999981
0.999975
0.999967
0.999956
0.999945
0.999933
0.999923
0.999918
0.999919
0.999925
0.999939
0.99996
0.999987
1.00002
1.00005
1.00008
1.00011
1.00013
1.00015
1.00016
1.00017
1.00016
1.00015
1.00013
1.00011
1.00009
1.00007
1.00005
1.00003
1.00002
1
0.999993
0.999984
0.999979
0.999975
0.999972
0.999971
0.99997
0.999969
0.999969
0.99997
0.99997
0.99997
0.99997
0.99997
0.99997
0.99997
0.99997
0.99997
0.99997
0.99997
0.99997
0.99997
0.99997
0.99997
0.99997
0.99997
0.99997
0.99997
0.99997
0.99997
0.99997
0.99997
0.99997
0.99997
0.99997
0.99997
0.99997
0.99997
0.99997
0.99997
0.99997
0.99997
0.99997
0.99997
0.99997
0.99997
0.99997
0.99997
0.99997
0.99997
0.99997
0.99997
0.99997
0.99997
0.99997
0.999969
0.999969
0.99997
0.99997
0.999971
0.999972
0.999974
0.999976
0.999979
0.999983
0.999987
0.99999
0.999992
0.999991
0.999987
0.99998
0.99997
0.999957
0.999944
0.999933
0.999926
0.999925
0.999932
0.999949
0.999975
1.00001
1.00005
1.0001
1.00014
1.00019
1.00022
1.00025
1.00027
1.00027
1.00027
1.00026
1.00024
1.00021
1.00018
1.00015
1.00011
1.00008
1.00006
1.00003
1.00002
1
0.99999
0.999982
0.999977
0.999973
0.999971
0.99997
0.999969
0.999969
0.999969
0.999969
0.99997
0.99997
0.99997
0.99997
0.99997
0.99997
0.99997
0.99997
0.99997
0.99997
0.99997
0.99997
0.99997
0.99997
0.99997
0.99997
0.99997
0.99997
0.99997
0.99997
0.99997
0.99997
0.99997
0.99997
0.99997
0.99997
0.99997
0.99997
0.99997
0.99997
0.99997
0.99997
0.99997
0.99997
0.99997
0.99997
0.99997
0.99997
0.99997
0.99997
0.99997
0.99997
0.99997
0.99997
0.999969
0.99997
0.99997
0.99997
0.999971
0.999973
0.999976
0.999979
0.999983
0.999988
0.999994
0.999998
1
1
0.999995
0.999987
0.999975
0.999962
0.999949
0.999941
0.99994
0.999949
0.99997
1
1.00005
1.00011
1.00017
1.00024
1.0003
1.00036
1.00041
1.00044
1.00045
1.00045
1.00043
1.0004
1.00037
1.00032
1.00027
1.00022
1.00017
1.00013
1.00009
1.00006
1.00003
1.00001
0.999996
0.999986
0.999978
0.999974
0.99997
0.99997
0.999969
0.999969
0.999969
0.999969
0.999969
0.99997
0.99997
0.99997
0.99997
0.99997
0.99997
0.99997
0.99997
0.99997
0.99997
0.99997
0.99997
0.99997
0.99997
0.99997
0.99997
0.99997
0.99997
0.99997
0.99997
0.99997
0.99997
0.99997
0.99997
0.99997
0.99997
0.99997
0.99997
0.99997
0.99997
0.99997
0.99997
0.99997
0.99997
0.99997
0.99997
0.99997
0.99997
0.99997
0.99997
0.99997
0.999969
0.999969
0.99997
0.999969
0.99997
0.99997
0.999971
0.999973
0.999977
0.999982
0.999988
0.999995
1
1.00001
1.00001
1.00001
1.00001
0.999996
0.999983
0.999971
0.999962
0.999961
0.999972
1
1.00005
1.00011
1.00019
1.00028
1.00038
1.00048
1.00057
1.00065
1.00071
1.00074
1.00075
1.00073
1.00069
1.00063
1.00056
1.00049
1.00041
1.00033
1.00026
1.0002
1.00014
1.00009
1.00006
1.00003
1.00001
0.99999
0.99998
0.999974
0.99997
0.999969
0.999968
0.999967
0.999968
0.999968
0.999968
0.999969
0.99997
0.99997
0.99997
0.99997
0.99997
0.99997
0.99997
0.99997
0.99997
0.99997
0.99997
0.99997
0.99997
0.99997
0.99997
0.99997
0.99997
0.99997
0.99997
0.99997
0.99997
0.99997
0.99997
0.99997
0.99997
0.99997
0.99997
0.99997
0.99997
0.99997
0.99997
0.99997
0.99997
0.99997
0.99997
0.99997
0.99997
0.99997
0.99997
0.99997
0.999969
0.99997
0.999969
0.999969
0.99997
0.99997
0.999972
0.999975
0.999979
0.999987
0.999995
1
1.00001
1.00002
1.00003
1.00002
1.00002
1.00001
0.999993
0.999984
0.999984
0.999998
1.00003
1.00009
1.00018
1.00029
1.00042
1.00057
1.00072
1.00087
1.001
1.00111
1.00118
1.00121
1.0012
1.00116
1.00108
1.00098
1.00086
1.00074
1.00061
1.00049
1.00039
1.00029
1.00021
1.00014
1.00009
1.00005
1.00002
0.999996
0.999983
0.999974
0.999969
0.999967
0.999966
0.999967
0.999967
0.999968
0.999968
0.999968
0.999969
0.99997
0.99997
0.99997
0.99997
0.99997
0.99997
0.99997
0.99997
0.99997
0.99997
0.99997
0.99997
0.99997
0.99997
0.99997
0.99997
0.99997
0.99997
0.99997
0.99997
0.99997
0.99997
0.99997
0.99997
0.99997
0.99997
0.99997
0.99997
0.99997
0.99997
0.99997
0.99997
0.99997
0.99997
0.99997
0.99997
0.99997
0.999969
0.999969
0.999969
0.999969
0.999969
0.999969
0.999969
0.99997
0.999972
0.999977
0.999983
0.999992
1
1.00001
1.00003
1.00003
1.00004
1.00004
1.00003
1.00002
1.00001
1
1.00002
1.00006
1.00013
1.00024
1.00039
1.00058
1.00079
1.00101
1.00124
1.00146
1.00165
1.0018
1.00189
1.00193
1.0019
1.00181
1.00168
1.00151
1.00132
1.00112
1.00092
1.00073
1.00057
1.00042
1.0003
1.00021
1.00013
1.00007
1.00003
1
0.999985
0.999974
0.999967
0.999965
0.999964
0.999965
0.999966
0.999966
0.999967
0.999968
0.999968
0.999969
0.99997
0.99997
0.99997
0.99997
0.99997
0.99997
0.99997
0.99997
0.99997
0.99997
0.99997
0.99997
0.99997
0.99997
0.99997
0.99997
0.99997
0.99997
0.99997
0.99997
0.99997
0.99997
0.99997
0.99997
0.99997
0.99997
0.99997
0.99997
0.99997
0.99997
0.99997
0.99997
0.99997
0.99997
0.99997
0.999969
0.999969
0.999969
0.999969
0.999968
0.999967
0.999967
0.999968
0.99997
0.999972
0.999978
0.999987
0.999998
1.00001
1.00003
1.00004
1.00005
1.00005
1.00004
1.00003
1.00002
1.00001
1.00003
1.00007
1.00015
1.00029
1.00047
1.00071
1.001
1.00132
1.00166
1.002
1.00232
1.00259
1.0028
1.00293
1.00297
1.00292
1.00278
1.00256
1.00229
1.00199
1.00168
1.00137
1.00109
1.00084
1.00062
1.00045
1.0003
1.00019
1.00011
1.00005
1.00001
0.999988
0.999974
0.999965
0.999962
0.999961
0.999962
0.999963
0.999965
0.999966
0.999967
0.999968
0.999968
0.99997
0.99997
0.99997
0.99997
0.99997
0.99997
0.99997
0.99997
0.99997
0.99997
0.99997
0.99997
0.99997
0.99997
0.99997
0.99997
0.99997
0.99997
0.99997
0.99997
0.99997
0.99997
0.99997
0.99997
0.99997
0.99997
0.99997
0.99997
0.99997
0.99997
0.99997
0.99997
0.99997
0.99997
0.99997
0.999969
0.999969
0.999969
0.999968
0.999967
0.999967
0.999966
0.999967
0.999968
0.999972
0.999979
0.99999
1
1.00002
1.00004
1.00005
1.00006
1.00006
1.00004
1.00003
1.00001
1.00002
1.00005
1.00014
1.00028
1.0005
1.00079
1.00116
1.00158
1.00205
1.00254
1.00303
1.00349
1.00388
1.00419
1.00438
1.00444
1.00436
1.00416
1.00384
1.00343
1.00298
1.0025
1.00204
1.00161
1.00124
1.00092
1.00065
1.00045
1.00029
1.00017
1.00009
1.00003
0.999994
0.999973
0.999962
0.999958
0.999957
0.999958
0.99996
0.999962
0.999964
0.999966
0.999967
0.999968
0.999968
0.999968
0.99997
0.99997
0.99997
0.99997
0.99997
0.99997
0.99997
0.99997
0.99997
0.99997
0.99997
0.99997
0.99997
0.99997
0.99997
0.99997
0.99997
0.99997
0.99997
0.99997
0.99997
0.99997
0.99997
0.99997
0.99997
0.99997
0.99997
0.99997
0.99997
0.99997
0.99997
0.99997
0.99997
0.999969
0.999968
0.999968
0.999968
0.999966
0.999966
0.999965
0.999965
0.999966
0.999971
0.999979
0.999993
1.00001
1.00003
1.00005
1.00006
1.00006
1.00004
1.00002
0.999994
0.999981
0.999997
1.00007
1.00021
1.00045
1.00078
1.00121
1.00174
1.00234
1.003
1.00368
1.00435
1.00499
1.00554
1.00598
1.00627
1.00639
1.00631
1.00604
1.0056
1.00503
1.00437
1.00368
1.00301
1.00238
1.00182
1.00134
1.00096
1.00065
1.00042
1.00025
1.00013
1.00005
1
0.999972
0.999957
0.999951
0.999951
0.999952
0.999955
0.999959
0.999962
0.999964
0.999966
0.999967
0.999968
0.999968
0.999969
0.99997
0.99997
0.99997
0.99997
0.99997
0.99997
0.99997
0.99997
0.99997
0.99997
0.99997
0.99997
0.99997
0.99997
0.99997
0.99997
0.99997
0.99997
0.99997
0.99997
0.99997
0.99997
0.99997
0.99997
0.99997
0.99997
0.99997
0.99997
0.99997
0.99997
0.99997
0.999969
0.999969
0.999969
0.999967
0.999966
0.999965
0.999964
0.999962
0.999962
0.999964
0.99997
0.999979
0.999995
1.00001
1.00003
1.00005
1.00005
1.00004
1.00001
0.999964
0.999923
0.999906
0.999944
1.00006
1.00029
1.00064
1.00112
1.00172
1.00244
1.00324
1.00411
1.00501
1.0059
1.00675
1.00751
1.00814
1.00859
1.00882
1.00879
1.0085
1.00795
1.00719
1.0063
1.00533
1.00437
1.00346
1.00265
1.00196
1.0014
1.00095
1.00062
1.00037
1.0002
1.00009
1.00002
0.999975
0.999953
0.999945
0.999943
0.999946
0.99995
0.999955
0.999958
0.999962
0.999964
0.999967
0.999967
0.999968
0.999968
0.99997
0.99997
0.99997
0.99997
0.99997
0.99997
0.99997
0.99997
0.99997
0.99997
0.99997
0.99997
0.99997
0.99997
0.99997
0.99997
0.99997
0.99997
0.99997
0.99997
0.99997
0.99997
0.99997
0.99997
0.99997
0.99997
0.99997
0.99997
0.99997
0.99997
0.999969
0.999969
0.999968
0.999968
0.999967
0.999965
0.999962
0.999961
0.999958
0.999957
0.99996
0.999966
0.999977
0.999994
1.00001
1.00003
1.00003
1.00002
0.999984
0.999923
0.999849
0.999785
0.999767
0.999832
1.00001
1.00034
1.00083
1.00148
1.00227
1.00318
1.00419
1.00527
1.00639
1.00751
1.0086
1.00961
1.01049
1.01118
1.01161
1.01172
1.01148
1.01089
1.00998
1.00884
1.00755
1.00623
1.00497
1.00382
1.00284
1.00203
1.00139
1.00091
1.00056
1.00031
1.00015
1.00004
0.999981
0.999949
0.999936
0.999934
0.999937
0.999943
0.999949
0.999954
0.999959
0.999963
0.999965
0.999967
0.999967
0.999968
0.999968
0.99997
0.99997
0.99997
0.99997
0.99997
0.99997
0.99997
0.99997
0.99997
0.99997
0.99997
0.99997
0.99997
0.99997
0.99997
0.99997
0.99997
0.99997
0.99997
0.99997
0.99997
0.99997
0.99997
0.99997
0.99997
0.99997
0.99997
0.99997
0.999969
0.999969
0.999969
0.999968
0.999966
0.999965
0.999962
0.99996
0.999956
0.999953
0.999952
0.999953
0.99996
0.999972
0.999987
1
1.00001
0.999999
0.999957
0.999878
0.999768
0.999646
0.999551
0.99953
0.999629
0.999892
1.00034
1.00097
1.00178
1.00274
1.00381
1.00499
1.00623
1.00752
1.00885
1.01017
1.01145
1.01264
1.01366
1.01443
1.01485
1.01482
1.01432
1.01336
1.01201
1.01041
1.00869
1.00699
1.00542
1.00406
1.00292
1.00202
1.00133
1.00082
1.00047
1.00023
1.00008
0.999995
0.999948
0.999928
0.999923
0.999927
0.999934
0.999942
0.999949
0.999955
0.99996
0.999963
0.999966
0.999966
0.999967
0.999968
0.999969
0.99997
0.99997
0.99997
0.99997
0.99997
0.99997
0.99997
0.99997
0.99997
0.99997
0.99997
0.99997
0.99997
0.99997
0.99997
0.99997
0.99997
0.99997
0.99997
0.99997
0.99997
0.99997
0.99997
0.99997
0.99997
0.99997
0.99997
0.999969
0.999969
0.999968
0.999968
0.999966
0.999963
0.99996
0.999956
0.99995
0.999946
0.999944
0.999945
0.99995
0.999961
0.999973
0.99998
0.99997
0.999926
0.999835
0.999692
0.999507
0.999319
0.99918
0.999156
0.9993
0.99965
1.00021
1.00097
1.0019
1.00295
1.00409
1.00531
1.0066
1.00796
1.0094
1.01091
1.01246
1.01401
1.01548
1.01674
1.01766
1.0181
1.01793
1.01712
1.01573
1.01389
1.01178
1.00961
1.00755
1.0057
1.00414
1.00288
1.00192
1.00121
1.0007
1.00037
1.00015
1.00002
0.999952
0.999921
0.999911
0.999915
0.999923
0.999933
0.999943
0.999951
0.999957
0.999961
0.999965
0.999965
0.999967
0.999968
0.999969
0.99997
0.99997
0.99997
0.99997
0.99997
0.99997
0.99997
0.99997
0.99997
0.99997
0.99997
0.99997
0.99997
0.99997
0.99997
0.99997
0.99997
0.99997
0.99997
0.99997
0.99997
0.99997
0.99997
0.99997
0.99997
0.99997
0.999969
0.999969
0.999969
0.999967
0.999967
0.999964
0.999962
0.999956
0.999951
0.999943
0.999938
0.999932
0.999932
0.999934
0.999942
0.999946
0.999937
0.999893
0.999797
0.999628
0.999388
0.9991
0.998822
0.998631
0.998604
0.998798
0.999229
0.999876
1.00069
1.00162
1.00261
1.00363
1.0047
1.00584
1.0071
1.00852
1.01013
1.01191
1.01384
1.01584
1.01778
1.01946
1.02066
1.02117
1.02086
1.01971
1.01784
1.01547
1.01285
1.01025
1.00784
1.00576
1.00406
1.00273
1.00174
1.00104
1.00056
1.00026
1.00007
0.999967
0.999917
0.9999
0.999901
0.999911
0.999923
0.999935
0.999945
0.999953
0.999958
0.999962
0.999964
0.999966
0.999967
0.999968
0.999969
0.99997
0.99997
0.99997
0.99997
0.99997
0.99997
0.99997
0.99997
0.99997
0.99997
0.99997
0.99997
0.99997
0.99997
0.99997
0.99997
0.99997
0.99997
0.99997
0.99997
0.99997
0.99997
0.99997
0.99997
0.99997
0.999969
0.999969
0.999968
0.999967
0.999966
0.999962
0.999958
0.999952
0.999944
0.999934
0.999926
0.999917
0.999913
0.999914
0.999912
0.999901
0.999861
0.999765
0.999584
0.999302
0.998923
0.998496
0.998107
0.99786
0.997836
0.998073
0.998549
0.9992
0.999932
1.00067
1.00135
1.00199
1.00263
1.00335
1.00427
1.00548
1.00704
1.00899
1.01131
1.01391
1.01667
1.01935
1.02166
1.02327
1.02392
1.02346
1.02193
1.01955
1.01663
1.01352
1.01053
1.00785
1.0056
1.00382
1.00248
1.00151
1.00085
1.00041
1.00015
0.999996
0.999921
0.999891
0.999888
0.999897
0.999911
0.999925
0.999938
0.999948
0.999955
0.99996
0.999962
0.999965
0.999967
0.999968
0.999969
0.99997
0.99997
0.99997
0.99997
0.99997
0.99997
0.99997
0.99997
0.99997
0.99997
0.99997
0.99997
0.99997
0.99997
0.99997
0.99997
0.99997
0.99997
0.99997
0.99997
0.99997
0.99997
0.99997
0.99997
0.99997
0.999969
0.999969
0.999968
0.999966
0.999965
0.99996
0.999954
0.999946
0.999935
0.999922
0.99991
0.999899
0.99989
0.999882
0.999866
0.999828
0.999739
0.999561
0.999257
0.998812
0.998248
0.997648
0.997137
0.996837
0.996817
0.997071
0.997516
0.99802
0.998448
0.998702
0.998752
0.998644
0.998495
0.998475
0.998774
0.999558
1.00094
1.00298
1.00566
1.00892
1.01261
1.01649
1.02022
1.02336
1.02548
1.02627
1.02561
1.02365
1.02072
1.01728
1.01374
1.01043
1.00757
1.00524
1.00345
1.00215
1.00124
1.00064
1.00027
1.00005
0.999936
0.999887
0.999876
0.999883
0.999898
0.999915
0.99993
0.999942
0.999951
0.999958
0.99996
0.999964
0.999966
0.999967
0.999969
0.99997
0.99997
0.99997
0.99997
0.99997
0.99997
0.99997
0.99997
0.99997
0.99997
0.99997
0.99997
0.99997
0.99997
0.99997
0.99997
0.99997
0.99997
0.99997
0.99997
0.99997
0.99997
0.99997
0.99997
0.99997
0.999969
0.999968
0.999968
0.999966
0.999962
0.999957
0.999949
0.999938
0.999925
0.999908
0.999891
0.999874
0.999857
0.999837
0.999799
0.999717
0.999552
0.999253
0.998776
0.99811
0.997312
0.996514
0.995883
0.995546
0.995526
0.995738
0.996012
0.996143
0.995958
0.995359
0.99436
0.993083
0.991745
0.990624
0.99001
0.990154
0.991226
0.993298
0.996358
1.00032
1.00504
1.01028
1.01565
1.02066
1.02473
1.02734
1.02817
1.02722
1.02476
1.02129
1.01737
1.01347
1.00996
1.00702
1.00471
1.00299
1.00178
1.00096
1.00044
1.00013
0.999968
0.999891
0.999866
0.999869
0.999885
0.999903
0.999921
0.999936
0.999947
0.999954
0.999958
0.999963
0.999965
0.999967
0.999968
0.999969
0.99997
0.99997
0.99997
0.99997
0.99997
0.99997
0.99997
0.99997
0.99997
0.99997
0.99997
0.99997
0.99997
0.99997
0.99997
0.99997
0.99997
0.99997
0.99997
0.99997
0.99997
0.99997
0.99997
0.99997
0.999969
0.999968
0.999967
0.999964
0.99996
0.999954
0.999943
0.999929
0.999911
0.999891
0.999867
0.999843
0.999815
0.999774
0.999701
0.999554
0.999279
0.998808
0.998093
0.997144
0.996072
0.995074
0.994351
0.993997
0.99395
0.994013
0.993911
0.993367
0.992179
0.990279
0.987751
0.984826
0.981853
0.979246
0.977424
0.976739
0.977415
0.979534
0.983053
0.987842
0.993713
1.00041
1.00757
1.01467
1.02103
1.02597
1.02892
1.02963
1.02823
1.02521
1.02121
1.01689
1.01277
1.00918
1.00628
1.00406
1.00247
1.00139
1.00069
1.00026
1.00002
0.999907
0.999862
0.999857
0.999872
0.999891
0.999911
0.999928
0.999941
0.999951
0.999956
0.999961
0.999964
0.999966
0.999967
0.999969
0.99997
0.99997
0.99997
0.99997
0.99997
0.99997
0.99997
0.99997
0.99997
0.99997
0.99997
0.99997
0.99997
0.99997
0.99997
0.99997
0.99997
0.99997
0.99997
0.99997
0.99997
0.99997
0.99997
0.99997
0.999969
0.999967
0.999966
0.999962
0.999957
0.999948
0.999937
0.999919
0.999897
0.999869
0.999839
0.999805
0.99976
0.99969
0.999563
0.999322
0.998892
0.998187
0.997163
0.995874
0.994509
0.993341
0.992573
0.992222
0.992091
0.991842
0.991087
0.989489
0.986838
0.983115
0.978508
0.973393
0.968288
0.963786
0.960467
0.958802
0.959075
0.961355
0.965531
0.971379
0.978622
0.986957
0.996019
1.00531
1.01415
1.02173
1.02728
1.03027
1.03059
1.0286
1.02496
1.02049
1.01589
1.01168
1.00815
1.00539
1.00336
1.00195
1.00102
1.00044
1.00011
0.999941
0.999869
0.99985
0.999859
0.999878
0.999901
0.999921
0.999936
0.999948
0.999953
0.99996
0.999963
0.999966
0.999967
0.999969
0.999969
0.99997
0.99997
0.99997
0.99997
0.99997
0.99997
0.99997
0.99997
0.99997
0.99997
0.99997
0.99997
0.99997
0.99997
0.99997
0.99997
0.99997
0.99997
0.99997
0.99997
0.99997
0.999969
0.999969
0.999969
0.999966
0.999965
0.999961
0.999954
0.999944
0.999928
0.999907
0.999879
0.999844
0.999804
0.999756
0.999688
0.999577
0.999374
0.999003
0.99836
0.997349
0.995943
0.994272
0.992637
0.991368
0.990622
0.990276
0.989956
0.989168
0.987417
0.984312
0.979658
0.973507
0.966184
0.95825
0.950448
0.943602
0.9385
0.935759
0.935719
0.938408
0.943601
0.950912
0.959909
0.970178
0.981322
0.992883
1.00424
1.01459
1.02301
1.02873
1.03135
1.031
1.02827
1.02403
1.01918
1.01446
1.01031
1.00697
1.00444
1.00265
1.00144
1.00069
1.00024
0.999997
0.999886
0.999848
0.99985
0.999868
0.999891
0.999912
0.99993
0.999944
0.99995
0.999958
0.999962
0.999965
0.999967
0.999968
0.999969
0.99997
0.99997
0.99997
0.99997
0.99997
0.99997
0.99997
0.99997
0.99997
0.99997
0.99997
0.99997
0.99997
0.99997
0.99997
0.99997
0.99997
0.99997
0.99997
0.99997
0.99997
0.99997
0.999969
0.999968
0.999966
0.999964
0.999958
0.999951
0.999937
0.999918
0.999893
0.999859
0.999816
0.999764
0.999698
0.999599
0.999428
0.999122
0.998573
0.997653
0.996255
0.994404
0.99235
0.990514
0.989248
0.988591
0.988216
0.98755
0.985934
0.982768
0.977624
0.970333
0.961045
0.950255
0.938767
0.927613
0.917924
0.910761
0.906921
0.906793
0.91032
0.91708
0.92645
0.937765
0.950431
0.963966
0.97793
0.991806
1.00487
1.01621
1.02489
1.03022
1.03205
1.03076
1.02723
1.02246
1.01739
1.01271
1.00877
1.00572
1.0035
1.00198
1.001
1.00041
1.00008
0.999919
0.999855
0.999844
0.999858
0.999881
0.999905
0.999924
0.999939
0.999947
0.999956
0.999961
0.999964
0.999966
0.999967
0.999969
0.99997
0.99997
0.99997
0.99997
0.99997
0.99997
0.99997
0.99997
0.99997
0.99997
0.99997
0.99997
0.99997
0.99997
0.99997
0.99997
0.99997
0.99997
0.99997
0.99997
0.99997
0.99997
0.999969
0.999968
0.999966
0.999963
0.999956
0.999946
0.999931
0.999907
0.999876
0.999836
0.999783
0.999716
0.999627
0.999485
0.999235
0.99879
0.998012
0.996739
0.994876
0.992543
0.990156
0.988244
0.987104
0.986578
0.986095
0.984865
0.982063
0.976986
0.969175
0.958504
0.945248
0.930113
0.91421
0.898951
0.885879
0.876414
0.871576
0.871778
0.876795
0.885906
0.898133
0.912494
0.928158
0.944508
0.9611
0.977518
0.993199
1.00734
1.01896
1.02719
1.03154
1.03218
1.02981
1.02549
1.02034
1.01525
1.01077
1.00718
1.0045
1.00263
1.0014
1.00064
1.0002
0.999972
0.999873
0.999845
0.999852
0.999873
0.999897
0.999918
0.999935
0.999944
0.999954
0.99996
0.999963
0.999966
0.999967
0.999969
0.99997
0.99997
0.99997
0.99997
0.99997
0.99997
0.99997
0.99997
0.99997
0.99997
0.99997
0.99997
0.99997
0.99997
0.99997
0.99997
0.99997
0.99997
0.99997
0.99997
0.99997
0.999969
0.999969
0.999967
0.999965
0.999962
0.999953
0.999941
0.999925
0.999897
0.999858
0.999811
0.999747
0.999661
0.999541
0.999344
0.99899
0.998364
0.997295
0.995591
0.993198
0.990394
0.987785
0.985959
0.985062
0.984669
0.983944
0.981868
0.977447
0.969878
0.958679
0.943778
0.925597
0.905105
0.8838
0.863603
0.846602
0.834693
0.82916
0.830396
0.837874
0.850393
0.866475
0.884722
0.904029
0.923646
0.943117
0.962125
0.980295
0.997012
1.01139
1.02246
1.02951
1.03239
1.03158
1.0281
1.02315
1.01783
1.0129
1.0088
1.00565
1.00339
1.00187
1.00091
1.00035
1.00005
0.999904
0.999853
0.999849
0.999867
0.99989
0.999912
0.99993
0.999941
0.999952
0.999958
0.999963
0.999966
0.999967
0.999969
0.999969
0.99997
0.99997
0.99997
0.99997
0.99997
0.99997
0.99997
0.99997
0.99997
0.99997
0.99997
0.99997
0.99997
0.99997
0.99997
0.99997
0.99997
0.99997
0.99997
0.99997
0.999969
0.999968
0.999967
0.999964
0.99996
0.999952
0.999936
0.999917
0.999884
0.999839
0.999784
0.999708
0.999598
0.999439
0.999173
0.998685
0.99783
0.996403
0.994195
0.991238
0.988029
0.985365
0.9838
0.983227
0.982917
0.981755
0.978491
0.971951
0.961236
0.945847
0.925776
0.901611
0.874634
0.846845
0.820828
0.799414
0.785117
0.779531
0.782925
0.794258
0.811589
0.83272
0.855729
0.879238
0.902429
0.924897
0.94646
0.966943
0.985956
1.00278
1.01648
1.02617
1.03141
1.03245
1.03013
1.02568
1.02034
1.01509
1.01052
1.00691
1.00425
1.00243
1.00125
1.00054
1.00015
0.999952
0.999872
0.999853
0.999864
0.999886
0.999908
0.999927
0.999939
0.99995
0.999958
0.999962
0.999966
0.999967
0.999969
0.999969
0.99997
0.99997
0.99997
0.99997
0.99997
0.99997
0.99997
0.99997
0.99997
0.99997
0.99997
0.99997
0.99997
0.99997
0.99997
0.99997
0.99997
0.99997
0.99997
0.99997
0.999969
0.999968
0.999967
0.999963
0.999958
0.999949
0.99993
0.999909
0.999873
0.999818
0.999755
0.999666
0.999527
0.999317
0.998965
0.998314
0.997176
0.995323
0.992554
0.989045
0.985557
0.983036
0.981884
0.98167
0.981339
0.979494
0.974644
0.965436
0.950876
0.930454
0.904224
0.872956
0.8383
0.802888
0.770193
0.744036
0.727747
0.723248
0.730513
0.747645
0.771597
0.79916
0.827762
0.855797
0.882528
0.90777
0.93158
0.954019
0.974927
0.993788
1.00975
1.02185
1.02943
1.03244
1.03152
1.02783
1.02269
1.01725
1.01231
1.00825
1.0052
1.00306
1.00164
1.00077
1.00028
1.00002
0.9999
0.999863
0.999865
0.999883
0.999904
0.999924
0.999937
0.999949
0.999957
0.999962
0.999965
0.999967
0.999969
0.999969
0.99997
0.99997
0.99997
0.99997
0.99997
0.99997
0.99997
0.99997
0.99997
0.99997
0.99997
0.99997
0.99997
0.99997
0.99997
0.99997
0.99997
0.99997
0.99997
0.99997
0.999969
0.999967
0.999968
0.999962
0.999956
0.999948
0.999924
0.9999
0.999863
0.999798
0.999722
0.999623
0.999448
0.999175
0.99872
0.997871
0.996394
0.994051
0.990694
0.986697
0.983102
0.980918
0.980293
0.980419
0.979911
0.977101
0.970243
0.957806
0.938709
0.912429
0.879071
0.839589
0.796065
0.751922
0.711797
0.680829
0.663412
0.661807
0.675384
0.700899
0.733704
0.769235
0.804142
0.836679
0.866418
0.893665
0.91893
0.942604
0.96477
0.985097
1.00283
1.01698
1.02671
1.03167
1.03228
1.02954
1.0248
1.01933
1.01409
1.00965
1.00622
1.00375
1.00209
1.00104
1.00043
1.0001
0.999941
0.99988
0.999871
0.999883
0.999902
0.999922
0.999936
0.999947
0.999956
0.999961
0.999965
0.999967
0.999968
0.999969
0.99997
0.99997
0.99997
0.99997
0.99997
0.99997
0.99997
0.99997
0.99997
0.99997
0.99997
0.99997
0.99997
0.99997
0.99997
0.99997
0.99997
0.99997
0.99997
0.99997
0.999969
0.999967
0.999968
0.999961
0.999953
0.999946
0.99992
0.99989
0.999854
0.999779
0.999688
0.999578
0.999365
0.99901
0.998431
0.997356
0.995483
0.992595
0.988664
0.984299
0.98078
0.979095
0.979062
0.979466
0.978599
0.974521
0.965243
0.949056
0.924803
0.891938
0.850603
0.801921
0.748469
0.694635
0.646514
0.610974
0.593818
0.597655
0.620764
0.65784
0.702048
0.747146
0.788909
0.825556
0.85724
0.885104
0.910416
0.934084
0.956492
0.977467
0.996318
1.01202
1.02356
1.03034
1.03248
1.03082
1.02662
1.02126
1.01584
1.01107
1.00727
1.00448
1.00257
1.00134
1.00061
1.0002
0.999992
0.999905
0.999881
0.999887
0.999903
0.99992
0.999936
0.999947
0.999955
0.999961
0.999965
0.999967
0.999968
0.999969
0.999969
0.99997
0.99997
0.99997
0.99997
0.99997
0.99997
0.99997
0.99997
0.99997
0.99997
0.99997
0.99997
0.99997
0.99997
0.99997
0.99997
0.99997
0.99997
0.99997
0.999969
0.999967
0.999967
0.999962
0.999949
0.999945
0.999917
0.999878
0.999846
0.999764
0.999651
0.999529
0.99928
0.998822
0.998097
0.996774
0.994454
0.990981
0.986533
0.981956
0.978679
0.977601
0.978185
0.978787
0.977364
0.971733
0.95968
0.93933
0.909453
0.86948
0.819568
0.761008
0.696911
0.632735
0.576261
0.53655
0.521418
0.533887
0.57037
0.622511
0.680712
0.736871
0.785889
0.826031
0.858247
0.884851
0.908234
0.930107
0.951285
0.971756
0.990846
1.00744
1.02034
1.02867
1.03225
1.03169
1.02814
1.023
1.01749
1.01246
1.00834
1.00525
1.00309
1.00167
1.00081
1.00031
1.00006
0.999939
0.999898
0.999894
0.999906
0.999921
0.999937
0.999948
0.999955
0.999961
0.999964
0.999967
0.999968
0.999969
0.99997
0.99997
0.99997
0.99997
0.99997
0.99997
0.99997
0.99997
0.99997
0.99997
0.99997
0.99997
0.99997
0.99997
0.99997
0.99997
0.99997
0.99997
0.999969
0.999969
0.99997
0.999966
0.999966
0.999962
0.999946
0.999943
0.999917
0.999866
0.999837
0.999756
0.999613
0.999477
0.999194
0.998617
0.997716
0.99613
0.993324
0.989244
0.984376
0.979763
0.976852
0.976433
0.977636
0.978351
0.976186
0.968764
0.953697
0.928953
0.89323
0.845953
0.78731
0.718782
0.643991
0.569344
0.504238
0.460472
0.449048
0.473683
0.527591
0.598101
0.672507
0.740937
0.79751
0.840567
0.87192
0.895264
0.914454
0.932347
0.950415
0.968891
0.987088
1.00374
1.0174
1.02691
1.03174
1.03223
1.02938
1.02455
1.01903
1.01379
1.00939
1.00602
1.00362
1.00202
1.00103
1.00044
1.00013
0.999979
0.999918
0.999905
0.999911
0.999924
0.999938
0.999948
0.999955
0.999961
0.999964
0.999967
0.999968
0.999969
0.99997
0.99997
0.99997
0.99997
0.99997
0.99997
0.99997
0.99997
0.99997
0.99997
0.99997
0.99997
0.99997
0.99997
0.99997
0.99997
0.99997
0.99997
0.99997
0.999969
0.99997
0.999966
0.999963
0.999965
0.999943
0.999939
0.999921
0.999856
0.999826
0.999755
0.999579
0.999415
0.999112
0.998402
0.997291
0.995431
0.992127
0.987438
0.982264
0.97778
0.975318
0.975561
0.977371
0.978137
0.975081
0.965716
0.947569
0.918456
0.877004
0.822706
0.755886
0.678283
0.593882
0.509464
0.435347
0.386597
0.379732
0.419827
0.494699
0.586065
0.678183
0.759699
0.824093
0.869753
0.899243
0.917644
0.930494
0.942135
0.955004
0.969748
0.9857
1.0014
1.01512
1.02531
1.03112
1.03253
1.03036
1.02588
1.02042
1.01505
1.01041
1.00678
1.00416
1.00238
1.00126
1.00059
1.00022
1.00003
0.999945
0.999919
0.999918
0.999927
0.999941
0.99995
0.999957
0.999961
0.999964
0.999967
0.999968
0.999969
0.999969
0.99997
0.99997
0.99997
0.99997
0.99997
0.99997
0.99997
0.99997
0.99997
0.99997
0.99997
0.99997
0.99997
0.99997
0.99997
0.99997
0.99997
0.99997
0.999969
0.99997
0.999967
0.999962
0.999967
0.999943
0.999932
0.999929
0.999851
0.999809
0.999763
0.999554
0.999344
0.999032
0.998187
0.996825
0.994687
0.990903
0.985626
0.980246
0.976042
0.974077
0.974939
0.97734
0.978134
0.97411
0.962766
0.941689
0.908555
0.861932
0.801528
0.728082
0.643744
0.552521
0.460401
0.377051
0.320712
0.317129
0.374542
0.47243
0.585928
0.696544
0.791616
0.864077
0.912342
0.939536
0.95194
0.956786
0.960155
0.965786
0.97499
0.987232
1.00087
1.01381
1.02413
1.03054
1.03269
1.03113
1.02702
1.02166
1.0162
1.01137
1.00752
1.00469
1.00275
1.00149
1.00074
1.00031
1.00008
0.999978
0.999937
0.999928
0.999932
0.999945
0.999952
0.999958
0.999962
0.999966
0.999967
0.999968
0.999969
0.99997
0.99997
0.99997
0.99997
0.99997
0.99997
0.99997
0.99997
0.99997
0.99997
0.99997
0.99997
0.99997
0.99997
0.99997
0.99997
0.99997
0.99997
0.99997
0.999968
0.999969
0.999968
0.999958
0.999969
0.999947
0.999923
0.999936
0.999856
0.999789
0.999774
0.999548
0.999264
0.998946
0.997991
0.99634
0.993903
0.989693
0.983875
0.97835
0.974545
0.973119
0.974526
0.977482
0.978346
0.973379
0.960166
0.936551
0.90012
0.849387
0.784558
0.707262
0.62029
0.527116
0.431516
0.340363
0.272793
0.266939
0.339718
0.460144
0.595807
0.725232
0.834152
0.914868
0.965889
0.990823
0.996861
0.992728
0.98632
0.982965
0.984939
0.992022
1.00244
1.01375
1.02357
1.03018
1.03282
1.03176
1.02797
1.02274
1.01723
1.01225
1.00821
1.00519
1.0031
1.00173
1.00089
1.0004
1.00014
1.00001
0.999958
0.99994
0.99994
0.99995
0.999954
0.999959
0.999963
0.999966
0.999967
0.999968
0.999969
0.99997
0.99997
0.99997
0.99997
0.99997
0.99997
0.99997
0.99997
0.99997
0.99997
0.99997
0.99997
0.99997
0.99997
0.99997
0.99997
0.999969
0.99997
0.99997
0.999967
0.99997
0.99997
0.999957
0.999966
0.999955
0.999915
0.999939
0.999872
0.999767
0.999777
0.999564
0.999187
0.998844
0.997821
0.99586
0.993088
0.988531
0.982255
0.976597
0.973253
0.972426
0.974292
0.977732
0.978775
0.97304
0.958214
0.932683
0.894068
0.84083
0.774035
0.696855
0.612881
0.52432
0.431674
0.337582
0.257805
0.23928
0.318257
0.456971
0.613413
0.761623
0.884684
0.973774
1.02759
1.05041
1.0502
1.03681
1.01978
1.00618
0.999517
1.00014
1.00626
1.01508
1.02378
1.03014
1.033
1.03228
1.02877
1.02366
1.01813
1.01304
1.00884
1.00567
1.00343
1.00196
1.00104
1.0005
1.0002
1.00005
0.999981
0.999954
0.999948
0.999956
0.999958
0.999962
0.999964
0.999966
0.999967
0.999969
0.999969
0.99997
0.99997
0.99997
0.99997
0.99997
0.99997
0.99997
0.99997
0.99997
0.99997
0.99997
0.99997
0.99997
0.99997
0.99997
0.99997
0.99997
0.99997
0.99997
0.999968
0.999968
0.999972
0.999958
0.999962
0.999965
0.999911
0.999934
0.999899
0.999755
0.999768
0.999601
0.999128
0.99872
0.997677
0.99543
0.992261
0.987428
0.980822
0.975003
0.97211
0.971965
0.97423
0.978031
0.979403
0.973255
0.957236
0.930584
0.891238
0.837601
0.771917
0.699502
0.624632
0.547365
0.464359
0.374026
0.287232
0.249311
0.317604
0.464384
0.637471
0.803609
0.941154
1.03875
1.09508
1.11561
1.10931
1.08686
1.05903
1.03451
1.01824
1.01138
1.01226
1.01784
1.02483
1.03052
1.03329
1.03274
1.02942
1.02442
1.01889
1.01371
1.00939
1.00609
1.00374
1.00217
1.00119
1.0006
1.00027
1.00009
1.00001
0.99997
0.999958
0.999962
0.999962
0.999964
0.999966
0.999967
0.999968
0.999969
0.999969
0.99997
0.99997
0.99997
0.99997
0.99997
0.99997
0.99997
0.99997
0.99997
0.99997
0.99997
0.99997
0.99997
0.99997
0.99997
0.99997
0.99997
0.999969
0.99997
0.999969
0.999967
0.999972
0.999961
0.999957
0.999973
0.999916
0.999921
0.999927
0.999764
0.999744
0.999647
0.999111
0.998578
0.997542
0.995084
0.991462
0.986378
0.97961
0.973604
0.971053
0.971669
0.974345
0.978346
0.980178
0.974157
0.957547
0.930643
0.892233
0.840678
0.779422
0.716175
0.655492
0.594432
0.525626
0.444273
0.358791
0.308039
0.352569
0.490683
0.670766
0.851032
1.00248
1.10857
1.16683
1.18433
1.17167
1.14039
1.10204
1.06655
1.04024
1.02522
1.02019
1.02192
1.02669
1.03131
1.03374
1.03318
1.02996
1.02503
1.01951
1.01427
1.00985
1.00645
1.00401
1.00237
1.00132
1.00069
1.00033
1.00013
1.00003
0.999987
0.999968
0.99997
0.999966
0.999966
0.999967
0.999968
0.999968
0.999969
0.999969
0.99997
0.99997
0.99997
0.99997
0.99997
0.99997
0.99997
0.99997
0.99997
0.99997
0.99997
0.99997
0.99997
0.99997
0.99997
0.99997
0.999969
0.99997
0.99997
0.99997
0.999966
0.999971
0.999966
0.999953
0.999975
0.999931
0.999908
0.999947
0.999796
0.999716
0.99968
0.999144
0.998442
0.997394
0.994844
0.990754
0.985382
0.978607
0.972452
0.97005
0.971433
0.974637
0.978697
0.981019
0.975781
0.959406
0.933104
0.897269
0.850428
0.796703
0.745835
0.702327
0.659964
0.607694
0.539078
0.463009
0.413058
0.438471
0.554145
0.724999
0.908645
1.06934
1.18245
1.24167
1.25502
1.23524
1.19508
1.14664
1.10056
1.06429
1.04092
1.02961
1.02708
1.02926
1.0325
1.03433
1.0336
1.03038
1.02549
1.01997
1.0147
1.01022
1.00674
1.00424
1.00253
1.00144
1.00078
1.00039
1.00017
1.00006
1
0.999979
0.999978
0.999971
0.999969
0.999969
0.999969
0.999969
0.999969
0.99997
0.99997
0.99997
0.99997
0.99997
0.99997
0.99997
0.99997
0.99997
0.99997
0.99997
0.99997
0.99997
0.99997
0.99997
0.99997
0.99997
0.99997
0.99997
0.99997
0.99997
0.999968
0.99997
0.999969
0.999954
0.999971
0.999949
0.999905
0.999951
0.999846
0.999704
0.999685
0.999218
0.998353
0.997221
0.994685
0.990216
0.984459
0.977755
0.971581
0.969122
0.971126
0.97505
0.979161
0.981852
0.978005
0.962937
0.938062
0.906113
0.866425
0.822785
0.785908
0.760331
0.737275
0.702874
0.650399
0.590472
0.553068
0.575173
0.670306
0.817341
0.986646
1.14498
1.25997
1.31806
1.32595
1.29815
1.24887
1.19072
1.1347
1.08899
1.05751
1.03991
1.03296
1.03234
1.034
1.03504
1.03399
1.03069
1.0258
1.02028
1.01499
1.01048
1.00696
1.00441
1.00267
1.00154
1.00085
1.00044
1.00021
1.00009
1.00002
0.999991
0.999984
0.999976
0.999972
0.99997
0.99997
0.999969
0.99997
0.99997
0.99997
0.99997
0.99997
0.99997
0.99997
0.99997
0.99997
0.99997
0.99997
0.99997
0.99997
0.99997
0.99997
0.99997
0.99997
0.99997
0.99997
0.999969
0.99997
0.99997
0.999969
0.999969
0.99997
0.999959
0.999967
0.999964
0.999915
0.999944
0.999895
0.999725
0.999668
0.9993
0.998346
0.997048
0.994565
0.989891
0.983686
0.976983
0.970962
0.968352
0.970665
0.975435
0.979818
0.982691
0.980547
0.968008
0.945492
0.918166
0.887429
0.855804
0.83322
0.824613
0.820261
0.804661
0.771296
0.731737
0.712564
0.742205
0.826997
0.947998
1.08973
1.23202
1.3407
1.39404
1.3949
1.3583
1.29973
1.23231
1.16719
1.1129
1.07393
1.05038
1.03915
1.0357
1.03567
1.0358
1.03433
1.03088
1.02595
1.02043
1.01515
1.01063
1.0071
1.00453
1.00277
1.00162
1.00091
1.00049
1.00024
1.00011
1.00004
1
0.999992
0.999981
0.999975
0.999972
0.99997
0.99997
0.99997
0.99997
0.99997
0.99997
0.99997
0.99997
0.99997
0.99997
0.99997
0.99997
0.99997
0.99997
0.99997
0.99997
0.99997
0.99997
0.999969
0.99997
0.99997
0.99997
0.99997
0.999969
0.99997
0.999969
0.99997
0.999965
0.999964
0.99997
0.999937
0.999939
0.999928
0.99978
0.999655
0.999355
0.998421
0.996934
0.994445
0.989767
0.983163
0.976271
0.970488
0.967815
0.970078
0.975586
0.980639
0.983666
0.983092
0.974116
0.955186
0.932704
0.91157
0.893233
0.884714
0.89119
0.903986
0.90746
0.895128
0.877382
0.875754
0.912502
0.990758
1.09151
1.20602
1.32642
1.42247
1.46724
1.45937
1.41338
1.3456
1.26956
1.19638
1.13463
1.08913
1.0603
1.04515
1.03904
1.03735
1.03653
1.03458
1.03092
1.02594
1.02042
1.01516
1.01067
1.00716
1.00459
1.00283
1.00168
1.00096
1.00053
1.00027
1.00013
1.00006
1.00001
0.999998
0.999985
0.999977
0.999974
0.999972
0.999971
0.99997
0.99997
0.99997
0.99997
0.99997
0.99997
0.99997
0.99997
0.99997
0.99997
0.999969
0.99997
0.99997
0.99997
0.99997
0.99997
0.99997
0.999969
0.99997
0.999969
0.99997
0.99997
0.999969
0.999971
0.999969
0.99997
0.999967
0.99997
0.999959
0.999948
0.999941
0.999847
0.999678
0.999378
0.998539
0.996935
0.994339
0.989769
0.982965
0.975695
0.970029
0.967483
0.969506
0.975371
0.981404
0.984917
0.985508
0.980448
0.966541
0.949109
0.936865
0.93206
0.937507
0.957208
0.984879
1.00644
1.01527
1.01838
1.03031
1.06836
1.13796
1.22396
1.31905
1.42006
1.50134
1.53494
1.51693
1.4612
1.38455
1.30078
1.22078
1.15296
1.10216
1.06898
1.05053
1.04209
1.03888
1.03714
1.0347
1.03081
1.02574
1.02024
1.01503
1.01059
1.00712
1.00459
1.00285
1.00171
1.00099
1.00056
1.0003
1.00015
1.00007
1.00002
1
0.999989
0.99998
0.999975
0.999972
0.999971
0.999971
0.99997
0.99997
0.99997
0.99997
0.99997
0.99997
0.99997
0.99997
0.99997
0.99997
0.99997
0.99997
0.99997
0.99997
0.99997
0.99997
0.999969
0.99997
0.999969
0.99997
0.99997
0.999969
0.999971
0.999969
0.99997
0.999975
0.999971
0.999974
0.999973
0.99995
0.999898
0.999742
0.9994
0.998644
0.997064
0.994319
0.989824
0.983067
0.975396
0.969537
0.967199
0.969078
0.974862
0.981791
0.986365
0.987923
0.986237
0.97836
0.966744
0.961874
0.969222
0.988449
1.02039
1.06067
1.09799
1.12576
1.14648
1.16767
1.20373
1.26435
1.33992
1.42264
1.50832
1.57435
1.5948
1.56545
1.49987
1.41501
1.32461
1.23925
1.16691
1.11224
1.07585
1.05488
1.04459
1.0401
1.03755
1.03463
1.0305
1.02537
1.01989
1.01475
1.0104
1.00701
1.00454
1.00283
1.00171
1.00101
1.00057
1.00032
1.00017
1.00008
1.00003
1.00001
0.999992
0.999982
0.999977
0.999974
0.999972
0.999971
0.99997
0.99997
0.99997
0.99997
0.99997
0.99997
0.99997
0.99997
0.99997
0.99997
0.99997
0.99997
0.99997
0.99997
0.99997
0.99997
0.99997
0.99997
0.999969
0.999969
0.999971
0.999968
0.999972
0.999972
0.99997
0.999981
0.999979
0.999978
0.999999
0.999973
0.999926
0.999824
0.999464
0.998721
0.997265
0.994468
0.989933
0.983359
0.975478
0.969126
0.966779
0.968738
0.974289
0.981649
0.987606
0.990467
0.991225
0.989119
0.984399
0.985909
1.00253
1.03414
1.07799
1.12949
1.17991
1.22271
1.25606
1.28325
1.31851
1.37388
1.44253
1.51609
1.58842
1.63884
1.64467
1.6031
1.52783
1.43568
1.34007
1.25097
1.17581
1.11884
1.0805
1.05791
1.04634
1.04089
1.03767
1.03433
1.02999
1.0248
1.01938
1.01434
1.0101
1.00681
1.00442
1.00277
1.00169
1.00101
1.00058
1.00033
1.00018
1.00009
1.00004
1.00001
0.999995
0.999985
0.999978
0.999974
0.999972
0.999971
0.99997
0.99997
0.99997
0.99997
0.99997
0.99997
0.99997
0.99997
0.99997
0.99997
0.99997
0.99997
0.99997
0.99997
0.99997
0.99997
0.99997
0.99997
0.99997
0.99997
0.99997
0.999969
0.999971
0.999975
0.99997
0.999981
0.99999
0.999983
1.00001
1.00001
0.999949
0.999887
0.999579
0.998805
0.997464
0.994793
0.990187
0.983736
0.975904
0.968998
0.966203
0.968247
0.973779
0.981169
0.988205
0.992856
0.995631
0.997837
1.00011
1.00816
1.03131
1.07207
1.12663
1.1887
1.25022
1.30398
1.34531
1.37732
1.41527
1.4693
1.53221
1.59626
1.65513
1.68999
1.68122
1.62771
1.54363
1.4456
1.34648
1.25551
1.17934
1.12169
1.08271
1.05946
1.04722
1.04116
1.03745
1.03377
1.02926
1.02404
1.01869
1.01378
1.00969
1.00653
1.00425
1.00268
1.00165
1.00099
1.00058
1.00033
1.00018
1.0001
1.00004
1.00002
0.999997
0.999986
0.999979
0.999975
0.999973
0.999971
0.99997
0.99997
0.99997
0.99997
0.99997
0.99997
0.99997
0.99997
0.99997
0.99997
0.99997
0.99997
0.99997
0.99997
0.99997
0.99997
0.99997
0.99997
0.999969
0.99997
0.99997
0.999969
0.999971
0.999976
0.999975
0.999981
0.999999
0.999996
1.00002
1.00005
0.99999
0.999919
0.999712
0.998948
0.997637
0.995221
0.990672
0.984213
0.976532
0.969269
0.965675
0.967422
0.973142
0.98062
0.988154
0.99448
0.999452
1.00456
1.01218
1.02683
1.05537
1.10177
1.16389
1.235
1.30584
1.36737
1.41458
1.45289
1.49622
1.54974
1.60578
1.65883
1.70365
1.72329
1.7009
1.63696
1.54596
1.44413
1.34363
1.25281
1.17751
1.1208
1.08248
1.05949
1.04719
1.04088
1.03686
1.03294
1.0283
1.02309
1.01785
1.01311
1.00919
1.00619
1.00403
1.00255
1.00158
1.00096
1.00057
1.00033
1.00019
1.0001
1.00005
1.00002
0.999998
0.999987
0.999979
0.999975
0.999973
0.999971
0.99997
0.99997
0.99997
0.99997
0.99997
0.99997
0.99997
0.99997
0.99997
0.99997
0.99997
0.99997
0.99997
0.99997
0.99997
0.99997
0.99997
0.99997
0.99997
0.99997
0.99997
0.99997
0.999971
0.999975
0.999978
0.999983
0.999999
1.00001
1.00002
1.00007
1.00005
0.999947
0.999814
0.999158
0.997829
0.995652
0.991388
0.984895
0.977266
0.969868
0.965447
0.966367
0.972065
0.979938
0.987798
0.995113
1.00214
1.00959
1.0204
1.04004
1.07353
1.12353
1.18962
1.2664
1.34336
1.41032
1.46404
1.51071
1.55939
1.61098
1.65913
1.70099
1.73206
1.73704
1.70215
1.6297
1.53425
1.43123
1.33177
1.24328
1.17071
1.11648
1.08
1.05812
1.04631
1.04007
1.03592
1.03183
1.02712
1.02196
1.01686
1.01231
1.00861
1.00579
1.00377
1.00239
1.00149
1.00091
1.00055
1.00032
1.00019
1.0001
1.00005
1.00002
0.999999
0.999987
0.99998
0.999975
0.999972
0.999971
0.99997
0.99997
0.99997
0.99997
0.99997
0.99997
0.99997
0.99997
0.99997
0.99997
0.99997
0.99997
0.99997
0.99997
0.99997
0.99997
0.99997
0.99997
0.999969
0.99997
0.99997
0.99997
0.999972
0.999974
0.999979
0.999986
0.999998
1.00002
1.00004
1.00007
1.0001
0.999998
0.999876
0.999388
0.998094
0.996054
0.992233
0.985875
0.978154
0.97066
0.965592
0.965404
0.970503
0.978717
0.987221
0.995157
1.00338
1.01259
1.02534
1.04765
1.08434
1.13658
1.20423
1.28282
1.36192
1.43282
1.49374
1.54803
1.59996
1.64861
1.68945
1.72124
1.73946
1.73066
1.68472
1.60606
1.509
1.40765
1.31178
1.22774
1.15964
1.10925
1.07563
1.05556
1.04469
1.03877
1.03463
1.03046
1.02573
1.02065
1.01574
1.01143
1.00795
1.00534
1.00348
1.00222
1.00139
1.00085
1.00052
1.00031
1.00018
1.0001
1.00005
1.00002
0.999999
0.999987
0.99998
0.999975
0.999973
0.999971
0.99997
0.99997
0.99997
0.99997
0.99997
0.99997
0.99997
0.99997
0.99997
0.99997
0.99997
0.99997
0.999969
0.99997
0.99997
0.99997
0.99997
0.99997
0.99997
0.99997
0.99997
0.99997
0.999972
0.999975
0.999978
0.999991
1
1.00002
1.00006
1.00008
1.00014
1.00007
0.999923
0.999582
0.998442
0.996467
0.99309
0.98713
0.979323
0.9716
0.966024
0.964763
0.968764
0.976736
0.985998
0.994859
1.00362
1.01345
1.02726
1.05062
1.0878
1.13993
1.20701
1.28467
1.36393
1.4381
1.50422
1.56268
1.6157
1.66145
1.69613
1.71889
1.72508
1.70372
1.6489
1.56704
1.47163
1.37492
1.2851
1.20744
1.14529
1.09983
1.06984
1.05211
1.04249
1.03708
1.03303
1.02885
1.02414
1.0192
1.01451
1.01046
1.00725
1.00485
1.00316
1.00202
1.00127
1.00079
1.00048
1.00029
1.00017
1.0001
1.00005
1.00002
0.999998
0.999987
0.999979
0.999975
0.999973
0.999971
0.99997
0.99997
0.99997
0.99997
0.99997
0.99997
0.99997
0.99997
0.99997
0.99997
0.99997
0.99997
0.99997
0.99997
0.99997
0.999969
0.99997
0.99997
0.99997
0.99997
0.99997
0.99997
0.999972
0.999976
0.999978
0.999991
1
1.00002
1.00007
1.00009
1.00014
1.00014
0.999986
0.99972
0.998818
0.996943
0.993908
0.988549
0.98085
0.972779
0.966664
0.964469
0.967183
0.974242
0.983791
0.993788
1.00323
1.01299
1.0267
1.04955
1.08484
1.13402
1.19808
1.2735
1.35253
1.42801
1.4955
1.55523
1.60833
1.651
1.67957
1.69362
1.68888
1.6572
1.59664
1.51513
1.42471
1.33539
1.2537
1.18395
1.12881
1.08904
1.06318
1.04809
1.03989
1.03507
1.03118
1.02702
1.02238
1.01762
1.01319
1.00945
1.00651
1.00435
1.00283
1.00181
1.00115
1.00072
1.00044
1.00027
1.00016
1.00009
1.00004
1.00001
0.999996
0.999986
0.999979
0.999975
0.999973
0.999971
0.99997
0.99997
0.99997
0.99997
0.99997
0.99997
0.99997
0.99997
0.99997
0.99997
0.99997
0.99997
0.99997
0.99997
0.99997
0.99997
0.99997
0.99997
0.99997
0.99997
0.99997
0.99997
0.999972
0.999976
0.999978
0.999989
1.00001
1.00002
1.00007
1.00011
1.00014
1.00019
1.00007
0.999819
0.999162
0.997491
0.994701
0.990008
0.982713
0.974321
0.967557
0.964466
0.965892
0.971677
0.980775
0.991438
1.00189
1.01198
1.02489
1.04537
1.07649
1.12065
1.18019
1.25231
1.32883
1.40175
1.46784
1.52797
1.58008
1.61821
1.64005
1.64616
1.63269
1.59422
1.53192
1.45437
1.37181
1.29194
1.21982
1.15892
1.11142
1.0777
1.05618
1.04381
1.03705
1.03283
1.02911
1.02501
1.02049
1.01595
1.01182
1.0084
1.00575
1.00383
1.0025
1.0016
1.00102
1.00064
1.0004
1.00025
1.00015
1.00008
1.00004
1.00001
0.999995
0.999985
0.999979
0.999975
0.999972
0.999971
0.99997
0.99997
0.99997
0.99997
0.99997
0.99997
0.99997
0.99997
0.99997
0.99997
0.99997
0.99997
0.999969
0.99997
0.99997
0.99997
0.99997
0.99997
0.99997
0.99997
0.99997
0.99997
0.999972
0.999975
0.999979
0.999987
1.00001
1.00003
1.00007
1.00012
1.00015
1.00021
1.00016
0.99991
0.999429
0.99807
0.995511
0.991413
0.984795
0.976314
0.968821
0.96474
0.964924
0.969339
0.977398
0.98791
0.999136
1.01007
1.02241
1.0397
1.0653
1.10336
1.15708
1.22307
1.29282
1.36022
1.42424
1.48348
1.53179
1.56368
1.57952
1.57992
1.56102
1.51982
1.45986
1.38943
1.31673
1.24748
1.18559
1.13391
1.0942
1.06655
1.04928
1.03953
1.03413
1.03044
1.02687
1.02284
1.01848
1.01422
1.01043
1.00734
1.005
1.00332
1.00217
1.0014
1.00089
1.00057
1.00036
1.00022
1.00013
1.00007
1.00004
1.00001
0.999992
0.999983
0.999978
0.999975
0.999972
0.999971
0.99997
0.99997
0.99997
0.99997
0.99997
0.99997
0.99997
0.99997
0.99997
0.99997
0.99997
0.99997
0.99997
0.99997
0.99997
0.99997
0.99997
0.999969
0.99997
0.99997
0.99997
0.999971
0.99997
0.999975
0.999979
0.999986
1.00001
1.00003
1.00006
1.00012
1.00016
1.00021
1.00022
1.00001
0.999622
0.998605
0.996369
0.99274
0.986925
0.978757
0.970606
0.965375
0.964302
0.967341
0.974057
0.98377
0.995056
1.00655
1.01869
1.03358
1.05457
1.08651
1.13214
1.18789
1.24777
1.30896
1.36969
1.42439
1.46593
1.49205
1.50442
1.50189
1.48063
1.44023
1.38579
1.32463
1.26281
1.20451
1.15283
1.11021
1.07803
1.05615
1.04284
1.03545
1.0312
1.02794
1.0245
1.02057
1.01641
1.01246
1.00904
1.00631
1.00427
1.00283
1.00185
1.00119
1.00077
1.00049
1.00031
1.00019
1.00012
1.00006
1.00003
1
0.999991
0.999983
0.999977
0.999974
0.999972
0.999971
0.99997
0.99997
0.99997
0.99997
0.99997
0.99997
0.99997
0.99997
0.99997
0.99997
0.99997
0.99997
0.99997
0.99997
0.99997
0.99997
0.99997
0.99997
0.999969
0.99997
0.99997
0.999971
0.999971
0.999975
0.999977
0.999986
1
1.00002
1.00006
1.00011
1.00016
1.00021
1.00026
1.00012
0.999776
0.999027
0.99723
0.994034
0.988973
0.981494
0.97301
0.96656
0.964089
0.96572
0.971031
0.979536
0.990095
1.00142
1.01338
1.0272
1.04548
1.07181
1.10782
1.15178
1.2017
1.25584
1.30963
1.35603
1.39066
1.41351
1.4244
1.42025
1.39862
1.36156
1.31463
1.26357
1.21264
1.16487
1.12287
1.08874
1.06354
1.04688
1.03707
1.03166
1.02832
1.02536
1.02201
1.01822
1.01432
1.01072
1.00768
1.00532
1.00358
1.00237
1.00155
1.001
1.00065
1.00042
1.00027
1.00017
1.0001
1.00005
1.00002
1
0.999988
0.99998
0.999976
0.999974
0.999972
0.999971
0.99997
0.99997
0.99997
0.99997
0.99997
0.99997
0.99997
0.99997
0.99997
0.99997
0.99997
0.99997
0.99997
0.99997
0.99997
0.99997
0.99997
0.99997
0.999971
0.999969
0.999971
0.999969
0.999972
0.999974
0.999976
0.999987
0.999998
1.00002
1.00005
1.0001
1.00016
1.00021
1.00026
1.00021
0.999932
0.999339
0.99798
0.995314
0.990926
0.984289
0.975968
0.968512
0.964454
0.964548
0.968436
0.975516
0.984793
0.995321
1.00698
1.02033
1.03671
1.05798
1.08557
1.12017
1.16143
1.20651
1.25014
1.28775
1.31744
1.33808
1.34695
1.3411
1.32048
1.28852
1.24993
1.20876
1.1679
1.12975
1.09654
1.07007
1.05106
1.03894
1.03202
1.02817
1.02547
1.0227
1.01944
1.01583
1.01224
1.00903
1.0064
1.00439
1.00294
1.00194
1.00127
1.00083
1.00054
1.00035
1.00023
1.00014
1.00008
1.00004
1.00002
0.999996
0.999986
0.999979
0.999976
0.999973
0.999971
0.99997
0.99997
0.99997
0.99997
0.99997
0.99997
0.99997
0.99997
0.99997
0.99997
0.99997
0.99997
0.99997
0.99997
0.99997
0.99997
0.999969
0.99997
0.999969
0.99997
0.999968
0.999972
0.999968
0.999972
0.999973
0.999976
0.999985
0.999995
1.00002
1.00004
1.00009
1.00014
1.00022
1.00026
1.00025
1.00008
0.999596
0.998556
0.99649
0.992809
0.987013
0.979251
0.971265
0.965676
0.964023
0.966325
0.971858
0.979661
0.98913
1.00014
1.01262
1.02685
1.04415
1.06641
1.09463
1.12767
1.16265
1.19668
1.22754
1.25293
1.26978
1.27519
1.26806
1.24994
1.22404
1.19366
1.16142
1.12943
1.0997
1.07421
1.05441
1.0407
1.03232
1.02768
1.02495
1.02265
1.01999
1.01684
1.01346
1.01023
1.00743
1.0052
1.00354
1.00236
1.00156
1.00102
1.00067
1.00044
1.00029
1.00019
1.00012
1.00007
1.00003
1.00001
0.999992
0.999984
0.999978
0.999975
0.999973
0.999971
0.99997
0.99997
0.99997
0.99997
0.99997
0.99997
0.99997
0.99997
0.99997
0.99997
0.99997
0.99997
0.99997
0.99997
0.99997
0.99997
0.999969
0.99997
0.999969
0.99997
0.999969
0.999971
0.999969
0.999972
0.999972
0.999976
0.999982
0.999993
1.00001
1.00004
1.00008
1.00013
1.0002
1.00025
1.00026
1.00018
0.999822
0.999002
0.997453
0.994538
0.989642
0.982662
0.974651
0.967887
0.964415
0.96489
0.968748
0.97508
0.983339
0.993151
1.00407
1.01633
1.03129
1.05015
1.07272
1.09785
1.12457
1.15169
1.1768
1.19661
1.20839
1.21076
1.20392
1.18946
1.16959
1.14644
1.12179
1.09731
1.07479
1.0559
1.04173
1.03236
1.02691
1.02393
1.02191
1.01982
1.01724
1.01424
1.01116
1.00833
1.00597
1.00413
1.00279
1.00186
1.00123
1.00081
1.00054
1.00035
1.00023
1.00015
1.00009
1.00005
1.00002
1
0.999988
0.999981
0.999977
0.999974
0.999972
0.999971
0.99997
0.99997
0.99997
0.99997
0.99997
0.99997
0.99997
0.99997
0.99997
0.99997
0.99997
0.99997
0.99997
0.99997
0.99997
0.99997
0.99997
0.999969
0.99997
0.99997
0.99997
0.99997
0.99997
0.999971
0.999972
0.999975
0.999979
0.999992
1
1.00003
1.00007
1.00011
1.00018
1.00024
1.00026
1.00023
0.999996
0.999377
0.9982
0.995979
0.992069
0.98608
0.978469
0.971001
0.965915
0.964453
0.966474
0.971226
0.978036
0.986287
0.99566
1.00657
1.01967
1.03499
1.05224
1.07154
1.09275
1.11417
1.13303
1.14697
1.15476
1.1559
1.15062
1.1399
1.1252
1.10795
1.08949
1.07124
1.05475
1.04135
1.03176
1.02578
1.02249
1.02059
1.01897
1.01698
1.01449
1.01172
1.009
1.0066
1.00466
1.00319
1.00214
1.00142
1.00094
1.00063
1.00042
1.00028
1.00018
1.00012
1.00007
1.00004
1.00002
1
0.999985
0.999979
0.999975
0.999973
0.999972
0.99997
0.99997
0.99997
0.99997
0.99997
0.99997
0.99997
0.99997
0.99997
0.99997
0.99997
0.99997
0.99997
0.99997
0.99997
0.99997
0.99997
0.99997
0.99997
0.99997
0.99997
0.99997
0.99997
0.999969
0.999971
0.999972
0.999973
0.99998
0.999986
0.999998
1.00002
1.00006
1.0001
1.00016
1.00022
1.00026
1.00025
1.0001
0.999676
0.998788
0.997106
0.994133
0.989304
0.982503
0.974873
0.96857
0.965255
0.965299
0.968241
0.9734
0.980173
0.988295
0.997757
1.00849
1.02049
1.03413
1.04966
1.06622
1.08195
1.09521
1.10508
1.11082
1.11185
1.10816
1.10048
1.08985
1.07727
1.0638
1.05065
1.0391
1.03014
1.02412
1.02064
1.01879
1.01753
1.01608
1.01415
1.01181
1.00934
1.00703
1.00506
1.00352
1.00239
1.00159
1.00106
1.0007
1.00047
1.00032
1.00021
1.00014
1.00009
1.00005
1.00003
1.00001
0.999995
0.999983
0.999977
0.999975
0.999972
0.999971
0.99997
0.99997
0.99997
0.99997
0.99997
0.99997
0.99997
0.99997
0.99997
0.99997
0.99997
0.99997
0.99997
0.99997
0.99997
0.99997
0.99997
0.99997
0.999969
0.99997
0.999969
0.999971
0.999968
0.99997
0.99997
0.999971
0.999973
0.999978
0.999983
0.999994
1.00002
1.00004
1.00008
1.00014
1.00019
1.00024
1.00026
1.00016
0.999882
0.999244
0.997988
0.995771
0.992078
0.986437
0.979291
0.972321
0.967388
0.965427
0.966419
0.969875
0.975192
0.981866
0.989567
0.998222
1.00804
1.01921
1.03132
1.04344
1.05468
1.06443
1.072
1.07654
1.0775
1.075
1.06966
1.0622
1.05332
1.04386
1.03483
1.02724
1.02172
1.01834
1.01656
1.01557
1.0146
1.01323
1.0114
1.00929
1.00718
1.0053
1.00375
1.00258
1.00173
1.00115
1.00076
1.00051
1.00035
1.00023
1.00016
1.0001
1.00006
1.00004
1.00002
1
0.99999
0.999979
0.999975
0.999974
0.999972
0.999971
0.99997
0.99997
0.99997
0.99997
0.99997
0.99997
0.99997
0.99997
0.99997
0.99997
0.99997
0.99997
0.99997
0.99997
0.99997
0.99997
0.99997
0.99997
0.99997
0.999969
0.99997
0.999969
0.99997
0.999971
0.999969
0.999972
0.999972
0.999976
0.999982
0.999991
1.00001
1.00003
1.00007
1.00011
1.00016
1.00022
1.00024
1.0002
1.00002
0.999574
0.99866
0.997031
0.994293
0.989921
0.983811
0.976906
0.970867
0.967091
0.966121
0.967731
0.971335
0.976386
0.982562
0.989728
0.997792
1.00654
1.0156
1.02461
1.03318
1.04076
1.04661
1.05008
1.05094
1.04944
1.04598
1.04101
1.03504
1.02875
1.02299
1.01847
1.0155
1.01392
1.01318
1.01262
1.01178
1.01048
1.00882
1.00702
1.00531
1.00384
1.00267
1.00181
1.00121
1.0008
1.00053
1.00036
1.00025
1.00017
1.00011
1.00007
1.00004
1.00002
1.00001
0.999994
0.999985
0.999977
0.999975
0.999972
0.999972
0.99997
0.99997
0.99997
0.99997
0.99997
0.99997
0.99997
0.99997
0.99997
0.99997
0.99997
0.99997
0.99997
0.99997
0.99997
0.99997
0.99997
0.99997
0.99997
0.99997
0.99997
0.99997
0.99997
0.99997
0.99997
0.999971
0.999969
0.999974
0.999975
0.999978
0.999987
1
1.00002
1.00005
1.00009
1.00013
1.00019
1.00022
1.00021
1.0001
0.999796
0.999152
0.997981
0.995989
0.992744
0.987922
0.981792
0.975463
0.970385
0.96755
0.967167
0.968931
0.972395
0.977131
0.982785
0.989103
0.995902
1.00298
1.01006
1.01676
1.02258
1.02701
1.02974
1.03072
1.03012
1.02816
1.02511
1.0214
1.01761
1.01436
1.0121
1.01089
1.01043
1.01025
1.00988
1.0091
1.00793
1.00651
1.00506
1.00374
1.00266
1.00182
1.00122
1.0008
1.00053
1.00036
1.00024
1.00017
1.00012
1.00008
1.00005
1.00003
1.00001
0.999998
0.999989
0.999983
0.999976
0.999974
0.999972
0.999971
0.99997
0.99997
0.99997
0.99997
0.99997
0.99997
0.99997
0.99997
0.99997
0.99997
0.99997
0.99997
0.99997
0.99997
0.99997
0.99997
0.99997
0.99997
0.999969
0.99997
0.99997
0.99997
0.99997
0.999969
0.999971
0.999969
0.999972
0.99997
0.999974
0.999977
0.999983
0.999996
1.00001
1.00004
1.00007
1.00011
1.00015
1.00019
1.00019
1.00014
0.999939
0.999498
0.998672
0.997243
0.994907
0.991316
0.986366
0.980555
0.974966
0.970739
0.968545
0.968463
0.970183
0.973275
0.977395
0.982279
0.987664
0.993264
0.998799
1.00399
1.00852
1.01207
1.01446
1.01567
1.0158
1.01498
1.01341
1.01146
1.00959
1.00821
1.00752
1.00741
1.00757
1.00763
1.00735
1.00667
1.00568
1.00456
1.00347
1.00251
1.00174
1.00117
1.00077
1.0005
1.00033
1.00022
1.00015
1.00011
1.00007
1.00005
1.00003
1.00001
1
0.999992
0.999984
0.999979
0.999975
0.999973
0.999971
0.999971
0.99997
0.99997
0.99997
0.99997
0.99997
0.99997
0.99997
0.99997
0.99997
0.99997
0.99997
0.99997
0.99997
0.99997
0.99997
0.99997
0.99997
0.99997
0.999969
0.99997
0.999969
0.99997
0.999968
0.999972
0.999968
0.999971
0.99997
0.99997
0.999975
0.999974
0.999981
0.999989
1
1.00002
1.00005
1.00008
1.00012
1.00016
1.00017
1.00015
1.00002
0.999729
0.99916
0.998153
0.996498
0.993926
0.990197
0.985399
0.980137
0.975346
0.97185
0.97006
0.969988
0.971429
0.974077
0.977584
0.981609
0.985889
0.990217
0.994357
0.998038
1.00104
1.00326
1.0047
1.0054
1.00545
1.00503
1.00444
1.004
1.00392
1.00422
1.00473
1.00517
1.00533
1.00512
1.00458
1.00383
1.00301
1.00223
1.00158
1.00107
1.0007
1.00045
1.00029
1.00019
1.00013
1.00009
1.00006
1.00004
1.00003
1.00001
1
0.999993
0.999986
0.999981
0.999977
0.999973
0.999972
0.999971
0.99997
0.99997
0.99997
0.99997
0.99997
0.99997
0.99997
0.99997
0.99997
0.99997
0.99997
0.99997
0.99997
0.99997
0.99997
0.99997
0.999969
0.99997
0.999969
0.99997
0.99997
0.99997
0.99997
0.99997
0.999969
0.99997
0.99997
0.999969
0.999973
0.99997
0.999974
0.999979
0.999983
0.999995
1.00001
1.00003
1.00006
1.00009
1.00013
1.00015
1.00014
1.00006
0.999875
0.999488
0.998791
0.99764
0.995838
0.993159
0.989507
0.985114
0.980543
0.976492
0.973547
0.972017
0.971917
0.973042
0.975102
0.977826
0.980983
0.984337
0.987635
0.99065
0.993246
0.995366
0.996994
0.998139
0.99887
0.999337
0.999751
1.00029
1.00102
1.00187
1.00265
1.00321
1.00342
1.0033
1.00292
1.0024
1.00185
1.00133
1.00091
1.0006
1.00037
1.00023
1.00014
1.00009
1.00006
1.00004
1.00003
1.00002
1.00001
1
0.999993
0.999987
0.999982
0.999978
0.999975
0.999972
0.999971
0.99997
0.99997
0.99997
0.99997
0.99997
0.99997
0.99997
0.99997
0.99997
0.99997
0.99997
0.99997
0.99997
0.99997
0.99997
0.99997
0.99997
0.99997
0.99997
0.99997
0.99997
0.99997
0.99997
0.99997
0.99997
0.99997
0.99997
0.999969
0.999971
0.99997
0.999972
0.999973
0.999976
0.999981
0.999989
1
1.00002
1.00004
1.00007
1.0001
1.00012
1.00012
1.00008
0.999954
0.999697
0.999227
0.998439
0.997195
0.995327
0.9927
0.98933
0.985487
0.981628
0.978278
0.975841
0.974514
0.974293
0.975049
0.976587
0.978677
0.981086
0.983599
0.986045
0.988318
0.990347
0.99209
0.993544
0.994759
0.995842
0.996914
0.998038
0.999187
1.00026
1.00113
1.00171
1.00196
1.00193
1.0017
1.00138
1.00103
1.00071
1.00046
1.00028
1.00016
1.00009
1.00005
1.00003
1.00002
1.00001
1.00001
1
0.999997
0.999992
0.999986
0.999982
0.999979
0.999975
0.999974
0.999971
0.999971
0.99997
0.99997
0.99997
0.99997
0.99997
0.99997
0.99997
0.99997
0.99997
0.99997
0.99997
0.99997
0.99997
0.99997
0.99997
0.99997
0.99997
0.999969
0.99997
0.99997
0.99997
0.99997
0.99997
0.999969
0.99997
0.99997
0.99997
0.99997
0.99997
0.99997
0.99997
0.999973
0.999973
0.999979
0.999984
0.999993
1.00001
1.00003
1.00004
1.00007
1.00009
1.0001
1.00007
0.999993
0.999826
0.999512
0.99898
0.998134
0.996856
0.995035
0.992611
0.989662
0.986433
0.983283
0.980579
0.978595
0.97747
0.977202
0.977695
0.978801
0.98034
0.982141
0.984061
0.985995
0.987861
0.989603
0.991206
0.992697
0.994126
0.995534
0.996909
0.998192
0.999293
1.00013
1.00068
1.00094
1.00098
1.00087
1.00069
1.00049
1.00031
1.00017
1.00008
1.00003
0.999998
0.999988
0.999987
0.999989
0.999991
0.999991
0.99999
0.999988
0.999984
0.999981
0.999978
0.999975
0.999974
0.999972
0.99997
0.99997
0.99997
0.99997
0.99997
0.99997
0.99997
0.99997
0.99997
0.99997
0.99997
0.99997
0.99997
0.99997
0.99997
0.99997
0.99997
0.99997
0.999969
0.99997
0.999969
0.99997
0.99997
0.99997
0.99997
0.99997
0.99997
0.99997
0.99997
0.99997
0.99997
0.99997
0.99997
0.999971
0.999974
0.999974
0.99998
0.999987
0.999996
1.00001
1.00003
1.00005
1.00006
1.00007
1.00006
1.00001
0.999899
0.99969
0.999333
0.998768
0.997911
0.996674
0.994996
0.992877
0.990414
0.987816
0.985349
0.983259
0.981717
0.980818
0.980573
0.980917
0.981737
0.982909
0.984323
0.98588
0.987499
0.989117
0.990705
0.992257
0.993775
0.995247
0.996626
0.997846
0.998846
0.999586
1.00006
1.00031
1.00039
1.00035
1.00026
1.00016
1.00007
1
0.999964
0.999948
0.999947
0.999954
0.999963
0.999972
0.999978
0.999981
0.999982
0.999981
0.999979
0.999978
0.999975
0.999974
0.999973
0.999972
0.999971
0.99997
0.99997
0.99997
0.99997
0.99997
0.99997
0.99997
0.99997
0.99997
0.99997
0.99997
0.99997
0.99997
0.99997
0.99997
0.99997
0.99997
0.99997
0.99997
0.99997
0.99997
0.99997
0.99997
0.99997
0.99997
0.99997
0.999969
0.99997
0.999969
0.999969
0.99997
0.999971
0.99997
0.999973
0.999974
0.999978
0.999983
0.99999
1
1.00001
1.00003
1.00004
1.00005
1.00004
1.00001
0.999935
0.999796
0.999562
0.999185
0.998615
0.997792
0.996664
0.995203
0.993448
0.9915
0.989508
0.987658
0.986117
0.985007
0.984383
0.984243
0.984543
0.985216
0.986185
0.987364
0.988682
0.990076
0.991506
0.992939
0.994346
0.995685
0.996902
0.997945
0.998775
0.999377
0.999765
0.999976
1.00006
1.00006
1.00002
0.999973
0.999934
0.999912
0.999905
0.999911
0.999924
0.999938
0.999952
0.999963
0.99997
0.999974
0.999976
0.999976
0.999975
0.999975
0.999973
0.999972
0.999971
0.999971
0.99997
0.99997
0.99997
0.99997
0.99997
0.99997
0.99997
0.99997
0.99997
0.99997
0.99997
0.99997
0.99997
0.99997
0.99997
0.99997
0.99997
0.99997
0.99997
0.99997
0.99997
0.99997
0.999969
0.999969
0.99997
0.999969
0.99997
0.99997
0.99997
0.99997
0.99997
0.99997
0.99997
0.999971
0.99997
0.999974
0.999975
0.999978
0.999985
0.999991
1
1.00001
1.00002
1.00003
1.00002
1
0.999953
0.999861
0.999704
0.999451
0.999075
0.998535
0.997792
0.996819
0.995622
0.994246
0.992776
0.991331
0.990033
0.988988
0.988271
0.987914
0.987917
0.98825
0.988868
0.989712
0.99072
0.991838
0.99302
0.994221
0.995396
0.996497
0.997475
0.998292
0.998926
0.999378
0.999667
0.999827
0.999894
0.999909
0.999898
0.999882
0.999873
0.999873
0.999882
0.999897
0.999916
0.999932
0.999947
0.999958
0.999966
0.99997
0.999973
0.999974
0.999974
0.999973
0.999973
0.999972
0.999971
0.99997
0.99997
0.99997
0.99997
0.99997
0.99997
0.99997
0.99997
0.99997
0.99997
0.99997
0.99997
0.99997
0.99997
0.99997
0.99997
0.99997
0.99997
0.99997
0.99997
0.99997
0.99997
0.99997
0.99997
0.99997
0.999969
0.99997
0.99997
0.99997
0.99997
0.99997
0.99997
0.99997
0.99997
0.999969
0.999971
0.99997
0.999974
0.999977
0.999978
0.999986
0.999992
0.999998
1.00001
1.00001
1.00001
0.999993
0.999961
0.999896
0.999788
0.999623
0.999376
0.999021
0.998536
0.997902
0.997111
0.996186
0.99517
0.994132
0.993151
0.992309
0.991673
0.991287
0.991166
0.991307
0.991685
0.992262
0.992995
0.993836
0.994743
0.99567
0.996572
0.997404
0.998129
0.998721
0.99917
0.999482
0.999679
0.999788
0.999836
0.99985
0.99985
0.999849
0.999853
0.999863
0.99988
0.999899
0.999916
0.999933
0.999947
0.999957
0.999964
0.999969
0.99997
0.999971
0.999972
0.999971
0.999971
0.999971
0.99997
0.99997
0.999969
0.99997
0.99997
0.99997
0.99997
0.99997
0.99997
0.99997
0.99997
0.99997
0.99997
0.99997
0.99997
0.99997
0.99997
0.99997
0.99997
0.99997
0.99997
0.99997
0.99997
0.99997
0.99997
0.999969
0.99997
0.99997
0.99997
0.99997
0.99997
0.999969
0.99997
0.99997
0.99997
0.99997
0.99997
0.999971
0.999972
0.999974
0.999978
0.999979
0.999986
0.999992
0.999994
0.999998
0.999996
0.999985
0.999961
0.999917
0.999844
0.999729
0.999565
0.999334
0.999018
0.99861
0.998103
0.997503
0.996832
0.99613
0.995449
0.994842
0.994357
0.994033
0.993894
0.993945
0.994177
0.994562
0.995073
0.995676
0.99633
0.997
0.997643
0.998227
0.998726
0.999124
0.999419
0.999619
0.999741
0.999805
0.999833
0.999843
0.999845
0.999849
0.999858
0.999871
0.999887
0.999905
0.999922
0.999937
0.999949
0.999958
0.999964
0.999967
0.99997
0.99997
0.999971
0.99997
0.99997
0.99997
0.99997
0.99997
0.99997
0.99997
0.99997
0.99997
0.99997
0.99997
0.99997
0.99997
0.99997
0.99997
0.99997
0.99997
0.99997
0.99997
0.99997
0.99997
0.99997
0.99997
0.99997
0.99997
0.99997
0.99997
0.99997
0.99997
0.999969
0.99997
0.99997
0.99997
0.99997
0.99997
0.999969
0.99997
0.999969
0.99997
0.99997
0.999971
0.999971
0.999971
0.999975
0.999978
0.999979
0.999983
0.999989
0.999987
0.999988
0.99998
0.999961
0.999927
0.999877
0.9998
0.999687
0.999534
0.999332
0.99907
0.998747
0.998366
0.997939
0.99749
0.997045
0.996639
0.996309
0.996081
0.995973
0.995993
0.996138
0.996396
0.996744
0.997158
0.997608
0.998063
0.998496
0.998881
0.999202
0.999451
0.999629
0.999745
0.999811
0.999843
0.999855
0.999857
0.999859
0.999865
0.999873
0.999886
0.999902
0.999916
0.999931
0.999943
0.999952
0.999959
0.999964
0.999967
0.999969
0.999969
0.99997
0.99997
0.99997
0.99997
0.99997
0.99997
0.99997
0.99997
0.99997
0.99997
0.99997
0.99997
0.99997
0.99997
0.99997
0.99997
0.99997
0.99997
0.99997
0.99997
0.99997
0.99997
0.99997
0.99997
0.99997
0.99997
0.99997
0.99997
0.99997
0.99997
0.99997
0.999969
0.99997
0.99997
0.99997
0.999969
0.99997
0.999969
0.99997
0.999969
0.99997
0.99997
0.99997
0.999973
0.999971
0.999975
0.999976
0.999979
0.999981
0.999983
0.999979
0.999972
0.999962
0.999937
0.999898
0.999843
0.999768
0.999665
0.999531
0.999364
0.999162
0.998925
0.998661
0.998383
0.998107
0.997856
0.997652
0.997509
0.997444
0.997462
0.997563
0.997737
0.997972
0.998248
0.998544
0.99884
0.999115
0.999354
0.999548
0.999691
0.999788
0.999846
0.999875
0.999884
0.999884
0.999882
0.999882
0.999885
0.999892
0.999903
0.999915
0.999927
0.999938
0.999948
0.999956
0.999962
0.999965
0.999967
0.999969
0.99997
0.99997
0.99997
0.99997
0.99997
0.99997
0.99997
0.99997
0.99997
0.99997
0.99997
0.99997
0.99997
0.99997
0.99997
0.99997
0.99997
0.99997
0.99997
0.99997
0.99997
0.99997
0.99997
0.99997
0.99997
0.99997
0.99997
0.99997
0.99997
0.999969
0.99997
0.999969
0.99997
0.999969
0.99997
0.999969
0.99997
0.999969
0.99997
0.999969
0.99997
0.999969
0.99997
0.99997
0.99997
0.999974
0.999971
0.999975
0.999976
0.999977
0.999976
0.999977
0.999972
0.999958
0.999941
0.999917
0.999875
0.99982
0.999751
0.999663
0.999554
0.999425
0.999279
0.999121
0.998956
0.998796
0.998648
0.998531
0.998454
0.998428
0.998454
0.998529
0.99865
0.998808
0.99899
0.99918
0.999364
0.99953
0.999669
0.999777
0.999852
0.999897
0.999918
0.999923
0.999919
0.999912
0.999905
0.999903
0.999906
0.999911
0.99992
0.999929
0.999937
0.999946
0.999953
0.999959
0.999962
0.999966
0.999967
0.999969
0.99997
0.999969
0.99997
0.99997
0.99997
0.99997
0.99997
0.99997
0.99997
0.99997
0.99997
0.99997
0.99997
0.99997
0.99997
0.99997
0.99997
0.99997
0.99997
0.99997
0.99997
0.99997
0.99997
0.99997
0.99997
0.99997
0.99997
0.99997
0.99997
0.99997
0.999969
0.99997
0.999969
0.999971
0.999969
0.99997
0.999969
0.99997
0.99997
0.999968
0.99997
0.99997
0.99997
0.99997
0.99997
0.999969
0.999973
0.999971
0.999973
0.999974
0.999975
0.999972
0.999969
0.999961
0.999946
0.999926
0.999899
0.99986
0.999809
0.999749
0.999678
0.999597
0.999507
0.999412
0.999314
0.999224
0.999146
0.99909
0.999058
0.999055
0.999085
0.999147
0.999234
0.999341
0.999457
0.999578
0.99969
0.999787
0.999863
0.999916
0.999947
0.999962
0.999963
0.999956
0.999945
0.999935
0.999928
0.999923
0.999924
0.999927
0.999932
0.999939
0.999946
0.999953
0.999957
0.999961
0.999965
0.999966
0.999968
0.999969
0.99997
0.99997
0.99997
0.999969
0.99997
0.99997
0.99997
0.99997
0.99997
0.99997
0.99997
0.99997
0.99997
0.99997
0.99997
0.99997
0.99997
0.99997
0.99997
0.99997
0.99997
0.99997
0.99997
0.99997
0.99997
0.99997
0.99997
0.99997
0.999969
0.99997
0.99997
0.99997
0.99997
0.99997
0.99997
0.99997
0.99997
0.99997
0.999969
0.999971
0.999968
0.99997
0.99997
0.99997
0.99997
0.99997
0.99997
0.999972
0.999972
0.999972
0.999973
0.99997
0.999967
0.999962
0.999953
0.999937
0.999915
0.999889
0.999853
0.999811
0.999763
0.99971
0.999653
0.999595
0.999542
0.999495
0.999456
0.999431
0.999426
0.999441
0.999474
0.999524
0.99959
0.999665
0.999742
0.999815
0.99988
0.999932
0.99997
0.999994
1
1
0.999989
0.999975
0.999962
0.999951
0.999943
0.999939
0.999938
0.99994
0.999945
0.999948
0.999953
0.999958
0.999961
0.999964
0.999966
0.999967
0.999969
0.999969
0.999969
0.999969
0.999969
0.99997
0.99997
0.99997
0.99997
0.99997
0.99997
0.99997
0.99997
0.99997
0.99997
0.99997
0.99997
0.99997
0.99997
0.99997
0.99997
0.99997
0.99997
0.99997
0.99997
0.99997
0.99997
0.99997
0.99997
0.99997
0.99997
0.99997
0.99997
0.999971
0.999968
0.99997
0.99997
0.99997
0.99997
0.99997
0.99997
0.999969
0.99997
0.99997
0.999969
0.99997
0.99997
0.99997
0.99997
0.99997
0.999971
0.999971
0.99997
0.99997
0.999967
0.999962
0.999956
0.999945
0.99993
0.999907
0.999883
0.999855
0.99982
0.999784
0.999749
0.999715
0.999684
0.999658
0.999644
0.99964
0.999647
0.999667
0.999699
0.999741
0.999789
0.999841
0.999891
0.999939
0.999977
1
1.00002
1.00002
1.00002
1.00001
1
0.999987
0.999974
0.999962
0.999955
0.99995
0.999948
0.999949
0.999951
0.999954
0.999958
0.999961
0.999963
0.999966
0.999967
0.999968
0.999969
0.999969
0.999969
0.999969
0.99997
0.99997
0.99997
0.99997
0.99997
0.99997
0.99997
0.99997
0.99997
0.99997
0.99997
0.99997
0.99997
0.99997
0.99997
0.99997
0.99997
0.99997
0.99997
0.99997
0.99997
0.99997
0.99997
0.99997
0.99997
0.99997
0.99997
0.99997
0.99997
0.99997
0.99997
0.999969
0.99997
0.99997
0.99997
0.99997
0.99997
0.99997
0.999969
0.99997
0.99997
0.99997
0.99997
0.99997
0.99997
0.99997
0.99997
0.999971
0.99997
0.999969
0.999967
0.999966
0.999958
0.99995
0.99994
0.999926
0.999907
0.999886
0.999862
0.999839
0.999814
0.999794
0.999776
0.999765
0.99976
0.999764
0.999777
0.999799
0.999827
0.999861
0.999899
0.999936
0.99997
0.999998
1.00002
1.00003
1.00004
1.00004
1.00003
1.00002
1
0.999989
0.999978
0.999969
0.999962
0.999959
0.999957
0.999957
0.999959
0.99996
0.999962
0.999964
0.999965
0.999966
0.999968
0.999969
0.99997
0.99997
0.99997
0.99997
0.99997
0.99997
0.99997
0.99997
0.99997
0.99997
0.99997
0.99997
0.99997
0.99997
0.99997
0.99997
0.99997
0.99997
0.99997
0.99997
0.99997
0.99997
0.99997
0.99997
0.99997
0.99997
0.99997
0.99997
0.99997
0.99997
0.99997
0.999969
0.99997
0.99997
0.99997
0.999971
0.999968
0.99997
0.99997
0.999969
0.99997
0.99997
0.99997
0.99997
0.99997
0.99997
0.99997
0.99997
0.99997
0.999971
0.99997
0.99997
0.99997
0.99997
0.999966
0.999966
0.999963
0.999956
0.999948
0.999937
0.999925
0.999909
0.999892
0.999877
0.99986
0.999847
0.999836
0.999831
0.999833
0.999839
0.999852
0.999872
0.999896
0.999922
0.999949
0.999977
1
1.00002
1.00003
1.00004
1.00004
1.00003
1.00002
1.00001
1
0.99999
0.99998
0.999972
0.999966
0.999963
0.999962
0.999962
0.999962
0.999963
0.999964
0.999966
0.999967
0.999968
0.999969
0.999969
0.99997
0.99997
0.99997
0.99997
0.99997
0.99997
0.99997
0.99997
0.99997
0.99997
0.99997
0.99997
0.99997
0.99997
0.99997
0.99997
0.99997
0.99997
0.99997
0.99997
0.99997
0.99997
0.99997
0.99997
0.99997
0.99997
0.99997
0.99997
0.99997
0.99997
0.99997
0.99997
0.99997
0.99997
0.99997
0.999968
0.999971
0.999969
0.99997
0.99997
0.999969
0.99997
0.99997
0.99997
0.99997
0.99997
0.99997
0.99997
0.99997
0.999969
0.99997
0.99997
0.999969
0.999969
0.999969
0.999966
0.999963
0.999961
0.999955
0.999946
0.999937
0.999928
0.999916
0.999903
0.999893
0.999883
0.999878
0.999875
0.999877
0.999886
0.999897
0.999912
0.999931
0.999952
0.999974
0.999992
1.00001
1.00002
1.00003
1.00003
1.00003
1.00002
1.00002
1.00001
0.999996
0.999987
0.99998
0.999975
0.99997
0.999967
0.999966
0.999965
0.999965
0.999966
0.999966
0.999967
0.999968
0.999968
0.999969
0.999969
0.99997
0.99997
0.99997
0.99997
0.99997
0.99997
0.99997
0.99997
0.99997
0.99997
0.99997
0.99997
0.99997
0.99997
0.99997
0.99997
0.99997
0.99997
0.99997
0.99997
0.99997
0.99997
0.99997
0.99997
0.99997
0.99997
0.99997
0.99997
0.99997
0.99997
0.99997
0.99997
0.99997
0.99997
0.99997
0.99997
0.99997
0.99997
0.99997
0.99997
0.99997
0.999969
0.99997
0.99997
0.99997
0.99997
0.99997
0.999969
0.99997
0.99997
0.999969
0.99997
0.999971
0.99997
0.999968
0.999968
0.999966
0.999962
0.999959
0.999954
0.999947
0.999939
0.999932
0.999924
0.999915
0.999909
0.999907
0.999905
0.999907
0.999913
0.999923
0.999936
0.99995
0.999966
0.99998
0.999994
1.00001
1.00001
1.00002
1.00002
1.00002
1.00001
1
0.999998
0.999991
0.999984
0.999979
0.999974
0.99997
0.999968
0.999967
0.999966
0.999967
0.999967
0.999967
0.999968
0.999969
0.999969
0.999969
0.99997
0.99997
0.99997
0.99997
0.99997
0.99997
0.99997
0.99997
0.99997
0.99997
0.99997
0.99997
0.99997
0.99997
0.99997
0.99997
0.99997
0.99997
0.99997
0.99997
0.99997
0.99997
0.99997
0.99997
0.99997
0.99997
0.99997
0.99997
0.99997
0.99997
0.99997
0.99997
0.99997
0.99997
0.99997
0.99997
0.99997
0.99997
0.99997
0.99997
0.99997
0.99997
0.99997
0.99997
0.999969
0.99997
0.99997
0.99997
0.99997
0.999969
0.99997
0.99997
0.999969
0.999969
0.99997
0.99997
0.999968
0.999966
0.999966
0.999962
0.999958
0.999955
0.99995
0.999944
0.999938
0.999932
0.999929
0.999925
0.999925
0.999928
0.999932
0.999939
0.999948
0.999958
0.99997
0.999981
0.99999
0.999997
1
1.00001
1.00001
1
1
0.999996
0.999991
0.999986
0.999981
0.999977
0.999973
0.999972
0.99997
0.999969
0.999968
0.999968
0.999969
0.999969
0.999969
0.999969
0.999969
0.999969
0.99997
0.99997
0.99997
0.99997
0.99997
0.99997
0.99997
0.99997
0.99997
0.99997
0.99997
0.99997
0.99997
0.99997
0.99997
0.99997
0.99997
0.99997
0.99997
0.99997
0.99997
0.99997
0.99997
0.99997
0.99997
0.99997
0.99997
0.99997
0.99997
0.99997
0.99997
0.99997
0.99997
0.99997
0.99997
0.99997
0.99997
0.99997
0.99997
0.99997
0.99997
0.99997
0.99997
0.99997
0.99997
0.99997
0.99997
0.99997
0.99997
0.99997
0.99997
0.99997
0.99997
0.99997
0.999969
0.999969
0.999969
0.999968
0.999966
0.999964
0.999963
0.999959
0.999955
0.999952
0.999948
0.999945
0.999941
0.99994
0.99994
0.999941
0.999944
0.99995
0.999957
0.999964
0.999971
0.999979
0.999985
0.999991
0.999995
0.999996
0.999997
0.999995
0.999993
0.99999
0.999985
0.999982
0.999978
0.999975
0.999972
0.999971
0.99997
0.999969
0.999969
0.999969
0.999969
0.999969
0.99997
0.999969
0.999969
0.99997
0.99997
0.99997
0.99997
0.99997
0.99997
0.99997
0.99997
0.99997
0.99997
0.99997
0.99997
0.99997
0.99997
0.99997
0.99997
0.99997
0.99997
0.99997
0.99997
0.99997
0.99997
0.99997
0.99997
0.99997
0.99997
0.99997
0.99997
0.99997
0.99997
0.99997
0.99997
0.99997
0.99997
0.99997
0.99997
0.99997
0.99997
0.99997
0.99997
0.99997
0.999969
0.99997
0.99997
0.99997
0.99997
0.99997
0.99997
0.99997
0.99997
0.999969
0.99997
0.99997
0.999969
0.99997
0.99997
0.99997
0.999969
0.999968
0.999968
0.999966
0.999964
0.999963
0.999962
0.999958
0.999955
0.999953
0.999951
0.99995
0.999949
0.999951
0.999953
0.999956
0.999961
0.999966
0.999971
0.999977
0.999981
0.999984
0.999987
0.999989
0.999989
0.999988
0.999986
0.999983
0.99998
0.999978
0.999976
0.999974
0.999973
0.999971
0.99997
0.99997
0.99997
0.99997
0.999969
0.99997
0.999969
0.999969
0.99997
0.99997
0.99997
0.99997
0.99997
0.99997
0.99997
0.99997
0.99997
0.99997
0.99997
0.99997
0.99997
0.99997
0.99997
0.99997
0.99997
0.99997
0.99997
0.99997
0.99997
0.99997
0.99997
0.99997
0.99997
0.99997
0.99997
0.99997
0.99997
0.99997
0.99997
0.99997
0.99997
0.99997
0.99997
0.99997
0.99997
0.99997
0.99997
0.99997
0.99997
0.99997
0.99997
0.99997
0.99997
0.99997
0.99997
0.99997
0.99997
0.999969
0.99997
0.99997
0.999969
0.99997
0.99997
0.999969
0.99997
0.99997
0.999969
0.999969
0.999968
0.999967
0.999967
0.999965
0.999963
0.999962
0.999961
0.999959
0.999957
0.999956
0.999956
0.999957
0.999959
0.999962
0.999963
0.999966
0.99997
0.999975
0.999979
0.99998
0.999982
0.999982
0.999982
0.999982
0.99998
0.999979
0.999977
0.999976
0.999974
0.999973
0.999971
0.99997
0.99997
0.999969
0.99997
0.999969
0.99997
0.999969
0.999969
0.99997
0.99997
0.99997
0.99997
0.99997
0.99997
0.99997
0.99997
0.99997
0.99997
0.99997
0.99997
0.99997
0.99997
0.99997
0.99997
0.99997
0.99997
0.99997
0.99997
0.99997
0.99997
0.99997
0.99997
0.99997
0.99997
0.99997
0.99997
0.99997
0.99997
0.99997
0.99997
0.99997
0.99997
0.99997
0.99997
0.99997
0.99997
0.99997
0.99997
0.99997
0.99997
0.99997
0.99997
0.99997
0.99997
0.99997
0.99997
0.99997
0.99997
0.99997
0.99997
0.99997
0.99997
0.99997
0.99997
0.99997
0.99997
0.99997
0.99997
0.999969
0.999969
0.999968
0.999968
0.999967
0.999966
0.999965
0.999963
0.999963
0.999962
0.999962
0.999961
0.999961
0.999962
0.999963
0.999966
0.999968
0.99997
0.999971
0.999974
0.999976
0.999977
0.999978
0.999978
0.999978
0.999976
0.999975
0.999974
0.999974
0.999973
0.999972
0.999971
0.99997
0.99997
0.99997
0.99997
0.99997
0.999969
0.99997
0.99997
0.99997
0.99997
0.99997
0.99997
0.99997
0.99997
0.99997
0.99997
0.99997
0.99997
0.99997
0.99997
0.99997
0.99997
0.99997
0.99997
0.99997
0.99997
0.99997
0.99997
0.99997
0.99997
0.99997
0.99997
0.99997
0.99997
0.99997
0.99997
0.99997
0.99997
0.99997
0.99997
0.99997
0.99997
0.99997
0.99997
0.99997
0.99997
0.99997
0.99997
0.99997
0.99997
0.99997
0.99997
0.99997
0.99997
0.99997
0.99997
0.99997
0.99997
0.99997
0.99997
0.99997
0.99997
0.99997
0.99997
0.99997
0.99997
0.99997
0.99997
0.99997
0.99997
0.999969
0.999969
0.999968
0.999967
0.999966
0.999966
0.999965
0.999964
0.999965
0.999964
0.999964
0.999965
0.999966
0.999966
0.999968
0.99997
0.999972
0.999973
0.999974
0.999975
0.999975
0.999975
0.999975
0.999974
0.999974
0.999973
0.999973
0.999971
0.999971
0.99997
0.99997
0.99997
0.99997
0.99997
0.999969
0.99997
0.99997
0.99997
0.99997
0.99997
0.99997
0.99997
0.99997
0.99997
0.99997
0.99997
0.99997
0.99997
0.99997
0.99997
0.99997
0.99997
0.99997
0.99997
0.99997
0.99997
0.99997
0.99997
0.99997
0.99997
0.99997
0.99997
0.99997
0.99997
0.99997
0.99997
0.99997
0.99997
0.99997
0.99997
0.99997
0.99997
0.99997
0.99997
0.99997
0.99997
0.99997
0.99997
0.99997
0.99997
0.99997
0.99997
0.99997
0.99997
0.99997
0.99997
0.99997
0.99997
0.99997
0.99997
0.99997
0.99997
0.99997
0.99997
0.99997
0.99997
0.99997
0.99997
0.99997
0.999969
0.99997
0.999968
0.999969
0.999968
0.999967
0.999967
0.999967
0.999966
0.999966
0.999966
0.999966
0.999966
0.999966
0.999968
0.999968
0.999969
0.99997
0.999971
0.999972
0.999973
0.999973
0.999973
0.999973
0.999973
0.999973
0.999972
0.999971
0.999971
0.99997
0.99997
0.99997
0.99997
0.99997
0.99997
0.99997
0.99997
0.99997
0.99997
0.99997
0.99997
0.99997
0.99997
0.99997
0.99997
0.99997
0.99997
0.99997
0.99997
0.99997
0.99997
0.99997
0.99997
0.99997
0.99997
0.99997
0.99997
0.99997
0.99997
0.99997
0.99997
0.99997
0.99997
0.99997
0.99997
0.99997
0.99997
0.99997
0.99997
0.99997
0.99997
0.99997
0.99997
0.99997
0.99997
0.99997
0.99997
0.99997
0.99997
0.99997
0.99997
0.99997
0.99997
0.99997
0.99997
0.99997
0.99997
0.99997
0.99997
0.99997
0.99997
0.99997
0.99997
0.99997
0.99997
0.99997
0.99997
0.99997
0.99997
0.99997
0.99997
0.99997
0.999969
0.999969
0.999969
0.999969
0.999968
0.999968
0.999968
0.999968
0.999967
0.999967
0.999967
0.999967
0.999967
0.999969
0.999969
0.99997
0.99997
0.999971
0.999972
0.999972
0.999972
0.999972
0.999972
0.999972
0.999972
0.999971
0.999971
0.999971
0.999971
0.99997
0.99997
0.99997
0.99997
0.99997
0.99997
0.99997
0.99997
0.99997
0.99997
0.99997
0.99997
0.99997
0.99997
0.99997
0.99997
0.99997
0.99997
0.99997
0.99997
0.99997
0.99997
0.99997
0.99997
0.99997
0.99997
0.99997
0.99997
0.99997
0.99997
0.99997
0.99997
0.99997
0.99997
0.99997
0.99997
0.99997
0.99997
0.99997
0.99997
0.99997
0.99997
0.99997
0.99997
0.99997
0.99997
0.99997
0.99997
0.99997
0.99997
0.99997
0.99997
0.99997
0.99997
0.99997
0.99997
0.99997
0.99997
0.99997
0.99997
0.99997
0.99997
0.99997
0.99997
0.99997
0.99997
0.99997
0.99997
0.99997
0.999969
0.99997
0.999969
0.999969
0.999969
0.999969
0.999969
0.999968
0.999968
0.999968
0.999968
0.999968
0.999967
0.999967
0.999968
0.999968
0.999969
0.999969
0.99997
0.99997
0.99997
0.999971
0.999971
0.999971
0.999971
0.999972
0.999971
0.999971
0.999971
0.999971
0.99997
0.99997
0.99997
0.99997
0.99997
0.99997
0.99997
0.99997
0.99997
0.99997
0.99997
0.99997
0.99997
0.99997
0.99997
0.99997
0.99997
0.99997
0.99997
0.99997
0.99997
0.99997
0.99997
0.99997
0.99997
0.99997
0.99997
0.99997
0.99997
0.99997
0.99997
0.99997
0.99997
0.99997
0.99997
0.99997
0.99997
0.99997
0.99997
0.99997
0.99997
0.99997
0.99997
0.99997
0.99997
0.99997
0.99997
0.99997
0.99997
0.99997
0.99997
0.99997
0.99997
0.99997
0.99997
0.99997
0.99997
0.99997
0.99997
0.99997
0.99997
0.99997
0.99997
0.99997
0.99997
0.99997
0.99997
0.99997
0.99997
0.99997
0.99997
0.99997
0.999969
0.999969
0.999969
0.999969
0.999969
0.999968
0.999968
0.999968
0.999967
0.999967
0.999967
0.999967
0.999968
0.999967
0.999968
0.999968
0.999969
0.999969
0.99997
0.999971
0.999972
0.999972
0.999972
0.999972
0.999972
0.999971
0.999971
0.999971
0.99997
0.99997
0.99997
0.99997
0.99997
0.99997
0.99997
0.99997
0.99997
0.99997
0.99997
0.99997
0.99997
0.99997
0.99997
0.99997
0.99997
0.99997
0.99997
0.99997
0.99997
0.99997
0.99997
0.99997
0.99997
0.99997
0.99997
0.99997
0.99997
0.99997
0.99997
0.99997
0.99997
0.99997
0.99997
0.99997
0.99997
0.99997
0.99997
0.99997
0.99997
0.99997
0.99997
0.99997
0.99997
0.99997
0.99997
0.99997
0.99997
0.99997
0.99997
0.99997
0.99997
0.99997
0.99997
0.99997
0.99997
0.99997
0.99997
0.99997
0.99997
0.99997
0.99997
0.99997
0.99997
0.99997
0.99997
0.99997
0.99997
0.99997
0.999969
0.999969
0.99997
0.999969
0.99997
0.99997
0.999969
0.999969
0.999968
0.999968
0.999968
0.999966
0.999966
0.999966
0.999966
0.999966
0.999966
0.999967
0.999968
0.999969
0.99997
0.99997
0.999971
0.999972
0.999973
0.999973
0.999973
0.999973
0.999973
0.999972
0.999972
0.999972
0.999971
0.999971
0.999971
0.99997
0.99997
0.99997
0.99997
0.99997
0.99997
0.99997
0.99997
0.99997
0.99997
0.99997
0.99997
0.99997
0.99997
0.99997
0.99997
0.99997
0.99997
0.99997
0.99997
0.99997
0.99997
0.99997
0.99997
0.99997
0.99997
0.99997
0.99997
0.99997
0.99997
0.99997
0.99997
0.99997
0.99997
0.99997
0.99997
0.99997
0.99997
0.99997
0.99997
0.99997
0.99997
0.99997
0.99997
0.99997
0.99997
0.99997
0.99997
0.99997
0.99997
0.99997
0.99997
0.99997
0.99997
0.99997
0.99997
0.99997
0.99997
0.99997
0.99997
0.99997
0.99997
0.99997
0.99997
0.99997
0.99997
0.99997
0.999969
0.99997
0.999969
0.999969
0.999969
0.999969
0.999968
0.999967
0.999966
0.999966
0.999966
0.999965
0.999964
0.999964
0.999965
0.999966
0.999967
0.999968
0.99997
0.999971
0.999973
0.999973
0.999974
0.999975
0.999975
0.999974
0.999974
0.999974
0.999974
0.999972
0.999972
0.999971
0.999971
0.999971
0.99997
0.99997
0.99997
0.99997
0.99997
0.99997
0.99997
0.99997
0.99997
0.99997
0.99997
0.99997
0.99997
0.99997
0.99997
0.99997
0.99997
0.99997
0.99997
0.99997
0.99997
0.99997
0.99997
0.99997
0.99997
0.99997
0.99997
0.99997
0.99997
0.99997
0.99997
0.99997
0.99997
0.99997
0.99997
0.99997
0.99997
0.99997
0.99997
0.99997
0.99997
0.99997
0.99997
0.99997
0.99997
0.99997
0.99997
0.99997
0.99997
0.99997
0.99997
0.99997
0.99997
0.99997
0.99997
0.99997
0.99997
0.99997
0.99997
0.99997
0.99997
0.99997
0.99997
0.99997
0.99997
0.99997
0.99997
0.99997
0.99997
0.99997
0.999968
0.999968
0.999967
0.999966
0.999966
0.999964
0.999962
0.999962
0.999962
0.999962
0.999962
0.999963
0.999965
0.999967
0.999969
0.999971
0.999973
0.999975
0.999976
0.999977
0.999978
0.999977
0.999977
0.999976
0.999975
0.999974
0.999974
0.999973
0.999971
0.999971
0.999971
0.999971
0.99997
0.99997
0.99997
0.99997
0.99997
0.99997
0.99997
0.99997
0.99997
0.99997
0.99997
0.99997
0.99997
0.99997
0.99997
0.99997
0.99997
0.99997
0.99997
0.99997
0.99997
0.99997
0.99997
0.99997
0.99997
0.99997
0.99997
0.99997
0.99997
0.99997
0.99997
0.99997
0.99997
0.99997
0.99997
0.99997
0.99997
0.99997
0.99997
0.99997
0.99997
0.99997
0.99997
0.99997
0.99997
0.99997
0.99997
0.99997
0.99997
0.99997
0.99997
0.99997
0.99997
0.99997
0.99997
0.99997
0.99997
0.99997
0.99997
0.99997
0.99997
0.99997
0.99997
0.99997
0.99997
0.99997
0.99997
0.99997
0.999969
0.999968
0.999966
0.999965
0.999963
0.999962
0.99996
0.999959
0.999958
0.999958
0.999959
0.999961
0.999963
0.999966
0.999969
0.999972
0.999975
0.999978
0.99998
0.999981
0.999982
0.999982
0.99998
0.999979
0.999978
0.999977
0.999975
0.999975
0.999973
0.999972
0.999971
0.999971
0.999971
0.99997
0.99997
0.99997
0.99997
0.99997
0.99997
0.99997
0.99997
0.99997
0.99997
0.99997
0.99997
0.99997
0.99997
0.99997
0.99997
0.99997
0.99997
0.99997
0.99997
0.99997
0.99997
0.99997
0.99997
0.99997
0.99997
0.99997
0.99997
0.99997
0.99997
0.99997
0.99997
0.99997
0.99997
0.99997
0.99997
0.99997
0.99997
0.99997
0.99997
0.99997
0.99997
0.99997
0.99997
0.99997
0.99997
0.99997
0.99997
0.99997
0.99997
0.99997
0.99997
0.99997
0.99997
0.99997
0.99997
0.99997
0.99997
0.99997
0.99997
0.99997
0.999971
0.99997
0.99997
0.99997
0.99997
0.99997
0.999968
0.999967
0.999965
0.999963
0.99996
0.999958
0.999955
0.999954
0.999953
0.999953
0.999954
0.999957
0.99996
0.999964
0.999969
0.999974
0.999979
0.999982
0.999985
0.999987
0.999987
0.999987
0.999986
0.999984
0.999983
0.999981
0.999979
0.999976
0.999975
0.999973
0.999972
0.999971
0.999971
0.999971
0.99997
0.99997
0.99997
0.99997
0.99997
0.99997
0.99997
0.99997
0.99997
0.99997
0.99997
0.99997
0.99997
0.99997
0.99997
0.99997
0.99997
0.99997
0.99997
0.99997
0.99997
0.99997
0.99997
0.99997
0.99997
0.99997
0.99997
0.99997
0.99997
0.99997
0.99997
0.99997
0.99997
0.99997
0.99997
0.99997
0.99997
0.99997
0.99997
0.99997
0.99997
0.99997
0.99997
0.99997
0.99997
0.99997
0.99997
0.99997
0.99997
0.99997
0.99997
0.99997
0.99997
0.99997
0.99997
0.99997
0.99997
0.99997
0.99997
0.99997
0.99997
0.999971
0.999971
0.999971
0.999971
0.99997
0.999969
0.999967
0.999964
0.999961
0.999957
0.999953
0.99995
0.999948
0.999947
0.999947
0.999949
0.999952
0.999957
0.999963
0.99997
0.999977
0.999983
0.999989
0.999992
0.999996
0.999996
0.999996
0.999995
0.999992
0.99999
0.999986
0.999983
0.99998
0.999978
0.999975
0.999974
0.999972
0.999971
0.999971
0.99997
0.99997
0.99997
0.99997
0.99997
0.99997
0.99997
0.99997
0.99997
0.99997
0.99997
0.99997
0.99997
0.99997
0.99997
0.99997
0.99997
0.99997
0.99997
0.99997
0.99997
0.99997
0.99997
0.99997
0.99997
0.99997
0.99997
0.99997
0.99997
0.99997
0.99997
0.99997
0.99997
0.99997
0.99997
0.99997
0.99997
0.99997
0.99997
0.99997
0.99997
0.99997
0.99997
0.99997
0.99997
0.99997
0.99997
0.99997
0.99997
0.99997
0.99997
0.99997
0.99997
0.99997
0.99997
0.99997
0.99997
0.99997
0.99997
0.999971
0.999971
0.999972
0.999972
0.999972
0.999972
0.999971
0.999969
0.999966
0.999962
0.999957
0.999952
0.999947
0.999943
0.99994
0.999939
0.999939
0.999942
0.999947
0.999954
0.999963
0.999972
0.999982
0.999991
0.999998
1
1.00001
1.00001
1.00001
1.00001
1
0.999999
0.999994
0.999989
0.999984
0.999981
0.999978
0.999975
0.999974
0.999972
0.999971
0.99997
0.99997
0.99997
0.99997
0.99997
0.99997
0.99997
0.99997
0.99997
0.99997
0.99997
0.99997
0.99997
0.99997
0.99997
0.99997
0.99997
0.99997
0.99997
0.99997
0.99997
0.99997
0.99997
0.99997
0.99997
0.99997
0.99997
0.99997
0.99997
0.99997
0.99997
0.99997
0.99997
0.99997
0.99997
0.99997
0.99997
0.99997
0.99997
0.99997
0.99997
0.99997
0.99997
0.99997
0.99997
0.99997
0.99997
0.99997
0.99997
0.99997
0.99997
0.99997
0.99997
0.99997
0.99997
0.99997
0.99997
0.99997
0.999971
0.999971
0.999972
0.999973
0.999974
0.999974
0.999973
0.999971
0.99997
0.999965
0.99996
0.999954
0.999947
0.999941
0.999935
0.999932
0.999931
0.999932
0.999937
0.999944
0.999955
0.999966
0.99998
0.999993
1.00001
1.00001
1.00002
1.00003
1.00003
1.00003
1.00002
1.00002
1.00001
1.00001
0.999998
0.999992
0.999987
0.999982
0.999978
0.999975
0.999973
0.999972
0.999971
0.99997
0.99997
0.99997
0.99997
0.99997
0.99997
0.99997
0.99997
0.99997
0.99997
0.99997
0.99997
0.99997
0.99997
0.99997
0.99997
0.99997
0.99997
0.99997
0.99997
0.99997
0.99997
0.99997
0.99997
0.99997
0.99997
0.99997
0.99997
0.99997
0.99997
0.99997
0.99997
0.99997
0.99997
0.99997
0.99997
0.99997
0.99997
0.99997
0.99997
0.99997
0.99997
0.99997
0.99997
0.99997
0.99997
0.99997
0.99997
0.99997
0.99997
0.99997
0.99997
0.99997
0.99997
0.99997
0.99997
0.99997
0.999972
0.999973
0.999974
0.999975
0.999975
0.999976
0.999975
0.999973
0.99997
0.999965
0.999958
0.99995
0.999941
0.999933
0.999927
0.999923
0.999923
0.999926
0.999933
0.999945
0.99996
0.999977
0.999995
1.00001
1.00003
1.00004
1.00005
1.00006
1.00006
1.00005
1.00005
1.00004
1.00003
1.00002
1.00001
1
0.999993
0.999987
0.999982
0.999978
0.999975
0.999973
0.999972
0.99997
0.99997
0.99997
0.99997
0.99997
0.99997
0.99997
0.99997
0.99997
0.99997
0.99997
0.99997
0.99997
0.99997
0.99997
0.99997
0.99997
0.99997
0.99997
0.99997
0.99997
0.99997
0.99997
0.99997
0.99997
0.99997
0.99997
0.99997
0.99997
0.99997
0.99997
0.99997
0.99997
0.99997
0.99997
0.99997
0.99997
0.99997
0.99997
0.99997
0.99997
0.99997
0.99997
0.99997
0.99997
0.99997
0.99997
0.99997
0.99997
0.99997
0.99997
0.99997
0.99997
0.99997
0.99997
0.999971
0.999972
0.999972
0.999974
0.999976
0.999977
0.999979
0.99998
0.999979
0.999976
0.999972
0.999965
0.999957
0.999947
0.999937
0.999927
0.99992
0.999917
0.99992
0.999926
0.999939
0.999957
0.999978
1
1.00003
1.00005
1.00007
1.00008
1.00009
1.0001
1.0001
1.00009
1.00008
1.00007
1.00006
1.00004
1.00003
1.00001
1
0.999993
0.999987
0.999981
0.999977
0.999974
0.999972
0.99997
0.99997
0.99997
0.99997
0.99997
0.99997
0.99997
0.99997
0.99997
0.99997
0.99997
)
;

boundaryField
{
    emptyPatches_empt
    {
        type            empty;
    }
    top_cyc
    {
        type            cyclic;
    }
    bottom_cyc
    {
        type            cyclic;
    }
    inlet_cyc
    {
        type            cyclic;
    }
    outlet_cyc
    {
        type            cyclic;
    }
}


// ************************************************************************* //
