/*--------------------------------*- C++ -*----------------------------------*\
  =========                 |
  \\      /  F ield         | OpenFOAM: The Open Source CFD Toolbox
   \\    /   O peration     | Website:  https://openfoam.org
    \\  /    A nd           | Version:  6
     \\/     M anipulation  |
\*---------------------------------------------------------------------------*/
FoamFile
{
    version     2.0;
    format      ascii;
    class       surfaceScalarField;
    location    "2.14";
    object      meshPhi;
}
// * * * * * * * * * * * * * * * * * * * * * * * * * * * * * * * * * * * * * //

dimensions      [0 3 -1 0 0 0 0];

internalField   nonuniform List<scalar> 
8193
(
-0.00349083
0.00309235
0.00133195
-0.00526071
0.00586963
-0.00665296
0.00839137
-0.00768833
0.0106183
-0.00839454
0.0125191
-0.00880388
0.0140707
-0.00895115
0.015258
-0.00887189
0.016074
-0.00860095
0.0165186
-0.00817142
0.0165988
-0.00761383
0.0163276
-0.00695577
0.0157234
-0.00622162
0.0148091
-0.00543263
0.0136111
-0.004607
0.0121591
-0.00376025
0.0104851
-0.00290552
0.00862273
-0.00205401
0.00660686
-0.00121537
0.00447339
-0.000398136
0.00225879
0.000389902
-8.82326e-21
0.00114136
-0.0022657
0.00184896
-0.00450078
0.00250535
-0.0066676
0.00310295
-0.00872845
0.00363393
-0.0106459
0.00409025
-0.0123828
0.00446387
-0.013903
0.00474695
-0.0151717
0.0049323
-0.016156
0.00501376
-0.016826
0.00498671
-0.017155
0.0048486
-0.017121
0.00459945
-0.0167072
0.00424224
-0.0159033
0.00378327
-0.0147058
0.00323225
-0.0131193
0.0026023
-0.0111566
0.00190965
-0.0088394
0.00117312
-0.00619843
-0.00327347
0.000413439
-0.0125731
0.00855085
0.00656216
-0.0174557
0.0133799
-0.0212527
0.0177589
-0.0240303
0.0216217
-0.0258717
0.0249137
-0.0268716
0.0275926
-0.0271303
0.029629
-0.0267494
0.0310063
-0.0258279
0.0317201
-0.02446
0.0317782
-0.0227323
0.031199
-0.0207234
0.0300112
-0.0185027
0.0282519
-0.0161311
0.0259659
-0.0136608
0.023204
-0.0111364
0.0200221
-0.00859556
0.0164801
-0.00607055
0.0126407
-0.00358892
0.00856932
-0.00117483
0.00433293
0.0011499
-1.76465e-20
0.00336487
-0.00435988
0.00545025
-0.00867623
0.00738616
-0.0128779
0.00915221
-0.0168935
0.0107274
-0.0206515
0.01209
-0.0240813
0.0132183
-0.0271136
0.0140906
-0.0296819
0.0146868
-0.0317232
0.014989
-0.0331797
0.014983
-0.0340004
0.0146597
-0.0341426
0.0140163
-0.0335736
0.0130579
-0.0322722
0.0117981
-0.0302301
0.0102598
-0.0274528
0.00847555
-0.0239608
0.00648697
-0.01979
0.00434393
-0.0149915
-0.00963176
0.00210296
-0.0256871
0.0155669
0.0167347
-0.0328537
0.0218096
-0.0383198
0.0274751
-0.0422017
0.0324762
-0.0446381
0.0367385
-0.0457811
0.0402014
-0.0457895
0.04282
-0.0448224
0.0445649
-0.0430339
0.0454231
-0.0405698
0.0453973
-0.0375644
0.0445052
-0.0341389
0.0427788
-0.0304013
0.0402626
-0.0264454
0.0370122
-0.0223523
0.0330927
-0.0181911
0.028577
-0.0140203
0.0235448
-0.00988932
0.0180805
-0.00584045
0.0122731
-0.00191027
0.0062146
0.00186859
0
0.00546603
-0.0062736
0.00885315
-0.0125072
0.0120012
-0.0186004
0.0148809
-0.0244517
0.017462
-0.0299597
0.0197132
-0.0350234
0.0216024
-0.0395438
0.0230979
-0.0434254
0.0241688
-0.0465778
0.0247874
-0.048918
0.0249302
-0.0503724
0.0245802
-0.0508793
0.023729
-0.0503906
0.0223783
-0.0488745
0.0205423
-0.0463166
0.0182481
-0.0427217
0.0155373
-0.0381144
0.0124653
-0.0325395
0.00910094
-0.0260618
-0.0187659
0.00552476
-0.0423772
0.0233459
0.0314004
-0.0510164
0.0304708
-0.0574483
0.0369558
-0.061837
0.0426953
-0.0643706
0.0475956
-0.0652514
0.0515776
-0.0646874
0.0545786
-0.0628855
0.0565538
-0.0600454
0.0574772
-0.0563554
0.0573421
-0.0519888
0.0561604
-0.0471025
0.0539617
-0.0418355
0.050792
-0.0363097
0.0467121
-0.0306297
0.0417953
-0.0248849
0.036126
-0.0191507
0.0297976
-0.0134907
0.0229111
-0.00795872
0.0155738
-0.00260082
0.0078979
0.00254241
1.12777e-14
0.00743409
-0.00799969
0.0120393
-0.015978
0.0163238
-0.0238091
0.0202526
-0.0313658
0.0237899
-0.0385199
0.0268982
-0.0451436
0.0295391
-0.0511116
0.0316736
-0.0563024
0.0332636
-0.0606008
0.0342734
-0.0639011
0.0346716
-0.066109
0.0344338
-0.067145
0.0335444
-0.0669471
0.0319994
-0.0654728
0.0298086
-0.0627013
0.0269973
-0.0586352
0.0236074
-0.053301
0.0196984
-0.046749
0.0153471
-0.0390536
-0.0303111
0.0106461
-0.0621049
0.0311428
0.0499876
-0.0714515
0.0387331
-0.0781978
0.0456767
-0.082549
0.0518504
-0.0847338
0.0571412
-0.0849946
0.0614501
-0.0835791
0.0646951
-0.080732
0.0668135
-0.0766891
0.0677637
-0.0716723
0.0675258
-0.0658864
0.0661019
-0.0595163
0.063515
-0.0527267
0.0598082
-0.0456613
0.0550423
-0.0384442
0.0492943
-0.0311809
0.0426551
-0.0239603
0.0352273
-0.0168571
0.0271235
-0.0099337
0.0184647
-0.00324328
0.00937891
0.00316824
1.13159e-14
0.00925975
-0.00953292
0.014993
-0.0190764
0.0203308
-0.0284835
0.0252357
-0.0376044
0.0296692
-0.0462882
0.033591
-0.0543839
0.0369592
-0.0617426
0.0397313
-0.06822
0.0418645
-0.0736792
0.0433181
-0.0779936
0.044055
-0.0810507
0.0440443
-0.0827548
0.0432641
-0.0830306
0.0417034
-0.0818256
0.0393655
-0.0791127
0.0362697
-0.0748912
0.0324531
-0.0691879
0.0279719
-0.0620568
0.0229017
-0.0535783
-0.0438575
0.0173371
-0.0842684
0.0382901
0.0718291
-0.0936254
0.0460422
-0.100102
0.0531853
-0.103935
0.0595784
-0.105383
0.0650893
-0.104718
0.0695984
-0.102218
0.0730035
-0.0981551
0.0752226
-0.0927927
0.0761962
-0.0863784
0.0758892
-0.0791405
0.0742908
-0.071286
0.0714145
-0.062999
0.0672965
-0.0544408
0.0619945
-0.0457501
0.0555849
-0.037045
0.0481612
-0.0284249
0.0398312
-0.0199724
0.0307149
-0.0117565
0.0209432
-0.00383487
0.0106558
0.00374341
3.5293e-20
0.0109352
-0.01087
0.0177009
-0.0217942
0.024003
-0.0326081
0.0298037
-0.0431432
0.0350645
-0.053229
0.0397449
-0.0626945
0.0438027
-0.0713709
0.0471943
-0.0790939
0.0498755
-0.0857074
0.0518031
-0.0910669
0.0529369
-0.0950431
0.0532419
-0.0975262
0.0526907
-0.0984287
0.0512666
-0.097689
0.0489658
-0.0952733
0.0458001
-0.0911775
0.0417989
-0.0854277
0.0370107
-0.0780801
0.031504
-0.0692191
-0.0589561
0.0253676
-0.108219
0.0442178
0.0961868
-0.116975
0.0519329
-0.122677
0.0591085
-0.125581
0.0655864
-0.125967
0.0712149
-0.124126
0.0758547
-0.120356
0.079383
-0.114949
0.0816978
-0.108186
0.0827212
-0.100334
0.0824011
-0.0916381
0.0807122
-0.0823208
0.0776561
-0.0725809
0.0732601
-0.0625924
0.0675753
-0.0525051
0.0606749
-0.0424464
0.0526515
-0.0325229
0.0436146
-0.022823
0.0336887
-0.0134197
0.0230108
-0.00437329
0.0117287
0.00426574
-3.5293e-20
0.012454
-0.0120095
0.0201525
-0.024127
0.0273249
-0.0361733
0.0339353
-0.0479648
0.0399471
-0.0593147
0.0453218
-0.0700353
0.0500192
-0.0799406
0.0539972
-0.0888496
0.0572126
-0.0965896
0.0596227
-0.103001
0.0611865
-0.107939
0.0618672
-0.111282
0.0616347
-0.112932
0.0604677
-0.112818
0.0583569
-0.110902
0.0553068
-0.107174
0.0513386
-0.10166
0.0464914
-0.0944175
0.0408239
-0.0855333
-0.0751233
0.0344144
-0.133277
0.0484658
0.122272
-0.140917
0.0560374
-0.145425
0.0631583
-0.147067
0.0696543
-0.146132
0.075356
-0.142924
0.0801047
-0.137749
0.0837581
-0.130911
0.0861947
-0.122704
0.087318
-0.113405
0.0870584
-0.103271
0.0853753
-0.0925347
0.082257
-0.0814052
0.0777198
-0.070065
0.0718066
-0.0586713
0.0645848
-0.0473577
0.0561435
-0.0362357
0.0465916
-0.0253971
0.0360546
-0.014917
0.0246729
-0.00485665
0.0125999
0.00473352
0
0.0138113
-0.0129523
0.0223397
-0.0260742
0.030285
-0.0391752
0.0376145
-0.0520593
0.0442949
-0.0645267
0.0502917
-0.0763759
0.0555683
-0.0874067
0.0600862
-0.097424
0.0638054
-0.106241
0.0666858
-0.113685
0.0686882
-0.1196
0.0697767
-0.123853
0.0699204
-0.126336
0.0690962
-0.126972
0.0672912
-0.125716
0.0645046
-0.122556
0.0607504
-0.117515
0.0560592
-0.110652
0.0504791
-0.102056
-0.0918447
0.0440772
-0.158738
0.0506924
0.149261
-0.164854
0.0580896
-0.167842
0.0651339
-0.167969
0.071637
-0.165526
0.0774138
-0.160817
0.0822881
-0.154153
0.0860995
-0.145843
0.0887082
-0.136184
0.0899994
-0.125461
0.0898867
-0.113936
0.0883138
-0.101847
0.0852549
-0.0894104
0.0807144
-0.0768122
0.0747254
-0.0642149
0.0673477
-0.0517553
0.0586654
-0.0395476
0.048784
-0.027685
0.0378282
-0.0162434
0.0259394
-0.00528358
0.0132736
0.00514552
-5.68807e-15
0.0150037
-0.0137011
0.0242571
-0.0276393
0.0328754
-0.0416157
0.0408301
-0.0554248
0.0480925
-0.068856
0.054633
-0.0816969
0.0604199
-0.093736
0.0654199
-0.104767
0.0695978
-0.114591
0.0729179
-0.123025
0.0753449
-0.129903
0.0768458
-0.135082
0.0773916
-0.138448
0.0769599
-0.139917
0.0755365
-0.139439
0.073118
-0.136999
0.0697135
-0.132619
0.065347
-0.126357
0.0600582
-0.118304
-0.108581
0.0539038
-0.183888
0.0506779
0.176312
-0.188183
0.0579282
-0.189423
0.0649238
-0.187866
0.0714653
-0.183797
0.0773542
-0.177516
0.0823994
-0.169333
0.0864243
-0.159553
0.0892722
-0.148474
0.0908117
-0.136381
0.0909401
-0.123538
0.0895855
-0.110186
0.0867082
-0.096541
0.0822999
-0.0827936
0.0763832
-0.0691071
0.0690092
-0.0556197
0.0602551
-0.0424461
0.0502218
-0.0296797
0.0390311
-0.0173956
0.0268236
-0.00565311
0.0137561
0.00550098
-1.12077e-14
0.0160294
-0.0142605
0.0259018
-0.0288297
0.0350921
-0.0435027
0.0435764
-0.0580665
0.0513312
-0.0723027
0.0583324
-0.0859901
0.0645543
-0.0989082
0.0699694
-0.110841
0.0745485
-0.121583
0.0782617
-0.130939
0.0810791
-0.138738
0.0829724
-0.144828
0.0839166
-0.14909
0.0838919
-0.151433
0.0828856
-0.151804
0.080894
-0.150186
0.0779247
-0.1466
0.0739974
-0.141103
0.0691464
-0.133787
-0.124774
0.0634206
-0.208011
0.0483266
0.202573
-0.210305
0.055497
-0.209666
0.062506
-0.206342
0.0691459
-0.200604
0.0752076
-0.192744
0.0804877
-0.183062
0.0847956
-0.171859
0.0879601
-0.159429
0.0898344
-0.146051
0.0903006
-0.13199
0.0892721
-0.117484
0.0866953
-0.102749
0.0825495
-0.0879748
0.076846
-0.0733244
0.0696264
-0.0589355
0.0609602
-0.044922
0.0509424
-0.0313762
0.0396906
-0.0183714
0.0273429
-0.00596481
0.0140554
0.0057996
5.61152e-15
0.0168878
-0.0146369
0.0272733
-0.0296566
0.0369344
-0.0448496
0.0458521
-0.0599978
0.0540083
-0.0748767
0.0613846
-0.0892587
0.0679616
-0.102917
0.073718
-0.115627
0.0786313
-0.127177
0.0826781
-0.137366
0.0858347
-0.146016
0.088079
-0.152969
0.0893911
-0.158101
0.0897558
-0.161317
0.0891639
-0.162563
0.0876138
-0.161817
0.0851137
-0.1591
0.0816827
-0.154469
0.0773519
-0.148016
-0.139865
0.0721661
-0.230396
0.0436662
0.227197
-0.230627
0.0508454
-0.228083
0.057948
-0.222994
0.0647612
-0.215618
0.0710683
-0.206233
0.076656
-0.195128
0.0813225
-0.182593
0.0848837
-0.168916
0.0871794
-0.154371
0.0880777
-0.139216
0.0874782
-0.123686
0.0853142
-0.107994
0.0815524
-0.0923284
0.0761929
-0.076849
0.0692674
-0.0616921
0.0608371
-0.0469697
0.0509901
-0.0327721
0.0398389
-0.0191702
0.027518
-0.00621864
0.0141812
0.00604155
0
0.0175798
-0.0148388
0.0283735
-0.0301347
0.0384052
-0.0456754
0.0476607
-0.0612393
0.0561271
-0.0765976
0.0637919
-0.0915179
0.0706414
-0.105768
0.0766609
-0.119119
0.0818346
-0.131353
0.0861455
-0.142264
0.089577
-0.151669
0.0921133
-0.159407
0.0937408
-0.165348
0.0944498
-0.169396
0.0942358
-0.171493
0.0931013
-0.171617
0.091057
-0.169786
0.0881233
-0.166057
0.0843314
-0.160522
-0.153306
0.0797242
-0.250355
0.0368465
0.249356
-0.248581
0.0441258
-0.244206
0.0514049
-0.237442
0.058468
-0.228532
0.0650934
-0.217737
0.0710606
-0.205335
0.0761584
-0.191604
0.0801921
-0.176821
0.0829897
-0.161253
0.0844068
-0.145151
0.0843303
-0.128746
0.0826806
-0.112246
0.0794127
-0.0958343
0.0745155
-0.0796691
0.0680105
-0.0638835
0.0599503
-0.048587
0.0504155
-0.0338673
0.0395129
-0.0197927
0.0273724
-0.00641507
0.0141449
0.00622745
7.05861e-20
0.0181077
-0.014876
0.0292065
-0.0302819
0.0395105
-0.0460042
0.0490099
-0.0618187
0.0576968
-0.077494
0.0655636
-0.0927942
0.0726025
-0.107483
0.0788047
-0.121329
0.0841606
-0.134108
0.0886599
-0.145613
0.0922924
-0.155655
0.0950488
-0.16407
0.096922
-0.170727
0.0979083
-0.175527
0.0980086
-0.178407
0.09723
-0.179346
0.095587
-0.178361
0.0931028
-0.175506
0.0898102
-0.170874
-0.164589
0.0857524
-0.267237
0.0281344
0.268262
-0.26363
0.0355908
-0.257598
0.0431162
-0.249334
0.0504942
-0.239063
0.0574998
-0.227035
0.0639074
-0.21351
0.0694985
-0.198758
0.0740694
-0.183043
0.0774376
-0.166624
0.0794476
-0.149745
0.0799745
-0.13263
0.0789269
-0.115482
0.0762482
-0.0984804
0.0719164
-0.0817793
0.0659429
-0.0655087
0.0583714
-0.0497753
0.049275
-0.0346641
0.0387538
-0.0202409
0.0269328
-0.00655499
0.0139592
0.00635835
-5.32177e-15
0.0184748
-0.0147598
0.0297784
-0.0301195
0.0402593
-0.0458649
0.0499115
-0.0617707
0.0587313
-0.0776035
0.0667157
-0.0931253
0.0738617
-0.108097
0.0801661
-0.122284
0.0856247
-0.135461
0.0902331
-0.147416
0.0939872
-0.157957
0.0968838
-0.16692
0.0989216
-0.174169
0.100103
-0.179604
0.100434
-0.183159
0.0999258
-0.184812
0.0985982
-0.184578
0.0964771
-0.182509
0.0935976
-0.178697
-0.173262
0.090004
-0.280445
0.0179067
0.283189
-0.275291
0.0255858
-0.267869
0.0334001
-0.258357
0.0411337
-0.246968
0.0485599
-0.233936
0.055449
-0.21951
0.0615765
-0.203948
0.0667311
-0.187505
0.0707212
-0.170431
0.073381
-0.152962
0.0745746
-0.135317
0.0741996
-0.117692
0.0721882
-0.100263
0.0685075
-0.0831808
0.0631594
-0.0665717
0.0561782
-0.0505397
0.0476292
-0.0351674
0.037606
-0.0205185
0.0262279
-0.00663973
0.0136379
0.00643569
5.19955e-15
0.0186859
-0.0145029
0.0300975
-0.0296711
0.0406634
-0.0452906
0.0503809
-0.0611357
0.0592494
-0.0769719
0.0672699
-0.0925596
0.0744435
-0.107658
0.0807712
-0.12203
0.0862539
-0.135448
0.090892
-0.147699
0.0946864
-0.158588
0.0976394
-0.167948
0.0997548
-0.175642
0.10104
-0.181565
0.101505
-0.185653
0.101168
-0.187879
0.100049
-0.188254
0.0981785
-0.18683
0.0955937
-0.183693
-0.178964
0.0923399
-0.289462
0.00663758
0.2935
-0.283147
0.0145385
-0.274687
0.0226442
-0.264253
0.030739
-0.252045
0.0385946
-0.238288
0.045978
-0.223222
0.0526594
-0.207094
0.0584205
-0.190153
0.0630612
-0.172639
0.0664061
-0.154783
0.0683092
-0.136798
0.0686571
-0.118876
0.0673713
-0.101188
0.0644085
-0.0838816
0.0597606
-0.0670815
0.053453
-0.0508889
0.0455429
-0.0353845
0.0361167
-0.0206301
0.0252883
-0.00667101
0.0131959
0.00646133
5.09826e-15
0.0187467
-0.0141189
0.0301737
-0.0289628
0.0407371
-0.0443184
0.0504365
-0.0599598
0.0592739
-0.0756523
0.0672532
-0.0911551
0.0743785
-0.106226
0.0806545
-0.120627
0.0860855
-0.134128
0.0906761
-0.146513
0.0944313
-0.157588
0.0973575
-0.167181
0.0994627
-0.175153
0.100758
-0.181398
0.101258
-0.185847
0.100983
-0.18847
0.0999579
-0.189277
0.0982138
-0.188313
0.0957895
-0.185662
-0.181436
0.0927308
-0.293875
0.298682
-0.28687
-0.277797
-0.266824
-0.254147
-0.239985
-0.224573
-0.20815
-0.190959
-0.173236
-0.155207
-0.13708
-0.119044
-0.101268
-0.0838966
-0.0670522
-0.0508352
-0.0353248
-0.0205819
-0.00665099
0.00643748
0.0186642
0.0300186
0.0404969
0.0500999
0.0588315
0.0666971
0.0737034
0.0798572
0.0851657
0.0896363
0.0932771
0.0960973
0.0981084
0.0993243
0.0997626
0.0994452
0.0983991
0.0966574
0.094259
0.0912497
0.185351
0.0826208
0.18812
0.0839554
0.187555
0.0837353
0.183552
0.0819004
0.17612
0.0784663
0.165404
0.0735308
0.151696
0.067273
0.135441
0.0599463
0.117234
0.0518645
0.0977985
0.0433825
0.0779675
0.0348738
0.0586396
0.0267065
0.0407374
0.0192199
0.0251586
0.012705
0.0127284
0.00738898
0.00415609
0.0034261
0.000895489
0.178205
0.0738374
0.181221
0.0750389
0.181275
0.074961
0.178254
0.0735537
0.172143
0.0708223
0.16303
0.0668325
0.151126
0.0617111
0.136766
0.0556419
0.120411
0.0488567
0.102638
0.0416235
0.0841205
0.0342311
0.0656062
0.0269722
0.0478821
0.0201269
0.0317397
0.0139473
0.0179367
0.00864424
0.0071613
0.00437852
0.0012556
0.169863
0.0650678
0.173085
0.0661455
0.173684
0.0661811
0.171544
0.0651323
0.166624
0.062997
0.15897
0.059817
0.148725
0.0556791
0.136132
0.0507132
0.12154
0.0450869
0.105397
0.0389982
0.0882394
0.0326655
0.0706757
0.0263162
0.0533637
0.0201752
0.0369843
0.0144533
0.0222133
0.00933689
0.00969198
0.00497991
0.00149803
0.160516
0.0564659
0.163898
0.0574265
0.164964
0.0575477
0.163598
0.0567939
0.15974
0.0551576
0.153401
0.0526633
0.144667
0.0493679
0.133708
0.0453603
0.120778
0.0407585
0.106216
0.0357053
0.0904397
0.0303618
0.0739323
0.0249002
0.0572315
0.0194959
0.0409091
0.0143192
0.0255503
0.00952805
0.0117319
0.00526074
0.00163094
0.150365
0.0481687
0.153855
0.0490172
0.155308
0.0491985
0.154609
0.0486821
0.151685
0.0474578
0.146518
0.0455373
0.139149
0.0429559
0.129688
0.039772
0.118312
0.0360662
0.105268
0.0319381
0.0908711
0.0275035
0.0754964
0.0228891
0.0595718
0.0182274
0.0435646
0.0136516
0.0279673
0.00928986
0.0132813
0.00526014
0.00166581
0.139608
0.0402937
0.143153
0.0410346
0.144915
0.041253
0.144779
0.0409234
0.142663
0.0400339
0.138529
0.0385878
0.132382
0.0366049
0.124284
0.0341216
0.114348
0.0311905
0.102747
0.0278789
0.0897092
0.0242671
0.0755168
0.0204451
0.0605
0.01651
0.0450295
0.0125622
0.0295071
0.00870144
0.0143543
0.00502352
0.00161672
0.12844
0.0329384
0.131987
0.033576
0.133981
0.0338121
0.134308
0.0336253
0.132881
0.0330034
0.129646
0.0319443
0.124582
0.0304574
0.117713
0.0285633
0.109102
0.0262946
0.0988604
0.0236947
0.0871462
0.0208168
0.0741619
0.0177227
0.0601531
0.0144806
0.0454041
0.0111631
0.0302315
0.00784487
0.0149773
0.00459993
0.00149949
0.117045
0.0261795
0.120544
0.0267187
0.122695
0.0269565
0.12339
0.0268754
0.12254
0.0264635
0.120077
0.0257158
0.115965
0.0246347
0.110194
0.0232305
0.102793
0.0215214
0.0938223
0.0195338
0.0833827
0.0173011
0.0716114
0.0148637
0.0586823
0.0122674
0.0448041
0.00956224
0.0302164
0.00680148
0.0151858
0.00403958
0.00133079
0.105592
0.0200743
0.108994
0.0205206
0.111235
0.0207478
0.11221
0.0207415
0.11183
0.020491
0.110023
0.0199899
0.106736
0.0192364
0.101941
0.0182341
0.0956353
0.0169919
0.0878435
0.015524
0.0786199
0.0138502
0.068049
0.0119949
0.0562456
0.00998717
0.0433541
0.00785981
0.0295469
0.00564861
0.015022
0.00339146
0.00112733
0.0942323
0.0146617
0.0974936
0.0150216
0.0997601
0.0152291
0.100934
0.0152727
0.100928
0.0151432
0.0996659
0.0148339
0.0970884
0.0143408
0.0931519
0.0136636
0.0878321
0.0128051
0.0811259
0.0117719
0.0730527
0.0105741
0.0636554
0.00922535
0.0530012
0.00774254
0.0411818
0.0061456
0.0283126
0.00445704
0.0145321
0.00270147
0.000905064
0.0830946
0.0099645
0.0861751
0.0102454
0.0884101
0.0104273
0.089709
0.0105013
0.089988
0.0104596
0.0891719
0.0102961
0.0871962
0.0100063
0.0840082
0.00958741
0.0795695
0.00903905
0.0738569
0.00836295
0.0668639
0.00756319
0.058602
0.00664618
0.0491018
0.00562061
0.0384127
0.00449734
0.026604
0.00328925
0.013764
0.00201096
0.000678631
0.0722861
0.00599238
0.0751498
0.00620261
0.0773019
0.00635568
0.0786595
0.00644498
0.079144
0.00646449
0.0786829
0.00640887
0.0772105
0.00627369
0.0746698
0.00605559
0.0710132
0.0057524
0.0662045
0.00536327
0.0602194
0.00488875
0.0530468
0.00433083
0.0446897
0.00369297
0.0351658
0.00298009
0.024508
0.0021985
0.0127648
0.00135584
0.000460956
0.0618899
0.00274517
0.0645052
0.00289371
0.0665287
0.00301711
0.0678858
0.00311073
0.0685045
0.00317007
0.0683166
0.00319093
0.0672583
0.00316953
0.0652717
0.00310257
0.0623051
0.00298739
0.0583148
0.002822
0.0532651
0.00260518
0.0471299
0.00233653
0.0398932
0.00201652
0.0315498
0.0016465
0.0221058
0.0012287
0.0115792
0.000766228
0.000263038
0.051966
0.000216621
0.0543049
0.00031304
0.0561594
0.00040783
0.0574635
0.000497922
0.0581528
0.000580232
0.058165
0.000651725
0.0574405
0.000709485
0.0559235
0.000750784
0.053562
0.000773138
0.0503092
0.00077437
0.046124
0.00075266
0.0409715
0.000706594
0.0348238
0.000635202
0.0276607
0.000537988
0.0194699
0.00041495
0.0102479
0.000266595
9.39378e-05
0.0425521
-0.00160172
0.0445901
-0.0015474
0.0462397
-0.00147872
0.0474443
-0.00139747
0.0481477
-0.00130554
0.048295
-0.00120491
0.0478324
-0.00109756
0.0467086
-0.000985461
0.0448746
-0.00087055
0.0422845
-0.00075467
0.0388959
-0.000639548
0.0346705
-0.000526759
0.0295747
-0.0004177
0.0235799
-0.000313561
0.016663
-0.000215309
0.00880661
-0.000123664
-3.90884e-05
0.0336665
-0.00271644
0.0353812
-0.00269393
0.0367939
-0.00264779
0.0378575
-0.00257885
0.0385249
-0.00248807
0.0387493
-0.00237653
0.0384845
-0.00224538
0.0376857
-0.00209583
0.0363091
-0.00192915
0.0343128
-0.00174663
0.0316571
-0.00154955
0.0283045
-0.00133921
0.0242206
-0.00111686
0.0193741
-0.000883695
0.013737
-0.000640859
0.00728562
-0.000389414
-0.000130333
0.0253105
-0.00312845
0.026681
-0.00312728
0.0278276
-0.00309942
0.0287129
-0.00304505
0.0292993
-0.00296448
0.0295492
-0.0028581
0.0294252
-0.00272642
0.0288904
-0.00257001
0.0279083
-0.00238953
0.0264437
-0.00218571
0.0244621
-0.00195931
0.0219307
-0.00171117
0.0188181
-0.00144214
0.0150949
-0.00115313
0.0107337
-0.000845044
0.00570951
-0.000518798
-0.00017532
0.0174725
-0.00282933
0.0184785
-0.002839
0.0193314
-0.00282484
0.020004
-0.00278672
0.0204687
-0.00272453
0.0206978
-0.00263829
0.0206637
-0.00252808
0.0203386
-0.00239402
0.0196953
-0.00223635
0.0187066
-0.00205534
0.0173462
-0.00185134
0.0155882
-0.00162474
0.0134077
-0.00137601
0.0107807
-0.00110564
0.00768453
-0.000814192
0.00409761
-0.000502262
-0.000170483
0.010132
-0.00179834
0.0107527
-0.00180836
0.0112851
-0.00180337
0.0117124
-0.00178315
0.0120177
-0.00174754
0.012184
-0.00169639
0.0121941
-0.00162963
0.0120307
-0.0015472
0.0116766
-0.0014491
0.0111148
-0.00133537
0.0103285
-0.00120608
0.00930107
-0.00106136
0.0080164
-0.000901342
0.00645878
-0.000726238
0.00461305
-0.000536275
0.00246471
-0.000331721
-0.000112879
0.00326434
-3.57299e-18
0.00347732
-2.83347e-18
0.00366184
-3.03682e-18
0.00381222
-2.95513e-18
0.00392266
-2.30016e-18
0.0039873
-2.1892e-18
0.00400024
-2.08335e-18
0.00395553
-1.56149e-18
0.00384724
-1.08636e-18
0.00366946
-7.75008e-19
0.00341632
-4.38043e-19
0.00308203
-4.40293e-19
0.00266093
-5.47228e-19
0.00214746
-3.83572e-19
0.00153625
-1.95859e-19
0.000822081
-7.85102e-20
-1.57106e-20
-0.00315514
0.00261743
-0.00337466
0.00263758
-0.00356657
0.00263599
-0.00372501
0.00261218
-0.00384403
0.00256572
-0.00391759
0.00249626
-0.00393962
0.00240349
-0.00390399
0.00228716
-0.0038046
0.00214709
-0.00363535
0.00198315
-0.00339019
0.00179527
-0.00306315
0.00158347
-0.00264838
0.00134781
-0.00214014
0.00108843
-0.00153288
0.000805521
-0.000821211
0.000499363
0.000170292
-0.00914689
0.00612239
-0.00982679
0.00617246
-0.0104259
0.00617146
-0.010926
0.0061182
-0.0113089
0.00601163
-0.0115557
0.00585086
-0.0116478
0.00563512
-0.0115664
0.00536379
-0.0112926
0.00503643
-0.0108077
0.00465273
-0.0100933
0.00421255
-0.00913121
0.00371594
-0.00790352
0.00316309
-0.00639296
0.0025544
-0.00458278
0.00189041
-0.00245689
0.00117186
0.000399667
-0.0147236
0.0105994
-0.0158954
0.0106885
-0.0169353
0.0106885
-0.0178118
0.0105973
-0.0184932
0.010413
-0.0189476
0.0101341
-0.0191429
0.00975938
-0.0190468
0.00928783
-0.0186275
0.00871882
-0.0178533
0.00805202
-0.0166932
0.00728742
-0.0151168
0.00642536
-0.0130947
0.0054665
-0.0105984
0.00441189
-0.00760074
0.00326289
-0.00407599
0.00202125
0.000689059
-0.0198875
0.0161471
-0.021587
0.0162835
-0.0231043
0.0162825
-0.0243939
0.0161408
-0.0254097
0.0158559
-0.0261056
0.0154256
-0.0264353
0.0148482
-0.0263528
0.0141227
-0.0258127
0.0132486
-0.0247707
0.0122259
-0.0231832
0.0110552
-0.0210086
0.00973781
-0.0182065
0.00827562
-0.0147391
0.00667112
-0.0105704
0.00492744
-0.00566744
0.00304835
0.00103823
-0.024629
0.0228749
-0.0268959
0.0230655
-0.0289308
0.0230582
-0.0306726
0.0228486
-0.0320598
0.0224334
-0.0330308
0.02181
-0.0335246
0.0209768
-0.0334809
0.0199331
-0.032841
0.0186792
-0.0315478
0.0172162
-0.0295466
0.0155465
-0.0267851
0.0136733
-0.0232147
0.0116012
-0.0187898
0.00933528
-0.0134695
0.00688219
-0.00721681
0.00424932
0.00144517
-0.0289259
0.0308986
-0.0318041
0.0311485
-0.0344001
0.0311254
-0.0366355
0.0308239
-0.0384319
0.0302403
-0.0397114
0.029372
-0.0403972
0.0282181
-0.0404147
0.026779
-0.0396917
0.0250571
-0.0381595
0.0230562
-0.0357532
0.0207816
-0.0324126
0.0182407
-0.028083
0.0154421
-0.0227156
0.0123964
-0.016268
0.00911573
-0.00870531
0.00561366
0.00190539
-0.0327443
0.0403348
-0.0362814
0.0406463
-0.039485
0.0405926
-0.0422574
0.0401674
-0.0445016
0.0393668
-0.046122
0.0381893
-0.0470256
0.0366356
-0.047123
0.034709
-0.0463292
0.0324155
-0.0445651
0.0297635
-0.0417578
0.0267641
-0.0378423
0.0234309
-0.032762
0.0197803
-0.0264693
0.0158308
-0.0189272
0.0116036
-0.0101091
0.00712188
0.00241114
-0.0360409
0.0512934
-0.0402873
0.0516659
-0.0441472
0.0515602
-0.0475013
0.0509697
-0.0502318
0.0498912
-0.0522242
0.0483252
-0.0533683
0.0462761
-0.05356
0.0437522
-0.0527025
0.0407656
-0.0507081
0.0373325
-0.0474993
0.033473
-0.0430102
0.0292111
-0.0371874
0.0245743
-0.0299918
0.0195939
-0.0213987
0.0143044
-0.0113991
0.00874327
0.00295064
-0.0387653
0.0638707
-0.0437737
0.0642994
-0.0483401
0.0641125
-0.0523208
0.0633035
-0.0555752
0.0618713
-0.0579679
0.0598204
-0.059371
0.0571612
-0.059666
0.0539101
-0.0587457
0.0500891
-0.0565167
0.0457264
-0.0529006
0.0408558
-0.0478362
0.0355167
-0.0412807
0.0297535
-0.0332111
0.0236156
-0.0236249
0.0171566
-0.012541
0.0104337
0.00350736
-0.0408642
0.0781405
-0.0466879
0.078616
-0.0520112
0.0783094
-0.0566627
0.0772153
-0.0604761
0.0753366
-0.0632936
0.0726843
-0.0649687
0.0692784
-0.0653691
0.0651476
-0.0643795
0.0603291
-0.0619043
0.0548688
-0.0578696
0.0488204
-0.0522261
0.0422455
-0.0449497
0.0352125
-0.0360438
0.0277957
-0.0255394
0.0200749
-0.0134958
0.0121339
0.00405951
-0.0422855
0.0941456
-0.0489772
0.0946531
-0.0551067
0.0941778
-0.0604707
0.0927169
-0.0648743
0.0902792
-0.0681354
0.0868865
-0.0700883
0.0825729
-0.0705879
0.0773853
-0.0695136
0.0713828
-0.0667724
0.0646366
-0.0623018
0.0572288
-0.0560727
0.0492516
-0.0480907
0.0408061
-0.038397
0.0320003
-0.0270693
0.0229485
-0.014221
0.0137683
0.00457976
-0.0429827
0.111889
-0.0505926
0.112409
-0.0575744
0.111704
-0.0636886
0.109777
-0.0687082
0.106647
-0.0724243
0.102349
-0.0746517
0.0969398
-0.0752341
0.0904913
-0.0740493
0.0830938
-0.0710129
0.0748534
-0.0660824
0.0658912
-0.0592593
0.0563407
-0.0505908
0.0463463
-0.0401702
0.0360602
-0.0281365
0.0256398
-0.0146721
0.0152451
0.00503527
-0.042919
0.131328
-0.0514928
0.131833
-0.0593683
0.130826
-0.0662646
0.128316
-0.0719183
0.124334
-0.0760915
0.11894
-0.0785791
0.112218
-0.0792159
0.104276
-0.0778827
0.095247
-0.0745117
0.0852848
-0.06909
0.0745622
-0.0616624
0.0632675
-0.0523321
0.0516008
-0.0412598
0.0397697
-0.0286615
0.0279851
-0.0148041
0.0164566
0.00538818
-0.0420712
0.152362
-0.0516477
0.152822
-0.0604515
0.151427
-0.0681539
0.148196
-0.0744505
0.143181
-0.0790716
0.136469
-0.0817924
0.128185
-0.0824414
0.118488
-0.0809089
0.107565
-0.0771523
0.0956358
-0.0712008
0.0829398
-0.0631568
0.0697356
-0.0531955
0.0562936
-0.0415621
0.0428893
-0.028566
0.0297966
-0.0145739
0.0172818
0.00559644
-0.0404324
0.174835
-0.0510416
0.175214
-0.0607993
0.173334
-0.069322
0.169224
-0.0762589
0.162964
-0.0813059
0.154682
-0.0842183
0.144556
-0.0848223
0.13281
-0.0830249
0.119708
-0.0788199
0.105551
-0.0722926
0.090666
-0.0636194
0.0753997
-0.0530656
0.0601086
-0.0409782
0.045149
-0.0277772
0.0308669
-0.0139425
0.0175893
0.00561518
-0.0380144
0.198522
-0.0496749
0.198785
-0.060401
0.196309
-0.0697467
0.191143
-0.0773086
0.1834
-0.0827448
0.173264
-0.0857915
0.160983
-0.0862771
0.146866
-0.0841341
0.131275
-0.0794059
0.114618
-0.0722498
0.0973315
-0.0629351
0.0798709
-0.0518357
0.0626958
-0.0394194
0.0462555
-0.0262317
0.0309749
-0.0128776
0.0172423
0.00539839
-0.0348486
0.223139
-0.0475651
0.223248
-0.0592616
0.220059
-0.0694198
0.213639
-0.0775772
0.204149
-0.0833505
0.191841
-0.0864574
0.177057
-0.0867344
0.160218
-0.0841499
0.14181
-0.078812
0.122374
-0.0709686
0.102483
-0.0610014
0.0827256
-0.0494138
0.0636805
-0.0368116
0.0459008
-0.0238799
0.0298936
-0.0113559
0.0161037
0.0049011
-0.0309861
0.248333
-0.0447477
0.248259
-0.0574017
0.24423
-0.0683479
0.236342
-0.0770564
0.224813
-0.0830986
0.209986
-0.0861748
0.19232
-0.0861363
0.172379
-0.0830001
0.150808
-0.0769557
0.128314
-0.0683619
0.105636
-0.057735
0.0835168
-0.0457278
0.0626749
-0.0331009
0.0437738
-0.0206896
0.0274002
-0.00936575
0.0140435
0.00408168
-0.0264968
0.273695
-0.0412748
0.273416
-0.0548583
0.268421
-0.066553
0.258835
-0.075753
0.244951
-0.0819799
0.227226
-0.0849182
0.20627
-0.0844417
0.182824
-0.0806301
0.157732
-0.0737737
0.131905
-0.0643647
0.106283
-0.0530765
0.0817887
-0.0407311
0.0592928
-0.0282588
0.0395732
-0.0166506
0.0232864
-0.00690912
0.0109452
0.00290445
-0.0214677
0.298761
-0.0372145
0.298272
-0.0516829
0.292186
-0.0640719
0.280663
-0.0736892
0.264088
-0.0800019
0.243059
-0.08268
0.218375
-0.081629
0.191
-0.0770074
0.162023
-0.0692276
0.132604
-0.0589393
0.103917
-0.046996
0.077093
-0.0344082
0.0531654
-0.0222863
0.0330221
-0.0117776
0.0173706
-0.00400349
0.00671429
0.00134229
0.0944985
-0.18779
-0.0911711
0.097196
-0.190139
0.0992032
-0.190675
0.10047
-0.189361
0.100955
-0.186204
0.100627
-0.181254
0.0994646
-0.1746
0.0974524
-0.166362
0.0945821
-0.156694
0.09085
-0.145769
0.0862557
-0.13378
0.080801
-0.120931
0.0744882
-0.107432
0.0673198
-0.0934929
0.0592978
-0.0793232
0.0504236
-0.0651245
0.0406983
-0.0510895
0.0301235
-0.0373992
0.0187024
-0.0242214
0.00644176
-0.0117093
-0.00664671
1.96003e-15
-0.0205437
0.0107863
-0.0352199
0.020547
-0.0506338
0.0291976
-0.0667285
0.0366725
-0.0834302
0.0429253
-0.100645
0.0479288
-0.118259
0.0516752
-0.136136
0.0541758
-0.154117
0.0554601
-0.172023
0.0555758
-0.189654
0.0545871
-0.206795
0.0525738
-0.223216
0.0496297
-0.238683
0.0458613
-0.252955
0.0413857
-0.265799
0.0363288
-0.276993
0.0308233
-0.286331
0.0250061
-0.293636
0.0190161
0.0129911
0.0915662
-0.185866
-0.0879587
0.0945448
-0.188725
0.0968299
-0.189733
0.0983678
-0.188851
0.0991149
-0.186085
0.099038
-0.181484
0.0981127
-0.175137
0.0963227
-0.167166
0.0936581
-0.157723
0.0901143
-0.146981
0.0856898
-0.135132
0.0803853
-0.122378
0.0742026
-0.108928
0.0671434
-0.0949909
0.0592092
-0.0807728
0.0504009
-0.0664733
0.0407194
-0.0522831
0.0301661
-0.0383816
0.0187443
-0.0249349
0.00646109
-0.0120954
-0.00667126
2.07918e-15
-0.0206325
0.0112305
-0.0353921
0.0214918
-0.0509066
0.0306969
-0.067117
0.0387767
-0.0839463
0.0456796
-0.101297
0.0513726
-0.119052
0.0558404
-0.137067
0.0590859
-0.155179
0.0611291
-0.173201
0.0620073
-0.190926
0.0617733
-0.208129
0.0604954
-0.224572
0.0582556
-0.240008
0.0551484
-0.254188
0.0512801
-0.266868
0.0467661
-0.277815
0.0417305
-0.286816
0.036303
-0.293686
0.0306175
0.0248092
0.0872814
-0.18085
-0.0833427
0.0905914
-0.184454
0.0932052
-0.186156
0.0950661
-0.185917
0.0961287
-0.183743
0.0963574
-0.179685
0.0957265
-0.17383
0.0942182
-0.166301
0.0918216
-0.157251
0.0885305
-0.146853
0.0843428
-0.135298
0.0792581
-0.122788
0.0732776
-0.109529
0.0664024
-0.0957285
0.0586334
-0.08159
0.0499714
-0.0673115
0.0404171
-0.0530813
0.0299724
-0.039077
0.018641
-0.0254635
0.00643071
-0.0123923
-0.00664471
-2.21069e-15
-0.0205634
0.0115917
-0.0352926
0.0222769
-0.050786
0.0319659
-0.0669811
0.0405856
-0.0837968
0.0480794
-0.101131
0.0544077
-0.118858
0.0595476
-0.13683
0.0634932
-0.154873
0.0662544
-0.172793
0.0678574
-0.19037
0.0683434
-0.207369
0.067768
-0.223538
0.066201
-0.238618
0.0637245
-0.252345
0.0604327
-0.264458
0.0564308
-0.274712
0.0518332
-0.282878
0.0467626
-0.288757
0.0413478
0.0357217
0.0818834
-0.172863
-0.0776027
0.0855388
-0.177407
0.0884989
-0.179991
0.090705
-0.180578
0.0921095
-0.179174
0.0926756
-0.175829
0.092376
-0.170634
0.0911914
-0.163712
0.0891095
-0.155216
0.0861232
-0.145318
0.082229
-0.13421
0.0774255
-0.122091
0.071713
-0.109166
0.0650919
-0.0956394
0.0575627
-0.0817141
0.0491259
-0.0675849
0.0397824
-0.0534381
0.0295345
-0.0394492
0.0183868
-0.0257819
0.00634857
-0.0125866
-0.00656477
7.04738e-15
-0.0203289
0.0118556
-0.034908
0.0228725
-0.0502522
0.032958
-0.0662943
0.0420349
-0.0829478
0.0500411
-0.100104
0.0569304
-0.117631
0.0626717
-0.135371
0.0672495
-0.153141
0.0706633
-0.170734
0.0729274
-0.187921
0.0740704
-0.20445
0.0741349
-0.220056
0.073177
-0.234462
0.0712658
-0.247387
0.0684827
-0.258554
0.0649212
-0.267697
0.0606855
-0.274569
0.0558903
-0.278951
0.0506587
0.0451209
0.075619
-0.162121
-0.0710206
0.0796007
-0.167744
0.0828941
-0.171352
0.0854389
-0.172905
0.0871862
-0.172413
0.088098
-0.169927
0.0881454
-0.165538
0.0873079
-0.159369
0.0855718
-0.151572
0.0829284
-0.142321
0.0793727
-0.131805
0.0749023
-0.120221
0.069516
-0.107772
0.0632135
-0.0946605
0.0559945
-0.0810857
0.0478594
-0.0672402
0.0388092
-0.0533078
0.0288466
-0.0394619
0.0179776
-0.0258645
0.00621298
-0.012665
-0.00642955
0
-0.0199227
0.0120074
-0.0342271
0.0232478
-0.0492883
0.0336254
-0.0650341
0.0430586
-0.0813714
0.0514797
-0.0981844
0.0588351
-0.115332
0.0650855
-0.132648
0.0702052
-0.149939
0.0741824
-0.166985
0.077019
-0.183541
0.0787303
-0.199344
0.0793449
-0.214111
0.0789044
-0.227548
0.0774636
-0.239354
0.0750903
-0.249233
0.0718648
-0.256899
0.0678805
-0.262083
0.0632425
-0.264546
0.0580673
0.0524813
0.0687267
-0.148937
-0.063862
0.0729888
-0.155708
0.0765761
-0.160417
0.0794281
-0.163027
0.0814955
-0.163547
0.0827392
-0.162027
0.0831293
-0.158558
0.0826441
-0.153264
0.0812683
-0.146295
0.0789915
-0.137823
0.0758071
-0.128034
0.071711
-0.117123
0.0667006
-0.105289
0.0607743
-0.0927323
0.053931
-0.079648
0.0461705
-0.0662253
0.037494
-0.0526453
0.0279049
-0.0390787
0.0174102
-0.0256855
0.00602266
-0.0126139
-0.00623753
-5.47032e-15
-0.0193398
0.0120323
-0.0332407
0.0233718
-0.0478809
0.0339197
-0.0631822
0.0435899
-0.0790452
0.0523088
-0.095346
0.0600156
-0.111935
0.0666618
-0.128636
0.0722114
-0.145243
0.076641
-0.161525
0.0799394
-0.177225
0.0821079
-0.192063
0.0831603
-0.205739
0.0831231
-0.217944
0.0820358
-0.228358
0.0799516
-0.236667
0.076937
-0.242564
0.0730729
-0.245762
0.0684541
-0.246
0.0631891
0.0573992
0.0614256
-0.133722
-0.0563645
0.0659021
-0.141625
0.0697238
-0.147442
0.0728312
-0.151135
0.0751756
-0.15271
0.076718
-0.152218
0.0774281
-0.149748
0.0772832
-0.14542
0.0762664
-0.139382
0.0743657
-0.131801
0.0715728
-0.12286
0.0678814
-0.11275
0.0632872
-0.101666
0.0577872
-0.0898009
0.051379
-0.0773475
0.0440619
-0.0644904
0.0358369
-0.0514066
0.0267077
-0.0382638
0.0166829
-0.0252192
0.00577675
-0.0124195
-0.00598765
2.85196e-15
-0.0185764
0.0119152
-0.0319418
0.0232131
-0.0460196
0.0337922
-0.0607256
0.0435619
-0.0759536
0.0524428
-0.0915723
0.0603666
-0.107423
0.0672759
-0.12332
0.0731241
-0.139048
0.0778758
-0.154364
0.0815066
-0.168997
0.0840035
-0.182655
0.0853651
-0.195025
0.0856024
-0.205782
0.0847394
-0.214592
0.0828138
-0.221124
0.079878
-0.225056
0.0759997
-0.226085
0.0712625
-0.223937
0.0657661
0.0596257
0.0539094
-0.116979
-0.0487331
0.0585217
-0.125903
0.0625035
-0.132751
0.0657989
-0.137479
0.0683612
-0.140093
0.070153
-0.140638
0.0711444
-0.139199
0.0713123
-0.135891
0.0706387
-0.130855
0.0691102
-0.124255
0.0667163
-0.116265
0.063449
-0.10707
0.0593019
-0.0968588
0.0542701
-0.0858188
0.04835
-0.0741354
0.0415398
-0.0619883
0.0338402
-0.0495495
0.0252554
-0.0369823
0.0157949
-0.0244406
0.00547481
-0.0120685
-0.00567928
6.20498e-15
-0.0176302
0.0116411
-0.0303261
0.0227407
-0.043698
0.0331947
-0.0576563
0.0429087
-0.0720883
0.0517978
-0.086856
0.0597863
-0.101793
0.0668081
-0.116706
0.0728066
-0.13137
0.0777344
-0.145532
0.0815542
-0.158914
0.084239
-0.171213
0.0857725
-0.182105
0.0861504
-0.191255
0.0853813
-0.198321
0.0834879
-0.202961
0.0805084
-0.204844
0.0764973
-0.203659
0.0715273
-0.199125
0.0656888
0.0590907
0.0463467
-0.0992929
-0.0411425
0.0510077
-0.109027
0.055066
-0.116737
0.0584708
-0.122376
0.06118
-0.125941
0.0631591
-0.127471
0.0643798
-0.127043
0.0648197
-0.124764
0.0644605
-0.120768
0.0632876
-0.115207
0.0612888
-0.108247
0.0584542
-0.100064
0.0547753
-0.0908372
0.0502453
-0.0807464
0.0448591
-0.0699687
0.0386137
-0.0586762
0.0315094
-0.0470344
0.0235504
-0.0352011
0.014747
-0.0233254
0.00511686
-0.0115479
-0.00531223
0
-0.0165002
0.0111954
-0.0283917
0.0219242
-0.0409136
0.0320805
-0.0539717
0.0415666
-0.0674484
0.050293
-0.0811999
0.0581775
-0.095055
0.0651463
-0.108813
0.0711331
-0.122245
0.0760798
-0.135091
0.079937
-0.147069
0.0826647
-0.157869
0.0842327
-0.167165
0.0846227
-0.174617
0.0838289
-0.179882
0.0818601
-0.182616
0.0787412
-0.18249
0.074515
-0.179193
0.0692434
-0.172449
0.0630088
0.0559139
0.0388851
-0.0813092
-0.0337454
0.0435021
-0.0915416
0.0475461
-0.0998553
0.0509741
-0.106195
0.0537503
-0.110549
0.0558447
-0.112946
0.0572325
-0.113453
0.0578928
-0.112164
0.0578081
-0.1092
0.0569631
-0.104703
0.0553447
-0.0988242
0.0529411
-0.0917281
0.0497422
-0.0835818
0.0457392
-0.074554
0.0409254
-0.0648111
0.0352968
-0.0545159
0.0288526
-0.0438251
0.0215972
-0.0328891
0.0135412
-0.0218506
0.00470335
-0.010845
-0.00488683
0
-0.0151871
0.0105642
-0.0261396
0.0207344
-0.0376681
0.0304045
-0.0496754
0.039475
-0.0620408
0.0478527
-0.0746175
0.0554507
-0.0872313
0.0621886
-0.0996798
0.0679923
-0.111731
0.0727946
-0.123128
0.0765358
-0.133584
0.0791648
-0.142795
0.0806396
-0.150437
0.0809298
-0.156175
0.0800175
-0.159673
0.0778995
-0.160597
0.0745898
-0.158629
0.070121
-0.153474
0.0645464
-0.144871
0.0579413
0.0504037
0.0316589
-0.063707
-0.0266844
0.0361326
-0.0740335
0.0400656
-0.0826037
0.0434244
-0.0893529
0.0461809
-0.0942588
0.0483115
-0.0973378
0.0497958
-0.0986409
0.0506162
-0.0982486
0.0507567
-0.0962659
0.0502025
-0.0928165
0.04894
-0.0880381
0.0469566
-0.0820779
0.0442404
-0.075088
0.0407814
-0.0672226
0.0365713
-0.058635
0.0316048
-0.0494754
0.0258805
-0.0398896
0.0194022
-0.030018
0.0121806
-0.0199949
0.00423519
-0.00994824
-0.00440384
-3.5293e-20
-0.0136931
0.00973405
-0.0235734
0.0191439
-0.0339674
0.0281249
-0.044777
0.0365776
-0.0558809
0.0444077
-0.0671328
0.0515254
-0.0783597
0.0578461
-0.0893614
0.0632905
-0.0999107
0.0677849
-0.109754
0.0712621
-0.118616
0.0736625
-0.1262
0.0749359
-0.132195
0.0750424
-0.136283
0.0739554
-0.138143
0.0716629
-0.137464
0.0681706
-0.13395
0.0635036
-0.127334
0.0577089
-0.117384
0.0508566
0.043041
0.0247984
-0.0471668
-0.0201037
0.0290192
-0.0571068
0.0327367
-0.0655097
0.0359274
-0.0723025
0.0385718
-0.0774512
0.0406534
-0.0809581
0.0421576
-0.0828577
0.0430708
-0.0832125
0.0433797
-0.0821084
0.0430712
-0.0796493
0.0421321
-0.0759533
0.0405493
-0.071148
0.0383105
-0.0653668
0.0354045
-0.0587461
0.0318219
-0.0514222
0.0275565
-0.04353
0.022606
-0.0352011
0.0169736
-0.0265631
0.0106698
-0.017739
0.00371373
-0.00884684
-0.00386455
-1.59396e-14
-0.0120219
0.00869284
-0.0206997
0.0171273
-0.0298219
0.0252032
-0.0392923
0.032824
-0.0489926
0.0398969
-0.0587812
0.0463326
-0.0684912
0.0520458
-0.077931
0.056955
-0.0868839
0.0609839
-0.0951103
0.0640616
-0.10235
0.0661244
-0.108326
0.0671172
-0.112751
0.0669954
-0.115331
0.0657271
-0.115777
0.0632954
-0.113808
0.0597012
-0.109164
0.054965
-0.101617
0.0491296
-0.090974
0.0422616
0.034452
0.0184387
-0.0323353
-0.0141592
0.0222816
-0.0413547
0.0256679
-0.0491071
0.0285833
-0.0555143
0.0310164
-0.0605326
0.0329583
-0.0641506
0.0344002
-0.0663861
0.0353334
-0.0672819
0.035748
-0.0669026
0.0356334
-0.0653299
0.0349779
-0.0626588
0.0337691
-0.0589941
0.0319947
-0.0544469
0.0296433
-0.049132
0.0267051
-0.0431655
0.0231731
-0.0366631
0.0190445
-0.0297388
0.0143218
-0.0225039
0.00901451
-0.0150665
0.00314079
-0.0075314
-0.00327073
0
-0.0101789
0.00742961
-0.0175283
0.0146623
-0.0252466
0.0216059
-0.0332435
0.0281706
-0.0414083
0.0342692
-0.049609
0.0398171
-0.0576912
0.0447324
-0.0654785
0.0489366
-0.072773
0.0523549
-0.079357
0.0549181
-0.084996
0.056563
-0.089443
0.0572348
-0.092443
0.0568886
-0.0937398
0.0554919
-0.0930829
0.053027
-0.0902355
0.049493
-0.084983
0.0449086
-0.0771418
0.0393139
-0.0665678
0.032772
0.02537
0.0127254
-0.0197901
-0.00902439
0.0160443
-0.0273306
0.0189683
-0.0339126
0.0214898
-0.0394593
0.0236044
-0.0439224
0.0253094
-0.0472801
0.0266015
-0.049535
0.0274768
-0.0507113
0.0279294
-0.0508516
0.0279516
-0.0500138
0.027534
-0.0482679
0.026666
-0.0456931
0.0253364
-0.0423749
0.0235345
-0.0384031
0.0212507
-0.0338698
0.0184781
-0.0288677
0.0152135
-0.023489
0.0114585
-0.0178247
0.00722155
-0.011964
0.0025186
-0.00599403
-0.00262463
0
-0.00817126
0.00593504
-0.0140715
0.0117298
-0.0202611
0.0173048
-0.0266595
0.022582
-0.033169
0.027485
-0.0396735
0.0319391
-0.0460382
0.0358715
-0.05211
0.0392121
-0.0577184
0.0418941
-0.0626771
0.0438551
-0.0667876
0.0450386
-0.0698424
0.0453955
-0.0716302
0.0448856
-0.0719414
0.0434805
-0.0705749
0.0411649
-0.0673445
0.0379391
-0.0620873
0.0338211
-0.0546705
0.0288482
-0.0449989
0.0230784
0.0165911
0.00781717
-0.0100081
-0.00488881
0.0104411
-0.0155198
0.0127519
-0.0204019
0.0147463
-0.0245893
0.0164243
-0.0280373
0.0177872
-0.0307204
0.0188362
-0.0326311
0.0195709
-0.0337778
0.0199891
-0.0341831
0.0200863
-0.0338818
0.0198561
-0.032918
0.0192903
-0.0313436
0.01838
-0.0292165
0.0171161
-0.0265982
0.0154904
-0.0235532
0.0134969
-0.0201469
0.0111322
-0.0164457
0.00839741
-0.0125155
0.00529897
-0.00842167
0.00184986
-0.00422865
-0.001929
0
-0.0060075
0.0042017
-0.010345
0.00831476
-0.0148893
0.0122783
-0.0195752
0.0160323
-0.0243239
0.0195176
-0.0290425
0.0226759
-0.0336237
0.0254505
-0.0379465
0.0277865
-0.0418771
0.0296316
-0.0452709
0.0309373
-0.0479751
0.0316595
-0.0498317
0.0317607
-0.0506823
0.0312104
-0.0503722
0.0299879
-0.0487561
0.028083
-0.0457036
0.0254982
-0.0411052
0.0222502
-0.0348779
0.0183708
-0.0269708
0.0139082
0.00892723
0.00388314
-0.0033412
-0.00195082
0.00561485
-0.0063154
0.00713966
-0.00898749
0.00845621
-0.0113174
0.00956606
-0.0132754
0.0104721
-0.0148424
0.0111772
-0.0160088
0.0116831
-0.0167739
0.0119901
-0.0171451
0.0120964
-0.0171367
0.0119986
-0.0167686
0.0116918
-0.0160658
0.0111701
-0.0150568
0.0104272
-0.013773
0.0094576
-0.0122476
0.0082566
-0.0105155
0.00682177
-0.00861196
0.0051535
-0.00657285
0.0032559
-0.00443401
0.00113767
-0.00223121
-0.00118706
-1.02161e-14
-0.00369789
0.0022243
-0.00636731
0.00440662
-0.00915995
0.00651211
-0.012032
0.00850623
-0.0149306
0.0103548
-0.0177939
0.012024
-0.020551
0.0134811
-0.0231222
0.0146942
-0.0254205
0.0156332
-0.0273526
0.0162703
-0.0288209
0.0165805
-0.0297259
0.0165428
-0.0299695
0.0161407
-0.0294574
0.0153636
-0.0281038
0.0142073
-0.0258339
0.0126752
-0.0225886
0.010779
-0.0183279
0.00853946
-0.0130338
0.0059866
0.00316008
0.00109505
-0.000403102
0.0017146
0.00225916
0.00272836
0.00312329
0.00344569
0.00369739
0.00387983
0.00399374
0.00403908
0.00401495
0.00391979
0.00375154
0.00350792
0.0031867
0.00278609
0.00230498
0.00174333
0.00110251
0.000385539
-0.000402499
-0.00125422
-0.00215963
-0.0031059
-0.00407712
-0.00505423
-0.00601496
-0.00693394
-0.00778292
-0.00853118
-0.00914609
-0.00959392
-0.00984067
-0.00985321
-0.00960043
-0.00905452
-0.00819222
-0.00699609
-0.00545575
-0.0035689
-0.00396024
0.00285086
-0.0115369
0.0105956
-0.021652
0.0222568
-0.0332216
0.0373991
-0.045203
0.0555087
-0.0566334
0.0760117
-0.0666594
0.0982904
-0.0745616
0.121696
-0.079771
0.145558
-0.0818833
0.169197
-0.0806677
0.191931
-0.0760741
0.213083
-0.0682348
0.231997
-0.0574622
0.24805
-0.0442394
0.260669
-0.0292027
0.269354
0.273698
-0.00684506
0.00396402
-0.0163648
0.0134721
-0.0275994
0.025997
-0.0396128
0.0411408
-0.0515244
0.0584571
-0.0625358
0.077463
-0.0719507
0.0976493
-0.0791915
0.118488
-0.0838105
0.139442
-0.0854998
0.159966
-0.0840977
0.179518
-0.0795925
0.197564
-0.0721239
0.21359
-0.0619798
0.227108
-0.0495882
0.237671
-0.035503
0.24489
0.248448
-0.00929402
0.00471171
-0.0204038
0.0153183
-0.0324986
0.028174
-0.0447882
0.0429306
-0.0565438
0.059211
-0.0671158
0.0766169
-0.0759472
0.0947348
-0.0825844
0.113141
-0.0866851
0.131408
-0.0880244
0.149105
-0.0864995
0.165806
-0.0821318
0.181094
-0.0750668
0.19457
-0.0655711
0.205855
-0.0540254
0.214608
-0.0409128
0.220528
0.223373
-0.0112875
0.00514066
-0.0236295
0.0162748
-0.0363264
0.0290204
-0.0487262
0.0430829
-0.0602391
0.0581516
-0.0703481
0.0739039
-0.0786179
0.0900093
-0.0847024
0.106132
-0.0883492
0.121936
-0.0894042
0.137085
-0.0878142
0.151248
-0.0836276
0.164104
-0.0769942
0.175345
-0.0681614
0.184685
-0.0574686
0.191862
-0.0453379
0.19665
0.198866
-0.0128209
0.00530075
-0.0260413
0.0164882
-0.039088
0.0287715
-0.0514368
0.0419089
-0.0626217
0.05565
-0.0722418
0.0697381
-0.0799673
0.0839131
-0.0855432
0.097913
-0.0887934
0.111476
-0.0896227
0.124344
-0.0880187
0.136264
-0.0840512
0.146991
-0.0778719
0.156291
-0.0697108
0.16395
-0.0598709
0.169772
-0.0487211
0.17359
0.175266
-0.0139027
0.00524223
-0.0276601
0.0161033
-0.0408156
0.0276556
-0.0529595
0.0397058
-0.0637344
0.052056
-0.0728394
0.0645059
-0.0800337
0.0768539
-0.0851394
0.0888984
-0.0880433
0.10044
-0.0886984
0.111281
-0.0871246
0.121232
-0.0834082
0.130108
-0.0777002
0.137737
-0.0702139
0.143959
-0.0612201
0.14863
-0.051041
0.151628
0.152854
-0.0145534
0.00501348
-0.0285255
0.0152581
-0.0415645
0.0258869
-0.0533603
0.0367486
-0.0636486
0.0476902
-0.0722128
0.0585581
-0.0788866
0.0691986
-0.0835551
0.0794593
-0.0861563
0.08919
-0.0866816
0.0982439
-0.0851756
0.106479
-0.0817357
0.113761
-0.0765103
0.119962
-0.0696963
0.124967
-0.0615355
0.128672
-0.0523091
0.130989
0.131849
-0.0148028
0.00465926
-0.028693
0.0140794
-0.0414093
0.0236596
-0.0527268
0.0332843
-0.0624589
0.0428375
-0.0704589
0.0522036
-0.0766208
0.0612678
-0.0808806
0.0699167
-0.0832165
0.0780396
-0.0836493
0.0855288
-0.0822417
0.092281
-0.0790974
0.0981986
-0.0743601
0.103191
-0.0682106
0.107175
-0.0608638
0.110078
-0.052565
0.11184
0.112411
-0.014688
0.00421961
-0.0282294
0.0126797
-0.0404394
0.0211445
-0.0511633
0.0295278
-0.0602781
0.0377436
-0.0676932
0.0457065
-0.0733507
0.0533324
-0.0772261
0.060539
-0.0793284
0.067246
-0.0796994
0.0733762
-0.0784138
0.0788559
-0.075578
0.0836162
-0.0713285
0.0875934
-0.06583
0.0907303
-0.0592731
0.092977
-0.0518708
0.094292
0.0946434
-0.0142508
0.00372913
-0.0272095
0.0111557
-0.0387533
0.0184871
-0.0487844
0.0256605
-0.05723
0.0326135
-0.0640433
0.0392846
-0.0692034
0.0456135
-0.0727151
0.0515417
-0.0746095
0.0570124
-0.0749429
0.0619716
-0.0737966
0.066368
-0.0712757
0.0701542
-0.0675081
0.0732867
-0.0626425
0.0757271
-0.0568467
0.0774421
-0.0503049
0.0784048
0.0785949
-0.0135355
0.00321673
-0.0257115
0.00958775
-0.0364542
0.0158071
-0.0457095
0.02183
-0.0534435
0.0276122
-0.059642
0.0331106
-0.0643109
0.0382832
-0.0674761
0.0430893
-0.0691833
0.0474899
-0.069497
0.0514482
-0.0685007
0.0549296
-0.0662953
0.0579024
-0.0629985
0.0603381
-0.0587431
0.0622114
-0.0536758
0.0635013
-0.0479547
0.0641909
0.0642683
-0.0125867
0.00270571
-0.0238136
0.00804035
-0.0336441
0.0131992
-0.0420568
0.0181513
-0.0490457
0.0228664
-0.0546198
0.0273148
-0.0588035
0.0314681
-0.0616361
0.0352989
-0.0631714
0.0387815
-0.0634776
0.0418914
-0.062636
0.0446061
-0.0607413
0.0469052
-0.0578996
0.0487706
-0.0542281
0.0501868
-0.0498535
0.0511408
-0.0449107
0.051623
0.0516267
-0.011447
0.00221407
-0.0215905
0.00656287
-0.0304204
0.0107352
-0.0379381
0.0147103
-0.0441564
0.018468
-0.0490997
0.0219887
-0.0528033
0.0252539
-0.0553136
0.0282459
-0.0566877
0.0309479
-0.0569926
0.0333447
-0.0563051
0.0354222
-0.0547113
0.0371678
-0.052305
0.0385707
-0.0491881
0.0396216
-0.0454685
0.0403135
-0.0412599
0.0406412
0.0406017
-0.0101559
0.00175506
-0.0191106
0.0051913
-0.0268715
0.00846617
-0.0334545
0.0115662
-0.0388837
0.0144786
-0.0431916
0.0171909
-0.0464189
0.0196915
-0.0486137
0.0219693
-0.0498321
0.0240142
-0.050137
0.025817
-0.0495979
0.0273693
-0.0482908
0.0286639
-0.0462971
0.0296946
-0.0437032
0.0304567
-0.0405998
0.0309464
-0.037081
0.0311616
0.0311013
-0.0087483
0.00133783
-0.0164341
0.00395008
-0.0230748
0.00642571
-0.0286935
0.00875643
-0.0333198
0.0109344
-0.0369888
0.012952
-0.0397414
0.0148025
-0.0416238
0.0164794
-0.0426873
0.0179768
-0.0429882
0.0192895
-0.0425873
0.0204129
-0.0415493
0.0213433
-0.0399426
0.0220774
-0.0378389
0.0226131
-0.0353125
0.0229488
-0.0324398
0.023084
0.0230191
-0.00725406
0.000968149
-0.0136118
0.00285417
-0.0190943
0.00463313
-0.0237271
0.00630023
-0.0275397
0.00785093
-0.0305657
0.00928105
-0.0328424
0.0105867
-0.0344109
0.0117644
-0.0353156
0.0128111
-0.0356041
0.013724
-0.0353269
0.0145009
-0.0345371
0.01514
-0.03329
0.01564
-0.0316431
0.0160002
-0.0296551
0.0162201
-0.0273863
0.0163001
0.0162409
-0.00569755
0.000649092
-0.0106845
0.00191102
-0.0149812
0.00309663
-0.018611
0.00420336
-0.0216001
0.00522883
-0.023977
0.00617086
-0.025773
0.00702751
-0.0270216
0.00779708
-0.0277584
0.00847811
-0.0280213
0.00906939
-0.0278496
0.00956998
-0.0272844
0.00997924
-0.0263682
0.0102968
-0.0251444
0.0105225
-0.0236577
0.0106567
-0.021953
0.0106998
0.0106528
-0.00409803
0.000381745
-0.00768375
0.00112259
-0.0107736
0.00181635
-0.0133859
0.00246182
-0.0155405
0.00305792
-0.0172591
0.00360367
-0.0185648
0.00409825
-0.0194821
0.00454094
-0.0200369
0.0049312
-0.0202563
0.00526859
-0.0201682
0.00555285
-0.0198016
0.00578385
-0.0191863
0.00596162
-0.0183527
0.00608633
-0.0173316
0.00615832
-0.0161541
0.00617809
0.00614629
-0.00247031
0.000165789
-0.00463311
0.000487009
-0.00649882
0.000786989
-0.00807883
0.00106531
-0.00938547
0.00132159
-0.0104319
0.00155554
-0.0112323
0.00176688
-0.0118012
0.00195544
-0.0121542
0.00212105
-0.0123073
0.00226365
-0.0122772
0.00238321
-0.0120808
0.00247979
-0.0117358
0.00255346
-0.0112597
0.00260441
-0.0106706
0.00263286
-0.0099866
0.00263908
0.00262342
-0.000825714
0
-0.00154973
0
-0.00217553
0
-0.00270689
-1.72069e-19
-0.00314788
-3.86715e-19
-0.00350285
-2.14645e-19
-0.0037764
0
-0.00397336
0
-0.0040988
0
-0.00415794
0
-0.00415619
2.30971e-19
-0.0040991
-1.96653e-20
-0.00399234
-5.20596e-19
-0.00384167
-2.6996e-19
-0.00365289
3.07474e-19
-0.00343188
-1.81396e-20
-3.25613e-19
0.000826584
-0.000117382
0.0015531
-0.000344076
0.00218286
-0.000554808
0.00271944
-0.000749359
0.00316676
-0.00092756
0.00352898
-0.00108929
0.00381051
-0.00123447
0.004016
-0.00136309
0.00415033
-0.00147515
0.00421856
-0.00157072
0.0042259
-0.00164991
0.00417773
-0.00171287
0.00407955
-0.00175979
0.00393693
-0.00179091
0.00375555
-0.0018065
0.00354108
-0.00180686
-0.00179234
0.00247813
-0.000188404
0.00466338
-0.000551531
0.00656463
-0.000888248
0.00819171
-0.00119821
0.00955534
-0.00148118
0.0106671
-0.00173701
0.0115393
-0.00196565
0.0121852
-0.00216713
0.0126184
-0.00234158
0.0128536
-0.00248922
0.0129055
-0.00261034
0.0127897
-0.0027053
0.0125221
-0.00277455
0.0121189
-0.00281858
0.0115965
-0.00283798
0.0109717
-0.00283337
-0.00280543
0.00411965
-0.000215286
0.00776753
-0.000629029
0.0109559
-0.0010113
0.0136989
-0.00136166
0.0160119
-0.00167982
0.0179121
-0.00196567
0.0194181
-0.00221922
0.0205499
-0.00244064
0.0213288
-0.00263025
0.0217771
-0.00278846
0.0219183
-0.00291581
0.0217771
-0.00301298
0.0213786
-0.0030807
0.0207489
-0.00311982
0.0199147
-0.00313125
0.018903
-0.00311599
-0.00307506
0.00573962
-0.000200412
0.0108477
-0.000583595
0.015337
-0.000935169
0.0192226
-0.00125459
0.0225222
-0.00154155
0.0252559
-0.00179598
0.027446
-0.00201804
0.0291172
-0.00220809
0.0302961
-0.00236669
0.0310112
-0.0024946
0.0312932
-0.00259272
0.031174
-0.0026621
0.0306872
-0.00270393
0.0298678
-0.00271949
0.0287517
-0.00271016
0.0273759
-0.00267737
-0.00262261
0.00732287
-0.000146424
0.0138794
-0.000422902
0.0196785
-0.000671784
0.024733
-0.000892417
0.029059
-0.0010845
0.0326762
-0.00124807
0.0356074
-0.00138349
0.037879
-0.00149145
0.0395204
-0.0015729
0.0405641
-0.00162909
0.0410454
-0.00166145
0.0410022
-0.00167165
0.0404749
-0.00166151
0.0395062
-0.00163297
0.0381404
-0.00158807
0.0364238
-0.00152889
-0.00145753
0.00884961
-5.63912e-05
0.0168291
-0.000155765
0.0239391
-0.000234606
0.0301853
-0.000292194
0.0355777
-0.000328294
0.0401315
-0.000343159
0.0438664
-0.000337512
0.0468066
-0.000312527
0.0489812
-0.000269795
0.0504235
-0.000211287
0.0511709
-0.000139305
0.0512651
-5.64284e-05
0.0507514
3.45434e-05
0.0496785
0.000130656
0.0480985
0.000228864
0.046066
0.000326098
0.000419336
0.0102946
6.59677e-05
0.0196533
0.000207212
0.0280629
0.000360333
0.0355163
0.000525991
0.0420128
0.0007042
0.0475578
0.000894314
0.052163
0.00109503
0.0558465
0.00130439
0.0586326
0.00151985
0.0605519
0.0017383
0.0616409
0.00195617
0.061942
0.00216946
0.0615032
0.00237387
0.0603777
0.00256492
0.0586234
0.002738
0.0563026
0.00288853
0.00301209
0.0116271
0.000216031
0.0222976
0.000652923
0.0319784
0.00109331
0.0406439
0.0015375
0.0482762
0.00198502
0.0548654
0.00243453
0.0604099
0.0028838
0.0649163
0.00332971
0.0683994
0.00376829
0.0708826
0.00419476
0.0723975
0.00460366
0.0729839
0.0049889
0.0726895
0.00534396
0.0715696
0.00566204
0.0696864
0.00593622
0.067109
0.00615964
0.00632574
0.0128105
0.000388009
0.0246968
0.00116503
0.0355988
0.00193977
0.0454658
0.00271167
0.0542563
0.00347929
0.0619386
0.00424014
0.0684914
0.00499059
0.0739036
0.00572584
0.0781752
0.00643986
0.0813171
0.00712553
0.083351
0.00777465
0.0843101
0.00837818
0.0842383
0.00892639
0.0831899
0.00940911
0.0812297
0.00981602
0.0784315
0.0101369
0.0103621
0.0138038
0.000574685
0.026776
0.00172326
0.038823
0.00286928
0.0498616
0.00401045
0.0598195
0.00514359
0.0686362
0.00626441
0.0762635
0.00736722
0.0826661
0.00844481
0.0878224
0.00948839
0.0917245
0.0104875
0.094379
0.0114304
0.0958072
0.0123038
0.0960448
0.0130934
0.095142
0.0137845
0.0931629
0.0143618
0.0901851
0.0148105
0.0151161
0.0145619
0.000767183
0.0284528
0.00230283
0.0415382
0.00384467
0.053695
0.00538729
0.0648127
0.00692468
0.0747942
0.00844973
0.0835569
0.00995381
0.0910336
0.0114264
0.0971734
0.0128551
0.101943
0.014225
0.105327
0.0155194
0.107329
0.0167196
0.107971
0.0178052
0.107296
0.0187549
0.105363
0.0195469
0.102252
0.0201595
0.0205722
0.0150379
0.000954781
0.0296398
0.00287393
0.0436232
0.0048213
0.0568181
0.00678635
0.0690678
0.00875855
0.0802307
0.0107266
0.0901813
0.0126777
0.0988122
0.0145971
0.106035
0.0164673
0.111784
0.0182679
0.116012
0.0199759
0.1187
0.0215652
0.11985
0.0230076
0.119491
0.0242731
0.117675
0.0253307
0.11448
0.02615
0.0267014
0.0151845
0.00112479
0.0302479
0.00340148
0.0449536
0.0057467
0.059077
0.00814199
0.0724079
0.01057
0.0847515
0.0130132
0.0959313
0.0154532
0.105791
0.0178692
0.114195
0.0202377
0.121035
0.0225312
0.126227
0.0247186
0.129719
0.0267648
0.131486
0.028631
0.131538
0.0302762
0.129915
0.0316576
0.126691
0.0327323
0.0334595
0.0149568
0.00126251
0.0301911
0.00384502
0.0454065
0.00656043
0.0603179
0.00937871
0.0746536
0.0122724
0.0881582
0.0152154
0.100595
0.0181812
0.111748
0.0211415
0.121428
0.0240648
0.129472
0.0269152
0.13575
0.0296514
0.140166
0.032227
0.142664
0.0345903
0.143226
0.0366859
0.141875
0.0384556
0.138678
0.0398408
0.0407853
0.0143145
0.00135138
0.02939
0.00415898
0.0448668
0.0071944
0.0603939
0.0104115
0.0756318
0.0137687
0.0902561
0.0172275
0.103961
0.0207507
0.116462
0.0243
0.127505
0.0278341
0.136862
0.0313064
0.144347
0.0346638
0.149813
0.0378459
0.153157
0.0407853
0.15433
0.0434082
0.153331
0.0456372
0.150217
0.0473933
0.0486004
0.0132246
0.00137321
0.0277769
0.0042933
0.0432332
0.00757358
0.0591729
0.0111466
0.0751831
0.0149516
0.0908632
0.0189332
0.10583
0.0230396
0.119721
0.0272195
0.132205
0.0314193
0.142981
0.0355797
0.151792
0.0396333
0.158428
0.0435032
0.162734
0.0471025
0.164618
0.0503355
0.164051
0.0531001
0.161072
0.055292
0.0568095
0.0116636
0.00130865
0.0253
0.00419447
0.0404239
0.00761729
0.056544
0.0114831
0.07317
0.0157057
0.0898192
0.0202075
0.106022
0.0249169
0.121331
0.0297659
0.135323
0.0346853
0.147614
0.0396005
0.157865
0.0444276
0.16579
0.0490701
0.171172
0.0534179
0.173864
0.0573485
0.173802
0.0607297
0.171006
0.0634252
0.0653016
0.00962025
0.00113794
0.0219275
0.00380718
0.0363821
0.00724109
0.0524242
0.0113143
0.0694846
0.0159091
0.0869933
0.0209183
0.104388
0.0262448
0.121124
0.0317984
0.136681
0.0374906
0.150574
0.0432285
0.162371
0.0489083
0.171699
0.0544111
0.178263
0.0595997
0.181853
0.0643194
0.182363
0.0684013
0.179789
0.0716697
0.0739517
0.00709724
0.000841896
0.0176509
0.00307652
0.0310803
0.00635939
0.0467638
0.010531
0.0640542
0.0154358
0.0822915
0.0209295
0.100815
0.0268816
0.118972
0.0331731
0.136134
0.039691
0.151707
0.0463201
0.165148
0.052934
0.175982
0.0593876
0.183825
0.0655124
0.188396
0.0711155
0.189535
0.0759837
0.187211
0.0798934
0.0826234
0.00411283
0.0124877
0.0245243
0.0395507
0.0568467
0.0756616
0.0952304
0.114788
0.133583
0.150899
0.166069
0.178504
0.187715
0.193335
0.195145
0.193086
-0.187768
0.00165332
0.178206
-0.18994
0.0339715
-0.184087
0.065315
-0.170322
0.092089
-0.149486
0.110905
-0.123023
0.119005
-0.0927893
0.114576
-0.0608444
0.0969049
-0.0292663
0.0664014
-1.25084e-09
0.0245128
0.0252574
-0.0264217
0.0451514
-0.0833509
0.0587536
-0.142721
0.0656339
-0.200723
0.0659065
-0.253589
0.0602291
-0.297917
0.049738
-0.331
0.0359169
-0.351091
0.0204191
-0.357555
-0.350874
0.00487194
-0.18623
0.00487225
0.177699
-0.187601
0.034974
-0.181259
0.0638476
-0.167336
0.0882727
-0.146641
0.10522
-0.12055
0.112219
-0.0908445
0.107628
-0.0595186
0.0908003
-0.0286008
0.0621106
-1.20667e-09
0.0228994
0.0246199
-0.0246575
0.0439432
-0.0777224
0.0570867
-0.133005
0.0636645
-0.187009
0.0638201
-0.236305
0.0582116
-0.277828
0.0479405
-0.30915
0.0344248
-0.328698
0.0192347
-0.335873
-0.331046
0.00391788
-0.183377
0.00791454
0.175877
-0.183976
0.0356392
-0.177201
0.0619342
-0.163208
0.0839416
-0.142779
0.0989833
-0.117224
0.104872
-0.0882466
0.100152
-0.057761
0.0842504
-0.0277285
0.0575151
-1.15353e-09
0.0211746
0.0238135
-0.0227763
0.0424474
-0.071739
0.0550678
-0.122713
0.061328
-0.172526
0.06139
-0.218093
0.0559006
-0.256669
0.0459161
-0.286086
0.032782
-0.304928
0.0179824
-0.312626
-0.309445
0.00298284
-0.179236
0.0107152
0.172756
-0.179101
0.0359474
-0.171959
0.0596012
-0.157994
0.0791664
-0.13796
0.0923028
-0.113105
0.0971017
-0.0850458
0.0922958
-0.0556085
0.077391
-0.0266685
0.0527133
-1.09253e-09
0.0193759
0.0228553
-0.0208185
0.0406948
-0.0655263
0.052736
-0.11205
0.0586669
-0.157552
0.058659
-0.199283
0.0533368
-0.234806
0.0437026
-0.262196
0.0310236
-0.280179
0.0166944
-0.288213
-0.286471
0.00209663
-0.173851
0.0132166
0.168374
-0.173031
0.0358876
-0.165599
0.056883
-0.151764
0.0740239
-0.132257
0.0852918
-0.10826
0.0890469
-0.0812992
0.0842051
-0.0531012
0.0703546
-0.0254412
0.0478002
-1.02482e-09
0.0175392
0.0217635
-0.0188229
0.0387169
-0.0592046
0.0501312
-0.101217
0.0557247
-0.142354
0.0556699
-0.180196
0.0505601
-0.212599
0.0413364
-0.237864
0.0291823
-0.254851
0.0154001
-0.263042
-0.262531
0.00128539
-0.16729
0.0153698
0.162787
-0.165843
0.035457
-0.158203
0.0538212
-0.144606
0.0685958
-0.125755
0.0780651
-0.102766
0.080843
-0.0770697
0.076021
-0.0502828
0.063267
-0.024068
0.0428653
-9.51593e-10
0.0156981
0.0205566
-0.0168259
0.0365463
-0.0528867
0.0472942
-0.0904005
0.0525448
-0.127187
0.0524651
-0.16114
0.0476098
-0.190396
0.0388523
-0.213466
0.0272883
-0.229337
0.0141253
-0.237517
-0.238033
0.000570493
-0.15964
0.0171356
0.156073
-0.157631
0.0346619
-0.149873
0.0504641
-0.13662
0.0629673
-0.11855
0.0707365
-0.0967079
0.0726213
-0.0724251
0.0678772
-0.0471995
0.0562461
-0.0225719
0.0379917
-8.7407e-10
0.0138838
0.0192539
-0.0148609
0.0342158
-0.0466766
0.0442655
-0.0797748
0.0491704
-0.112285
0.0490863
-0.142404
0.0445232
-0.168526
0.0362821
-0.189362
0.0253679
-0.204018
0.0128908
-0.212034
-0.21338
-3.22773e-05
-0.151008
0.0184857
0.148329
-0.148508
0.0335167
-0.140722
0.0468651
-0.12792
0.0572244
-0.110748
0.0634165
-0.0901784
0.0645061
-0.0674376
0.0598975
-0.0438999
0.0493998
-0.0209761
0.0332546
-7.93495e-10
0.0121241
0.0178747
-0.0129579
0.0317587
-0.0406678
0.041086
-0.0694961
0.0456443
-0.0978657
0.0455738
-0.124252
0.0413357
-0.147294
0.0336551
-0.165889
0.0234435
-0.179256
0.0117126
-0.186968
-0.188957
-0.000513224
-0.141516
0.0194033
0.13967
-0.138605
0.0320443
-0.130883
0.0430816
-0.118632
0.0514527
-0.102464
0.0562104
-0.0832749
0.0566119
-0.0621828
0.0521942
-0.040434
0.0428241
-0.0193048
0.0287204
-7.11112e-10
0.0104438
0.0164387
-0.0111433
0.029208
-0.0349422
0.0377961
-0.0597027
0.0420086
-0.0841179
0.0419669
-0.106922
0.0380808
-0.126978
0.0309972
-0.143357
0.0215334
-0.155385
0.0106011
-0.162674
-0.165126
-0.000868913
-0.131307
0.0198831
0.130228
-0.128064
0.0302749
-0.120497
0.0391736
-0.108891
0.0457349
-0.0938184
0.0492157
-0.0760987
0.0490422
-0.0567381
0.0448658
-0.0368529
0.036602
-0.0175822
0.0244459
-6.28162e-10
0.00886355
0.0149653
-0.00943936
0.026597
-0.0295694
0.0344361
-0.0505118
0.0383046
-0.0712055
0.0383036
-0.0906189
0.0347899
-0.107821
0.0283318
-0.12204
0.0196518
-0.132706
0.00956193
-0.139473
-0.142224
-0.00110202
-0.120532
0.0199315
0.12015
-0.117042
0.0282454
-0.109714
0.0352023
-0.0988366
0.0401494
-0.0849373
0.0425207
-0.0687542
0.0418868
-0.0511825
0.0379961
-0.0332078
0.0308029
-0.0158325
0.0204777
-5.45866e-10
0.00740038
0.013474
-0.00786412
0.0239582
-0.0246057
0.0310455
-0.0420195
0.0345729
-0.0592632
0.0346208
-0.0755151
0.0314928
-0.0900279
0.0256794
-0.102175
0.0178095
-0.111481
0.0085958
-0.117647
-0.120549
-0.00122084
-0.109357
0.0195664
0.109593
-0.105701
0.0259984
-0.0986946
0.0312286
-0.0886163
0.0347686
-0.0759485
0.0362024
-0.0613466
0.0352213
-0.0455947
0.0316531
-0.0295498
0.0254813
-0.0140797
0.0168517
-4.65414e-10
0.00606724
0.0119838
-0.00643131
0.0213238
-0.020094
0.0276632
-0.0342991
0.0308534
-0.0483955
0.0309542
-0.0617451
0.0282177
-0.0737634
0.0230585
-0.0839531
0.0160141
-0.0919302
0.00769965
-0.0974393
-0.100359
-0.00123853
-0.0979516
0.0188164
0.0987232
-0.0942132
0.0235812
-0.0875995
0.0273115
-0.0783778
0.0296572
-0.0669806
0.0303255
-0.0539805
0.0291056
-0.0400525
0.025888
-0.0259289
0.0206767
-0.0123473
0.0135935
-3.87955e-10
0.00487308
0.0105134
-0.0051503
0.0187253
-0.0160636
0.0243272
-0.0274013
0.027185
-0.0386756
0.0273389
-0.0494062
0.024992
-0.0591494
0.0204863
-0.0675227
0.0142712
-0.0742237
0.00686739
-0.0790424
-0.0818664
-0.0011721
-0.0864926
0.0177202
0.0877133
-0.0827496
0.0210444
-0.0765918
0.0235075
-0.0682685
0.0248711
-0.0581605
0.0249413
-0.0467583
0.0235836
-0.0346318
0.0207356
-0.0223936
0.0164142
-0.0106579
0.0107179
-3.14587e-10
0.0038229
0.00908091
-0.00402621
0.0161932
-0.0125304
0.0210749
-0.0213543
0.023606
-0.0301459
0.0238093
-0.0385572
0.0218423
-0.0462639
0.017979
-0.0529823
0.0125853
-0.0584831
0.00609101
-0.0626
-0.065235
-0.00104122
-0.0751557
0.0163256
0.0767367
-0.0714823
0.0184413
-0.0658323
0.0198686
-0.0584327
0.0204569
-0.0496113
0.0200875
-0.0397788
0.0186828
-0.0294052
0.0162139
-0.0189903
0.012704
-0.00903308
0.00822969
-2.46343e-10
0.00291791
0.00770351
-0.00306004
0.013757
-0.00949759
0.0179424
-0.0161642
0.0201538
-0.0228178
0.0203995
-0.0292184
0.0187954
-0.0351399
0.0155528
-0.0403818
0.0109603
-0.0447778
0.00536178
-0.0482028
-0.050576
-0.000866873
-0.0641144
0.0146882
0.0659661
-0.0605787
0.0158261
-0.0554766
0.0164422
-0.0490089
0.0164509
-0.0414504
0.0157877
-0.0331358
0.0144151
-0.0244411
0.0123253
-0.0157627
0.00954279
-0.00749336
0.00612405
-1.84187e-10
0.00215576
0.00639768
-0.00224893
0.0114448
-0.00695576
0.0149645
-0.011816
0.0168652
-0.0166736
0.017143
-0.0213731
0.0158778
-0.0257669
0.0132247
-0.0297218
0.00940102
-0.0331248
0.00467138
-0.0358873
-0.0379474
-0.000670076
-0.0535359
0.0128701
0.0555691
-0.0501991
0.0132534
-0.0456725
0.0132701
-0.0401278
0.012879
-0.033788
0.0120522
-0.0269164
0.0107769
-0.0198035
0.00905712
-0.0127513
0.00691434
-0.00605762
0.0043873
-1.28997e-10
0.00153079
0.00517888
-0.00158642
0.0092835
-0.00488436
0.0121748
-0.00827528
0.0137758
-0.0116674
0.0140735
-0.0149689
0.0131171
-0.0180918
0.0110123
-0.0209554
0.00791351
-0.0234893
0.00401304
-0.0256361
-0.0273529
-0.000470514
-0.043578
0.0109384
0.0457056
-0.0404939
0.0107769
-0.0365573
0.0103877
-0.0319098
0.00975714
-0.0267248
0.00887805
-0.0212005
0.00775066
-0.0155502
0.00638296
-0.00999301
0.00479084
-0.00474317
0.00299782
-8.15644e-11
0.00103439
0.0040614
-0.00106286
0.00729806
-0.00325252
0.00960521
-0.00548977
0.0109202
-0.00772797
0.0112241
-0.00992034
0.0105411
-0.0120216
0.00893521
-0.0139895
0.00650614
-0.0157861
0.0033825
-0.0173792
-0.0187427
-0.000285361
-0.0343866
0.00896406
0.0365242
-0.0316002
0.00844848
-0.0282556
0.00782444
-0.0244635
0.0070912
-0.0203515
0.00625035
-0.0160592
0.00530589
-0.0117331
0.00426427
-0.00752083
0.00313428
-0.00356553
0.00192696
-4.25833e-11
0.000655358
0.0030583
-0.000665782
0.0055117
-0.00202034
0.00728577
-0.00339126
0.00833174
-0.00476094
0.00862768
-0.00611175
0.00817845
-0.00742643
0.00701457
-0.00868853
0.00518995
-0.00988283
0.00277879
-0.0109957
-0.0120153
-0.000128254
-0.0260926
0.0281601
-0.0236406
-0.0208776
-0.0178842
-0.0147467
-0.0115542
-0.00839693
-0.0053634
-0.00253827
-1.2643e-11
0.00218127
0.00394552
0.00524433
0.006042
0.00631623
0.0060584
0.00527336
0.00397889
0.00220477
-8.49875e-06
0.0119417
-0.00214947
0.0185447
-0.00293131
0.0269863
-0.00381862
0.0373645
-0.00479093
0.0497248
-0.00582213
0.0640576
-0.00688153
0.0802964
-0.00793512
0.0983186
-0.00894717
0.117946
-0.00988187
0.138949
-0.0107051
0.161047
-0.0113859
0.183918
-0.0118984
0.207202
-0.0122229
0.230508
-0.0123466
0.253424
-0.0122648
0.275523
-0.0119809
0.296372
-0.0115062
0.315544
-0.0108592
0.332626
-0.0100652
-0.00915443
0.0108626
-0.00383699
0.0170389
-0.0051993
0.0249798
-0.00673156
0.0347789
-0.00840222
0.0464753
-0.010173
0.0600517
-0.012
0.0754331
-0.0138353
0.0924862
-0.0156289
0.111021
-0.0173306
0.130795
-0.018892
0.151514
-0.0202686
0.172841
-0.0214216
0.194399
-0.0223195
0.215781
-0.0229392
0.236558
-0.0232671
0.256285
-0.0232991
0.274515
-0.0230411
0.290802
-0.0225078
0.304719
-0.021722
-0.0207134
0.00971005
-0.00504444
0.0153473
-0.00686514
0.0226244
-0.00890965
0.031626
-0.0111367
0.0423834
-0.0134975
0.0548721
-0.0159367
0.0690105
-0.0183947
0.0846603
-0.020809
0.101627
-0.023117
0.119664
-0.025258
0.138475
-0.0271754
0.157718
-0.0288187
0.177015
-0.0301453
0.195957
-0.0311223
0.214111
-0.0317268
0.23103
-0.0319471
0.246262
-0.0317821
0.259358
-0.0312415
0.269886
-0.0303441
-0.0291169
0.00849552
-0.00575517
0.0134978
-0.00787889
0.0199715
-0.0102638
0.0279894
-0.0128615
0.037574
-0.0156154
0.0486953
-0.0184625
0.0612696
-0.0213345
0.0751596
-0.0241606
0.0901752
-0.0268692
0.106077
-0.0293907
0.122577
-0.0316593
0.139347
-0.0336156
0.156021
-0.0352081
0.172204
-0.0363951
0.187477
-0.0371453
0.201407
-0.0374392
0.213554
-0.0372685
0.223481
-0.0366362
0.230766
-0.0355556
-0.034049
0.00723137
-0.00596303
0.0115223
-0.00820984
0.0170811
-0.0107341
0.0239671
-0.0134838
0.0321945
-0.0163992
0.0417303
-0.0194137
0.0524936
-0.0224557
0.0643551
-0.0254509
0.0771387
-0.028324
0.0906229
-0.0310011
0.104544
-0.033412
0.1186
-0.0354923
0.132454
-0.037185
0.145742
-0.0384421
0.158078
-0.0392262
0.16906
-0.0395105
0.178282
-0.0392799
0.185333
-0.0385302
0.189818
-0.0372678
-0.0355087
0.00593083
-0.00567277
0.00945501
-0.0078478
0.0140189
-0.0102924
0.0196677
-0.0129558
0.0264085
-0.0157796
0.0342085
-0.0186995
0.0429945
-0.0216465
0.0526526
-0.0245489
0.063029
-0.0273337
0.0739316
-0.0299292
0.0851321
-0.0322663
0.096369
-0.0342808
0.107351
-0.035915
0.117763
-0.037119
0.127267
-0.0378517
0.135513
-0.0380821
0.142144
-0.0377893
0.146798
-0.0369626
0.149122
-0.0356015
-0.0337147
0.00460767
-0.0049
0.00733246
-0.0068038
0.0108549
-0.00894408
0.0152067
-0.0112759
0.0203897
-0.0137482
0.0263745
-0.0163047
0.0331001
-0.0188855
0.0404738
-0.0214279
0.0483717
-0.0238683
0.0566396
-0.0261435
0.0650948
-0.0281924
0.0735282
-0.0299573
0.0817064
-0.0313854
0.0893755
-0.03243
0.0962646
-0.0330515
0.10209
-0.0332179
0.106559
-0.0329059
0.109379
-0.0321005
0.110257
-0.0307954
-0.0289926
0.00327593
-0.00367106
0.00519176
-0.00510991
0.0076606
-0.00672747
0.0107022
-0.00848962
0.0143151
-0.0103579
0.0184763
-0.0122901
0.0231404
-0.0142414
0.0282401
-0.0161647
0.0336863
-0.0180123
0.0393685
-0.0197366
0.0451562
-0.0212908
0.0508999
-0.0226307
0.0564329
-0.0237148
0.0615729
-0.0245058
0.066125
-0.0249711
0.0698842
-0.0250833
0.0726386
-0.0248209
0.0741735
-0.0241687
0.0742751
-0.0231175
-0.0216648
0.0019496
-0.00202242
0.00306988
-0.00281837
0.00450693
-0.00371291
0.00627053
-0.00468719
0.0083584
-0.00572014
0.0107558
-0.00678874
0.0134352
-0.00786851
0.0163568
-0.0089339
0.0194681
-0.0099588
0.0227046
-0.010917
0.0259901
-0.0117828
0.0292374
-0.0125313
0.0323494
-0.013139
0.0352195
-0.0135844
0.0377336
-0.0138482
0.0397709
-0.0139135
0.0412065
-0.0137668
0.0419127
-0.0133973
0.0417622
-0.012798
-0.0119651
0.000642351
-5.82743e-12
0.00100258
-1.9505e-11
0.00146186
-3.70103e-11
0.00202272
-5.78682e-11
0.00268396
-8.15282e-11
0.00344049
-1.07374e-10
0.00428336
-1.34734e-10
0.00519973
-1.62891e-10
0.00617298
-1.91097e-10
0.00718271
-2.18586e-10
0.00820498
-2.44582e-10
0.00921242
-2.68319e-10
0.0101745
-2.89051e-10
0.0110577
-3.06064e-10
0.011826
-3.18693e-10
0.0124415
-3.26329e-10
0.0128644
-3.28434e-10
0.0130543
-3.24552e-10
0.0129704
-3.14314e-10
-2.97453e-10
-0.00063274
0.0023419
-0.000976555
0.00325808
-0.00141155
0.00428613
-0.00193951
0.00540489
-0.0025588
0.00659101
-0.00326435
0.00781926
-0.00404759
0.00906292
-0.00489649
0.0102941
-0.00579563
0.0114843
-0.00672627
0.0126045
-0.00766649
0.013626
-0.00859129
0.0145204
-0.00947283
0.0152605
-0.0102806
0.0158204
-0.0109819
0.0161759
-0.0115419
0.0163053
-0.0119243
0.0161896
-0.0120922
0.0158127
-0.0120081
0.0151624
0.0142301
-0.00186346
0.00494179
-0.00283695
0.00685527
-0.00405703
0.00899959
-0.00552676
0.0113316
-0.00724026
0.013804
-0.00918255
0.0163659
-0.0113296
0.0189636
-0.0136486
0.0215412
-0.0160977
0.0240413
-0.0186267
0.0264056
-0.0211774
0.0285758
-0.0236835
0.0304944
-0.0260715
0.0321051
-0.0282612
0.0333541
-0.0301663
0.0341907
-0.0316955
0.0345683
-0.0327538
0.0344453
-0.0332437
0.0337859
-0.0330671
0.0325613
0.0307506
-0.00303869
0.0077324
-0.0045518
0.0106807
-0.00642667
0.0139793
-0.00866469
0.0175636
-0.0112546
0.0213633
-0.0141723
0.0253036
-0.0173814
0.0293053
-0.0208329
0.0332864
-0.024466
0.0371626
-0.0282081
0.0408482
-0.0319758
0.0442574
-0.0356749
0.0473044
-0.0392018
0.0499056
-0.0424435
0.0519798
-0.0452795
0.0534498
-0.0475825
0.0542439
-0.0492203
0.0542968
-0.0500579
0.0535517
-0.0499595
0.0519614
0.0494898
-0.00414858
0.0106422
-0.00609866
0.0146171
-0.00848212
0.019055
-0.011296
0.0238723
-0.0145227
0.0289784
-0.0181306
0.0342772
-0.0220736
0.0396679
-0.0262924
0.0450459
-0.0307142
0.050304
-0.0352538
0.0553333
-0.0398142
0.0600239
-0.0442873
0.0642664
-0.0485548
0.067953
-0.0524894
0.0709786
-0.0559557
0.0732426
-0.0588122
0.0746504
-0.0609129
0.0751153
-0.0621093
0.0745605
-0.0622533
0.0729209
0.0701455
-0.00518472
0.013597
-0.00745989
0.0185441
-0.0101955
0.0240538
-0.0133817
0.0300267
-0.0169945
0.0363558
-0.0209955
0.0429283
-0.0253326
0.0496263
-0.0299409
0.056328
-0.0347428
0.0629086
-0.0396493
0.0692413
-0.0445605
0.0751983
-0.0493668
0.0806519
-0.0539498
0.085476
-0.0581839
0.0895472
-0.0619371
0.0927466
-0.0650731
0.0949618
-0.0674529
0.096089
-0.068937
0.096035
-0.0693878
0.0947201
0.0920798
-0.00614025
0.0165217
-0.00862295
0.0223425
-0.0115497
0.0288065
-0.0149022
0.0358025
-0.0186494
0.0432121
-0.0227478
0.050911
-0.0271421
0.0587697
-0.0317661
0.0666552
-0.0365434
0.0744314
-0.0413883
0.0819601
-0.0462068
0.0891022
-0.050898
0.0957187
-0.0553551
0.101672
-0.0594665
0.106827
-0.0631179
0.111053
-0.066193
0.114227
-0.0685761
0.116233
-0.0701533
0.116968
-0.0708147
0.116342
0.11428
-0.00700997
0.0193418
-0.00958049
0.0258981
-0.0125388
0.0331539
-0.0158568
0.0409914
-0.0194965
0.0492859
-0.0234105
0.057907
-0.0275427
0.06672
-0.0318292
0.0755866
-0.036199
0.0843658
-0.0405751
0.0929149
-0.0448759
0.10109
-0.0490159
0.108748
-0.0529077
0.115747
-0.0564625
0.121947
-0.059592
0.127213
-0.0622098
0.131418
-0.0642329
0.134441
-0.0655827
0.136174
-0.0661872
0.136521
0.135405
-0.0077903
0.021985
-0.0103303
0.0291047
-0.0131672
0.0369525
-0.0162628
0.045409
-0.0195727
0.0543485
-0.0230468
0.0636402
-0.0266297
0.0731497
-0.0302623
0.0827394
-0.033882
0.0922696
-0.037424
0.101599
-0.0408225
0.110586
-0.0440117
0.119088
-0.0469273
0.126967
-0.0495073
0.134084
-0.0516939
0.140308
-0.0534339
0.14551
-0.0546805
0.149573
-0.055394
0.152388
-0.0555425
0.153862
0.153913
-0.00847935
0.0243826
-0.0108752
0.0318676
-0.0134497
0.0400796
-0.0161551
0.0489024
-0.0189413
0.0582142
-0.0217565
0.0678892
-0.024548
0.077798
-0.0272625
0.0878092
-0.0298476
0.0977893
-0.0322523
0.107604
-0.0344279
0.117118
-0.0363297
0.126199
-0.0379173
0.134712
-0.0391562
0.142528
-0.0400187
0.149522
-0.0404845
0.155573
-0.0405417
0.160568
-0.0401871
0.164406
-0.0394267
0.166993
0.168254
-0.00907681
0.0264712
-0.0112223
0.0341062
-0.0134097
0.0424374
-0.0155828
0.0513559
-0.0176875
0.0607481
-0.0196716
0.0704971
-0.0214856
0.0804834
-0.0230835
0.0905855
-0.0244235
0.100681
-0.0254684
0.110645
-0.0261868
0.120355
-0.0265541
0.129689
-0.0265526
0.138524
-0.0261733
0.146741
-0.0254159
0.154226
-0.0242895
0.160869
-0.0228129
0.166565
-0.0210146
0.17122
-0.0189326
0.174748
0.177077
0.00370874
-0.011423
-0.0016804
0.00526922
-0.0104095
0.0063339
-0.0093179
0.00688601
-0.00816022
0.00692057
-0.00694962
0.0064448
-0.00570031
0.0054781
-0.00442711
0.00405175
-0.00314516
0.00220818
-0.00186956
-1.2643e-11
-0.000614993
-0.00251136
0.000604569
-0.00525717
0.00177618
-0.00816316
0.00288819
-0.0111514
0.00393044
-0.0141424
0.00489445
-0.0170566
0.00577355
-0.019817
0.00656289
-0.0223503
0.00725951
-0.0245886
0.00786226
0.00837174
0.00498793
-0.0179415
-0.00228978
0.00712888
-0.0165227
0.00864034
-0.014908
0.00946919
-0.0131262
0.00958401
-0.0112104
0.00897676
-0.00919759
0.00766358
-0.00712693
0.00568452
-0.00503868
0.00310226
-0.00297288
-4.25833e-11
-0.000968122
-0.00352158
0.000939648
-0.00734801
0.00271817
-0.0113552
0.00433975
-0.0154141
0.00578192
-0.0193952
0.0070279
-0.0231728
0.00806684
-0.0266298
0.00889381
-0.0296613
0.00950961
-0.0321774
0.00992042
0.0101372
0.00643119
-0.0263322
-0.00298283
0.00923135
-0.0244562
0.0112569
-0.0222077
0.0124097
-0.0196389
0.0126245
-0.0168124
0.0118736
-0.0137991
0.0101677
-0.0106755
0.00755666
-0.00752032
0.00412737
-0.00441209
-8.15644e-11
-0.0014257
-0.0046772
0.00137008
-0.00973441
0.00391503
-0.0149877
0.00615938
-0.0202471
0.00806518
-0.0253244
0.00960712
-0.0300411
0.0107728
-0.0342355
0.0115626
-0.0377687
0.0119885
-0.0405293
0.0120734
0.0118493
0.00801339
-0.0367138
-0.00374278
0.0115449
-0.0343384
0.0141476
-0.0313472
0.0156694
-0.0278223
0.0160046
-0.0238663
0.0151006
-0.0195971
0.0129611
-0.0151431
0.00964653
-0.0106378
0.00527173
-0.00621331
-1.28997e-10
-0.00199536
-0.00596477
0.0019022
-0.0123883
0.00538159
-0.0190172
0.00836459
-0.0255916
0.0107948
-0.0318569
0.012639
-0.0375755
0.0138871
-0.0425372
0.0145514
-0.0465677
0.0146646
-0.0495355
0.0142772
0.0134546
0.00970331
-0.0491563
-0.00454795
0.014031
-0.0462519
0.0172689
-0.0424144
0.0192027
-0.037763
0.0196795
-0.0324509
0.0186169
-0.0266576
0.0160095
-0.0205806
0.0119291
-0.0144252
0.00652181
-0.00839501
-1.84187e-10
-0.00268235
-0.00736923
0.00254022
-0.0152784
0.00712711
-0.0233961
0.0109651
-0.031384
0.0139767
-0.038914
0.016122
-0.045684
0.0173984
-0.0514324
0.0178381
-0.0559487
0.0175052
-0.0590825
0.0164904
0.0149059
0.0114646
-0.0636784
-0.00537272
0.0166447
-0.0602308
0.0205705
-0.0554529
0.0229574
-0.049508
0.0235981
-0.0426114
0.0223761
-0.03502
0.0192742
-0.0270182
0.0143761
-0.0189027
0.00786252
-0.0109677
-2.46343e-10
-0.00348951
-0.00887408
0.0032862
-0.0183711
0.00915518
-0.0280734
0.0139626
-0.0375565
0.0176078
-0.0464126
0.0200464
-0.0542706
0.0212888
-0.0608146
0.0213967
-0.0657979
0.0204773
-0.069053
0.0186752
0.0161637
0.0132569
-0.0802459
-0.0061886
0.0193366
-0.0762586
0.0239969
-0.0704601
0.0268754
-0.0630635
0.0277038
-0.0543584
0.0263266
-0.0446952
0.0227122
-0.0344646
0.0169566
-0.0240759
0.00927731
-0.0139338
-3.14587e-10
-0.0044172
-0.0104614
0.00413998
-0.0216302
0.0114638
-0.0329946
0.0173513
-0.0440377
0.021677
-0.054266
0.0243945
-0.0632354
0.0255344
-0.0705738
0.025198
-0.0759983
0.023548
-0.0793267
0.0207974
0.0171959
0.0150374
-0.0987707
-0.00696559
0.0220537
-0.094268
0.0274883
-0.0873863
0.0308941
-0.078394
0.0319353
-0.0676666
0.0304124
-0.055665
0.0262771
-0.0429069
0.019637
-0.0299355
0.0107484
-0.0172875
-3.87955e-10
-0.00546327
-0.0121123
0.00509921
-0.0250172
0.0140452
-0.0381026
0.0211176
-0.0507531
0.0261645
-0.0623842
0.0291412
-0.0724756
0.0301057
-0.0805974
0.0292095
-0.0864308
0.0266846
-0.0897816
0.0228271
0.0179782
0.0167625
-0.119112
-0.0076736
0.0247412
-0.11414
0.0309824
-0.106134
0.0349477
-0.0954215
0.0362278
-0.0824747
0.0345744
-0.0678825
0.0299196
-0.05231
0.0223816
-0.0364571
0.0122568
-0.0210144
-4.65414e-10
-0.0066231
-0.0138067
0.00615935
-0.028492
0.0168864
-0.0433382
0.0252406
-0.0576256
0.031043
-0.0706749
0.0342542
-0.0818863
0.0349676
-0.0907706
0.0333964
-0.0969744
0.0298553
-0.100294
0.0247384
0.018494
0.018389
-0.141075
-0.00828394
0.0273441
-0.135707
0.034416
-0.126561
0.0389688
-0.114027
0.0405144
-0.0986855
0.038751
-0.0812709
0.0335881
-0.0626167
0.025153
-0.0436017
0.0137828
-0.0250921
-5.45866e-10
-0.00788954
-0.0155237
0.00731372
-0.032013
0.0199686
-0.0486399
0.0296919
-0.0645761
0.0362771
-0.0790437
0.0396941
-0.0913605
0.0400801
-0.100978
0.0377212
-0.107507
0.0330286
-0.110739
0.0265093
0.018734
0.0198764
-0.164419
-0.00877072
0.0298095
-0.158752
0.0377267
-0.148477
0.0428899
-0.134048
0.0447272
-0.116166
0.0428793
-0.0957248
0.0372295
-0.0737477
0.0279126
-0.0513149
0.0153058
-0.0294898
-6.28162e-10
-0.00925298
-0.0172417
0.00855346
-0.0355372
0.0232679
-0.0539448
0.0344363
-0.0715239
0.041824
-0.0873948
0.0454151
-0.100791
0.0453983
-0.111102
0.0421441
-0.117907
0.0361737
-0.120992
0.0281219
0.018696
0.021188
-0.188855
-0.00911219
0.0320874
-0.183013
0.0408544
-0.171651
0.0466451
-0.155288
0.0487992
-0.13475
0.0468962
-0.11111
0.0407902
-0.0856019
0.0306213
-0.0595276
0.0168049
-0.0341683
-7.11112e-10
-0.0107014
-0.0189386
0.0098676
-0.0390208
0.0267551
-0.0591887
0.0394312
-0.0783872
0.0476338
-0.0956315
0.0513646
-0.110068
0.0508724
-0.121026
0.046623
-0.128051
0.0392605
-0.130929
0.0295614
0.0183842
0.0222922
-0.214053
-0.00929187
0.0341329
-0.208188
0.0437435
-0.195812
0.0501714
-0.177507
0.052665
-0.154237
0.0507395
-0.127266
0.0442167
-0.0980572
0.0332394
-0.0681562
0.0182589
-0.0390805
-7.93495e-10
-0.0122202
-0.020592
0.0112431
-0.0424192
0.0303955
-0.0643069
0.0446276
-0.0850832
0.053649
-0.103657
0.0574838
-0.119085
0.056448
-0.130634
0.0511131
-0.137819
0.0422586
-0.140428
0.0308162
0.0178086
0.0231643
-0.239648
-0.00929941
0.0359074
-0.233938
0.0463439
-0.220653
0.0534106
-0.200437
0.0562629
-0.174397
0.0543491
-0.144005
0.0474567
-0.110971
0.0357279
-0.0771028
0.0196465
-0.0441712
-8.7407e-10
-0.0137926
-0.0221792
0.0126648
-0.0456875
0.0341497
-0.0692339
0.0499693
-0.0915292
0.0598053
-0.111373
0.0637075
-0.127733
0.0620659
-0.139811
0.0555673
-0.147091
0.045138
-0.149367
0.0318774
0.0169846
0.0237865
-0.265246
-0.00913118
0.0373797
-0.259893
0.0486122
-0.245836
0.0563103
-0.223776
0.0595354
-0.19497
0.057668
-0.161113
0.0504594
-0.12418
0.0380483
-0.0862558
0.020947
-0.0493773
-9.51593e-10
-0.0153993
-0.0236777
0.0141156
-0.0487807
0.0379729
-0.0739044
0.0553936
-0.0976424
0.0660314
-0.118684
0.0699643
-0.135906
0.0676624
-0.148443
0.0599358
-0.155751
0.0478683
-0.157629
0.0327381
0.0159319
0.0241492
-0.29043
-0.00879054
0.0385268
-0.285659
0.0505133
-0.270997
0.0588252
-0.247196
0.0624308
-0.215673
0.0606434
-0.178358
0.0531769
-0.137505
0.0401638
-0.0954902
0.0221396
-0.0546283
-1.02482e-09
-0.0170187
-0.025065
0.0155761
-0.0516543
0.0418154
-0.0782535
0.0608313
-0.103341
0.0722491
-0.125496
0.076177
-0.143499
0.0731692
-0.156422
0.0641666
-0.163687
0.0504188
-0.165102
0.0333934
0.0146744
0.0242507
-0.31477
-0.00828774
0.0393345
-0.310826
0.0520203
-0.295752
0.0609177
-0.270349
0.0649042
-0.2362
0.0632275
-0.195484
0.0555645
-0.150747
0.0420391
-0.104669
0.0232048
-0.0598462
-1.09253e-09
-0.018627
-0.026319
0.0170253
-0.0542641
0.0456223
-0.0822172
0.0662064
-0.108544
0.0783734
-0.131715
0.0822622
-0.150413
0.078514
-0.163641
0.0682051
-0.17079
0.0527586
-0.17168
0.0338398
0.0132389
0.0240973
-0.337829
-0.00763948
0.0397973
-0.334974
0.0531157
-0.319706
0.062559
-0.292872
0.0669178
-0.256228
0.0653781
-0.212218
0.0575815
-0.163694
0.0436414
-0.113642
0.0241237
-0.0649458
-1.15353e-09
-0.0201981
-0.0274184
0.0184399
-0.056567
0.0493339
-0.0857329
0.0714367
-0.113174
0.0843131
-0.137251
0.0881316
-0.15655
0.0836205
-0.170001
0.0719948
-0.176961
0.0548563
-0.177263
0.0340751
0.0116549
0.0237027
-0.359174
-0.00686817
0.0399184
-0.357681
0.0537911
-0.342457
0.063729
-0.314389
0.0684419
-0.275421
0.0670594
-0.228275
0.0591915
-0.176118
0.0449406
-0.12225
0.0248785
-0.0698354
-1.20667e-09
-0.0217037
-0.0283422
0.0197948
-0.0585212
0.0528859
-0.0887397
0.0764338
-0.117155
0.0899708
-0.142019
0.0936914
-0.161819
0.0884093
-0.175408
0.0754779
-0.182107
0.0566808
-0.181762
0.0340981
0.00995361
0.0230873
-0.00600091
0.039709
0.0540468
0.0644166
0.0694549
0.0682427
0.0603635
0.0459094
0.0254529
-1.25084e-09
-0.0290709
-0.0600865
-0.0911794
-0.120414
-0.145938
-0.166134
-0.179778
-0.186148
-0.185099
-0.0625966
0.15984
-0.0627658
0.161055
-0.0625236
0.160829
-0.0618687
0.159171
-0.0608018
0.156114
-0.0593259
0.151714
-0.0574477
0.14605
-0.0551786
0.139224
-0.0525357
0.13136
-0.0495429
0.122599
-0.0462317
0.113103
-0.0426415
0.103042
-0.0388204
0.0925999
-0.0348243
0.081966
-0.0307172
0.0713314
-0.0265694
0.0608856
-0.022457
0.050812
-0.0184599
0.0412846
-0.0146601
0.0324644
0.0244962
-0.111891
0.130932
-0.109974
0.133696
-0.107045
0.135005
-0.103204
0.134865
-0.0985619
0.133305
-0.0932319
0.130376
-0.0873322
0.126156
-0.0809831
0.120745
-0.0743048
0.114263
-0.0674165
0.106851
-0.0604342
0.0986688
-0.0534698
0.0898871
-0.0466292
0.0806881
-0.0400112
0.0712599
-0.0337063
0.0617927
-0.0277954
0.0524742
-0.0223488
0.0434861
-0.0174257
0.0349994
-0.0130733
0.0271718
0.0201438
-0.134127
0.0975162
-0.132376
0.10108
-0.128974
0.103323
-0.124108
0.104252
-0.117982
0.10389
-0.110809
0.102285
-0.102809
0.0995049
-0.0942019
0.0956385
-0.0852048
0.0907943
-0.0760259
0.0850978
-0.0668613
0.07869
-0.0578908
0.0717235
-0.0492753
0.0643598
-0.0411537
0.0567654
-0.0336411
0.0491083
-0.0268278
0.0415539
-0.0207787
0.0342617
-0.0155332
0.0273816
-0.0111062
0.021051
0.015392
-0.129637
0.0646413
-0.129228
0.0679924
-0.126768
0.0703064
-0.12249
0.0715889
-0.116647
0.0718615
-0.109508
0.0711625
-0.101351
0.0695467
-0.0924544
0.0670841
-0.0830905
0.0638594
-0.0735198
0.05997
-0.0639846
0.0555243
-0.0547036
0.0506392
-0.0458677
0.0454381
-0.0376369
0.0400474
-0.0301373
0.0345942
-0.0234609
0.0292037
-0.0176646
0.023996
-0.0127717
0.0190839
-0.00877403
0.0145705
0.0105475
-0.102877
0.0353284
-0.103625
0.0375886
-0.102415
0.0392038
-0.0994651
0.0401806
-0.0950158
0.0405355
-0.0893224
0.0402949
-0.0826491
0.0394947
-0.0752616
0.0381795
-0.0674198
0.0364024
-0.0593711
0.0342232
-0.0513448
0.031708
-0.0435462
0.0289272
-0.0361525
0.0259545
-0.0293098
0.0228652
-0.0231305
0.0197348
-0.017693
0.016637
-0.0130412
0.0136427
-0.00918649
0.0108185
-0.00610965
0.00822524
0.00591705
-0.0587245
0.0106275
-0.0595795
0.0113672
-0.0591827
0.0118976
-0.0576728
0.0122226
-0.0552034
0.0123491
-0.0519379
0.012287
-0.0480455
0.012049
-0.043696
0.0116502
-0.0390553
0.011108
-0.034281
0.0104418
-0.0295184
0.00967242
-0.0248973
0.0088219
-0.0205287
0.00791301
-0.0165034
0.00696881
-0.0128902
0.0060123
-0.00973551
0.00506594
-0.00706383
0.00415128
-0.00487846
0.00328855
-0.00316319
0.00249636
0.00179135
2.90072e-09
-0.00951935
2.90616e-09
-0.0101519
2.85408e-09
-0.0105949
2.73504e-09
-0.0108538
2.57233e-09
-0.0109368
2.37684e-09
-0.0108545
2.14301e-09
-0.0106197
1.90189e-09
-0.0102469
1.64769e-09
-0.00975237
1.39517e-09
-0.00915341
1.15513e-09
-0.00846847
9.22301e-10
-0.00771663
7.17383e-10
-0.00691731
5.33521e-10
-0.00609005
3.76948e-10
-0.00525416
2.50799e-10
-0.00442845
1.49863e-10
-0.003631
7.66739e-11
-0.00287883
2.84066e-11
-0.00218771
-0.0015719
0.0728349
-0.0251408
0.0736261
-0.0265153
0.0728625
-0.0274164
0.07073
-0.0278648
0.0674299
-0.0278868
0.063174
-0.0275139
0.0581781
-0.026782
0.0526569
-0.0257299
0.0468181
-0.0243993
0.0408572
-0.0228335
0.0349532
-0.0210772
0.029264
-0.0191754
0.0239237
-0.0171733
0.0190402
-0.0151159
0.0146934
-0.0130471
0.0109353
-0.0110096
0.00778981
-0.00904458
0.00525451
-0.00719108
0.00330234
-0.0054857
-0.00396211
0.159866
-0.035393
0.159861
-0.0366875
0.15681
-0.0373931
0.151106
-0.0375457
0.143165
-0.0371876
0.13342
-0.0363657
0.122309
-0.0351308
0.110262
-0.0335355
0.0976916
-0.0316334
0.0849865
-0.0294788
0.0724985
-0.027125
0.0605369
-0.0246249
0.0493631
-0.0220299
0.0391854
-0.0193901
0.0301571
-0.0167543
0.0223749
-0.0141696
0.0158803
-0.0116817
0.0106617
-0.00933432
0.00665794
-0.00716956
-0.00522702
0.258692
-0.0384857
0.255029
-0.0390613
0.247278
-0.0391057
0.236013
-0.0386645
0.221838
-0.0377876
0.205369
-0.0365276
0.187223
-0.0349379
0.168002
-0.0330713
0.148281
-0.0309789
0.128592
-0.0287097
0.109418
-0.0263096
0.0911826
-0.0238221
0.074238
-0.0212876
0.0588649
-0.0187445
0.0452664
-0.0162292
0.0335676
-0.013777
0.0238159
-0.0114221
0.0159846
-0.00919858
0.00997708
-0.00714009
-0.00528008
0.361723
-0.0325417
0.351301
-0.0322246
0.336446
-0.0315598
0.317851
-0.0305939
0.296235
-0.0293745
0.272323
-0.0279482
0.246835
-0.0263597
0.220465
-0.0246501
0.193872
-0.022856
0.167664
-0.0210095
0.14239
-0.0191377
0.118524
-0.0172634
0.0964627
-0.0154055
0.0765176
-0.0135801
0.0589106
-0.0118014
0.0437735
-0.0100829
0.0311482
-0.00843811
0.0209897
-0.00688186
0.013171
-0.00543072
-0.00410339
0.45561
-0.0170367
0.436525
-0.0161518
0.413363
-0.0151515
0.386851
-0.0140753
0.357734
-0.0129599
0.326758
-0.0118389
0.294653
-0.0107404
0.262123
-0.00968721
0.22983
-0.00869562
0.19838
-0.00777572
0.168318
-0.00693162
0.140114
-0.00616218
0.114156
-0.00546197
0.0907461
-0.00482252
0.0700975
-0.00423367
0.05233
-0.003685
0.0374723
-0.00316718
0.0254632
-0.00267322
0.0161566
-0.00219945
-0.00174626
0.523795
0.496489
0.465915
0.432763
0.397727
0.361499
0.324751
0.288125
0.252221
0.217587
0.184712
0.154015
0.125842
0.100459
0.0780483
0.0587103
0.0424589
0.0292254
0.0188607
)
;

boundaryField
{
    inlet
    {
        type            calculated;
        value           uniform 0;
    }
    outlet
    {
        type            calculated;
        value           uniform 0;
    }
    dymWall
    {
        type            calculated;
        value           nonuniform List<scalar> 
73
(
-0.00703013
-0.00630715
-0.00557851
-0.00484486
-0.00410687
-0.00336519
-0.0026205
-0.00187347
-0.00112475
-0.000375029
0.000375029
0.00112475
0.00187347
0.0026205
0.00336519
0.00410687
0.00484486
0.00557851
0.00630715
0.00703013
0.00702018
0.00631775
0.00560325
0.00487805
0.00414351
0.00340103
0.00265203
0.00189795
0.00114023
0.00038032
-0.00038032
-0.00114023
-0.00189795
-0.00265203
-0.00340103
-0.00414351
-0.00487805
-0.00560325
-0.00631775
-0.00702018
-0.0111399
-0.0093267
-0.00748992
-0.00563414
-0.00376406
-0.00188442
-5.06949e-16
0.00188442
0.00376406
0.00563414
0.00748992
0.0093267
0.0111399
0.00661279
0.00594517
0.0052681
0.00458267
0.00388998
0.00319113
0.00248723
0.0017794
0.00106877
0.000356443
-0.000356443
-0.00106877
-0.0017794
-0.00248723
-0.00319113
-0.00388998
-0.00458267
-0.0052681
-0.00594517
-0.00661279
)
;
    }
    AMI1
    {
        type            cyclicAMI;
        value           nonuniform List<scalar> 
73
(
0.00167166
-0.0326585
-0.0663186
-0.095328
-0.115933
-0.125097
-0.120848
-0.102426
-0.070287
-0.0259765
0.028027
0.0884952
0.151646
0.213386
0.26961
0.31657
0.351255
0.371721
0.377284
0.368544
0.347223
0.315858
0.277434
0.235003
0.191355
0.148777
0.108913
0.0727356
0.0406304
0.0125728
-0.0116353
-0.0321273
-0.0487915
-0.0612
-0.0686721
-0.0704565
-0.0659817
-0.0551027
-0.0382751
-0.0166137
-0.378384
-0.378535
-0.363603
-0.334523
-0.293435
-0.243356
-0.187782
-0.130323
-0.0744172
-0.0231136
0.0210631
0.056209
0.0811034
0.0952434
0.098844
0.0927984
0.0785955
0.0582011
0.033909
0.00816785
0.0620185
0.112705
0.134058
0.12779
0.0999838
0.0564976
-2.8143e-09
-0.0703243
-0.156473
-0.257735
-0.367057
-0.46992
-0.547168
)
;
    }
    AMI2
    {
        type            cyclicAMI;
        value           nonuniform List<scalar> 
162
(
-0.00511989
0.00294431
0.011293
0.0197099
0.0279644
0.0358197
0.0430407
0.0494021
0.0546954
0.0587361
0.0613678
0.0624666
0.0619434
0.0597445
0.0558518
0.0502817
0.043083
0.0343353
0.024146
0.0126487
4.95253e-15
-0.0136225
-0.0280226
-0.0429881
-0.0582937
-0.0737044
-0.0889787
-0.103874
-0.11815
-0.131575
-0.143932
-0.155024
-0.164678
-0.172751
-0.179134
-0.183755
-0.18658
-0.187613
-0.186897
-0.184506
-0.180548
-0.179451
-0.172414
-0.164192
-0.154983
-0.144993
-0.134425
-0.123474
-0.112324
-0.101144
-0.0900816
-0.0792647
-0.0687971
-0.0587593
-0.0492091
-0.0401826
-0.0316968
-0.0237529
-0.01634
-0.00943932
-0.00302851
0.00291375
0.00840395
0.0134504
0.0180507
0.0221906
0.0258433
0.0289712
0.0315275
0.0334599
0.0347142
0.0352392
0.0349911
0.0339382
0.0320647
0.0293739
0.0258905
0.0216614
0.016756
0.011265
0.00529852
0.186584
0.188684
0.188993
0.187477
0.184147
0.179052
0.172282
0.163961
0.154241
0.143297
0.131323
0.118524
0.105113
0.0913026
0.0773032
0.0633193
0.0495457
0.0361654
0.0233478
0.0112469
-1.83616e-15
-0.0102731
-0.0194713
-0.0275126
-0.0343349
-0.0398966
-0.0441763
-0.0471733
-0.0489068
-0.0494159
-0.048758
-0.0470084
-0.044258
-0.0406123
-0.0361892
-0.0311167
-0.025531
-0.0195737
-0.0133894
-0.00712274
-0.000915622
-0.0131146
-0.0203831
-0.0268022
-0.0322603
-0.0366852
-0.0400424
-0.0423322
-0.043585
-0.0438552
-0.0432151
-0.0417479
-0.039541
-0.0366801
-0.0332436
-0.0292987
-0.0248975
-0.0200757
-0.0148514
-0.00922576
-0.00318449
0.00329925
0.0102611
0.0177411
0.0257779
0.0344037
0.043638
0.0534816
0.0639119
0.0748782
0.0862984
0.0980576
0.110008
0.121971
0.133741
0.145094
0.155788
0.165582
0.174238
0.181532
0.187267
)
;
    }
    walls
    {
        type            calculated;
        value           uniform 0;
    }
    front
    {
        type            empty;
        value           nonuniform 0();
    }
    back
    {
        type            empty;
        value           nonuniform 0();
    }
}


// ************************************************************************* //
