/*--------------------------------*- C++ -*----------------------------------*\
  =========                 |
  \\      /  F ield         | OpenFOAM: The Open Source CFD Toolbox
   \\    /   O peration     | Website:  https://openfoam.org
    \\  /    A nd           | Version:  6
     \\/     M anipulation  |
\*---------------------------------------------------------------------------*/
FoamFile
{
    version     2.0;
    format      ascii;
    class       volScalarField;
    location    "4.25";
    object      nut;
}
// * * * * * * * * * * * * * * * * * * * * * * * * * * * * * * * * * * * * * //

dimensions      [0 2 -1 0 0 0 0];

internalField   nonuniform List<scalar> 
4214
(
0.00245712
0.00154419
0.00119646
0.00114035
0.00117812
0.00120507
0.00120237
0.00118624
0.00118014
0.00120921
0.00130134
0.00149321
0.00184727
0.00249997
0.00379219
0.00653745
0.0121057
0.0214429
0.0326998
0.0419067
0.0466451
0.0460679
0.0447223
0.0454521
0.047955
0.0512081
0.0536976
0.0531239
0.0477394
0.0383379
0.0277495
0.018209
0.010913
0.00614589
0.00341997
0.00211096
0.00150613
0.00124381
0.00118583
0.00148455
0.0024074
0.00166842
0.00123788
0.00111346
0.00112399
0.00115675
0.00116777
0.00115565
0.00113379
0.00112088
0.00113875
0.00121162
0.00136781
0.00164748
0.00212508
0.00297581
0.00465619
0.00820906
0.0151095
0.0255849
0.0369029
0.0454342
0.0491152
0.0506295
0.0504761
0.0514822
0.0540748
0.0567947
0.056497
0.0508098
0.0405719
0.0290204
0.0188144
0.0111937
0.00631276
0.00354203
0.00215667
0.00151811
0.00124475
0.00113353
0.00117328
0.00147429
0.00127766
0.00111609
0.00109153
0.00111626
0.00113659
0.00113643
0.00111847
0.00109337
0.00107799
0.00109401
0.0011652
0.00131615
0.00157475
0.0019817
0.00262111
0.00371694
0.00586427
0.0102704
0.0182063
0.0290764
0.0393145
0.04529
0.049127
0.0508369
0.0531137
0.0567555
0.0604775
0.0607275
0.0545176
0.043014
0.0302839
0.0193271
0.0113745
0.00639695
0.00361053
0.00218498
0.0015244
0.00124087
0.00112177
0.00108002
0.00115687
0.00113098
0.00107693
0.00108652
0.00110857
0.0011186
0.00111135
0.00108984
0.00106382
0.00105129
0.00107675
0.00116637
0.00134427
0.0016316
0.00204848
0.00262645
0.00345637
0.00482842
0.00750964
0.0128567
0.0218184
0.0327802
0.041388
0.0471142
0.0506303
0.0540354
0.0587235
0.0636442
0.0648393
0.0583646
0.0456143
0.0316303
0.0198531
0.0115299
0.0064434
0.00363953
0.00220063
0.00152502
0.0012354
0.00111889
0.00106084
0.00105775
0.00107668
0.00106957
0.00108672
0.00110121
0.00110321
0.00109098
0.00106731
0.00104319
0.00104093
0.00109079
0.00122432
0.00146816
0.00183969
0.00234208
0.00296684
0.00372204
0.00471585
0.00634912
0.00961149
0.0159405
0.0256755
0.035964
0.043554
0.048743
0.0533312
0.0593128
0.0658871
0.0685793
0.0622375
0.0483224
0.0330369
0.0203904
0.0116679
0.00646094
0.00363856
0.00220017
0.00151922
0.00122803
0.00111577
0.00106066
0.00103198
0.00106421
0.00107353
0.00108737
0.00109408
0.00109002
0.00107408
0.0010497
0.00103202
0.00105109
0.00114607
0.00135778
0.00171922
0.00224649
0.00292319
0.00369621
0.004503
0.00533797
0.00638411
0.00823501
0.0121402
0.0194247
0.0294175
0.038714
0.045506
0.0512336
0.0584331
0.0669243
0.0716765
0.0659859
0.0511134
0.0345183
0.0209793
0.0118248
0.00647281
0.003623
0.00218721
0.00150797
0.00121873
0.00111085
0.00106254
0.00102964
0.00106909
0.00107933
0.00108653
0.00108682
0.00107817
0.00105952
0.00103697
0.00103323
0.00108986
0.00125822
0.0015947
0.00214384
0.00292262
0.00388596
0.00491804
0.005875
0.00666181
0.00734814
0.00829434
0.0103724
0.0150222
0.0230957
0.0328763
0.0412213
0.0481125
0.0562588
0.0666281
0.0739168
0.0694509
0.0539154
0.0360775
0.021643
0.0120269
0.00649943
0.00360624
0.00216851
0.00149355
0.0012083
0.00110487
0.00106301
0.00103316
0.00107786
0.00108275
0.00108361
0.00107912
0.00106696
0.00104699
0.00103092
0.00105276
0.00116954
0.00144856
0.00197259
0.00280249
0.00395715
0.00534457
0.00675755
0.00794951
0.00873593
0.00913708
0.00942589
0.0102276
0.0126856
0.0181987
0.026865
0.0362105
0.0442887
0.0531488
0.0650756
0.0751498
0.0724528
0.0566127
0.0376789
0.0223852
0.0122959
0.00656094
0.00360167
0.0021519
0.00147896
0.0011977
0.00109847
0.00106203
0.00103716
0.00108353
0.00108237
0.00107863
0.00107079
0.00105609
0.00103736
0.00103573
0.00109949
0.00130626
0.00174322
0.00253682
0.00376325
0.00544323
0.00740694
0.00932325
0.0108226
0.0116212
0.0117277
0.0114227
0.0112589
0.0121077
0.0152474
0.0217804
0.0309028
0.039893
0.0493911
0.062607
0.0753697
0.0748309
0.0590589
0.0392326
0.0231778
0.0126329
0.00667046
0.00361973
0.00214411
0.00146735
0.00118805
0.00109208
0.00106006
0.0010403
0.00108361
0.00107838
0.00107192
0.0010618
0.00104593
0.00103313
0.00105812
0.00118456
0.00151929
0.00217088
0.00333614
0.00508847
0.00745585
0.0101466
0.0126804
0.0145524
0.0153588
0.0151323
0.0142108
0.0131965
0.012848
0.0141401
0.0183655
0.0260832
0.0354346
0.0454543
0.0598067
0.0748888
0.0764567
0.0610719
0.0405828
0.0239138
0.0129933
0.00681421
0.00365896
0.00214514
0.00145919
0.00117972
0.00108588
0.0010574
0.00104237
0.00107859
0.00107173
0.00106393
0.00105245
0.001038
0.00103869
0.00110712
0.00131999
0.00182986
0.00275811
0.00441479
0.00681663
0.0100344
0.0135924
0.0168568
0.0191754
0.019984
0.019402
0.0178772
0.0159934
0.0145873
0.0145013
0.0167738
0.022516
0.0313989
0.0420063
0.0574118
0.0740711
0.0772872
0.0623643
0.0414543
0.0243853
0.0132411
0.00692059
0.00368414
0.00213865
0.00144718
0.00117055
0.00107984
0.00105438
0.00104332
0.00107034
0.00106358
0.00105516
0.00104365
0.00103546
0.00106008
0.00119326
0.00151668
0.00225944
0.00352183
0.00580353
0.00894696
0.0131852
0.017742
0.0218557
0.0247132
0.0255201
0.0245711
0.0222786
0.0195175
0.0171395
0.0159521
0.0167869
0.0206118
0.0282016
0.0395632
0.0561258
0.0735821
0.0773828
0.062663
0.041604
0.0243716
0.0131838
0.00686263
0.0036343
0.00210396
0.0014268
0.00115975
0.00107378
0.001051
0.00104304
0.00106091
0.00105492
0.00104642
0.00103735
0.00104342
0.00110374
0.00132752
0.00178144
0.00282736
0.00445989
0.00751539
0.0114352
0.0169015
0.0225735
0.0276422
0.0311308
0.0318936
0.0305877
0.0275072
0.02376
0.0203909
0.0182455
0.0180379
0.0204323
0.0267479
0.0392397
0.0566625
0.0736744
0.0766413
0.0618281
0.0409173
0.0238293
0.0128182
0.00665122
0.00352252
0.00204779
0.00140046
0.00114801
0.00106779
0.00104725
0.00104142
0.00105176
0.0010466
0.00103926
0.00103671
0.00106855
0.0011743
0.00152025
0.00211225
0.00354855
0.00554249
0.00955173
0.0142011
0.0211849
0.027992
0.0341212
0.0382946
0.0388337
0.0371742
0.0332256
0.028558
0.024282
0.0212671
0.0202657
0.0217898
0.0280739
0.0411558
0.0586675
0.0741298
0.0752658
0.0600182
0.0394524
0.0227999
0.0121912
0.00631527
0.00335876
0.00197239
0.00136861
0.00113552
0.001062
0.00104333
0.00103874
0.00104373
0.0010398
0.00103656
0.00104525
0.00111798
0.00127123
0.00178028
0.00249192
0.00443329
0.00670642
0.011917
0.0171306
0.0260266
0.0337806
0.0411253
0.0459219
0.0458467
0.0437976
0.0388514
0.0334794
0.0286293
0.0249398
0.0233896
0.0246249
0.032009
0.0453777
0.0617899
0.0744829
0.0729319
0.0570782
0.0371628
0.0212838
0.0113192
0.00586564
0.00314673
0.00187922
0.00133165
0.00112248
0.00105669
0.00103969
0.0010356
0.00103795
0.00103636
0.00104252
0.00106449
0.00119811
0.00138438
0.00211502
0.00288009
0.00549006
0.00785148
0.0146303
0.0200736
0.0314169
0.0397177
0.0483991
0.0535965
0.0522621
0.0497949
0.0437982
0.0381643
0.0332743
0.0291511
0.0278549
0.0301754
0.0389238
0.0513365
0.0651982
0.073918
0.0692461
0.0529149
0.03416
0.0192956
0.0102512
0.0053136
0.00289639
0.00177024
0.00129051
0.00110911
0.00105215
0.0010369
0.00103282
0.0010366
0.00103776
0.00106186
0.00108985
0.00131473
0.00148787
0.00253301
0.00320508
0.00673359
0.00883316
0.0177226
0.0228105
0.0373735
0.0456336
0.0555421
0.0608572
0.0573367
0.0544056
0.0478089
0.0426824
0.0388178
0.0352644
0.0357123
0.0397365
0.047311
0.0572576
0.0676023
0.0721704
0.0644426
0.0477401
0.0313977
0.0172357
0.00958792
0.00477163
0.00274445
0.00165855
0.00126333
0.00109678
0.00105057
0.0010358
0.00103182
0.00103061
0.00103228
0.00103514
0.00103766
0.00103867
0.0010375
0.00103411
0.00102905
0.00102321
0.00101785
0.00101535
0.00102155
0.00105156
0.00114394
0.00139887
0.00214671
0.00442079
0.00103144
0.00103327
0.00103595
0.00103763
0.00103699
0.00103341
0.00102722
0.0010196
0.00101234
0.00100793
0.00101045
0.00102791
0.0010777
0.0011986
0.00147835
0.00212056
0.00388053
0.0010342
0.00103642
0.00103903
0.00104003
0.00103791
0.00103217
0.00102367
0.00101446
0.0010075
0.00100656
0.00101697
0.0010479
0.00111686
0.00125858
0.00154178
0.0020883
0.00333804
0.0010387
0.00104145
0.00104424
0.0010448
0.00104144
0.00103378
0.00102331
0.00101315
0.0010075
0.00101126
0.00103056
0.00107459
0.00115898
0.00131136
0.00157812
0.00201834
0.00285343
0.00104466
0.00104808
0.00105127
0.0010517
0.00104738
0.00103794
0.00102553
0.00101442
0.00101004
0.00101824
0.00104542
0.00109984
0.00119389
0.00134655
0.0015837
0.00191999
0.00243442
0.00105153
0.00105583
0.00105973
0.00106041
0.00105544
0.00104442
0.00102991
0.00101719
0.00101292
0.00102382
0.00105628
0.0011171
0.00121481
0.00135989
0.00156183
0.00181201
0.00208558
0.00105906
0.0010643
0.00106917
0.00107059
0.00106563
0.00105345
0.00103664
0.00102126
0.00101514
0.0010259
0.00105993
0.00112265
0.00121887
0.00135222
0.00152203
0.00171688
0.00180681
0.00106666
0.00107295
0.00107912
0.00108193
0.00107795
0.00106553
0.00104668
0.00102771
0.00101744
0.00102463
0.0010561
0.00111638
0.00120771
0.00132935
0.00147853
0.00167106
0.0015972
0.00107416
0.0010814
0.00108905
0.00109392
0.0010922
0.00108112
0.0010614
0.00103866
0.00102231
0.00102245
0.00104709
0.00110102
0.00118555
0.0012988
0.00144418
0.00171392
0.00145374
0.00108109
0.00108916
0.00109836
0.00110582
0.00110765
0.00110006
0.00108181
0.00105666
0.00103355
0.00102385
0.0010376
0.00108135
0.00115764
0.00126661
0.00142796
0.00174797
0.00137158
0.00108732
0.00109596
0.00110647
0.00111662
0.00112292
0.00112101
0.00110763
0.00108348
0.00105532
0.00103471
0.00103421
0.0010637
0.00112917
0.00123493
0.00141099
0.00168391
0.00134457
0.00109266
0.00110148
0.00111288
0.00112534
0.00113618
0.00114129
0.00113614
0.00111816
0.0010899
0.0010607
0.00104455
0.00105558
0.00110496
0.00120213
0.00137352
0.00161719
0.00136739
0.00109714
0.00110571
0.00111736
0.0011313
0.00114584
0.00115779
0.0011627
0.00115585
0.00113503
0.0011042
0.0010752
0.00106516
0.00109178
0.00117171
0.0013305
0.0015766
0.00143483
0.00110085
0.00110869
0.00111997
0.0011344
0.00115118
0.00116836
0.00118258
0.00118906
0.00118259
0.0011607
0.0011282
0.00110004
0.00109908
0.00115219
0.00129277
0.00155488
0.00154055
0.00110396
0.00111066
0.00112096
0.00113494
0.00115241
0.00117257
0.0011934
0.00121153
0.00122177
0.0012179
0.00119623
0.00116209
0.00113587
0.00115344
0.00126601
0.00154275
0.00167766
0.00110659
0.0011119
0.00112072
0.00113342
0.0011503
0.0011713
0.00119557
0.00122138
0.00124531
0.00126153
0.00126208
0.00124084
0.00120423
0.00118578
0.00125649
0.0015352
0.00183874
0.00110893
0.00111266
0.00111965
0.00113045
0.00114571
0.00116592
0.00119101
0.00122051
0.00125283
0.00128443
0.00130843
0.00131392
0.00129099
0.00125223
0.00127289
0.00153136
0.00201626
0.00111099
0.00111321
0.00111817
0.00112665
0.00113953
0.00115768
0.00118166
0.00121184
0.00124797
0.00128853
0.00132949
0.00136191
0.00136965
0.00133949
0.00131922
0.0015323
0.00220303
0.00111282
0.00111359
0.00111655
0.00112253
0.00113254
0.0011477
0.00116906
0.0011977
0.00123435
0.00127895
0.00132975
0.00138126
0.00141991
0.00142081
0.00138775
0.00154416
0.00239287
0.00111425
0.00111381
0.00111492
0.00111847
0.00112544
0.00113706
0.00115472
0.00118002
0.00121459
0.00125962
0.00131513
0.00137827
0.00143958
0.0014752
0.00145962
0.0015664
0.00258143
0.00111528
0.00111376
0.00111328
0.00111464
0.00111872
0.00112669
0.00114007
0.0011608
0.00119116
0.00123353
0.00128969
0.00135918
0.00143579
0.00149958
0.00151581
0.00159387
0.00276738
0.00111579
0.00111334
0.00111152
0.00111103
0.00111258
0.0011172
0.00112632
0.00114193
0.00116669
0.00120386
0.00125694
0.0013281
0.00141467
0.00150038
0.00154798
0.001626
0.00295288
0.00111587
0.00111259
0.00110964
0.00110762
0.00110707
0.00110882
0.00111411
0.00112474
0.00114339
0.00117377
0.00122065
0.00128889
0.00138015
0.00148344
0.00156232
0.00165617
0.00314248
0.00111556
0.00111153
0.00110764
0.00110441
0.00110219
0.00110164
0.00110371
0.00110996
0.00112278
0.00114586
0.00118462
0.00124596
0.00133614
0.00145167
0.00156163
0.00168599
0.00334143
0.00111504
0.00111038
0.00110573
0.00110154
0.00109805
0.00109572
0.00109528
0.00109793
0.00110568
0.00112186
0.00115183
0.00120363
0.00128729
0.00140801
0.00154635
0.001715
0.00355408
0.00111439
0.0011092
0.00110402
0.00109917
0.00109479
0.00109119
0.00108889
0.00108879
0.00109246
0.00110268
0.00112428
0.00116539
0.00123841
0.00135656
0.00151673
0.00173887
0.00378336
0.00111378
0.00110826
0.00110273
0.00109747
0.00109255
0.00108816
0.00108463
0.0010826
0.00108322
0.00108868
0.001103
0.00113365
0.00119372
0.00130232
0.00147439
0.00175273
0.00403059
0.00111327
0.00110755
0.00110191
0.00109653
0.00109142
0.00108668
0.00108253
0.00107935
0.00107793
0.00107988
0.00108837
0.00110972
0.00115632
0.00125036
0.00142277
0.0017533
0.00429518
0.00111294
0.00110725
0.0011017
0.00109644
0.00109145
0.00108678
0.00108252
0.00107889
0.00107639
0.00107608
0.00108029
0.00109404
0.00112811
0.00120492
0.00136675
0.00173786
0.00457464
0.0011128
0.00110733
0.00110209
0.00109721
0.00109265
0.00108841
0.00108452
0.00108106
0.00107829
0.00107687
0.00107835
0.00108641
0.00110983
0.00116908
0.00131181
0.00170523
0.00486453
0.00111295
0.00110794
0.00110321
0.00109893
0.00109506
0.00109158
0.00108845
0.00108567
0.00108334
0.00108177
0.0010819
0.00108624
0.00110135
0.00114454
0.00126299
0.00165644
0.00515847
0.00111346
0.0011091
0.00110513
0.00110169
0.00109876
0.00109631
0.00109428
0.00109261
0.00109126
0.00109033
0.00109029
0.00109265
0.00110197
0.00113175
0.00122427
0.00159507
0.00544845
0.00111449
0.00111099
0.00110799
0.00110562
0.00110388
0.00110272
0.00110207
0.00110183
0.0011019
0.00110222
0.00110291
0.00110476
0.00111065
0.00113024
0.00119824
0.00152716
0.00572487
0.00111616
0.00111368
0.0011119
0.00111086
0.00111055
0.00111094
0.00111193
0.00111341
0.00111523
0.00111724
0.00111935
0.00112184
0.00112628
0.00113902
0.00118608
0.00146035
0.00597645
0.00111867
0.00111739
0.00111701
0.00111753
0.00111891
0.00112109
0.00112397
0.00112742
0.00113128
0.00113533
0.00113937
0.00114335
0.00114795
0.00115691
0.00118785
0.00140237
0.00619005
0.00112216
0.00112221
0.00112342
0.00112571
0.00112901
0.00113324
0.00113827
0.00114395
0.00115011
0.00115652
0.0011629
0.00116902
0.00117501
0.00118279
0.00120295
0.00136021
0.00635093
0.00112677
0.00112831
0.00113124
0.00113547
0.0011409
0.00114739
0.00115482
0.00116301
0.00117176
0.00118083
0.00118993
0.00119877
0.00120718
0.00121593
0.00123059
0.00133946
0.00644397
0.00113253
0.00113574
0.00114056
0.00114688
0.00115458
0.00116354
0.00117358
0.00118453
0.00119616
0.00120824
0.0012205
0.00123264
0.00124443
0.00125607
0.00127013
0.00134245
0.00645831
0.00113944
0.00114452
0.0011514
0.00115998
0.00117012
0.00118168
0.0011945
0.00120841
0.00122321
0.00123868
0.0012546
0.00127075
0.00128699
0.00130343
0.0013213
0.00137185
0.00638847
0.00114741
0.00115453
0.00116369
0.00117473
0.00118751
0.00120185
0.00121762
0.00123466
0.00125284
0.00127206
0.00129221
0.00131326
0.00133531
0.00135884
0.00138515
0.00142852
0.00623545
0.00115952
0.00116609
0.00117513
0.00118186
0.00119187
0.00119889
0.0012095
0.00121666
0.00122716
0.00123419
0.00124366
0.00125001
0.00125744
0.00126218
0.00126633
0.00126814
0.00126866
0.00126837
0.00126745
0.00126561
0.00126024
0.00125556
0.00125315
0.00125128
0.00124964
0.00124795
0.0012461
0.0012439
0.00124123
0.00123794
0.00123394
0.00122914
0.00122349
0.00121699
0.00120969
0.00120165
0.00119303
0.00118398
0.00117471
0.00116542
0.00115634
0.00117564
0.00118302
0.00119126
0.00119921
0.00120819
0.00121658
0.00122592
0.00123435
0.00124337
0.00125116
0.00125891
0.00126516
0.00127063
0.00127443
0.00127686
0.00127768
0.00127736
0.00127651
0.00127522
0.00127328
0.00126826
0.0012641
0.00126216
0.00126084
0.00125975
0.00125867
0.00125742
0.00125581
0.00125369
0.00125088
0.00124727
0.00124275
0.00123726
0.00123076
0.00122329
0.00121494
0.00120584
0.00119614
0.00118606
0.00117582
0.00116565
0.00119574
0.00120332
0.00121134
0.00121955
0.00122813
0.00123668
0.00124537
0.00125365
0.00126163
0.00126875
0.00127505
0.00128011
0.00128396
0.00128641
0.00128751
0.00128726
0.00128621
0.00128488
0.00128334
0.00128142
0.00127699
0.0012735
0.00127219
0.00127151
0.0012711
0.00127072
0.00127016
0.00126923
0.00126773
0.00126548
0.00126232
0.00125814
0.00125284
0.0012464
0.00123882
0.00123019
0.00122065
0.00121036
0.00119954
0.00118842
0.00117726
0.00122026
0.00122768
0.0012354
0.00124332
0.00125139
0.0012594
0.00126721
0.00127454
0.00128123
0.00128698
0.00129169
0.00129521
0.00129751
0.00129854
0.0012983
0.00129695
0.00129528
0.0012936
0.00129196
0.00129022
0.00128658
0.00128395
0.00128338
0.00128346
0.00128382
0.00128421
0.00128442
0.00128423
0.00128341
0.00128176
0.0012791
0.00127529
0.00127022
0.00126385
0.00125618
0.00124731
0.00123735
0.00122649
0.00121498
0.00120305
0.00119098
0.00124956
0.00125643
0.00126346
0.00127056
0.00127764
0.0012845
0.00129094
0.00129675
0.00130173
0.00130573
0.00130865
0.00131044
0.00131113
0.00131069
0.00130908
0.0013068
0.00130467
0.00130281
0.00130126
0.00129987
0.00129722
0.00129563
0.00129591
0.00129682
0.00129803
0.00129926
0.00130029
0.00130087
0.00130075
0.00129972
0.00129757
0.00129414
0.00128931
0.00128302
0.00127527
0.00126615
0.00125579
0.00124439
0.00123221
0.00121953
0.00120663
0.001283
0.00128904
0.00129493
0.00130068
0.00130619
0.00131132
0.00131589
0.00131971
0.00132267
0.00132465
0.00132561
0.00132557
0.00132454
0.0013225
0.00131966
0.00131687
0.00131452
0.0013127
0.00131144
0.0013106
0.00130912
0.00130871
0.00130992
0.00131175
0.00131384
0.00131595
0.00131781
0.00131916
0.00131976
0.00131934
0.00131769
0.00131462
0.00131001
0.00130379
0.00129595
0.00128657
0.0012758
0.00126388
0.00125106
0.00123767
0.00122401
0.00131623
0.00132229
0.00132733
0.00133166
0.00133538
0.00133846
0.00134084
0.00134241
0.00134312
0.00134292
0.00134185
0.00133997
0.00133723
0.00133374
0.00133022
0.00132726
0.00132498
0.00132347
0.00132273
0.00132264
0.00132248
0.00132337
0.00132558
0.00132835
0.00133135
0.00133433
0.00133701
0.00133912
0.00134039
0.00134054
0.00133935
0.00133662
0.0013322
0.00132601
0.00131805
0.00130841
0.00129724
0.0012848
0.00127137
0.00125731
0.00124297
0.00134023
0.00134834
0.00135422
0.00135835
0.00136105
0.00136255
0.001363
0.00136251
0.00136115
0.00135905
0.00135623
0.00135264
0.00134844
0.00134432
0.00134084
0.00133813
0.0013363
0.0013354
0.00133543
0.00133627
0.00133754
0.00133979
0.00134302
0.00134674
0.00135064
0.00135445
0.00135791
0.00136072
0.0013626
0.00136327
0.00136248
0.00136003
0.00135575
0.00134957
0.00134147
0.00133154
0.00131998
0.00130703
0.00129303
0.00127836
0.00126341
0.00134985
0.00136047
0.00136833
0.00137374
0.00137697
0.00137835
0.00137821
0.00137684
0.00137441
0.00137103
0.00136688
0.00136244
0.00135825
0.00135464
0.00135178
0.0013498
0.00134881
0.00134882
0.00134984
0.00135177
0.00135451
0.00135814
0.00136239
0.00136702
0.00137176
0.00137635
0.00138051
0.00138393
0.00138634
0.00138744
0.00138698
0.00138475
0.00138056
0.00137435
0.00136609
0.00135588
0.00134393
0.0013305
0.00131597
0.00130075
0.00128527
0.00134896
0.00136096
0.00137035
0.0013772
0.00138164
0.00138387
0.00138417
0.00138289
0.00138047
0.00137737
0.00137399
0.00137066
0.00136767
0.00136524
0.00136356
0.00136277
0.00136295
0.00136416
0.00136635
0.00136948
0.00137367
0.0013786
0.00138382
0.0013893
0.00139481
0.00140007
0.00140482
0.00140875
0.00141158
0.00141302
0.0014128
0.00141071
0.00140657
0.0014003
0.00139188
0.00138141
0.00136909
0.00135524
0.00134023
0.00132452
0.00130858
0.0013445
0.00135559
0.00136485
0.0013722
0.0013776
0.00138115
0.00138306
0.00138362
0.00138316
0.00138203
0.00138057
0.00137908
0.00137784
0.00137709
0.00137702
0.00137775
0.00137938
0.00138194
0.00138542
0.00138976
0.0013953
0.00140142
0.0014075
0.00141372
0.00141986
0.00142567
0.00143086
0.00143517
0.00143829
0.00143995
0.00143989
0.00143788
0.00143376
0.00142742
0.00141886
0.00140817
0.00139557
0.00138137
0.00136597
0.00134985
0.00133351
0.00134789
0.00135679
0.00136468
0.00137143
0.00137695
0.00138122
0.00138434
0.00138647
0.00138783
0.00138865
0.0013892
0.00138973
0.00139046
0.0013916
0.00139332
0.00139572
0.00139889
0.00140285
0.0014076
0.0014131
0.00141978
0.00142688
0.00143366
0.00144046
0.00144706
0.00145323
0.00145871
0.00146323
0.0014665
0.00146827
0.00146827
0.00146629
0.00146216
0.00145579
0.00144715
0.00143635
0.00142358
0.00140916
0.0013935
0.00137707
0.00136043
0.00136212
0.0013684
0.00137433
0.00137975
0.00138458
0.00138878
0.00139237
0.00139543
0.00139807
0.00140044
0.00140271
0.00140505
0.0014076
0.00141053
0.00141395
0.00141793
0.00142254
0.00142779
0.00143365
0.00144009
0.00144761
0.00145538
0.00146264
0.00146977
0.00147661
0.00148292
0.00148847
0.001493
0.00149627
0.00149801
0.001498
0.00149603
0.00149193
0.0014856
0.00147702
0.00146628
0.00145355
0.00143913
0.00142342
0.00140688
0.00139011
0.00138882
0.00139239
0.00139617
0.00139994
0.00140362
0.00140719
0.00141064
0.001414
0.00141731
0.00142065
0.00142411
0.00142777
0.00143172
0.00143605
0.0014408
0.00144602
0.00145173
0.00145792
0.00146456
0.0014716
0.00147951
0.00148752
0.0014949
0.00150205
0.0015088
0.00151496
0.00152032
0.00152465
0.00152773
0.00152934
0.00152925
0.0015273
0.00152331
0.00151719
0.0015089
0.0014985
0.00148616
0.00147211
0.00145673
0.00144044
0.00142391
0.00143006
0.00143105
0.0014328
0.00143486
0.00143721
0.00143982
0.00144269
0.00144581
0.0014492
0.00145287
0.00145684
0.00146116
0.00146583
0.00147089
0.00147633
0.00148217
0.00148837
0.00149492
0.00150175
0.00150882
0.0015165
0.00152414
0.00153115
0.00153785
0.00154409
0.00154972
0.00155455
0.00155841
0.00156111
0.00156247
0.00156229
0.00156042
0.00155672
0.00155109
0.00154348
0.00153392
0.00152252
0.00150949
0.00149512
0.00147977
0.00146424
0.00148886
0.00148768
0.00148777
0.00148835
0.00148942
0.00149096
0.00149296
0.0014954
0.00149828
0.00150158
0.00150529
0.0015094
0.00151389
0.00151875
0.00152394
0.00152943
0.00153519
0.00154117
0.0015473
0.00155353
0.00156009
0.00156654
0.00157245
0.00157803
0.00158317
0.00158775
0.00159163
0.00159469
0.00159678
0.00159777
0.00159752
0.00159591
0.00159281
0.00158814
0.00158184
0.00157391
0.00156441
0.00155347
0.0015413
0.00152818
0.00151513
0.00156978
0.00156722
0.00156647
0.00156615
0.00156627
0.00156683
0.00156782
0.00156921
0.00157099
0.00157314
0.00157564
0.00157845
0.00158154
0.0015849
0.00158848
0.00159225
0.00159617
0.00160019
0.00160428
0.00160837
0.00161256
0.00161663
0.00162038
0.00162388
0.00162707
0.00162988
0.00163223
0.00163405
0.00163526
0.0016358
0.00163557
0.00163451
0.00163254
0.00162959
0.00162562
0.00162061
0.00161457
0.00160755
0.00159968
0.00159109
0.00158326
0.00431232
0.00269051
0.00166121
0.00130145
0.00114467
0.00108145
0.00106587
0.00107167
0.00108216
0.00108798
0.00108613
0.00107804
0.00106705
0.00105617
0.001047
0.00104016
0.00103686
0.00383771
0.00282983
0.00177697
0.00137375
0.00118219
0.00109516
0.00106625
0.0010674
0.00107897
0.00108816
0.00108915
0.00108208
0.00107043
0.00105818
0.00104793
0.00104062
0.00103687
0.00333605
0.00298968
0.00186186
0.00143281
0.00121743
0.00111057
0.00106861
0.00106402
0.00107574
0.00108807
0.00109221
0.00108657
0.00107454
0.00106085
0.00104915
0.00104103
0.00103682
0.0028784
0.00306874
0.00189944
0.00146691
0.00124172
0.00112215
0.00107018
0.00106049
0.00107215
0.00108748
0.00109493
0.00109106
0.00107894
0.001064
0.0010507
0.0010414
0.00103644
0.00247854
0.00304001
0.0018921
0.00147324
0.0012509
0.00112675
0.0010691
0.00105637
0.00106853
0.00108681
0.00109743
0.00109534
0.00108331
0.00106732
0.00105252
0.00104183
0.00103612
0.00214325
0.00287018
0.00185098
0.00145552
0.00124477
0.0011231
0.00106476
0.0010518
0.00106558
0.00108676
0.00110005
0.00109934
0.00108732
0.00107048
0.00105446
0.00104246
0.00103579
0.00187472
0.00262139
0.00178823
0.00141978
0.00122567
0.0011118
0.00105741
0.00104746
0.0010643
0.00108823
0.00110327
0.00110309
0.00109074
0.00107316
0.00105624
0.00104319
0.00103533
0.00167163
0.00234768
0.00170552
0.0013724
0.00119706
0.00109479
0.00104847
0.0010447
0.00106595
0.00109214
0.00110751
0.00110662
0.00109338
0.00107511
0.00105761
0.00104395
0.00103535
0.00153065
0.00208823
0.00160609
0.0013175
0.00116257
0.00107498
0.00104042
0.00104554
0.00107192
0.00109918
0.00111295
0.00110986
0.00109509
0.00107614
0.00105838
0.00104449
0.00103557
0.00144775
0.00187141
0.00149861
0.00125773
0.00112601
0.00105624
0.00103676
0.00105256
0.00108342
0.0011095
0.00111929
0.00111252
0.00109571
0.00107616
0.00105844
0.00104471
0.00103569
0.00141839
0.00170776
0.00139401
0.00119953
0.00109222
0.0010439
0.00104201
0.00106849
0.00110141
0.00112286
0.00112596
0.00111421
0.00109503
0.001075
0.00105772
0.00104454
0.00103579
0.00143749
0.00159165
0.00130625
0.00115142
0.00106921
0.00104472
0.00106091
0.00109506
0.00112484
0.00113721
0.00113147
0.00111424
0.00109293
0.00107278
0.0010562
0.00104386
0.00103575
0.00150009
0.00151167
0.00125008
0.00111827
0.00106359
0.0010643
0.00109538
0.0011301
0.0011497
0.00114924
0.00113399
0.00111196
0.00108932
0.00106964
0.00105412
0.00104284
0.00103549
0.00159981
0.00146089
0.0012149
0.00110652
0.00108161
0.00110512
0.00114227
0.00116708
0.00117021
0.00115577
0.00113239
0.00110722
0.00108439
0.00106581
0.00105167
0.00104162
0.00103516
0.0017293
0.00143917
0.00120011
0.00112003
0.00112606
0.0011632
0.00119205
0.00119703
0.00118151
0.00115532
0.00112673
0.00110048
0.0010786
0.00106163
0.00104909
0.00104038
0.00103485
0.00188085
0.00143058
0.00120636
0.001163
0.00119337
0.00122599
0.00123184
0.0012132
0.0011822
0.00114871
0.00111815
0.00109263
0.00107254
0.0010575
0.00104666
0.0010393
0.0010347
0.00204748
0.00144568
0.00123604
0.00123209
0.00126793
0.00127582
0.00125273
0.00121475
0.00117449
0.00113825
0.00110823
0.00108462
0.00106676
0.00105375
0.00104459
0.00103852
0.0010348
0.00222243
0.00146479
0.00129216
0.00131308
0.00132803
0.00130184
0.0012552
0.00120597
0.0011622
0.00112635
0.00109836
0.00107723
0.00106173
0.0010507
0.0010431
0.00103819
0.00103525
0.00240029
0.00149265
0.001362
0.00138219
0.00136077
0.00130616
0.00124586
0.0011922
0.00114856
0.00111479
0.00108948
0.00107099
0.00105776
0.00104856
0.00104235
0.00103845
0.00103617
0.00257748
0.0015244
0.00142763
0.00142365
0.00136918
0.00129748
0.00123125
0.00117714
0.00113549
0.00110456
0.00108213
0.00106619
0.00105505
0.00104746
0.00104245
0.00103936
0.0010376
0.00275327
0.00155598
0.0014747
0.00143987
0.00136331
0.00128287
0.001215
0.00116255
0.00112385
0.00109608
0.00107653
0.00106298
0.00105371
0.0010475
0.00104347
0.00104101
0.00103962
0.00293012
0.00158431
0.00150136
0.0014406
0.00135031
0.00126574
0.00119869
0.00114921
0.00111406
0.00108961
0.00107285
0.00106147
0.00105382
0.00104875
0.00104547
0.00104346
0.00104226
0.00311283
0.00161008
0.00151444
0.001433
0.00133347
0.00124767
0.00118325
0.00113771
0.00110647
0.00108537
0.00107121
0.00106174
0.00105542
0.00105121
0.00104843
0.00104665
0.00104549
0.00330686
0.00163659
0.00151997
0.00141983
0.00131396
0.00122938
0.00116919
0.00112837
0.00110128
0.00108342
0.00107162
0.00106378
0.00105848
0.00105486
0.00105235
0.00105061
0.00104933
0.00351666
0.00166398
0.00151956
0.00140179
0.0012925
0.0012116
0.00115705
0.00112154
0.00109865
0.00108384
0.0010741
0.00106753
0.00106296
0.00105965
0.00105719
0.00105532
0.00105377
0.00374532
0.00169108
0.00151254
0.00137909
0.00126996
0.00119522
0.00114748
0.00111758
0.00109875
0.00108664
0.00107856
0.00107292
0.00106874
0.00106548
0.00106284
0.0010606
0.00105865
0.00399441
0.0017163
0.00149764
0.0013524
0.00124761
0.00118128
0.00114113
0.0011168
0.00110165
0.00109178
0.00108492
0.00107981
0.0010757
0.00107223
0.0010692
0.00106648
0.00106403
0.00426361
0.00173603
0.00147412
0.00132317
0.00122702
0.00117082
0.00113851
0.00111939
0.00110736
0.00109916
0.00109303
0.00108804
0.0010837
0.00107978
0.00107617
0.00107288
0.00106979
0.00455068
0.00174563
0.00144251
0.00129359
0.00120984
0.00116471
0.00113997
0.0011254
0.00111579
0.00110862
0.00110269
0.00109744
0.00109257
0.00108797
0.00108363
0.00107951
0.00107563
0.00485119
0.00174055
0.00140494
0.00126628
0.00119752
0.00116347
0.00114559
0.00113475
0.00112676
0.00111995
0.00111373
0.00110783
0.00110215
0.00109668
0.00109146
0.0010865
0.00108189
0.00515843
0.00171747
0.00136496
0.00124374
0.00119097
0.00116725
0.00115524
0.00114721
0.00114008
0.001133
0.00112598
0.00111908
0.00111232
0.00110578
0.00109953
0.00109372
0.00108843
0.00546344
0.00167578
0.0013268
0.00122789
0.00119055
0.00117581
0.00116853
0.00116251
0.00115559
0.00114766
0.00113938
0.00113112
0.00112304
0.00111523
0.00110778
0.00110081
0.00109437
0.00575517
0.00161842
0.00129455
0.00121976
0.0011961
0.00118857
0.00118492
0.00118031
0.00117316
0.00116389
0.00115391
0.00114396
0.0011343
0.00112506
0.00111632
0.00110813
0.0011005
0.00602059
0.00155188
0.00127134
0.00121963
0.00120693
0.00120476
0.00120384
0.00120029
0.0011927
0.00118171
0.00116961
0.00115763
0.00114613
0.00113526
0.00112511
0.00111585
0.00110762
0.00624494
0.00148501
0.00125906
0.00122701
0.0012221
0.00122357
0.00122464
0.00122205
0.00121409
0.00120118
0.00118658
0.0011722
0.00115859
0.00114588
0.00113411
0.00112341
0.00111381
0.00641226
0.00142719
0.00125846
0.00124085
0.00124061
0.0012442
0.00124671
0.00124513
0.00123715
0.00122234
0.00120489
0.00118776
0.00117174
0.001157
0.00114349
0.00113112
0.00111971
0.00650644
0.00138688
0.00126947
0.00126012
0.00126155
0.00126589
0.00126943
0.00126901
0.00126154
0.00124515
0.00122464
0.00120435
0.00118562
0.00116865
0.00115337
0.00113972
0.00112751
0.00651555
0.0013692
0.00129167
0.00128412
0.00128422
0.00128787
0.00129205
0.00129307
0.0012867
0.00126947
0.00124587
0.00122205
0.0012002
0.00118072
0.00116345
0.00114827
0.00113491
0.00643355
0.0013789
0.00132483
0.00131282
0.0013083
0.00130929
0.0013134
0.00131628
0.00131164
0.00129481
0.00126863
0.00124094
0.00121556
0.00119326
0.00117377
0.00115655
0.00114098
0.00626224
0.00141798
0.00137
0.00134708
0.00133398
0.00132941
0.00133163
0.00133642
0.00133427
0.00131979
0.00129266
0.00126121
0.00123184
0.00120635
0.00118461
0.00116602
0.0011496
0.00104197
0.00110548
0.00153221
0.00335659
0.00945554
0.0250637
0.0512712
0.0670637
0.0572709
0.047373
0.0451644
0.0499359
0.0606911
0.0631167
0.0402426
0.016562
0.00509414
0.00172773
0.00110153
0.00103644
0.00104688
0.00112399
0.00160353
0.00362037
0.0104233
0.0281273
0.0582867
0.0723938
0.0582335
0.0511849
0.0523581
0.0565001
0.0611645
0.0562799
0.0351296
0.0151951
0.00506283
0.00179095
0.00111852
0.00103998
0.0010524
0.00114206
0.00166838
0.00386522
0.0113804
0.031269
0.0652718
0.0753805
0.0574364
0.0530184
0.0553842
0.0583426
0.0582577
0.048674
0.0296249
0.013229
0.00473956
0.00179002
0.00113055
0.00104531
0.00105831
0.00115886
0.0017244
0.0040847
0.0123072
0.0344609
0.0723028
0.0762737
0.0549793
0.0517583
0.0540648
0.0552475
0.0510737
0.0395192
0.023576
0.0108713
0.0041815
0.00172413
0.00113512
0.00105225
0.00106449
0.00117375
0.00176974
0.00427341
0.0131867
0.0376578
0.0790774
0.0753909
0.0511924
0.0469031
0.0473136
0.0457177
0.0397129
0.0291609
0.0172673
0.00828761
0.003464
0.00160319
0.00113228
0.00106088
0.00107103
0.00118645
0.00180338
0.0044264
0.0139977
0.0408807
0.0853447
0.0733793
0.0461297
0.039176
0.0363155
0.0325854
0.0266808
0.0189618
0.0113378
0.00577191
0.00269643
0.00145322
0.00112567
0.0010716
0.00107827
0.0011973
0.00182566
0.00453975
0.0147116
0.0438762
0.0908444
0.0713549
0.0404557
0.0304031
0.0249481
0.0202967
0.0154575
0.0107015
0.00658923
0.00367482
0.00201234
0.00131224
0.00112154
0.00108498
0.00108712
0.00120778
0.00183914
0.0046115
0.0152981
0.0465482
0.0957813
0.0702699
0.0352623
0.0229279
0.0167097
0.0123853
0.00857386
0.00562496
0.0035743
0.00226418
0.00152946
0.00121561
0.00112526
0.0011015
0.0010994
0.00122114
0.00185004
0.00464425
0.015747
0.0487116
0.099244
0.0711249
0.0316765
0.0184527
0.0131755
0.00968257
0.00628608
0.00369175
0.00223251
0.00156142
0.00127964
0.0011738
0.00113811
0.00112132
0.00111852
0.0012436
0.00187036
0.0046491
0.0159837
0.0500914
0.100931
0.0749804
0.0305219
0.0173895
0.0135789
0.0107173
0.0071166
0.00397429
0.00212244
0.00135812
0.00116704
0.00115809
0.0011568
0.00114484
0.00115053
0.00128625
0.00192064
0.00465179
0.0159751
0.0504013
0.100549
0.0824903
0.0324938
0.019192
0.0165463
0.013883
0.00958039
0.00549644
0.00283597
0.00155597
0.00113817
0.00111917
0.0011678
0.00117238
0.00120605
0.00136819
0.00203259
0.00469667
0.0157435
0.0493681
0.0978149
0.0909475
0.0423885
0.0235301
0.0216603
0.0187258
0.0131709
0.00780392
0.00413718
0.0021599
0.00131446
0.00109382
0.00114592
0.00119921
0.00130381
0.00152084
0.00225113
0.00485081
0.0153673
0.047153
0.0927088
0.0935542
0.0611602
0.0318719
0.0289662
0.0261463
0.0185628
0.0111057
0.00607713
0.00322077
0.00181767
0.00124286
0.00113302
0.00121464
0.00147541
0.00179121
0.00263573
0.00521372
0.0150711
0.0441768
0.0852862
0.0926092
0.0728175
0.0498592
0.0394232
0.0369147
0.0272564
0.0163806
0.00903731
0.00490273
0.00275365
0.00170481
0.00127944
0.00124617
0.00176775
0.0022457
0.00326617
0.00591621
0.015176
0.0409621
0.0757948
0.0890578
0.0797114
0.064285
0.0545479
0.0513957
0.0409715
0.025465
0.0140476
0.00761944
0.0043193
0.00260804
0.00173798
0.00140668
0.00225166
0.00299359
0.00425665
0.00712048
0.0160197
0.0383951
0.0679271
0.0841961
0.0833456
0.0754397
0.0703638
0.0681566
0.0600938
0.0409318
0.0231801
0.0124011
0.00696586
0.0041949
0.00269026
0.00185583
0.00311034
0.00424125
0.00579795
0.00906711
0.0180749
0.0376849
0.0625633
0.079685
0.0845668
0.0830044
0.0807533
0.0796686
0.0774527
0.0646465
0.0397758
0.0216168
0.0118396
0.00701631
0.00453314
0.00286008
0.00500668
0.00639531
0.00811995
0.0120175
0.02198
0.0400757
0.0612284
0.0762636
0.0834778
0.0851481
0.084638
0.0838272
0.0822691
0.0773756
0.0646922
0.0398345
0.0214191
0.0123901
0.00830764
0.00563472
0.00927339
0.00944168
0.0108577
0.015647
0.0263257
0.0414669
0.0566082
0.0672753
0.0731519
0.0750347
0.0746744
0.0733276
0.0714205
0.06792
0.0617981
0.0520513
0.0397384
0.0223442
0.0152028
0.014132
0.00773799
0.0076923
0.0089407
0.0103141
0.0122073
0.014393
0.016308
0.0177857
0.0188336
0.0195118
0.0198289
0.0198273
0.0195216
0.0189656
0.0182628
0.0173591
0.0162245
0.0147529
0.0130947
0.0141886
0.0144047
0.0142324
0.0031479
0.00229076
0.00184751
0.00150284
0.00132987
0.00124373
0.0011938
0.00115915
0.00113202
0.0011096
0.00109081
0.00107508
0.00106202
0.00105141
0.00104311
0.001037
0.00103306
0.00103139
0.0125631
0.0139244
0.0032064
0.00230239
0.0018292
0.00149308
0.00132596
0.00124285
0.00119326
0.00115828
0.00113097
0.00110869
0.00109022
0.0010749
0.00106227
0.00105205
0.00104414
0.00103853
0.00103541
0.00103505
0.0132185
0.0139944
0.00324296
0.00230635
0.0018155
0.00148354
0.00132351
0.00124424
0.00119611
0.00116187
0.00113522
0.00111352
0.0010955
0.00108051
0.00106816
0.00105821
0.0010506
0.00104545
0.00104317
0.00104431
0.0135006
0.0136859
0.0032706
0.00231509
0.00180396
0.00147695
0.0013239
0.00124813
0.00120172
0.00116871
0.00114313
0.00112236
0.00110505
0.00109048
0.00107833
0.00106846
0.0010609
0.0010559
0.00105409
0.00105642
0.0134708
0.013224
0.00328824
0.00232478
0.0017934
0.00147163
0.00132562
0.0012532
0.00120872
0.00117727
0.00115311
0.00113355
0.00111715
0.00110315
0.00109121
0.00108126
0.00107343
0.00106812
0.00106614
0.00106885
0.0130169
0.0124608
0.00329149
0.00233314
0.00178048
0.00146599
0.00132753
0.00125852
0.00121602
0.00118622
0.00116365
0.0011455
0.00113023
0.00111697
0.00110535
0.0010953
0.001087
0.00108094
0.00107809
0.00108014
0.0120611
0.0114275
0.00327461
0.00233604
0.00176272
0.00145876
0.00132856
0.00126307
0.00122264
0.00119458
0.00117363
0.00115691
0.00114284
0.00113048
0.00111936
0.00110936
0.00110063
0.00109366
0.00108947
0.00108993
0.0105282
0.0101025
0.00323918
0.00232226
0.00173879
0.00144899
0.00132783
0.00126596
0.00122773
0.00120145
0.00118203
0.00116667
0.00115375
0.00114232
0.00113186
0.00112213
0.00111319
0.00110546
0.00109994
0.00109852
0.0085958
0.0085418
0.00319941
0.00228667
0.00170818
0.00143633
0.00132486
0.0012667
0.00123069
0.00120619
0.00118822
0.00117408
0.00116218
0.00115158
0.00114176
0.00113242
0.00112352
0.00111536
0.00110887
0.00110589
0.00657879
0.00705402
0.00313326
0.00223706
0.00167071
0.0014211
0.00131948
0.00126507
0.00123135
0.00120861
0.001192
0.00117891
0.00116785
0.00115793
0.00114863
0.00113966
0.00113091
0.00112261
0.00111558
0.00111161
0.00519495
0.00576446
0.0030358
0.00217467
0.00162839
0.00140388
0.00131181
0.00126114
0.00122977
0.00120875
0.00119339
0.00118123
0.00117085
0.00116145
0.00115256
0.00114387
0.00113527
0.00112697
0.00111976
0.00111526
0.00472829
0.00471939
0.00292247
0.00210008
0.00158302
0.00138498
0.00130193
0.00125508
0.00122613
0.00120678
0.00119257
0.00118122
0.00117142
0.00116244
0.00115385
0.00114538
0.00113693
0.00112874
0.0011216
0.00111689
0.00457466
0.00392012
0.00279042
0.00201136
0.00153559
0.00136417
0.00128981
0.001247
0.00122061
0.00120292
0.0011898
0.00117917
0.00116989
0.00116129
0.00115299
0.00114473
0.00113649
0.00112858
0.00112176
0.00111707
0.00440285
0.0034288
0.00263923
0.00190457
0.0014873
0.00134138
0.00127576
0.00123726
0.00121358
0.00119754
0.00118546
0.00117555
0.00116677
0.00115858
0.00115059
0.00114263
0.00113472
0.00112727
0.00112099
0.00111655
0.0041805
0.00316804
0.00249487
0.00178458
0.00144062
0.00131715
0.00126049
0.00122639
0.00120553
0.00119113
0.00118012
0.00117095
0.00116274
0.001155
0.00114743
0.00113988
0.00113247
0.00112565
0.00112004
0.00111598
0.00391584
0.00303952
0.00233923
0.001662
0.00139728
0.00129232
0.00124467
0.001215
0.00119698
0.00118425
0.0011744
0.00116608
0.00115854
0.00115137
0.00114434
0.00113737
0.00113063
0.00112456
0.00111964
0.001116
0.00362172
0.00297542
0.0021686
0.00155121
0.00135711
0.00126806
0.001229
0.00120389
0.00118862
0.00117764
0.00116903
0.00116166
0.00115494
0.00114851
0.00114219
0.00113599
0.00113011
0.00112489
0.00112068
0.00111753
0.00330862
0.00293818
0.00197235
0.00146248
0.00132021
0.00124631
0.00121449
0.00119402
0.00118128
0.00117202
0.00116467
0.00115836
0.00115258
0.00114707
0.00114171
0.00113652
0.0011317
0.00112751
0.0011242
0.0011218
0.00298353
0.00266616
0.00178521
0.00139418
0.00128714
0.00122859
0.00120231
0.00118595
0.00117544
0.00116779
0.00116173
0.00115656
0.00115188
0.0011475
0.00114334
0.00113944
0.00113596
0.00113311
0.00113105
0.00112981
0.00302014
0.00247642
0.00162108
0.00134474
0.00125942
0.00121476
0.00119291
0.00117978
0.00117123
0.0011651
0.00116034
0.00115641
0.001153
0.00114995
0.00114723
0.00114488
0.00114304
0.00114187
0.00114149
0.00114188
0.00268399
0.00279765
0.00296083
0.00314018
0.00332486
0.00350278
0.00366597
0.0038111
0.00393534
0.00403721
0.00412282
0.00420876
0.00427098
0.00429104
0.00427839
0.00423812
0.0041657
0.00406954
0.00393292
0.00387523
0.00349623
0.00336078
0.00313565
0.00293492
0.00276281
0.00261894
0.00250423
0.00241247
0.00233679
0.00227594
0.00225349
0.00223635
0.0022129
0.00217182
0.00213638
0.00212295
0.00212234
0.00214964
0.00215777
0.00213287
0.00224389
0.00221229
0.00212401
0.00202296
0.00193019
0.00185155
0.00178468
0.00172592
0.00167714
0.00164708
0.00166449
0.0016524
0.00162214
0.00159203
0.0015719
0.00155913
0.00155
0.00154166
0.00152737
0.00150518
0.00172244
0.00171906
0.00167759
0.00162261
0.00156721
0.00151664
0.00147126
0.00143421
0.00140792
0.00139518
0.00140896
0.00139253
0.00137053
0.00135256
0.00134082
0.00133293
0.00132646
0.0013218
0.0013159
0.00131132
0.00148452
0.00147836
0.00145298
0.00141865
0.00138301
0.00134953
0.00132181
0.00130117
0.0012878
0.00128136
0.00128929
0.00127728
0.0012638
0.0012537
0.00124748
0.00124368
0.0012411
0.0012398
0.00123873
0.00123833
0.00135199
0.00134829
0.00133359
0.00131095
0.00128664
0.00126475
0.00124825
0.00123723
0.0012309
0.00122792
0.00123228
0.0012242
0.00121603
0.00121003
0.00120636
0.0012042
0.00120293
0.00120264
0.00120277
0.00120372
0.00127701
0.00127451
0.00126389
0.00124876
0.00123288
0.0012193
0.00121039
0.00120549
0.00120341
0.00120311
0.00120479
0.00119927
0.00119393
0.0011899
0.00118728
0.00118565
0.00118469
0.00118449
0.00118479
0.00118582
0.00123118
0.00123036
0.00122256
0.00121177
0.00120156
0.00119435
0.00119082
0.00119007
0.00119104
0.00119287
0.001192
0.00118782
0.00118385
0.00118065
0.00117828
0.00117657
0.00117537
0.00117476
0.00117466
0.00117525
0.00120112
0.00120161
0.0011969
0.00118983
0.00118372
0.00118095
0.00118144
0.00118379
0.00118704
0.00119052
0.00118695
0.00118337
0.00117998
0.00117698
0.00117446
0.00117235
0.00117061
0.00116935
0.00116859
0.00116849
0.00118049
0.00118229
0.00118024
0.00117643
0.00117399
0.00117469
0.00117812
0.00118289
0.0011879
0.00119261
0.00118628
0.00118288
0.00117963
0.00117651
0.00117359
0.00117091
0.00116845
0.00116637
0.00116477
0.00116383
0.00116566
0.00116903
0.00116944
0.00116875
0.00116956
0.00117301
0.00117865
0.00118534
0.00119173
0.00119727
0.00118829
0.00118485
0.00118149
0.00117806
0.00117462
0.00117124
0.00116795
0.00116493
0.00116234
0.00116042
0.00115498
0.00115991
0.00116267
0.00116486
0.00116853
0.00117439
0.00118187
0.00118996
0.00119741
0.00120337
0.00119209
0.00118849
0.00118488
0.00118103
0.00117699
0.00117283
0.00116863
0.00116455
0.00116085
0.00115782
0.00114754
0.00115389
0.0011588
0.00116364
0.0011699
0.00117795
0.00118701
0.00119606
0.00120421
0.00121023
0.0011972
0.00119336
0.00118941
0.00118508
0.00118039
0.00117542
0.00117022
0.00116501
0.00116008
0.0011558
0.00114267
0.00115034
0.00115728
0.0011645
0.00117304
0.00118297
0.00119336
0.00120317
0.00121167
0.00121741
0.00120333
0.00119919
0.00119483
0.00118998
0.00118464
0.00117884
0.00117261
0.00116619
0.00115991
0.00115425
0.00113992
0.00114892
0.00115773
0.00116706
0.00117761
0.00118916
0.00120065
0.00121098
0.00121947
0.00122463
0.00121027
0.00120573
0.00120093
0.00119559
0.00118962
0.00118302
0.00117575
0.00116805
0.00116032
0.00115313
0.00113899
0.0011493
0.00115983
0.00117107
0.00118339
0.00119631
0.00120869
0.00121928
0.00122742
0.00123176
0.00121784
0.00121279
0.00120757
0.00120181
0.00119532
0.00118796
0.00117967
0.00117064
0.00116136
0.00115252
0.00113969
0.00115126
0.0011634
0.00117639
0.00119025
0.00120432
0.00121732
0.00122793
0.00123542
0.00123873
0.00122578
0.00122016
0.00121465
0.00120864
0.00120176
0.00119375
0.00118444
0.00117406
0.00116314
0.00115251
0.00114188
0.0011547
0.00116836
0.00118293
0.00119813
0.0012131
0.00122649
0.00123689
0.00124347
0.00124555
0.00123384
0.00122771
0.00122214
0.00121613
0.00120905
0.00120049
0.00119021
0.00117842
0.00116578
0.00115327
0.00114553
0.00115956
0.00117464
0.00119063
0.00120698
0.00122262
0.00123618
0.0012462
0.00125159
0.00125226
0.00124178
0.00123538
0.00123012
0.00122442
0.00121737
0.00120834
0.00119707
0.00118383
0.00116939
0.00115488
0.00115051
0.00116579
0.00118223
0.00119951
0.00121683
0.00123303
0.00124668
0.00125605
0.00125976
0.00125889
0.00124946
0.00124329
0.00123877
0.00123371
0.00122687
0.00121742
0.00120511
0.00119032
0.00117396
0.00115737
0.00103706
0.00103955
0.00104285
0.00104664
0.0010508
0.00105539
0.00106066
0.00106716
0.00107601
0.0010894
0.0011116
0.00115088
0.0012231
0.00135699
0.00159623
0.00197655
0.00248135
0.00350903
0.00963246
0.00949018
0.00103439
0.00103614
0.00103927
0.00104314
0.00104748
0.00105228
0.00105762
0.00106387
0.00107179
0.00108291
0.00110033
0.00113042
0.00118678
0.00129772
0.00151358
0.00188849
0.00239698
0.00339088
0.00936194
0.00970826
0.00103114
0.0010321
0.00103496
0.00103881
0.00104326
0.00104823
0.00105376
0.00106009
0.00106782
0.00107812
0.00109348
0.00111914
0.00116675
0.00126215
0.00145652
0.00182031
0.00233152
0.00329902
0.00908372
0.00941512
0.00103004
0.00103043
0.00103295
0.00103655
0.00104081
0.00104562
0.00105103
0.00105729
0.00106494
0.0010751
0.00109005
0.00111453
0.001159
0.00124637
0.00142351
0.00176801
0.00228278
0.00319606
0.00859314
0.00852104
0.00103072
0.00103114
0.00103356
0.001037
0.0010411
0.00104575
0.00105105
0.00105727
0.001065
0.00107541
0.00109077
0.00111569
0.00115991
0.00124388
0.00140982
0.00173477
0.00225342
0.0030937
0.007977
0.0072024
0.00103293
0.00103394
0.00103649
0.00103991
0.00104392
0.0010485
0.00105377
0.00106009
0.00106812
0.00107912
0.00109545
0.00112172
0.00116715
0.0012501
0.00140821
0.00171647
0.00222776
0.00300395
0.00724671
0.00574593
0.00103811
0.00103943
0.00104197
0.00104529
0.0010492
0.00105371
0.00105905
0.00106562
0.00107421
0.00108617
0.00110398
0.0011323
0.00117983
0.00126288
0.00141491
0.00170801
0.00221033
0.00293494
0.00641298
0.00461862
0.00104725
0.00104812
0.0010503
0.00105332
0.00105701
0.00106143
0.00106687
0.00107384
0.00108322
0.00109648
0.0011162
0.00114696
0.00119681
0.00128004
0.00142641
0.00170497
0.00219649
0.00288712
0.00547142
0.00410048
0.0010603
0.00106009
0.00106156
0.00106405
0.00106734
0.00107159
0.00107717
0.00108467
0.00109504
0.00110981
0.00113156
0.00116465
0.0012162
0.00129859
0.00143878
0.00170218
0.00217824
0.00285801
0.00449923
0.00389327
0.00107619
0.00107475
0.00107532
0.00107704
0.0010798
0.00108385
0.00108961
0.00109771
0.00110911
0.00112532
0.00114874
0.00118326
0.00123497
0.00131479
0.00144774
0.00169275
0.00214213
0.00283012
0.0037031
0.00374948
0.00109327
0.00109086
0.00109047
0.00109137
0.00109362
0.00109753
0.00110349
0.00111208
0.00112421
0.00114124
0.00116523
0.00119945
0.00124913
0.00132458
0.00144893
0.00166926
0.00207643
0.00279222
0.00333304
0.00354016
0.00111053
0.00110746
0.00110624
0.00110646
0.00110827
0.00111192
0.00111775
0.00112627
0.00113826
0.00115478
0.00117756
0.00120924
0.00125454
0.00132373
0.00143707
0.00162758
0.00198354
0.00272877
0.00338354
0.00319885
0.00112897
0.00112532
0.00112318
0.00112251
0.00112345
0.00112621
0.00113107
0.00113844
0.00114884
0.00116314
0.00118272
0.00120977
0.00124869
0.00130891
0.00140681
0.00157026
0.00187327
0.00257812
0.00363787
0.0027519
)
;

boundaryField
{
    inlet
    {
        type            calculated;
        value           uniform 0.00167705;
    }
    outlet
    {
        type            calculated;
        value           nonuniform List<scalar> 
41
(
0.00245712
0.00154419
0.00119646
0.00114035
0.00117812
0.00120507
0.00120237
0.00118624
0.00118014
0.00120921
0.00130134
0.00149321
0.00184727
0.00249997
0.00379219
0.00653745
0.0121057
0.0214429
0.0326998
0.0419067
0.0466451
0.0460679
0.0447223
0.0454521
0.047955
0.0512081
0.0536976
0.0531239
0.0477394
0.0383379
0.0277495
0.018209
0.010913
0.00614589
0.00341997
0.00211096
0.00150613
0.00124381
0.00118583
0.00148455
0.0024074
)
;
    }
    dymWall
    {
        type            nutkWallFunction;
        Cmu             0.09;
        kappa           0.41;
        E               9.8;
        value           nonuniform List<scalar> 
73
(
0.00113265
0.000999369
0.00104705
0.00106773
0.00106574
0.00103306
0.000963466
0.000850819
0.000706809
0.000552539
0.000443231
0.000405583
0.000393456
0.000380012
0.000362534
0.000341593
0.000318134
0.000292943
0.000266547
0.000269556
0.000642088
0.000638369
0.00073074
0.000832048
0.000971278
0.00112715
0.00126307
0.00136809
0.00144314
0.00149227
0.00151588
0.00151658
0.00149535
0.00145624
0.00140622
0.00134145
0.00125968
0.00115316
0.00103273
0.00111539
0.000775135
0.000792861
0.000772206
0.000705383
0.00060431
0.000489379
0.000396979
0.000354043
0.000338167
0.000326642
0.000309968
0.00028256
0.000246188
0.000240558
0.00025013
0.000263641
0.00027834
0.000293348
0.000307731
0.000320879
0.000332531
0.000342478
0.000350605
0.000357379
0.000364226
0.000369171
0.00037088
0.000370026
0.000366965
0.000361343
0.000353806
0.000343044
0.000338618
)
;
    }
    AMI1
    {
        type            cyclicAMI;
        value           nonuniform List<scalar> 
73
(
0.00104046
0.00110012
0.00152214
0.00334079
0.00932199
0.0241258
0.047947
0.0628334
0.055654
0.0453563
0.0406896
0.0451654
0.0590899
0.0660078
0.0431829
0.0169307
0.00494501
0.00167781
0.00109439
0.00103534
0.00103131
0.00103593
0.00104653
0.00106024
0.00107424
0.00108648
0.00109607
0.00110331
0.00110889
0.00111307
0.00111548
0.00111603
0.00111542
0.00111457
0.00111411
0.00111448
0.00111647
0.00112123
0.00112979
0.00114247
0.00115514
0.00117082
0.00118769
0.00120536
0.00122302
0.00123938
0.00125285
0.00126138
0.00126399
0.00126253
0.00125359
0.00124778
0.00124376
0.001239
0.00123209
0.00122222
0.00120922
0.00119357
0.00117627
0.00115875
0.00103697
0.00103516
0.00103353
0.00103357
0.00103364
0.00103457
0.00103887
0.00104815
0.00106221
0.00107925
0.00109707
0.00111496
0.00113402
)
;
    }
    AMI2
    {
        type            cyclicAMI;
        value           nonuniform List<scalar> 
162
(
0.00103994
0.00104035
0.00108587
0.00109919
0.00141285
0.00151359
0.00283182
0.00329036
0.00754847
0.00917315
0.0196281
0.0240067
0.0407948
0.0485501
0.0588617
0.0639989
0.0590537
0.0558323
0.0495241
0.0449944
0.0424067
0.0401281
0.041601
0.0447658
0.0512244
0.0589681
0.0646835
0.0675876
0.058983
0.0438657
0.0315714
0.016879
0.0115034
0.00494711
0.00364146
0.00169731
0.00148613
0.00109952
0.00107986
0.00103618
0.00103456
0.00103127
0.00103141
0.0010345
0.00103676
0.00104406
0.00104799
0.00105736
0.00106208
0.00107154
0.00107613
0.00108433
0.00108809
0.00109451
0.00109727
0.00110217
0.00110419
0.00110799
0.00110958
0.00111242
0.00111354
0.00111522
0.00111564
0.00111613
0.00111595
0.00111566
0.00111525
0.00111474
0.00111446
0.00111413
0.00111409
0.00111427
0.00111461
0.00111589
0.00111684
0.00112018
0.00112196
0.0011283
0.00113095
0.00114076
0.00114399
0.00115266
0.00115618
0.00116848
0.00117193
0.00118516
0.00118891
0.00120275
0.0012067
0.00122043
0.00122441
0.00123701
0.00124072
0.00125099
0.00125391
0.00126046
0.00126185
0.00126388
0.00126398
0.00126316
0.00126224
0.00125536
0.00125254
0.00124871
0.00124735
0.00124473
0.00124341
0.00124059
0.00123878
0.00123527
0.00123222
0.00122824
0.00122286
0.00121867
0.00121039
0.00120604
0.00119512
0.00119077
0.00117801
0.00117393
0.00116046
0.00115697
0.00103699
0.00103698
0.00103696
0.00103555
0.0010352
0.00103509
0.00103388
0.00103342
0.00103367
0.00103361
0.00103355
0.00103367
0.00103372
0.00103371
0.00103355
0.00103378
0.00103427
0.0010346
0.00103581
0.00103774
0.0010392
0.00104188
0.00104599
0.0010487
0.00105261
0.0010592
0.00106271
0.00106697
0.00107585
0.00107948
0.00108334
0.00109385
0.00109694
0.00110026
0.00111197
0.00111456
0.00111769
0.00113077
0.00113351
0.00113648
)
;
    }
    walls
    {
        type            nutkWallFunction;
        Cmu             0.09;
        kappa           0.41;
        E               9.8;
        value           nonuniform List<scalar> 
80
(
0.000381496
0.000338654
0.000295057
0.000255586
0.000221007
0.000191841
0.000168239
0.000150272
0.000137836
0.00013067
0.000128312
0.00013032
0.00013619
0.000145333
0.000157109
0.000170847
0.000185877
0.000201579
0.000217427
0.000233059
0.000248362
0.000263516
0.000278896
0.000294935
0.000311982
0.000330267
0.000349887
0.000370788
0.000392762
0.000415456
0.000438374
0.000460897
0.000482298
0.000501731
0.000518217
0.000530652
0.000537932
0.000539219
0.000534021
0.000522364
0.000372583
0.000334826
0.000294447
0.000257151
0.000224174
0.000196227
0.000173621
0.000156368
0.000144302
0.000137168
0.000134638
0.000136328
0.000141771
0.000150384
0.000161495
0.000174411
0.000188513
0.00020322
0.00021807
0.000232761
0.000247229
0.000261678
0.000276501
0.000292148
0.000308972
0.000327216
0.000346993
0.000368266
0.000390847
0.000414382
0.000438344
0.000462043
0.00048464
0.000505154
0.00052248
0.000535426
0.000542812
0.000543725
0.000537623
0.000524581
)
;
    }
    front
    {
        type            empty;
    }
    back
    {
        type            empty;
    }
}


// ************************************************************************* //
